GDC_Aliquot	Chromosome	Start	End	Copy_Number	Major_Copy_Number	Minor_Copy_Number
a85c1e96-72e8-4f01-bb21-8e1f3df44dde	chr1	62920	14120022	3	2	1
a85c1e96-72e8-4f01-bb21-8e1f3df44dde	chr1	14123276	14134491	1	1	0
a85c1e96-72e8-4f01-bb21-8e1f3df44dde	chr1	14134640	47748951	3	2	1
a85c1e96-72e8-4f01-bb21-8e1f3df44dde	chr1	47749210	47762710	2	1	1
a85c1e96-72e8-4f01-bb21-8e1f3df44dde	chr1	47763483	115095926	3	2	1
a85c1e96-72e8-4f01-bb21-8e1f3df44dde	chr1	115096431	115324650	4	3	1
a85c1e96-72e8-4f01-bb21-8e1f3df44dde	chr1	115325121	217299708	3	2	1
a85c1e96-72e8-4f01-bb21-8e1f3df44dde	chr1	217300412	217349149	2	1	1
a85c1e96-72e8-4f01-bb21-8e1f3df44dde	chr1	217350098	248400632	3	2	1
a85c1e96-72e8-4f01-bb21-8e1f3df44dde	chr1	248406721	248930189	3	3	0
a85c1e96-72e8-4f01-bb21-8e1f3df44dde	chr2	12784	242147305	4	3	1
a85c1e96-72e8-4f01-bb21-8e1f3df44dde	chr3	20930	163782	3	3	0
a85c1e96-72e8-4f01-bb21-8e1f3df44dde	chr3	164380	7909572	3	2	1
a85c1e96-72e8-4f01-bb21-8e1f3df44dde	chr3	7909677	7913901	7	4	3
a85c1e96-72e8-4f01-bb21-8e1f3df44dde	chr3	7914907	171615824	3	2	1
a85c1e96-72e8-4f01-bb21-8e1f3df44dde	chr3	171616015	171666598	6	3	3
a85c1e96-72e8-4f01-bb21-8e1f3df44dde	chr3	171669009	198169247	3	2	1
a85c1e96-72e8-4f01-bb21-8e1f3df44dde	chr4	68929	48303388	3	2	1
a85c1e96-72e8-4f01-bb21-8e1f3df44dde	chr4	48303758	48324500	1	1	0
a85c1e96-72e8-4f01-bb21-8e1f3df44dde	chr4	48324513	153824066	3	2	1
a85c1e96-72e8-4f01-bb21-8e1f3df44dde	chr4	153824644	153843264	2	1	1
a85c1e96-72e8-4f01-bb21-8e1f3df44dde	chr4	153844029	190106768	3	2	1
a85c1e96-72e8-4f01-bb21-8e1f3df44dde	chr5	15532	128574867	3	2	1
a85c1e96-72e8-4f01-bb21-8e1f3df44dde	chr5	128576084	128599298	2	1	1
a85c1e96-72e8-4f01-bb21-8e1f3df44dde	chr5	128599689	181363319	3	2	1
a85c1e96-72e8-4f01-bb21-8e1f3df44dde	chr6	149661	30353705	3	2	1
a85c1e96-72e8-4f01-bb21-8e1f3df44dde	chr6	30353955	30776752	3	3	0
a85c1e96-72e8-4f01-bb21-8e1f3df44dde	chr6	30777677	30795855	1	1	0
a85c1e96-72e8-4f01-bb21-8e1f3df44dde	chr6	30795979	79901046	3	2	1
a85c1e96-72e8-4f01-bb21-8e1f3df44dde	chr6	79901122	79906543	7	5	2
a85c1e96-72e8-4f01-bb21-8e1f3df44dde	chr6	79906899	156808510	3	2	1
a85c1e96-72e8-4f01-bb21-8e1f3df44dde	chr6	156808908	156905513	5	4	1
a85c1e96-72e8-4f01-bb21-8e1f3df44dde	chr6	156911633	170741917	3	2	1
a85c1e96-72e8-4f01-bb21-8e1f3df44dde	chr7	43259	2674049	4	2	2
a85c1e96-72e8-4f01-bb21-8e1f3df44dde	chr7	2674701	35357957	5	3	2
a85c1e96-72e8-4f01-bb21-8e1f3df44dde	chr7	35358012	35364980	2	1	1
a85c1e96-72e8-4f01-bb21-8e1f3df44dde	chr7	35365086	84822120	5	3	2
a85c1e96-72e8-4f01-bb21-8e1f3df44dde	chr7	84823968	84998609	4	2	2
a85c1e96-72e8-4f01-bb21-8e1f3df44dde	chr7	84999481	134100981	5	3	2
a85c1e96-72e8-4f01-bb21-8e1f3df44dde	chr7	134100986	134113314	0	0	0
a85c1e96-72e8-4f01-bb21-8e1f3df44dde	chr7	134113356	142384213	5	3	2
a85c1e96-72e8-4f01-bb21-8e1f3df44dde	chr7	142387034	142396736	2	1	1
a85c1e96-72e8-4f01-bb21-8e1f3df44dde	chr7	142399061	159334314	5	3	2
a85c1e96-72e8-4f01-bb21-8e1f3df44dde	chr8	81254	145072769	3	2	1
a85c1e96-72e8-4f01-bb21-8e1f3df44dde	chr9	46587	4843672	4	2	2
a85c1e96-72e8-4f01-bb21-8e1f3df44dde	chr9	4844507	5196740	4	3	1
a85c1e96-72e8-4f01-bb21-8e1f3df44dde	chr9	5198781	32671541	5	3	2
a85c1e96-72e8-4f01-bb21-8e1f3df44dde	chr9	32671599	32930290	4	3	1
a85c1e96-72e8-4f01-bb21-8e1f3df44dde	chr9	32930329	78100170	5	3	2
a85c1e96-72e8-4f01-bb21-8e1f3df44dde	chr9	78102130	78104260	2	1	1
a85c1e96-72e8-4f01-bb21-8e1f3df44dde	chr9	78109151	90990351	5	3	2
a85c1e96-72e8-4f01-bb21-8e1f3df44dde	chr9	90990531	90997206	2	1	1
a85c1e96-72e8-4f01-bb21-8e1f3df44dde	chr9	90999773	138200944	5	3	2
a85c1e96-72e8-4f01-bb21-8e1f3df44dde	chr10	45792	378260	5	3	2
a85c1e96-72e8-4f01-bb21-8e1f3df44dde	chr10	378458	1581875	4	3	1
a85c1e96-72e8-4f01-bb21-8e1f3df44dde	chr10	1585084	13156534	5	4	1
a85c1e96-72e8-4f01-bb21-8e1f3df44dde	chr10	13156840	29975893	2	1	1
a85c1e96-72e8-4f01-bb21-8e1f3df44dde	chr10	29976551	29989510	1	1	0
a85c1e96-72e8-4f01-bb21-8e1f3df44dde	chr10	29989619	95105336	2	1	1
a85c1e96-72e8-4f01-bb21-8e1f3df44dde	chr10	95105427	95109349	14	14	0
a85c1e96-72e8-4f01-bb21-8e1f3df44dde	chr10	95109949	97512487	2	1	1
a85c1e96-72e8-4f01-bb21-8e1f3df44dde	chr10	97512789	97651408	3	2	1
a85c1e96-72e8-4f01-bb21-8e1f3df44dde	chr10	97652623	104557295	2	1	1
a85c1e96-72e8-4f01-bb21-8e1f3df44dde	chr10	104559065	106168490	2	2	0
a85c1e96-72e8-4f01-bb21-8e1f3df44dde	chr10	106168546	113624354	2	1	1
a85c1e96-72e8-4f01-bb21-8e1f3df44dde	chr10	113624708	113633001	4	2	2
a85c1e96-72e8-4f01-bb21-8e1f3df44dde	chr10	113633160	133654968	2	1	1
a85c1e96-72e8-4f01-bb21-8e1f3df44dde	chr11	198510	5772353	3	2	1
a85c1e96-72e8-4f01-bb21-8e1f3df44dde	chr11	5773015	5788231	1	1	0
a85c1e96-72e8-4f01-bb21-8e1f3df44dde	chr11	5791130	114405034	3	2	1
a85c1e96-72e8-4f01-bb21-8e1f3df44dde	chr11	114408664	114909917	3	3	0
a85c1e96-72e8-4f01-bb21-8e1f3df44dde	chr11	114910650	135074876	3	2	1
a85c1e96-72e8-4f01-bb21-8e1f3df44dde	chr12	51460	5871757	2	2	0
a85c1e96-72e8-4f01-bb21-8e1f3df44dde	chr12	5871841	5875753	1	1	0
a85c1e96-72e8-4f01-bb21-8e1f3df44dde	chr12	5876305	25822713	2	2	0
a85c1e96-72e8-4f01-bb21-8e1f3df44dde	chr12	25823617	26873254	9	7	2
a85c1e96-72e8-4f01-bb21-8e1f3df44dde	chr12	26874809	28317123	14	12	2
a85c1e96-72e8-4f01-bb21-8e1f3df44dde	chr12	28317151	133201603	3	2	1
a85c1e96-72e8-4f01-bb21-8e1f3df44dde	chr13	18452809	56130481	6	3	3
a85c1e96-72e8-4f01-bb21-8e1f3df44dde	chr13	56132403	56193430	4	2	2
a85c1e96-72e8-4f01-bb21-8e1f3df44dde	chr13	56195785	70558492	6	3	3
a85c1e96-72e8-4f01-bb21-8e1f3df44dde	chr13	70558673	70599889	4	2	2
a85c1e96-72e8-4f01-bb21-8e1f3df44dde	chr13	70601991	77451986	6	3	3
a85c1e96-72e8-4f01-bb21-8e1f3df44dde	chr13	77455401	78012117	5	4	1
a85c1e96-72e8-4f01-bb21-8e1f3df44dde	chr13	78015417	109977872	6	3	3
a85c1e96-72e8-4f01-bb21-8e1f3df44dde	chr13	109980588	110227207	8	5	3
a85c1e96-72e8-4f01-bb21-8e1f3df44dde	chr13	110228639	114342922	5	3	2
a85c1e96-72e8-4f01-bb21-8e1f3df44dde	chr14	18239283	25914873	2	1	1
a85c1e96-72e8-4f01-bb21-8e1f3df44dde	chr14	25925951	25931348	1	1	0
a85c1e96-72e8-4f01-bb21-8e1f3df44dde	chr14	25932334	72806224	2	1	1
a85c1e96-72e8-4f01-bb21-8e1f3df44dde	chr14	72808737	73610275	2	2	0
a85c1e96-72e8-4f01-bb21-8e1f3df44dde	chr14	73613841	106877229	2	1	1
a85c1e96-72e8-4f01-bb21-8e1f3df44dde	chr15	19811075	45223505	3	2	1
a85c1e96-72e8-4f01-bb21-8e1f3df44dde	chr15	45224975	45233768	1	1	0
a85c1e96-72e8-4f01-bb21-8e1f3df44dde	chr15	45233828	73427514	3	2	1
a85c1e96-72e8-4f01-bb21-8e1f3df44dde	chr15	73428148	73903468	3	3	0
a85c1e96-72e8-4f01-bb21-8e1f3df44dde	chr15	73906434	101928837	3	2	1
a85c1e96-72e8-4f01-bb21-8e1f3df44dde	chr16	10777	77154794	3	2	1
a85c1e96-72e8-4f01-bb21-8e1f3df44dde	chr16	77157642	77461956	3	3	0
a85c1e96-72e8-4f01-bb21-8e1f3df44dde	chr16	77462285	79284815	3	2	1
a85c1e96-72e8-4f01-bb21-8e1f3df44dde	chr16	79285403	79704728	4	3	1
a85c1e96-72e8-4f01-bb21-8e1f3df44dde	chr16	79704898	90096867	3	2	1
a85c1e96-72e8-4f01-bb21-8e1f3df44dde	chr17	150733	261432	3	3	0
a85c1e96-72e8-4f01-bb21-8e1f3df44dde	chr17	263243	22720241	2	2	0
a85c1e96-72e8-4f01-bb21-8e1f3df44dde	chr17	22727748	41265456	5	3	2
a85c1e96-72e8-4f01-bb21-8e1f3df44dde	chr17	41266762	41274279	1	1	0
a85c1e96-72e8-4f01-bb21-8e1f3df44dde	chr17	41276472	74475749	5	3	2
a85c1e96-72e8-4f01-bb21-8e1f3df44dde	chr17	74475940	74684398	4	3	1
a85c1e96-72e8-4f01-bb21-8e1f3df44dde	chr17	74684915	77674318	5	3	2
a85c1e96-72e8-4f01-bb21-8e1f3df44dde	chr17	77674817	78052893	4	3	1
a85c1e96-72e8-4f01-bb21-8e1f3df44dde	chr17	78057306	82979952	4	2	2
a85c1e96-72e8-4f01-bb21-8e1f3df44dde	chr17	82980496	83091923	4	3	1
a85c1e96-72e8-4f01-bb21-8e1f3df44dde	chr18	48133	80257174	2	2	0
a85c1e96-72e8-4f01-bb21-8e1f3df44dde	chr19	90910	1428997	3	2	1
a85c1e96-72e8-4f01-bb21-8e1f3df44dde	chr19	1434136	14454236	4	2	2
a85c1e96-72e8-4f01-bb21-8e1f3df44dde	chr19	14454583	14959725	3	2	1
a85c1e96-72e8-4f01-bb21-8e1f3df44dde	chr19	14960597	58586487	4	2	2
a85c1e96-72e8-4f01-bb21-8e1f3df44dde	chr20	80664	12843239	2	1	1
a85c1e96-72e8-4f01-bb21-8e1f3df44dde	chr20	12845003	13264469	2	2	0
a85c1e96-72e8-4f01-bb21-8e1f3df44dde	chr20	13267394	14131496	2	1	1
a85c1e96-72e8-4f01-bb21-8e1f3df44dde	chr20	14141928	17433716	10	9	1
a85c1e96-72e8-4f01-bb21-8e1f3df44dde	chr20	17434773	24511539	2	1	1
a85c1e96-72e8-4f01-bb21-8e1f3df44dde	chr20	24518544	26178423	9	8	1
a85c1e96-72e8-4f01-bb21-8e1f3df44dde	chr20	26180779	52673563	11	10	1
a85c1e96-72e8-4f01-bb21-8e1f3df44dde	chr20	52673659	60858351	9	8	1
a85c1e96-72e8-4f01-bb21-8e1f3df44dde	chr20	60858677	64324800	8	7	1
a85c1e96-72e8-4f01-bb21-8e1f3df44dde	chr21	12973348	46677045	2	2	0
a85c1e96-72e8-4f01-bb21-8e1f3df44dde	chr22	16392123	25484930	3	2	1
a85c1e96-72e8-4f01-bb21-8e1f3df44dde	chr22	25484969	25510537	1	1	0
a85c1e96-72e8-4f01-bb21-8e1f3df44dde	chr22	25510931	48624469	3	2	1
a85c1e96-72e8-4f01-bb21-8e1f3df44dde	chr22	48624547	48646304	7	5	2
a85c1e96-72e8-4f01-bb21-8e1f3df44dde	chr22	48649600	50796027	3	2	1
a85c1e96-72e8-4f01-bb21-8e1f3df44dde	chrX	251810	23636399	5	4	1
a85c1e96-72e8-4f01-bb21-8e1f3df44dde	chrX	23637301	23655367	10	8	2
a85c1e96-72e8-4f01-bb21-8e1f3df44dde	chrX	23656651	35640420	5	4	1
a85c1e96-72e8-4f01-bb21-8e1f3df44dde	chrX	35641321	35660274	9	7	2
a85c1e96-72e8-4f01-bb21-8e1f3df44dde	chrX	35660622	38355845	5	4	1
a85c1e96-72e8-4f01-bb21-8e1f3df44dde	chrX	38358095	38397786	6	5	1
a85c1e96-72e8-4f01-bb21-8e1f3df44dde	chrX	38398104	156004181	5	4	1
a85c1e96-72e8-4f01-bb21-8e1f3df44dde	chrY	2782397	26653788	0	0	0
a85c1e96-72e8-4f01-bb21-8e1f3df44dde	chrY	56872112	56872112	1	1	0
