GDC_Aliquot	Chromosome	Start	End	Copy_Number	Major_Copy_Number	Minor_Copy_Number
f26d42ea-1349-4b3f-8554-7d77494db78f	chr1	62920	57222594	2	1	1
f26d42ea-1349-4b3f-8554-7d77494db78f	chr1	57223018	57604523	1	1	0
f26d42ea-1349-4b3f-8554-7d77494db78f	chr1	57604572	175363791	2	1	1
f26d42ea-1349-4b3f-8554-7d77494db78f	chr1	175364256	175581862	1	1	0
f26d42ea-1349-4b3f-8554-7d77494db78f	chr1	175582304	248930189	2	1	1
f26d42ea-1349-4b3f-8554-7d77494db78f	chr2	12784	57937611	4	2	2
f26d42ea-1349-4b3f-8554-7d77494db78f	chr2	57938460	57942815	2	1	1
f26d42ea-1349-4b3f-8554-7d77494db78f	chr2	57942869	76066323	4	2	2
f26d42ea-1349-4b3f-8554-7d77494db78f	chr2	76068599	85304684	5	3	2
f26d42ea-1349-4b3f-8554-7d77494db78f	chr2	85305082	88831554	4	2	2
f26d42ea-1349-4b3f-8554-7d77494db78f	chr2	88833611	89118119	13	13	0
f26d42ea-1349-4b3f-8554-7d77494db78f	chr2	89119438	137110226	4	2	2
f26d42ea-1349-4b3f-8554-7d77494db78f	chr2	137111170	137112959	2	1	1
f26d42ea-1349-4b3f-8554-7d77494db78f	chr2	137113012	146104517	4	2	2
f26d42ea-1349-4b3f-8554-7d77494db78f	chr2	146106836	146109366	0	0	0
f26d42ea-1349-4b3f-8554-7d77494db78f	chr2	146120238	161059898	4	2	2
f26d42ea-1349-4b3f-8554-7d77494db78f	chr2	161060303	167727471	5	3	2
f26d42ea-1349-4b3f-8554-7d77494db78f	chr2	167729043	179541888	4	2	2
f26d42ea-1349-4b3f-8554-7d77494db78f	chr2	179542540	179747770	3	2	1
f26d42ea-1349-4b3f-8554-7d77494db78f	chr2	179748356	225412530	4	2	2
f26d42ea-1349-4b3f-8554-7d77494db78f	chr2	225413501	233132429	2	2	0
f26d42ea-1349-4b3f-8554-7d77494db78f	chr2	233133272	242147305	4	2	2
f26d42ea-1349-4b3f-8554-7d77494db78f	chr3	20930	6604856	3	2	1
f26d42ea-1349-4b3f-8554-7d77494db78f	chr3	6609441	6611645	0	0	0
f26d42ea-1349-4b3f-8554-7d77494db78f	chr3	6613391	37935926	3	2	1
f26d42ea-1349-4b3f-8554-7d77494db78f	chr3	37940617	37967236	1	1	0
f26d42ea-1349-4b3f-8554-7d77494db78f	chr3	37968209	138048612	3	2	1
f26d42ea-1349-4b3f-8554-7d77494db78f	chr3	138048724	138063813	2	1	1
f26d42ea-1349-4b3f-8554-7d77494db78f	chr3	138065980	162790480	3	2	1
f26d42ea-1349-4b3f-8554-7d77494db78f	chr3	162794869	162908815	11	11	0
f26d42ea-1349-4b3f-8554-7d77494db78f	chr3	162910826	198169247	3	2	1
f26d42ea-1349-4b3f-8554-7d77494db78f	chr4	68929	10208489	2	1	1
f26d42ea-1349-4b3f-8554-7d77494db78f	chr4	10208518	10229874	0	0	0
f26d42ea-1349-4b3f-8554-7d77494db78f	chr4	10232590	89833002	2	1	1
f26d42ea-1349-4b3f-8554-7d77494db78f	chr4	89833141	89898523	1	1	0
f26d42ea-1349-4b3f-8554-7d77494db78f	chr4	89898635	95062596	2	1	1
f26d42ea-1349-4b3f-8554-7d77494db78f	chr4	95063228	103594793	1	1	0
f26d42ea-1349-4b3f-8554-7d77494db78f	chr4	103594926	111190673	2	1	1
f26d42ea-1349-4b3f-8554-7d77494db78f	chr4	111191079	134865598	1	1	0
f26d42ea-1349-4b3f-8554-7d77494db78f	chr4	134866156	152421185	2	1	1
f26d42ea-1349-4b3f-8554-7d77494db78f	chr4	152425100	155985444	1	1	0
f26d42ea-1349-4b3f-8554-7d77494db78f	chr4	155985710	156919286	2	1	1
f26d42ea-1349-4b3f-8554-7d77494db78f	chr4	156921007	190106768	1	1	0
f26d42ea-1349-4b3f-8554-7d77494db78f	chr5	15532	74276993	2	1	1
f26d42ea-1349-4b3f-8554-7d77494db78f	chr5	74279441	74282774	1	1	0
f26d42ea-1349-4b3f-8554-7d77494db78f	chr5	74282999	125138960	2	1	1
f26d42ea-1349-4b3f-8554-7d77494db78f	chr5	125141683	125147790	0	0	0
f26d42ea-1349-4b3f-8554-7d77494db78f	chr5	125148575	133558740	2	1	1
f26d42ea-1349-4b3f-8554-7d77494db78f	chr5	133560202	133590972	1	1	0
f26d42ea-1349-4b3f-8554-7d77494db78f	chr5	133591169	181363319	2	1	1
f26d42ea-1349-4b3f-8554-7d77494db78f	chr6	149661	78253172	3	2	1
f26d42ea-1349-4b3f-8554-7d77494db78f	chr6	78259348	78285703	1	1	0
f26d42ea-1349-4b3f-8554-7d77494db78f	chr6	78285868	88574395	3	2	1
f26d42ea-1349-4b3f-8554-7d77494db78f	chr6	88575020	88611046	5	3	2
f26d42ea-1349-4b3f-8554-7d77494db78f	chr6	88612606	119189612	3	2	1
f26d42ea-1349-4b3f-8554-7d77494db78f	chr6	119191492	119199182	1	1	0
f26d42ea-1349-4b3f-8554-7d77494db78f	chr6	119202366	131229998	3	2	1
f26d42ea-1349-4b3f-8554-7d77494db78f	chr6	131230252	131298807	7	5	2
f26d42ea-1349-4b3f-8554-7d77494db78f	chr6	131303064	170741917	3	2	1
f26d42ea-1349-4b3f-8554-7d77494db78f	chr7	43259	3439800	3	2	1
f26d42ea-1349-4b3f-8554-7d77494db78f	chr7	3440869	3515174	5	4	1
f26d42ea-1349-4b3f-8554-7d77494db78f	chr7	3516941	28778278	3	2	1
f26d42ea-1349-4b3f-8554-7d77494db78f	chr7	28778628	28794863	6	4	2
f26d42ea-1349-4b3f-8554-7d77494db78f	chr7	28798636	40311288	3	2	1
f26d42ea-1349-4b3f-8554-7d77494db78f	chr7	40311294	40356701	5	3	2
f26d42ea-1349-4b3f-8554-7d77494db78f	chr7	40357974	109793741	3	2	1
f26d42ea-1349-4b3f-8554-7d77494db78f	chr7	109797035	109813853	1	1	0
f26d42ea-1349-4b3f-8554-7d77494db78f	chr7	109813925	122885165	3	2	1
f26d42ea-1349-4b3f-8554-7d77494db78f	chr7	122885275	122950509	2	1	1
f26d42ea-1349-4b3f-8554-7d77494db78f	chr7	122950804	159334314	3	2	1
f26d42ea-1349-4b3f-8554-7d77494db78f	chr8	81254	12693626	1	1	0
f26d42ea-1349-4b3f-8554-7d77494db78f	chr8	12694109	12712880	2	2	0
f26d42ea-1349-4b3f-8554-7d77494db78f	chr8	12713650	30857653	1	1	0
f26d42ea-1349-4b3f-8554-7d77494db78f	chr8	30859334	30872812	7	5	2
f26d42ea-1349-4b3f-8554-7d77494db78f	chr8	30873655	30948042	7	7	0
f26d42ea-1349-4b3f-8554-7d77494db78f	chr8	30952241	39771171	1	1	0
f26d42ea-1349-4b3f-8554-7d77494db78f	chr8	39771531	121203675	7	6	1
f26d42ea-1349-4b3f-8554-7d77494db78f	chr8	121204600	121228596	5	4	1
f26d42ea-1349-4b3f-8554-7d77494db78f	chr8	121229746	134510420	7	6	1
f26d42ea-1349-4b3f-8554-7d77494db78f	chr8	134510678	134559239	8	7	1
f26d42ea-1349-4b3f-8554-7d77494db78f	chr8	134559490	145072769	7	6	1
f26d42ea-1349-4b3f-8554-7d77494db78f	chr9	46587	83290145	2	1	1
f26d42ea-1349-4b3f-8554-7d77494db78f	chr9	83290338	83295597	1	1	0
f26d42ea-1349-4b3f-8554-7d77494db78f	chr9	83296035	88097397	2	1	1
f26d42ea-1349-4b3f-8554-7d77494db78f	chr9	88097416	88103285	1	1	0
f26d42ea-1349-4b3f-8554-7d77494db78f	chr9	88103400	102111018	2	1	1
f26d42ea-1349-4b3f-8554-7d77494db78f	chr9	102112478	102183161	3	2	1
f26d42ea-1349-4b3f-8554-7d77494db78f	chr9	102183261	132509090	2	1	1
f26d42ea-1349-4b3f-8554-7d77494db78f	chr9	132510188	132525473	1	1	0
f26d42ea-1349-4b3f-8554-7d77494db78f	chr9	132525741	138200944	2	1	1
f26d42ea-1349-4b3f-8554-7d77494db78f	chr10	45792	32128874	3	2	1
f26d42ea-1349-4b3f-8554-7d77494db78f	chr10	32128943	32350121	5	4	1
f26d42ea-1349-4b3f-8554-7d77494db78f	chr10	32350165	125087710	3	2	1
f26d42ea-1349-4b3f-8554-7d77494db78f	chr10	125087830	125099622	1	1	0
f26d42ea-1349-4b3f-8554-7d77494db78f	chr10	125099755	133654968	3	2	1
f26d42ea-1349-4b3f-8554-7d77494db78f	chr11	198510	1907715	3	2	1
f26d42ea-1349-4b3f-8554-7d77494db78f	chr11	1922972	2224115	5	3	2
f26d42ea-1349-4b3f-8554-7d77494db78f	chr11	2224667	33038612	3	2	1
f26d42ea-1349-4b3f-8554-7d77494db78f	chr11	33040192	33070021	2	1	1
f26d42ea-1349-4b3f-8554-7d77494db78f	chr11	33070471	69996418	3	2	1
f26d42ea-1349-4b3f-8554-7d77494db78f	chr11	69996715	70003258	2	1	1
f26d42ea-1349-4b3f-8554-7d77494db78f	chr11	70003328	135074876	3	2	1
f26d42ea-1349-4b3f-8554-7d77494db78f	chr12	51460	31072776	3	2	1
f26d42ea-1349-4b3f-8554-7d77494db78f	chr12	31080036	31254189	4	3	1
f26d42ea-1349-4b3f-8554-7d77494db78f	chr12	31256945	133201603	3	2	1
f26d42ea-1349-4b3f-8554-7d77494db78f	chr13	18452809	78438906	4	2	2
f26d42ea-1349-4b3f-8554-7d77494db78f	chr13	78439016	78441535	2	1	1
f26d42ea-1349-4b3f-8554-7d77494db78f	chr13	78442097	114342922	4	2	2
f26d42ea-1349-4b3f-8554-7d77494db78f	chr14	18239283	106877229	2	1	1
f26d42ea-1349-4b3f-8554-7d77494db78f	chr15	19811075	69796894	2	1	1
f26d42ea-1349-4b3f-8554-7d77494db78f	chr15	69797218	69800967	1	1	0
f26d42ea-1349-4b3f-8554-7d77494db78f	chr15	69801978	101928837	2	1	1
f26d42ea-1349-4b3f-8554-7d77494db78f	chr16	10777	90096867	3	2	1
f26d42ea-1349-4b3f-8554-7d77494db78f	chr17	150733	3383881	1	1	0
f26d42ea-1349-4b3f-8554-7d77494db78f	chr17	3384844	3505667	0	0	0
f26d42ea-1349-4b3f-8554-7d77494db78f	chr17	3505679	15784745	1	1	0
f26d42ea-1349-4b3f-8554-7d77494db78f	chr17	15784833	16511542	0	0	0
f26d42ea-1349-4b3f-8554-7d77494db78f	chr17	16513106	27864760	1	1	0
f26d42ea-1349-4b3f-8554-7d77494db78f	chr17	27867697	27984590	0	0	0
f26d42ea-1349-4b3f-8554-7d77494db78f	chr17	27985058	31259136	1	1	0
f26d42ea-1349-4b3f-8554-7d77494db78f	chr17	31269647	41302915	2	1	1
f26d42ea-1349-4b3f-8554-7d77494db78f	chr17	41304063	41322114	1	1	0
f26d42ea-1349-4b3f-8554-7d77494db78f	chr17	41322128	54236353	2	1	1
f26d42ea-1349-4b3f-8554-7d77494db78f	chr17	54239463	54425476	1	1	0
f26d42ea-1349-4b3f-8554-7d77494db78f	chr17	54425890	56602621	3	2	1
f26d42ea-1349-4b3f-8554-7d77494db78f	chr17	56603264	77851415	2	1	1
f26d42ea-1349-4b3f-8554-7d77494db78f	chr17	77852735	83091923	3	2	1
f26d42ea-1349-4b3f-8554-7d77494db78f	chr18	48133	44465096	2	1	1
f26d42ea-1349-4b3f-8554-7d77494db78f	chr18	44468249	44488041	1	1	0
f26d42ea-1349-4b3f-8554-7d77494db78f	chr18	44488088	80257174	2	1	1
f26d42ea-1349-4b3f-8554-7d77494db78f	chr19	90910	7080768	2	1	1
f26d42ea-1349-4b3f-8554-7d77494db78f	chr19	7083618	7103449	1	1	0
f26d42ea-1349-4b3f-8554-7d77494db78f	chr19	7103531	33232568	2	1	1
f26d42ea-1349-4b3f-8554-7d77494db78f	chr19	33232799	33293900	3	2	1
f26d42ea-1349-4b3f-8554-7d77494db78f	chr19	33297937	36974175	2	1	1
f26d42ea-1349-4b3f-8554-7d77494db78f	chr19	36974273	36990251	3	2	1
f26d42ea-1349-4b3f-8554-7d77494db78f	chr19	36991249	58586487	2	1	1
f26d42ea-1349-4b3f-8554-7d77494db78f	chr20	80664	15243099	2	1	1
f26d42ea-1349-4b3f-8554-7d77494db78f	chr20	15247649	15287076	1	1	0
f26d42ea-1349-4b3f-8554-7d77494db78f	chr20	15292814	15423645	9	6	3
f26d42ea-1349-4b3f-8554-7d77494db78f	chr20	15423780	17879147	2	1	1
f26d42ea-1349-4b3f-8554-7d77494db78f	chr20	17882974	18630230	8	7	1
f26d42ea-1349-4b3f-8554-7d77494db78f	chr20	18630753	20927138	2	1	1
f26d42ea-1349-4b3f-8554-7d77494db78f	chr20	20928209	56943750	8	7	1
f26d42ea-1349-4b3f-8554-7d77494db78f	chr20	56943814	58221348	7	6	1
f26d42ea-1349-4b3f-8554-7d77494db78f	chr20	58221472	64260467	8	7	1
f26d42ea-1349-4b3f-8554-7d77494db78f	chr20	64261403	64324800	4	3	1
f26d42ea-1349-4b3f-8554-7d77494db78f	chr21	12973348	46677045	2	1	1
f26d42ea-1349-4b3f-8554-7d77494db78f	chr22	16392123	34937892	2	1	1
f26d42ea-1349-4b3f-8554-7d77494db78f	chr22	34937913	34949320	1	1	0
f26d42ea-1349-4b3f-8554-7d77494db78f	chr22	34949828	50796027	2	1	1
f26d42ea-1349-4b3f-8554-7d77494db78f	chrX	251810	156004181	1	1	0
f26d42ea-1349-4b3f-8554-7d77494db78f	chrY	2782397	26653788	0	0	0
f26d42ea-1349-4b3f-8554-7d77494db78f	chrY	56872112	56872112	4	4	0
