GDC_Aliquot	Chromosome	Start	End	Num_Probes	Segment_Mean
e05ba5bf-a5fc-43cb-b49b-38b135c6c082	1	62920	822089	33	0.4391
e05ba5bf-a5fc-43cb-b49b-38b135c6c082	1	822543	12778601	6454	-0.0038
e05ba5bf-a5fc-43cb-b49b-38b135c6c082	1	12779433	12832455	26	0.2181
e05ba5bf-a5fc-43cb-b49b-38b135c6c082	1	12850124	12867264	6	-1.2699
e05ba5bf-a5fc-43cb-b49b-38b135c6c082	1	12868035	15159958	1386	-0.0045
e05ba5bf-a5fc-43cb-b49b-38b135c6c082	1	15162689	15163303	7	0.5694
e05ba5bf-a5fc-43cb-b49b-38b135c6c082	1	15163366	16525019	730	-0.0145
e05ba5bf-a5fc-43cb-b49b-38b135c6c082	1	16542868	16935737	111	0.4538
e05ba5bf-a5fc-43cb-b49b-38b135c6c082	1	16935752	34626073	10236	-0.0011
e05ba5bf-a5fc-43cb-b49b-38b135c6c082	1	34637053	34637435	6	-3.8863
e05ba5bf-a5fc-43cb-b49b-38b135c6c082	1	34637541	34638226	5	-0.4868
e05ba5bf-a5fc-43cb-b49b-38b135c6c082	1	34638263	34638890	9	-4.7004
e05ba5bf-a5fc-43cb-b49b-38b135c6c082	1	34648667	46651453	6630	-0.0014
e05ba5bf-a5fc-43cb-b49b-38b135c6c082	1	46652358	46655001	3	-1.1539
e05ba5bf-a5fc-43cb-b49b-38b135c6c082	1	46655747	103560608	37190	0.0036
e05ba5bf-a5fc-43cb-b49b-38b135c6c082	1	103566616	103616762	27	0.5511
e05ba5bf-a5fc-43cb-b49b-38b135c6c082	1	103620877	104711636	513	-0.0049
e05ba5bf-a5fc-43cb-b49b-38b135c6c082	1	104712299	104712351	2	-1.7227
e05ba5bf-a5fc-43cb-b49b-38b135c6c082	1	104714678	105470754	409	-0.012
e05ba5bf-a5fc-43cb-b49b-38b135c6c082	1	105476583	105492430	31	-0.3719
e05ba5bf-a5fc-43cb-b49b-38b135c6c082	1	105492439	105763866	192	-0.0225
e05ba5bf-a5fc-43cb-b49b-38b135c6c082	1	105766516	105773232	7	-1.2357
e05ba5bf-a5fc-43cb-b49b-38b135c6c082	1	105778334	109690352	2425	-0.0048
e05ba5bf-a5fc-43cb-b49b-38b135c6c082	1	109690415	109697556	12	-1.9419
e05ba5bf-a5fc-43cb-b49b-38b135c6c082	1	109702376	143714665	7233	0.002
e05ba5bf-a5fc-43cb-b49b-38b135c6c082	1	143714703	145642976	50	0.3808
e05ba5bf-a5fc-43cb-b49b-38b135c6c082	1	145642990	152787202	2501	0
e05ba5bf-a5fc-43cb-b49b-38b135c6c082	1	152789447	152796224	37	-0.7326
e05ba5bf-a5fc-43cb-b49b-38b135c6c082	1	152801429	155691436	1557	-0.0008
e05ba5bf-a5fc-43cb-b49b-38b135c6c082	1	155692180	155693566	2	-2.8526
e05ba5bf-a5fc-43cb-b49b-38b135c6c082	1	155697170	173549573	12627	0.0033
e05ba5bf-a5fc-43cb-b49b-38b135c6c082	1	173549693	174400629	407	0.3519
e05ba5bf-a5fc-43cb-b49b-38b135c6c082	1	174401615	179354603	3306	0.0015
e05ba5bf-a5fc-43cb-b49b-38b135c6c082	1	179361393	179364180	4	-1.5892
e05ba5bf-a5fc-43cb-b49b-38b135c6c082	1	179370071	194479104	10116	0.0043
e05ba5bf-a5fc-43cb-b49b-38b135c6c082	1	194482281	194485888	2	-2.8468
e05ba5bf-a5fc-43cb-b49b-38b135c6c082	1	194487886	196745743	1451	-0.0068
e05ba5bf-a5fc-43cb-b49b-38b135c6c082	1	196758720	196832525	57	-0.9019
e05ba5bf-a5fc-43cb-b49b-38b135c6c082	1	196832720	198335406	823	0.0032
e05ba5bf-a5fc-43cb-b49b-38b135c6c082	1	198337730	198338649	3	-1.3997
e05ba5bf-a5fc-43cb-b49b-38b135c6c082	1	198342229	199138574	551	-0.0003
e05ba5bf-a5fc-43cb-b49b-38b135c6c082	1	199142235	199143396	7	-0.907
e05ba5bf-a5fc-43cb-b49b-38b135c6c082	1	199143883	238691981	27376	0.0013
e05ba5bf-a5fc-43cb-b49b-38b135c6c082	1	238692338	238692794	3	-1.5234
e05ba5bf-a5fc-43cb-b49b-38b135c6c082	1	238699149	238755113	38	0.0071
e05ba5bf-a5fc-43cb-b49b-38b135c6c082	1	238755384	238755396	2	-1.5258
e05ba5bf-a5fc-43cb-b49b-38b135c6c082	1	238755444	248524544	6832	-0.0013
e05ba5bf-a5fc-43cb-b49b-38b135c6c082	1	248524859	248525314	5	-1.3296
e05ba5bf-a5fc-43cb-b49b-38b135c6c082	1	248546369	248703037	71	0.0925
e05ba5bf-a5fc-43cb-b49b-38b135c6c082	1	248703602	248709357	5	-0.9437
e05ba5bf-a5fc-43cb-b49b-38b135c6c082	1	248713007	248930189	101	-0.0383
e05ba5bf-a5fc-43cb-b49b-38b135c6c082	2	12784	89249362	59947	0.0049
e05ba5bf-a5fc-43cb-b49b-38b135c6c082	2	89251705	91972195	195	0.1813
e05ba5bf-a5fc-43cb-b49b-38b135c6c082	2	91992488	97124542	836	0.0122
e05ba5bf-a5fc-43cb-b49b-38b135c6c082	2	97128607	97638482	83	0.2089
e05ba5bf-a5fc-43cb-b49b-38b135c6c082	2	97642429	106258266	5545	0.0059
e05ba5bf-a5fc-43cb-b49b-38b135c6c082	2	106263639	106268557	11	0.5663
e05ba5bf-a5fc-43cb-b49b-38b135c6c082	2	106268901	128880504	13396	0.0043
e05ba5bf-a5fc-43cb-b49b-38b135c6c082	2	128880904	128882741	15	-1.079
e05ba5bf-a5fc-43cb-b49b-38b135c6c082	2	128882755	137730530	5264	0.0109
e05ba5bf-a5fc-43cb-b49b-38b135c6c082	2	137731957	137737677	2	-2.7467
e05ba5bf-a5fc-43cb-b49b-38b135c6c082	2	137738322	146107015	5160	0.0062
e05ba5bf-a5fc-43cb-b49b-38b135c6c082	2	146107511	146120907	25	-0.468
e05ba5bf-a5fc-43cb-b49b-38b135c6c082	2	146120964	153569467	4591	0.0091
e05ba5bf-a5fc-43cb-b49b-38b135c6c082	2	153569486	153574227	2	-1.8314
e05ba5bf-a5fc-43cb-b49b-38b135c6c082	2	153575353	198268721	26788	0.0074
e05ba5bf-a5fc-43cb-b49b-38b135c6c082	2	198269186	198272127	5	-1.1911
e05ba5bf-a5fc-43cb-b49b-38b135c6c082	2	198272671	242147305	27684	0.0063
e05ba5bf-a5fc-43cb-b49b-38b135c6c082	3	20930	16603945	13220	0.0063
e05ba5bf-a5fc-43cb-b49b-38b135c6c082	3	16611390	16616195	4	-1.3567
e05ba5bf-a5fc-43cb-b49b-38b135c6c082	3	16620981	30864925	9876	0.0077
e05ba5bf-a5fc-43cb-b49b-38b135c6c082	3	30869657	30872153	5	-1.3236
e05ba5bf-a5fc-43cb-b49b-38b135c6c082	3	30874413	46751887	10084	-0.0001
e05ba5bf-a5fc-43cb-b49b-38b135c6c082	3	46760327	46808099	40	-3.2735
e05ba5bf-a5fc-43cb-b49b-38b135c6c082	3	46817989	47358421	240	-0.0356
e05ba5bf-a5fc-43cb-b49b-38b135c6c082	3	47358841	47363961	3	-1.4404
e05ba5bf-a5fc-43cb-b49b-38b135c6c082	3	47367722	75466940	19250	0.0044
e05ba5bf-a5fc-43cb-b49b-38b135c6c082	3	75478031	75748496	67	0.3375
e05ba5bf-a5fc-43cb-b49b-38b135c6c082	3	75755699	85171530	5278	0.0084
e05ba5bf-a5fc-43cb-b49b-38b135c6c082	3	85171909	85220081	24	-0.3269
e05ba5bf-a5fc-43cb-b49b-38b135c6c082	3	85222790	87485979	1267	0.0031
e05ba5bf-a5fc-43cb-b49b-38b135c6c082	3	87491339	87491628	2	-1.4492
e05ba5bf-a5fc-43cb-b49b-38b135c6c082	3	87496002	98462752	3939	0.0116
e05ba5bf-a5fc-43cb-b49b-38b135c6c082	3	98468553	98475403	6	-1.3562
e05ba5bf-a5fc-43cb-b49b-38b135c6c082	3	98475528	130031363	19159	0.0062
e05ba5bf-a5fc-43cb-b49b-38b135c6c082	3	130035092	130088155	47	0.3413
e05ba5bf-a5fc-43cb-b49b-38b135c6c082	3	130089433	130133020	17	0.0009
e05ba5bf-a5fc-43cb-b49b-38b135c6c082	3	130137637	130137903	2	-1.6753
e05ba5bf-a5fc-43cb-b49b-38b135c6c082	3	130141782	150036470	12387	0.0069
e05ba5bf-a5fc-43cb-b49b-38b135c6c082	3	150037013	150037169	2	-1.7585
e05ba5bf-a5fc-43cb-b49b-38b135c6c082	3	150039908	162874570	7905	0.0082
e05ba5bf-a5fc-43cb-b49b-38b135c6c082	3	162875836	162910826	26	-0.3709
e05ba5bf-a5fc-43cb-b49b-38b135c6c082	3	162910855	193160406	19175	-0.0004
e05ba5bf-a5fc-43cb-b49b-38b135c6c082	3	193160804	193161217	3	-1.3538
e05ba5bf-a5fc-43cb-b49b-38b135c6c082	3	193162684	195663809	1498	0.0015
e05ba5bf-a5fc-43cb-b49b-38b135c6c082	3	195673928	195729005	26	0.4678
e05ba5bf-a5fc-43cb-b49b-38b135c6c082	3	195729040	198169247	1181	-0.0038
e05ba5bf-a5fc-43cb-b49b-38b135c6c082	4	68929	3896017	1571	-0.0006
e05ba5bf-a5fc-43cb-b49b-38b135c6c082	4	3899125	4176082	75	0.2597
e05ba5bf-a5fc-43cb-b49b-38b135c6c082	4	4180275	9374840	3454	0.0005
e05ba5bf-a5fc-43cb-b49b-38b135c6c082	4	9379218	9390027	14	0.4436
e05ba5bf-a5fc-43cb-b49b-38b135c6c082	4	9390554	9455251	43	0.025
e05ba5bf-a5fc-43cb-b49b-38b135c6c082	4	9459504	9477699	6	1.2505
e05ba5bf-a5fc-43cb-b49b-38b135c6c082	4	9484440	9575821	24	0.3197
e05ba5bf-a5fc-43cb-b49b-38b135c6c082	4	9577703	10208766	516	0.0142
e05ba5bf-a5fc-43cb-b49b-38b135c6c082	4	10212536	10233644	36	1.2488
e05ba5bf-a5fc-43cb-b49b-38b135c6c082	4	10234518	12228848	1700	0.0076
e05ba5bf-a5fc-43cb-b49b-38b135c6c082	4	12231973	12231989	2	-1.6028
e05ba5bf-a5fc-43cb-b49b-38b135c6c082	4	12232509	12362996	75	0.075
e05ba5bf-a5fc-43cb-b49b-38b135c6c082	4	12363022	12363054	3	1.0816
e05ba5bf-a5fc-43cb-b49b-38b135c6c082	4	12363191	20099027	5542	0.005
e05ba5bf-a5fc-43cb-b49b-38b135c6c082	4	20099410	20114255	5	-0.7734
e05ba5bf-a5fc-43cb-b49b-38b135c6c082	4	20114519	21514297	1007	0.0097
e05ba5bf-a5fc-43cb-b49b-38b135c6c082	4	21516422	21578812	56	-1.3042
e05ba5bf-a5fc-43cb-b49b-38b135c6c082	4	21580909	23278352	1109	0.0037
e05ba5bf-a5fc-43cb-b49b-38b135c6c082	4	23278490	23278497	2	-3.2499
e05ba5bf-a5fc-43cb-b49b-38b135c6c082	4	23278812	23280939	9	-0.4907
e05ba5bf-a5fc-43cb-b49b-38b135c6c082	4	23280957	34784878	7462	0.002
e05ba5bf-a5fc-43cb-b49b-38b135c6c082	4	34785333	34817589	34	0.3311
e05ba5bf-a5fc-43cb-b49b-38b135c6c082	4	34819718	49087357	8970	0.0058
e05ba5bf-a5fc-43cb-b49b-38b135c6c082	4	49091769	49656206	32	0.4566
e05ba5bf-a5fc-43cb-b49b-38b135c6c082	4	49656595	60631418	5798	0.0078
e05ba5bf-a5fc-43cb-b49b-38b135c6c082	4	60635111	60635552	2	-1.3724
e05ba5bf-a5fc-43cb-b49b-38b135c6c082	4	60638258	60746515	60	0.0306
e05ba5bf-a5fc-43cb-b49b-38b135c6c082	4	60747424	60748798	2	-1.8023
e05ba5bf-a5fc-43cb-b49b-38b135c6c082	4	60748933	61071220	202	0.0252
e05ba5bf-a5fc-43cb-b49b-38b135c6c082	4	61075217	61076234	2	1.2024
e05ba5bf-a5fc-43cb-b49b-38b135c6c082	4	61079968	62804351	940	0.0003
e05ba5bf-a5fc-43cb-b49b-38b135c6c082	4	62804836	62813912	7	-1.2442
e05ba5bf-a5fc-43cb-b49b-38b135c6c082	4	62818784	64571968	964	0.0207
e05ba5bf-a5fc-43cb-b49b-38b135c6c082	4	64573111	64577281	2	-1.9478
e05ba5bf-a5fc-43cb-b49b-38b135c6c082	4	64577694	68478894	2487	0.0065
e05ba5bf-a5fc-43cb-b49b-38b135c6c082	4	68494770	68620122	67	-0.5307
e05ba5bf-a5fc-43cb-b49b-38b135c6c082	4	68620261	69272329	328	0.0336
e05ba5bf-a5fc-43cb-b49b-38b135c6c082	4	69277656	69363716	41	-0.77
e05ba5bf-a5fc-43cb-b49b-38b135c6c082	4	69366081	82633411	8235	0.0079
e05ba5bf-a5fc-43cb-b49b-38b135c6c082	4	82634663	82634721	2	-1.5102
e05ba5bf-a5fc-43cb-b49b-38b135c6c082	4	82635255	91591470	5622	0.006
e05ba5bf-a5fc-43cb-b49b-38b135c6c082	4	91592120	91594552	2	-1.9946
e05ba5bf-a5fc-43cb-b49b-38b135c6c082	4	91597913	106015911	8407	0.0032
e05ba5bf-a5fc-43cb-b49b-38b135c6c082	4	106021770	106022020	2	-3.5653
e05ba5bf-a5fc-43cb-b49b-38b135c6c082	4	106025278	106411922	214	-0.0179
e05ba5bf-a5fc-43cb-b49b-38b135c6c082	4	106413009	106413204	2	-1.3994
e05ba5bf-a5fc-43cb-b49b-38b135c6c082	4	106415646	107145685	416	0.0108
e05ba5bf-a5fc-43cb-b49b-38b135c6c082	4	107147078	107150731	10	-0.6768
e05ba5bf-a5fc-43cb-b49b-38b135c6c082	4	107152350	114252500	4422	0.0039
e05ba5bf-a5fc-43cb-b49b-38b135c6c082	4	114252544	114261019	24	0.7102
e05ba5bf-a5fc-43cb-b49b-38b135c6c082	4	114263073	130041802	9343	-0.0002
e05ba5bf-a5fc-43cb-b49b-38b135c6c082	4	130044759	130044775	2	-1.9666
e05ba5bf-a5fc-43cb-b49b-38b135c6c082	4	130044801	133783312	2039	0.0017
e05ba5bf-a5fc-43cb-b49b-38b135c6c082	4	133783381	133785994	2	-1.4712
e05ba5bf-a5fc-43cb-b49b-38b135c6c082	4	133786562	142872786	5664	-0.0009
e05ba5bf-a5fc-43cb-b49b-38b135c6c082	4	142872919	142879820	34	-1.099
e05ba5bf-a5fc-43cb-b49b-38b135c6c082	4	142879943	148317162	3084	0.0024
e05ba5bf-a5fc-43cb-b49b-38b135c6c082	4	148317860	148333453	5	-1.441
e05ba5bf-a5fc-43cb-b49b-38b135c6c082	4	148333518	150955199	1429	0.0063
e05ba5bf-a5fc-43cb-b49b-38b135c6c082	4	150955254	150958512	6	-0.4802
e05ba5bf-a5fc-43cb-b49b-38b135c6c082	4	150958773	150963154	17	-1.0694
e05ba5bf-a5fc-43cb-b49b-38b135c6c082	4	150963158	151091949	59	-0.0032
e05ba5bf-a5fc-43cb-b49b-38b135c6c082	4	151092830	151099625	2	-1.9498
e05ba5bf-a5fc-43cb-b49b-38b135c6c082	4	151099962	151678750	257	0.014
e05ba5bf-a5fc-43cb-b49b-38b135c6c082	4	151678861	151682205	5	-0.9098
e05ba5bf-a5fc-43cb-b49b-38b135c6c082	4	151682323	155673078	2599	0.0076
e05ba5bf-a5fc-43cb-b49b-38b135c6c082	4	155673116	155676843	14	-1.1388
e05ba5bf-a5fc-43cb-b49b-38b135c6c082	4	155680783	177969435	14079	0.0035
e05ba5bf-a5fc-43cb-b49b-38b135c6c082	4	177971163	178318447	209	-1.253
e05ba5bf-a5fc-43cb-b49b-38b135c6c082	4	178320828	178324622	2	-4.548
e05ba5bf-a5fc-43cb-b49b-38b135c6c082	4	178325820	178445301	93	-1.2408
e05ba5bf-a5fc-43cb-b49b-38b135c6c082	4	178452968	180209402	1242	-0.0046
e05ba5bf-a5fc-43cb-b49b-38b135c6c082	4	180215918	180217146	8	-1.2562
e05ba5bf-a5fc-43cb-b49b-38b135c6c082	4	180217172	189267889	6603	-0.0024
e05ba5bf-a5fc-43cb-b49b-38b135c6c082	4	189273964	189278110	4	-3.3948
e05ba5bf-a5fc-43cb-b49b-38b135c6c082	4	189278617	190106768	350	0.0974
e05ba5bf-a5fc-43cb-b49b-38b135c6c082	5	15532	3060797	1983	0.0034
e05ba5bf-a5fc-43cb-b49b-38b135c6c082	5	3060914	3060938	2	-1.3473
e05ba5bf-a5fc-43cb-b49b-38b135c6c082	5	3061235	12791608	8209	0.0057
e05ba5bf-a5fc-43cb-b49b-38b135c6c082	5	12800777	12819964	10	-2.5687
e05ba5bf-a5fc-43cb-b49b-38b135c6c082	5	12824299	13032375	72	-0.0694
e05ba5bf-a5fc-43cb-b49b-38b135c6c082	5	13042994	13043119	2	-1.4375
e05ba5bf-a5fc-43cb-b49b-38b135c6c082	5	13079786	15718383	1901	0.0097
e05ba5bf-a5fc-43cb-b49b-38b135c6c082	5	15719113	15720488	11	-1.1418
e05ba5bf-a5fc-43cb-b49b-38b135c6c082	5	15723237	17601444	1193	0.0058
e05ba5bf-a5fc-43cb-b49b-38b135c6c082	5	17601619	17607658	7	-1.0046
e05ba5bf-a5fc-43cb-b49b-38b135c6c082	5	17608130	34072810	10217	0.0079
e05ba5bf-a5fc-43cb-b49b-38b135c6c082	5	34074241	34083537	4	-1.1703
e05ba5bf-a5fc-43cb-b49b-38b135c6c082	5	34087401	58033703	12152	0.0073
e05ba5bf-a5fc-43cb-b49b-38b135c6c082	5	58033756	58037688	26	-0.527
e05ba5bf-a5fc-43cb-b49b-38b135c6c082	5	58037706	104515520	26844	0.0063
e05ba5bf-a5fc-43cb-b49b-38b135c6c082	5	104524672	104524903	4	1.4513
e05ba5bf-a5fc-43cb-b49b-38b135c6c082	5	104525348	111565528	4488	-0.0016
e05ba5bf-a5fc-43cb-b49b-38b135c6c082	5	111573675	111575348	6	-0.943
e05ba5bf-a5fc-43cb-b49b-38b135c6c082	5	111581474	116207194	3457	0.0071
e05ba5bf-a5fc-43cb-b49b-38b135c6c082	5	116207285	116207365	2	-1.2268
e05ba5bf-a5fc-43cb-b49b-38b135c6c082	5	116207477	118050922	1435	0.0114
e05ba5bf-a5fc-43cb-b49b-38b135c6c082	5	118052727	118053390	11	-0.9317
e05ba5bf-a5fc-43cb-b49b-38b135c6c082	5	118068645	132035211	8662	0.0009
e05ba5bf-a5fc-43cb-b49b-38b135c6c082	5	132038336	132058558	12	0.6826
e05ba5bf-a5fc-43cb-b49b-38b135c6c082	5	132059045	140839137	5147	0.0001
e05ba5bf-a5fc-43cb-b49b-38b135c6c082	5	140844251	140852254	9	-1.0845
e05ba5bf-a5fc-43cb-b49b-38b135c6c082	5	140861442	150822643	6573	-0.0044
e05ba5bf-a5fc-43cb-b49b-38b135c6c082	5	150825938	150839042	8	-3.926
e05ba5bf-a5fc-43cb-b49b-38b135c6c082	5	150843825	152134610	964	-0.0069
e05ba5bf-a5fc-43cb-b49b-38b135c6c082	5	152135825	152138790	14	-0.8673
e05ba5bf-a5fc-43cb-b49b-38b135c6c082	5	152140710	158148307	4109	0.0047
e05ba5bf-a5fc-43cb-b49b-38b135c6c082	5	158148576	158150367	2	-2.1496
e05ba5bf-a5fc-43cb-b49b-38b135c6c082	5	158155080	175946505	12627	0.003
e05ba5bf-a5fc-43cb-b49b-38b135c6c082	5	175960543	175993893	7	0.7145
e05ba5bf-a5fc-43cb-b49b-38b135c6c082	5	175999690	177771448	732	0.0036
e05ba5bf-a5fc-43cb-b49b-38b135c6c082	5	177800550	177805604	3	2.7426
e05ba5bf-a5fc-43cb-b49b-38b135c6c082	5	177827964	181363319	1982	0.0069
e05ba5bf-a5fc-43cb-b49b-38b135c6c082	6	149661	291082	119	0.0511
e05ba5bf-a5fc-43cb-b49b-38b135c6c082	6	294286	381149	82	-0.1995
e05ba5bf-a5fc-43cb-b49b-38b135c6c082	6	382559	788506	338	0.0283
e05ba5bf-a5fc-43cb-b49b-38b135c6c082	6	788882	788953	2	-1.0928
e05ba5bf-a5fc-43cb-b49b-38b135c6c082	6	794330	1058079	271	0.0024
e05ba5bf-a5fc-43cb-b49b-38b135c6c082	6	1060997	1061676	2	-1.1955
e05ba5bf-a5fc-43cb-b49b-38b135c6c082	6	1062555	4500631	2776	0.0044
e05ba5bf-a5fc-43cb-b49b-38b135c6c082	6	4500949	4501255	3	-1.6676
e05ba5bf-a5fc-43cb-b49b-38b135c6c082	6	4503773	13333670	6964	0.0033
e05ba5bf-a5fc-43cb-b49b-38b135c6c082	6	13337919	13338109	2	-1.5774
e05ba5bf-a5fc-43cb-b49b-38b135c6c082	6	13338337	19044471	4211	0.0054
e05ba5bf-a5fc-43cb-b49b-38b135c6c082	6	19044485	19044638	4	-1.044
e05ba5bf-a5fc-43cb-b49b-38b135c6c082	6	19044667	29869295	6875	0.0038
e05ba5bf-a5fc-43cb-b49b-38b135c6c082	6	29869410	29907031	24	0.7101
e05ba5bf-a5fc-43cb-b49b-38b135c6c082	6	29909182	31318754	658	0.0129
e05ba5bf-a5fc-43cb-b49b-38b135c6c082	6	31319334	31328674	8	-1.6772
e05ba5bf-a5fc-43cb-b49b-38b135c6c082	6	31342147	32485024	500	0.0243
e05ba5bf-a5fc-43cb-b49b-38b135c6c082	6	32485152	32550992	20	-0.8995
e05ba5bf-a5fc-43cb-b49b-38b135c6c082	6	32559507	32656527	37	-0.1944
e05ba5bf-a5fc-43cb-b49b-38b135c6c082	6	32656814	32658841	5	-1.2513
e05ba5bf-a5fc-43cb-b49b-38b135c6c082	6	32682835	33970222	801	0.0114
e05ba5bf-a5fc-43cb-b49b-38b135c6c082	6	33970966	33974928	7	-1.1641
e05ba5bf-a5fc-43cb-b49b-38b135c6c082	6	33976809	38496850	2695	-0.0015
e05ba5bf-a5fc-43cb-b49b-38b135c6c082	6	38497880	38500176	5	-1.1821
e05ba5bf-a5fc-43cb-b49b-38b135c6c082	6	38501111	53863452	10030	0.0078
e05ba5bf-a5fc-43cb-b49b-38b135c6c082	6	53863953	53866663	4	-1.3806
e05ba5bf-a5fc-43cb-b49b-38b135c6c082	6	53869994	54066269	158	0.0157
e05ba5bf-a5fc-43cb-b49b-38b135c6c082	6	54066286	54067057	8	0.6921
e05ba5bf-a5fc-43cb-b49b-38b135c6c082	6	54070550	54317505	189	-0.0262
e05ba5bf-a5fc-43cb-b49b-38b135c6c082	6	54318518	54318686	3	-0.9225
e05ba5bf-a5fc-43cb-b49b-38b135c6c082	6	54320459	57912021	1826	-0.002
e05ba5bf-a5fc-43cb-b49b-38b135c6c082	6	57920571	61539765	551	0.0795
e05ba5bf-a5fc-43cb-b49b-38b135c6c082	6	61541168	63963516	1294	0.0033
e05ba5bf-a5fc-43cb-b49b-38b135c6c082	6	63967106	63967373	2	-1.5725
e05ba5bf-a5fc-43cb-b49b-38b135c6c082	6	63967573	66331020	1504	0.0044
e05ba5bf-a5fc-43cb-b49b-38b135c6c082	6	66331558	66333299	6	-1.2779
e05ba5bf-a5fc-43cb-b49b-38b135c6c082	6	66333342	68427773	1522	0.0056
e05ba5bf-a5fc-43cb-b49b-38b135c6c082	6	68428164	68432116	3	-1.3195
e05ba5bf-a5fc-43cb-b49b-38b135c6c082	6	68436135	74823736	4110	0.0044
e05ba5bf-a5fc-43cb-b49b-38b135c6c082	6	74823749	74823796	2	-1.4076
e05ba5bf-a5fc-43cb-b49b-38b135c6c082	6	74824464	78261980	2158	0.0082
e05ba5bf-a5fc-43cb-b49b-38b135c6c082	6	78261995	78325223	106	0.3156
e05ba5bf-a5fc-43cb-b49b-38b135c6c082	6	78325310	89787870	7156	0.006
e05ba5bf-a5fc-43cb-b49b-38b135c6c082	6	89788095	89789340	4	-0.8449
e05ba5bf-a5fc-43cb-b49b-38b135c6c082	6	89789420	92864624	2080	0.0075
e05ba5bf-a5fc-43cb-b49b-38b135c6c082	6	92866148	92868912	31	-0.9715
e05ba5bf-a5fc-43cb-b49b-38b135c6c082	6	92873205	122273681	17753	0.0025
e05ba5bf-a5fc-43cb-b49b-38b135c6c082	6	122277197	122277223	2	-2.9614
e05ba5bf-a5fc-43cb-b49b-38b135c6c082	6	122283039	125861617	2391	0.0052
e05ba5bf-a5fc-43cb-b49b-38b135c6c082	6	125862546	125865630	3	-3.9176
e05ba5bf-a5fc-43cb-b49b-38b135c6c082	6	125867747	166080765	27297	0.0022
e05ba5bf-a5fc-43cb-b49b-38b135c6c082	6	166084143	166085372	3	-3.1336
e05ba5bf-a5fc-43cb-b49b-38b135c6c082	6	166091896	170505027	2917	-0.0103
e05ba5bf-a5fc-43cb-b49b-38b135c6c082	6	170505095	170505438	2	-1.576
e05ba5bf-a5fc-43cb-b49b-38b135c6c082	6	170505603	170741917	68	0.0371
e05ba5bf-a5fc-43cb-b49b-38b135c6c082	7	43355	13125522	8526	-0.0003
e05ba5bf-a5fc-43cb-b49b-38b135c6c082	7	13127828	13129570	8	-1.5019
e05ba5bf-a5fc-43cb-b49b-38b135c6c082	7	13132544	22395161	7519	-0.0014
e05ba5bf-a5fc-43cb-b49b-38b135c6c082	7	22395853	22396868	2	-3.3929
e05ba5bf-a5fc-43cb-b49b-38b135c6c082	7	22399135	38244598	11304	0.0097
e05ba5bf-a5fc-43cb-b49b-38b135c6c082	7	38246926	38293400	66	-0.1869
e05ba5bf-a5fc-43cb-b49b-38b135c6c082	7	38293417	38338544	52	-0.0281
e05ba5bf-a5fc-43cb-b49b-38b135c6c082	7	38338955	38351764	8	0.5035
e05ba5bf-a5fc-43cb-b49b-38b135c6c082	7	38352435	38356875	3	-1.3529
e05ba5bf-a5fc-43cb-b49b-38b135c6c082	7	38361356	54305455	10990	0.0032
e05ba5bf-a5fc-43cb-b49b-38b135c6c082	7	54318812	54318824	6	1.2562
e05ba5bf-a5fc-43cb-b49b-38b135c6c082	7	54325795	57600120	1945	-0.0008
e05ba5bf-a5fc-43cb-b49b-38b135c6c082	7	57604709	62769952	196	0.16
e05ba5bf-a5fc-43cb-b49b-38b135c6c082	7	62770104	63001597	53	-0.0075
e05ba5bf-a5fc-43cb-b49b-38b135c6c082	7	63005615	63005790	2	-1.6842
e05ba5bf-a5fc-43cb-b49b-38b135c6c082	7	63005863	65392044	935	0.0165
e05ba5bf-a5fc-43cb-b49b-38b135c6c082	7	65393983	65827971	140	0.1526
e05ba5bf-a5fc-43cb-b49b-38b135c6c082	7	65830040	76514576	5000	-0.0012
e05ba5bf-a5fc-43cb-b49b-38b135c6c082	7	76524031	76531980	4	1.0501
e05ba5bf-a5fc-43cb-b49b-38b135c6c082	7	76531991	79172570	1668	0.0142
e05ba5bf-a5fc-43cb-b49b-38b135c6c082	7	79175983	79199210	15	-1.0472
e05ba5bf-a5fc-43cb-b49b-38b135c6c082	7	79199278	79199475	4	-0.1822
e05ba5bf-a5fc-43cb-b49b-38b135c6c082	7	79199774	79223377	37	-1.1658
e05ba5bf-a5fc-43cb-b49b-38b135c6c082	7	79226755	86906130	4986	-0.001
e05ba5bf-a5fc-43cb-b49b-38b135c6c082	7	86906940	86907061	3	-0.9891
e05ba5bf-a5fc-43cb-b49b-38b135c6c082	7	86910259	94054304	4549	0.0112
e05ba5bf-a5fc-43cb-b49b-38b135c6c082	7	94054425	94054832	3	-1.1259
e05ba5bf-a5fc-43cb-b49b-38b135c6c082	7	94056079	97870762	2381	0
e05ba5bf-a5fc-43cb-b49b-38b135c6c082	7	97870806	97870817	2	-1.639
e05ba5bf-a5fc-43cb-b49b-38b135c6c082	7	97870996	109653742	6432	0.0003
e05ba5bf-a5fc-43cb-b49b-38b135c6c082	7	109656514	109656654	2	-1.3017
e05ba5bf-a5fc-43cb-b49b-38b135c6c082	7	109658494	109793741	88	0.0228
e05ba5bf-a5fc-43cb-b49b-38b135c6c082	7	109797035	109797623	13	0.2799
e05ba5bf-a5fc-43cb-b49b-38b135c6c082	7	109797700	109813853	22	0.6284
e05ba5bf-a5fc-43cb-b49b-38b135c6c082	7	109813925	110154115	204	-0.014
e05ba5bf-a5fc-43cb-b49b-38b135c6c082	7	110155394	110159025	9	-0.9037
e05ba5bf-a5fc-43cb-b49b-38b135c6c082	7	110159142	126405690	9824	0.0058
e05ba5bf-a5fc-43cb-b49b-38b135c6c082	7	126405970	126406561	7	0.9923
e05ba5bf-a5fc-43cb-b49b-38b135c6c082	7	126406822	130664793	2363	0.0043
e05ba5bf-a5fc-43cb-b49b-38b135c6c082	7	130667226	130672678	2	-1.267
e05ba5bf-a5fc-43cb-b49b-38b135c6c082	7	130675327	130782816	62	0.0032
e05ba5bf-a5fc-43cb-b49b-38b135c6c082	7	130786856	130786873	2	-1
e05ba5bf-a5fc-43cb-b49b-38b135c6c082	7	130787686	134093899	2270	0.0093
e05ba5bf-a5fc-43cb-b49b-38b135c6c082	7	134100424	134113805	34	0.3861
e05ba5bf-a5fc-43cb-b49b-38b135c6c082	7	134114093	143521765	6126	0.0041
e05ba5bf-a5fc-43cb-b49b-38b135c6c082	7	143529806	143603307	5	1.5969
e05ba5bf-a5fc-43cb-b49b-38b135c6c082	7	143728285	143799657	21	0.0387
e05ba5bf-a5fc-43cb-b49b-38b135c6c082	7	143802123	143850179	11	0.5467
e05ba5bf-a5fc-43cb-b49b-38b135c6c082	7	143875073	145006482	705	-0.0144
e05ba5bf-a5fc-43cb-b49b-38b135c6c082	7	145008999	145009200	2	-2.1094
e05ba5bf-a5fc-43cb-b49b-38b135c6c082	7	145009987	159334314	9225	0.0039
e05ba5bf-a5fc-43cb-b49b-38b135c6c082	8	81254	213414	7	0.5512
e05ba5bf-a5fc-43cb-b49b-38b135c6c082	8	214984	284757	64	-0.0449
e05ba5bf-a5fc-43cb-b49b-38b135c6c082	8	285379	287498	4	0.4144
e05ba5bf-a5fc-43cb-b49b-38b135c6c082	8	287671	287740	3	1.3045
e05ba5bf-a5fc-43cb-b49b-38b135c6c082	8	288516	645875	252	0.0191
e05ba5bf-a5fc-43cb-b49b-38b135c6c082	8	645892	645908	2	3.0279
e05ba5bf-a5fc-43cb-b49b-38b135c6c082	8	656117	2132302	1143	-0.0012
e05ba5bf-a5fc-43cb-b49b-38b135c6c082	8	2132407	2137191	19	-1.1432
e05ba5bf-a5fc-43cb-b49b-38b135c6c082	8	2142105	2179870	67	0.0193
e05ba5bf-a5fc-43cb-b49b-38b135c6c082	8	2181344	2185178	7	-1.4709
e05ba5bf-a5fc-43cb-b49b-38b135c6c082	8	2193931	3625109	1334	-0.0044
e05ba5bf-a5fc-43cb-b49b-38b135c6c082	8	3630124	3630522	3	-1.8143
e05ba5bf-a5fc-43cb-b49b-38b135c6c082	8	3630780	7153553	4815	0.0063
e05ba5bf-a5fc-43cb-b49b-38b135c6c082	8	7155402	8078333	66	0.4264
e05ba5bf-a5fc-43cb-b49b-38b135c6c082	8	8085660	12024888	3227	0.0041
e05ba5bf-a5fc-43cb-b49b-38b135c6c082	8	12025748	12376789	22	0.5433
e05ba5bf-a5fc-43cb-b49b-38b135c6c082	8	12376891	12419769	21	1.0442
e05ba5bf-a5fc-43cb-b49b-38b135c6c082	8	12454103	12585546	17	0.6244
e05ba5bf-a5fc-43cb-b49b-38b135c6c082	8	12616034	16339682	3461	0.0043
e05ba5bf-a5fc-43cb-b49b-38b135c6c082	8	16349445	16349614	8	-2.1636
e05ba5bf-a5fc-43cb-b49b-38b135c6c082	8	16354575	16404726	48	0.0073
e05ba5bf-a5fc-43cb-b49b-38b135c6c082	8	16404738	16421186	28	-0.9311
e05ba5bf-a5fc-43cb-b49b-38b135c6c082	8	16425078	25114672	6859	0.003
e05ba5bf-a5fc-43cb-b49b-38b135c6c082	8	25116928	25126818	27	0.4924
e05ba5bf-a5fc-43cb-b49b-38b135c6c082	8	25133589	32821348	5431	-0.0008
e05ba5bf-a5fc-43cb-b49b-38b135c6c082	8	32825580	32830895	7	1.6722
e05ba5bf-a5fc-43cb-b49b-38b135c6c082	8	32834588	39391223	3582	0.0032
e05ba5bf-a5fc-43cb-b49b-38b135c6c082	8	39393453	39531605	60	0.2718
e05ba5bf-a5fc-43cb-b49b-38b135c6c082	8	39537590	54296370	7253	0.0023
e05ba5bf-a5fc-43cb-b49b-38b135c6c082	8	54296488	54298558	7	-0.9639
e05ba5bf-a5fc-43cb-b49b-38b135c6c082	8	54298653	62300210	5405	-0.0018
e05ba5bf-a5fc-43cb-b49b-38b135c6c082	8	62300819	62311526	8	-0.8506
e05ba5bf-a5fc-43cb-b49b-38b135c6c082	8	62316587	94545887	19070	0.0032
e05ba5bf-a5fc-43cb-b49b-38b135c6c082	8	94546864	94547604	4	-1.3893
e05ba5bf-a5fc-43cb-b49b-38b135c6c082	8	94547824	100371997	3496	0.0036
e05ba5bf-a5fc-43cb-b49b-38b135c6c082	8	100376907	100377339	3	-1.0102
e05ba5bf-a5fc-43cb-b49b-38b135c6c082	8	100377449	102710669	1618	0.0057
e05ba5bf-a5fc-43cb-b49b-38b135c6c082	8	102712547	102712935	3	-0.99
e05ba5bf-a5fc-43cb-b49b-38b135c6c082	8	102714766	102980362	148	0.0342
e05ba5bf-a5fc-43cb-b49b-38b135c6c082	8	102982683	102985207	3	-1.3825
e05ba5bf-a5fc-43cb-b49b-38b135c6c082	8	102986318	114626121	6835	0.0088
e05ba5bf-a5fc-43cb-b49b-38b135c6c082	8	114626166	114628588	8	0.669
e05ba5bf-a5fc-43cb-b49b-38b135c6c082	8	114628679	119139771	3124	0.0064
e05ba5bf-a5fc-43cb-b49b-38b135c6c082	8	119142545	119147207	4	-1.137
e05ba5bf-a5fc-43cb-b49b-38b135c6c082	8	119150615	122047640	1892	0.001
e05ba5bf-a5fc-43cb-b49b-38b135c6c082	8	122047800	122048607	8	-1.5131
e05ba5bf-a5fc-43cb-b49b-38b135c6c082	8	122048823	126285725	2930	0.001
e05ba5bf-a5fc-43cb-b49b-38b135c6c082	8	126287806	126287833	2	-3.183
e05ba5bf-a5fc-43cb-b49b-38b135c6c082	8	126293536	145072769	13116	0.0011
e05ba5bf-a5fc-43cb-b49b-38b135c6c082	9	46587	39547492	31181	-0.0011
e05ba5bf-a5fc-43cb-b49b-38b135c6c082	9	39588611	64467459	320	0.3002
e05ba5bf-a5fc-43cb-b49b-38b135c6c082	9	64480563	64493528	4	1.3577
e05ba5bf-a5fc-43cb-b49b-38b135c6c082	9	64495298	66189025	43	0.308
e05ba5bf-a5fc-43cb-b49b-38b135c6c082	9	66880844	104945589	25823	-0.0011
e05ba5bf-a5fc-43cb-b49b-38b135c6c082	9	104948281	104948335	2	-1.3413
e05ba5bf-a5fc-43cb-b49b-38b135c6c082	9	104950467	107757408	1960	0.0114
e05ba5bf-a5fc-43cb-b49b-38b135c6c082	9	107757801	107758147	2	-0.9773
e05ba5bf-a5fc-43cb-b49b-38b135c6c082	9	107759012	110262162	2159	0.0116
e05ba5bf-a5fc-43cb-b49b-38b135c6c082	9	110262509	110265889	3	-1.0404
e05ba5bf-a5fc-43cb-b49b-38b135c6c082	9	110270151	120104327	7712	0.0116
e05ba5bf-a5fc-43cb-b49b-38b135c6c082	9	120106421	120106510	2	-1.1762
e05ba5bf-a5fc-43cb-b49b-38b135c6c082	9	120110248	126176512	3748	0.0039
e05ba5bf-a5fc-43cb-b49b-38b135c6c082	9	126182006	126221236	37	-0.4639
e05ba5bf-a5fc-43cb-b49b-38b135c6c082	9	126221694	138200944	6517	0.0017
e05ba5bf-a5fc-43cb-b49b-38b135c6c082	10	45792	25306444	20023	-0.0002
e05ba5bf-a5fc-43cb-b49b-38b135c6c082	10	25308379	25311279	2	-2.6808
e05ba5bf-a5fc-43cb-b49b-38b135c6c082	10	25312104	38770869	9032	-0.0018
e05ba5bf-a5fc-43cb-b49b-38b135c6c082	10	38770921	41737863	14	0.4121
e05ba5bf-a5fc-43cb-b49b-38b135c6c082	10	41738275	41806669	16	-0.1793
e05ba5bf-a5fc-43cb-b49b-38b135c6c082	10	42118988	42264605	25	0.4495
e05ba5bf-a5fc-43cb-b49b-38b135c6c082	10	42267782	47954600	2920	0.0048
e05ba5bf-a5fc-43cb-b49b-38b135c6c082	10	48079548	48084420	3	-1.366
e05ba5bf-a5fc-43cb-b49b-38b135c6c082	10	48084439	50062639	1377	-0.0051
e05ba5bf-a5fc-43cb-b49b-38b135c6c082	10	50070600	50132160	5	-0.6304
e05ba5bf-a5fc-43cb-b49b-38b135c6c082	10	50144008	50150838	2	2.744
e05ba5bf-a5fc-43cb-b49b-38b135c6c082	10	50178219	87216840	25476	-0.001
e05ba5bf-a5fc-43cb-b49b-38b135c6c082	10	87269486	87286741	3	1.8661
e05ba5bf-a5fc-43cb-b49b-38b135c6c082	10	87310039	121011150	22451	0.0044
e05ba5bf-a5fc-43cb-b49b-38b135c6c082	10	121011165	121011414	2	-2.136
e05ba5bf-a5fc-43cb-b49b-38b135c6c082	10	121011448	121017985	15	-0.4141
e05ba5bf-a5fc-43cb-b49b-38b135c6c082	10	121030029	126201754	3904	-0.0008
e05ba5bf-a5fc-43cb-b49b-38b135c6c082	10	126206011	126206650	3	-1.3165
e05ba5bf-a5fc-43cb-b49b-38b135c6c082	10	126211731	133654968	5403	-0.0003
e05ba5bf-a5fc-43cb-b49b-38b135c6c082	11	198510	42791601	29898	-0.0004
e05ba5bf-a5fc-43cb-b49b-38b135c6c082	11	42794936	42796489	2	-4
e05ba5bf-a5fc-43cb-b49b-38b135c6c082	11	42799053	49992133	3999	0.0049
e05ba5bf-a5fc-43cb-b49b-38b135c6c082	11	49992218	55674842	634	0.098
e05ba5bf-a5fc-43cb-b49b-38b135c6c082	11	55676735	67704271	6231	0.0043
e05ba5bf-a5fc-43cb-b49b-38b135c6c082	11	67704674	67981851	76	0.2394
e05ba5bf-a5fc-43cb-b49b-38b135c6c082	11	67996609	79146638	6085	0
e05ba5bf-a5fc-43cb-b49b-38b135c6c082	11	79150916	79151247	2	1.3298
e05ba5bf-a5fc-43cb-b49b-38b135c6c082	11	79154617	89754781	7474	0.0019
e05ba5bf-a5fc-43cb-b49b-38b135c6c082	11	89759710	89768798	3	-2.7482
e05ba5bf-a5fc-43cb-b49b-38b135c6c082	11	89796439	93012353	2128	0.006
e05ba5bf-a5fc-43cb-b49b-38b135c6c082	11	93012411	93012638	2	-2.883
e05ba5bf-a5fc-43cb-b49b-38b135c6c082	11	93012815	116796745	16807	-0.0019
e05ba5bf-a5fc-43cb-b49b-38b135c6c082	11	116797795	116799960	4	-1.4374
e05ba5bf-a5fc-43cb-b49b-38b135c6c082	11	116804102	135074876	13489	-0.0029
e05ba5bf-a5fc-43cb-b49b-38b135c6c082	12	51460	8165239	5527	-0.0068
e05ba5bf-a5fc-43cb-b49b-38b135c6c082	12	8168303	8432076	89	0.2806
e05ba5bf-a5fc-43cb-b49b-38b135c6c082	12	8442298	11478447	1854	-0.0042
e05ba5bf-a5fc-43cb-b49b-38b135c6c082	12	11480856	11481281	2	-1.7022
e05ba5bf-a5fc-43cb-b49b-38b135c6c082	12	11483060	20990247	6450	0.0001
e05ba5bf-a5fc-43cb-b49b-38b135c6c082	12	20990316	20991368	9	-0.3341
e05ba5bf-a5fc-43cb-b49b-38b135c6c082	12	20991497	20991572	3	-2.9872
e05ba5bf-a5fc-43cb-b49b-38b135c6c082	12	20991608	25840422	3517	0.0033
e05ba5bf-a5fc-43cb-b49b-38b135c6c082	12	25841140	25841441	5	-0.9133
e05ba5bf-a5fc-43cb-b49b-38b135c6c082	12	25842435	29181116	2402	0.0045
e05ba5bf-a5fc-43cb-b49b-38b135c6c082	12	29181195	29181205	2	-3.0528
e05ba5bf-a5fc-43cb-b49b-38b135c6c082	12	29181219	33232895	2999	0.0095
e05ba5bf-a5fc-43cb-b49b-38b135c6c082	12	33233822	33242483	6	-2.4703
e05ba5bf-a5fc-43cb-b49b-38b135c6c082	12	33246118	34057235	509	-0.0293
e05ba5bf-a5fc-43cb-b49b-38b135c6c082	12	34059867	34063370	4	-1.09
e05ba5bf-a5fc-43cb-b49b-38b135c6c082	12	34064565	34097761	18	-0.075
e05ba5bf-a5fc-43cb-b49b-38b135c6c082	12	34103774	34111154	9	-1.3631
e05ba5bf-a5fc-43cb-b49b-38b135c6c082	12	34122447	99401515	38711	0.0031
e05ba5bf-a5fc-43cb-b49b-38b135c6c082	12	99401690	99404577	26	0.4429
e05ba5bf-a5fc-43cb-b49b-38b135c6c082	12	99404748	99623994	148	-0.0061
e05ba5bf-a5fc-43cb-b49b-38b135c6c082	12	99625470	99626255	3	-1.1113
e05ba5bf-a5fc-43cb-b49b-38b135c6c082	12	99626961	127147836	18099	0.0068
e05ba5bf-a5fc-43cb-b49b-38b135c6c082	12	127149591	127150538	11	-0.4952
e05ba5bf-a5fc-43cb-b49b-38b135c6c082	12	127150577	131636170	3888	0.0136
e05ba5bf-a5fc-43cb-b49b-38b135c6c082	12	131648039	131659651	18	0.4547
e05ba5bf-a5fc-43cb-b49b-38b135c6c082	12	131669648	131761400	66	-0.0623
e05ba5bf-a5fc-43cb-b49b-38b135c6c082	12	131761436	131761955	2	-1.2927
e05ba5bf-a5fc-43cb-b49b-38b135c6c082	12	131763587	133201603	486	-0.0218
e05ba5bf-a5fc-43cb-b49b-38b135c6c082	13	18452809	18886200	111	0.2393
e05ba5bf-a5fc-43cb-b49b-38b135c6c082	13	18886418	23055048	2747	-0.0105
e05ba5bf-a5fc-43cb-b49b-38b135c6c082	13	23055071	23059376	13	-0.9161
e05ba5bf-a5fc-43cb-b49b-38b135c6c082	13	23064056	24461469	1127	-0.0134
e05ba5bf-a5fc-43cb-b49b-38b135c6c082	13	24465452	24465540	4	-1.1786
e05ba5bf-a5fc-43cb-b49b-38b135c6c082	13	24465893	37501767	9486	-0.0003
e05ba5bf-a5fc-43cb-b49b-38b135c6c082	13	37501828	37510620	13	0.8654
e05ba5bf-a5fc-43cb-b49b-38b135c6c082	13	37514193	55690834	11800	0.006
e05ba5bf-a5fc-43cb-b49b-38b135c6c082	13	55693560	55709470	16	0.6799
e05ba5bf-a5fc-43cb-b49b-38b135c6c082	13	55714326	57189617	717	0.0167
e05ba5bf-a5fc-43cb-b49b-38b135c6c082	13	57189630	57192705	12	-0.8491
e05ba5bf-a5fc-43cb-b49b-38b135c6c082	13	57192766	68668123	6903	-0.0044
e05ba5bf-a5fc-43cb-b49b-38b135c6c082	13	68674167	68675349	7	-1.2803
e05ba5bf-a5fc-43cb-b49b-38b135c6c082	13	68676647	68684883	10	-0.155
e05ba5bf-a5fc-43cb-b49b-38b135c6c082	13	68685082	68694110	21	-1.0631
e05ba5bf-a5fc-43cb-b49b-38b135c6c082	13	68694987	73347416	3121	-0.0014
e05ba5bf-a5fc-43cb-b49b-38b135c6c082	13	73348527	73348916	2	-1.3928
e05ba5bf-a5fc-43cb-b49b-38b135c6c082	13	73354206	75531469	1614	0.0045
e05ba5bf-a5fc-43cb-b49b-38b135c6c082	13	75535400	75546492	12	0.5527
e05ba5bf-a5fc-43cb-b49b-38b135c6c082	13	75548001	81228506	3809	0.0027
e05ba5bf-a5fc-43cb-b49b-38b135c6c082	13	81231551	81237549	2	-2.6758
e05ba5bf-a5fc-43cb-b49b-38b135c6c082	13	81241730	82473683	721	0.0011
e05ba5bf-a5fc-43cb-b49b-38b135c6c082	13	82473835	82473959	2	-1.3061
e05ba5bf-a5fc-43cb-b49b-38b135c6c082	13	82477070	85300014	1848	0.001
e05ba5bf-a5fc-43cb-b49b-38b135c6c082	13	85301456	85309760	6	-0.9993
e05ba5bf-a5fc-43cb-b49b-38b135c6c082	13	85310048	89496111	2347	-0.0067
e05ba5bf-a5fc-43cb-b49b-38b135c6c082	13	89498923	89499000	2	-1.567
e05ba5bf-a5fc-43cb-b49b-38b135c6c082	13	89499792	110932159	15813	-0.002
e05ba5bf-a5fc-43cb-b49b-38b135c6c082	13	110936620	110936805	2	-1.9933
e05ba5bf-a5fc-43cb-b49b-38b135c6c082	13	110937681	112659037	1104	0.0022
e05ba5bf-a5fc-43cb-b49b-38b135c6c082	13	112661271	112671455	6	0.6309
e05ba5bf-a5fc-43cb-b49b-38b135c6c082	13	112677366	114342922	755	-0.0074
e05ba5bf-a5fc-43cb-b49b-38b135c6c082	14	18239283	19689684	64	0.1146
e05ba5bf-a5fc-43cb-b49b-38b135c6c082	14	19732024	19957752	107	-0.3347
e05ba5bf-a5fc-43cb-b49b-38b135c6c082	14	19958388	21928968	1360	0.0064
e05ba5bf-a5fc-43cb-b49b-38b135c6c082	14	21929841	22496095	463	-0.1337
e05ba5bf-a5fc-43cb-b49b-38b135c6c082	14	22496189	41139155	11767	0.0006
e05ba5bf-a5fc-43cb-b49b-38b135c6c082	14	41141293	41184774	13	-1.2019
e05ba5bf-a5fc-43cb-b49b-38b135c6c082	14	41188046	106340774	41355	0.0009
e05ba5bf-a5fc-43cb-b49b-38b135c6c082	14	106345431	106364815	7	-3.2378
e05ba5bf-a5fc-43cb-b49b-38b135c6c082	14	106365807	106877229	271	0.0336
e05ba5bf-a5fc-43cb-b49b-38b135c6c082	15	19811075	21997003	177	0.0754
e05ba5bf-a5fc-43cb-b49b-38b135c6c082	15	21999319	22003073	2	2.5947
e05ba5bf-a5fc-43cb-b49b-38b135c6c082	15	22005276	22748221	70	0.07
e05ba5bf-a5fc-43cb-b49b-38b135c6c082	15	22749411	22993081	181	-0.1467
e05ba5bf-a5fc-43cb-b49b-38b135c6c082	15	22995806	24401996	762	0.0235
e05ba5bf-a5fc-43cb-b49b-38b135c6c082	15	24402847	24482084	42	-0.4867
e05ba5bf-a5fc-43cb-b49b-38b135c6c082	15	24485848	28315670	2749	-0.0105
e05ba5bf-a5fc-43cb-b49b-38b135c6c082	15	28315870	28717394	18	0.4581
e05ba5bf-a5fc-43cb-b49b-38b135c6c082	15	28717541	30094208	828	-0.0223
e05ba5bf-a5fc-43cb-b49b-38b135c6c082	15	30106026	30483791	29	0.5114
e05ba5bf-a5fc-43cb-b49b-38b135c6c082	15	30487388	53492691	14256	0.0044
e05ba5bf-a5fc-43cb-b49b-38b135c6c082	15	53492794	53492997	4	-1.4194
e05ba5bf-a5fc-43cb-b49b-38b135c6c082	15	53493066	101928837	32445	0.0019
e05ba5bf-a5fc-43cb-b49b-38b135c6c082	16	10777	14895982	11112	0.0067
e05ba5bf-a5fc-43cb-b49b-38b135c6c082	16	14954911	15036113	58	-0.5262
e05ba5bf-a5fc-43cb-b49b-38b135c6c082	16	15040518	22430653	3599	-0.0018
e05ba5bf-a5fc-43cb-b49b-38b135c6c082	16	22430699	22699421	74	-0.2771
e05ba5bf-a5fc-43cb-b49b-38b135c6c082	16	22701658	26904141	2994	0.0072
e05ba5bf-a5fc-43cb-b49b-38b135c6c082	16	26906833	26907090	2	-4.5735
e05ba5bf-a5fc-43cb-b49b-38b135c6c082	16	26910566	32016985	2125	0.0033
e05ba5bf-a5fc-43cb-b49b-38b135c6c082	16	32022253	34176391	98	0.264
e05ba5bf-a5fc-43cb-b49b-38b135c6c082	16	34196508	55762682	6877	0.0019
e05ba5bf-a5fc-43cb-b49b-38b135c6c082	16	55764310	55764867	3	-1.0727
e05ba5bf-a5fc-43cb-b49b-38b135c6c082	16	55770436	59006784	1969	0.0097
e05ba5bf-a5fc-43cb-b49b-38b135c6c082	16	59007329	59011868	9	-1.4093
e05ba5bf-a5fc-43cb-b49b-38b135c6c082	16	59013008	76764575	10702	-0.0033
e05ba5bf-a5fc-43cb-b49b-38b135c6c082	16	76764612	76772531	3	-1.8121
e05ba5bf-a5fc-43cb-b49b-38b135c6c082	16	76774655	78337711	1610	0.006
e05ba5bf-a5fc-43cb-b49b-38b135c6c082	16	78338543	78350868	17	0.9886
e05ba5bf-a5fc-43cb-b49b-38b135c6c082	16	78351104	84794150	7072	-0.0055
e05ba5bf-a5fc-43cb-b49b-38b135c6c082	16	84794317	84800330	8	-0.9727
e05ba5bf-a5fc-43cb-b49b-38b135c6c082	16	84802423	86922531	1916	-0.0161
e05ba5bf-a5fc-43cb-b49b-38b135c6c082	16	86922698	86922750	2	-1.6903
e05ba5bf-a5fc-43cb-b49b-38b135c6c082	16	86922918	90096867	1622	-0.0204
e05ba5bf-a5fc-43cb-b49b-38b135c6c082	17	150733	3232483	1609	-0.0201
e05ba5bf-a5fc-43cb-b49b-38b135c6c082	17	3232541	3232997	2	-1.7745
e05ba5bf-a5fc-43cb-b49b-38b135c6c082	17	3254610	18455635	9787	-0.0035
e05ba5bf-a5fc-43cb-b49b-38b135c6c082	17	18458372	18543365	21	0.4748
e05ba5bf-a5fc-43cb-b49b-38b135c6c082	17	18550123	29455209	2695	0.0076
e05ba5bf-a5fc-43cb-b49b-38b135c6c082	17	29455272	29461239	4	-1.0201
e05ba5bf-a5fc-43cb-b49b-38b135c6c082	17	29474037	36157718	4175	0.0121
e05ba5bf-a5fc-43cb-b49b-38b135c6c082	17	36200725	36208249	2	-1.2997
e05ba5bf-a5fc-43cb-b49b-38b135c6c082	17	36460442	41265456	2524	-0.0005
e05ba5bf-a5fc-43cb-b49b-38b135c6c082	17	41266762	41274198	23	-1.8687
e05ba5bf-a5fc-43cb-b49b-38b135c6c082	17	41274279	46118359	2519	0.0062
e05ba5bf-a5fc-43cb-b49b-38b135c6c082	17	46120237	46267672	94	-0.2738
e05ba5bf-a5fc-43cb-b49b-38b135c6c082	17	46273919	83091923	21583	0.0004
e05ba5bf-a5fc-43cb-b49b-38b135c6c082	18	48133	22473405	11122	-0.0032
e05ba5bf-a5fc-43cb-b49b-38b135c6c082	18	22474248	22486014	12	-1.1067
e05ba5bf-a5fc-43cb-b49b-38b135c6c082	18	22488786	25952647	2242	0.0056
e05ba5bf-a5fc-43cb-b49b-38b135c6c082	18	25954801	25954804	2	-2.0773
e05ba5bf-a5fc-43cb-b49b-38b135c6c082	18	25955629	32397782	4110	-0.0064
e05ba5bf-a5fc-43cb-b49b-38b135c6c082	18	32401062	32401065	3	-1.5904
e05ba5bf-a5fc-43cb-b49b-38b135c6c082	18	32402540	44396921	7684	0.0001
e05ba5bf-a5fc-43cb-b49b-38b135c6c082	18	44396989	44398660	5	-1.3046
e05ba5bf-a5fc-43cb-b49b-38b135c6c082	18	44402706	65537087	14761	0.0004
e05ba5bf-a5fc-43cb-b49b-38b135c6c082	18	65537183	65540037	8	-1.0917
e05ba5bf-a5fc-43cb-b49b-38b135c6c082	18	65540145	65962328	293	-0.0297
e05ba5bf-a5fc-43cb-b49b-38b135c6c082	18	65969815	65972888	6	-1.4928
e05ba5bf-a5fc-43cb-b49b-38b135c6c082	18	65973172	66095064	116	0.036
e05ba5bf-a5fc-43cb-b49b-38b135c6c082	18	66099904	66100686	3	-3.1725
e05ba5bf-a5fc-43cb-b49b-38b135c6c082	18	66108359	80257174	10377	-0.0127
e05ba5bf-a5fc-43cb-b49b-38b135c6c082	19	90910	14928127	6094	-0.0004
e05ba5bf-a5fc-43cb-b49b-38b135c6c082	19	14934380	14938487	3	-1.6399
e05ba5bf-a5fc-43cb-b49b-38b135c6c082	19	14940475	22717097	4125	0.0011
e05ba5bf-a5fc-43cb-b49b-38b135c6c082	19	22719560	22719908	4	-1.3377
e05ba5bf-a5fc-43cb-b49b-38b135c6c082	19	22720531	32874524	4820	0.0079
e05ba5bf-a5fc-43cb-b49b-38b135c6c082	19	32874867	32874928	2	-1.4466
e05ba5bf-a5fc-43cb-b49b-38b135c6c082	19	32878080	36622473	2298	0.0006
e05ba5bf-a5fc-43cb-b49b-38b135c6c082	19	36625882	36631690	2	-1.6123
e05ba5bf-a5fc-43cb-b49b-38b135c6c082	19	36632693	42764471	3053	0.0009
e05ba5bf-a5fc-43cb-b49b-38b135c6c082	19	42768594	43033226	120	0.6894
e05ba5bf-a5fc-43cb-b49b-38b135c6c082	19	43034626	43134115	41	0.0881
e05ba5bf-a5fc-43cb-b49b-38b135c6c082	19	43134784	43274463	59	0.2489
e05ba5bf-a5fc-43cb-b49b-38b135c6c082	19	43280140	44401739	737	0.0041
e05ba5bf-a5fc-43cb-b49b-38b135c6c082	19	44402359	44402382	2	-1.6454
e05ba5bf-a5fc-43cb-b49b-38b135c6c082	19	44402845	48563402	1959	-0.0046
e05ba5bf-a5fc-43cb-b49b-38b135c6c082	19	48572002	48572202	3	1.1446
e05ba5bf-a5fc-43cb-b49b-38b135c6c082	19	48572658	51628560	1435	0.0068
e05ba5bf-a5fc-43cb-b49b-38b135c6c082	19	51639099	51644944	11	-3.5729
e05ba5bf-a5fc-43cb-b49b-38b135c6c082	19	51651652	54835887	2047	-0.0052
e05ba5bf-a5fc-43cb-b49b-38b135c6c082	19	54836219	54854175	7	-0.9856
e05ba5bf-a5fc-43cb-b49b-38b135c6c082	19	54856748	58586487	2281	0.0007
e05ba5bf-a5fc-43cb-b49b-38b135c6c082	20	80664	1580305	1203	0.0163
e05ba5bf-a5fc-43cb-b49b-38b135c6c082	20	1580353	1613247	42	-0.8069
e05ba5bf-a5fc-43cb-b49b-38b135c6c082	20	1617300	7412092	4333	0.0025
e05ba5bf-a5fc-43cb-b49b-38b135c6c082	20	7420339	7426090	2	-1.2065
e05ba5bf-a5fc-43cb-b49b-38b135c6c082	20	7426261	26244509	14407	0.0069
e05ba5bf-a5fc-43cb-b49b-38b135c6c082	20	26248044	30417073	80	0.2195
e05ba5bf-a5fc-43cb-b49b-38b135c6c082	20	31247246	64324800	22312	0.0032
e05ba5bf-a5fc-43cb-b49b-38b135c6c082	21	10354168	10354468	2	-0.3902
e05ba5bf-a5fc-43cb-b49b-38b135c6c082	21	10388367	13028693	95	0.2456
e05ba5bf-a5fc-43cb-b49b-38b135c6c082	21	13080541	13160062	11	-0.355
e05ba5bf-a5fc-43cb-b49b-38b135c6c082	21	13160229	13166236	3	-1.7775
e05ba5bf-a5fc-43cb-b49b-38b135c6c082	21	13169048	13293514	29	-0.1797
e05ba5bf-a5fc-43cb-b49b-38b135c6c082	21	13293603	13975300	183	0.1469
e05ba5bf-a5fc-43cb-b49b-38b135c6c082	21	14000188	36137754	16142	0.0021
e05ba5bf-a5fc-43cb-b49b-38b135c6c082	21	36148980	36163974	13	-0.5751
e05ba5bf-a5fc-43cb-b49b-38b135c6c082	21	36165665	36705244	367	-0.0115
e05ba5bf-a5fc-43cb-b49b-38b135c6c082	21	36706698	36709648	2	-1.4671
e05ba5bf-a5fc-43cb-b49b-38b135c6c082	21	36710639	45506637	6333	-0.0009
e05ba5bf-a5fc-43cb-b49b-38b135c6c082	21	45511103	45511195	2	1.3338
e05ba5bf-a5fc-43cb-b49b-38b135c6c082	21	45511546	46677045	687	0.0001
e05ba5bf-a5fc-43cb-b49b-38b135c6c082	22	15294547	50796027	23266	0.004
e05ba5bf-a5fc-43cb-b49b-38b135c6c082	X	251810	4319291	1125	-0.0085
e05ba5bf-a5fc-43cb-b49b-38b135c6c082	X	4319470	4319557	3	-1.1513
e05ba5bf-a5fc-43cb-b49b-38b135c6c082	X	4322539	7205264	2317	-0.0007
e05ba5bf-a5fc-43cb-b49b-38b135c6c082	X	7206065	7209271	2	-1.6924
e05ba5bf-a5fc-43cb-b49b-38b135c6c082	X	7210786	32965828	17024	0.0006
e05ba5bf-a5fc-43cb-b49b-38b135c6c082	X	32969337	32970141	3	-3.3729
e05ba5bf-a5fc-43cb-b49b-38b135c6c082	X	32971922	34102770	791	-0.03
e05ba5bf-a5fc-43cb-b49b-38b135c6c082	X	34103115	34104021	22	-0.4057
e05ba5bf-a5fc-43cb-b49b-38b135c6c082	X	34109444	37304251	1740	-0.002
e05ba5bf-a5fc-43cb-b49b-38b135c6c082	X	37309593	37310030	2	-2.0942
e05ba5bf-a5fc-43cb-b49b-38b135c6c082	X	37310034	56630035	9543	0.0066
e05ba5bf-a5fc-43cb-b49b-38b135c6c082	X	56635479	56646272	3	-2.8668
e05ba5bf-a5fc-43cb-b49b-38b135c6c082	X	56652478	155952689	51052	0.0023
e05ba5bf-a5fc-43cb-b49b-38b135c6c082	Y	2782397	6233384	784	-3.2131
e05ba5bf-a5fc-43cb-b49b-38b135c6c082	Y	6249869	6554484	27	-4.3943
e05ba5bf-a5fc-43cb-b49b-38b135c6c082	Y	6556258	7531801	411	-3.6509
e05ba5bf-a5fc-43cb-b49b-38b135c6c082	Y	7532705	10090113	1178	-4.0997
e05ba5bf-a5fc-43cb-b49b-38b135c6c082	Y	10092079	11879503	97	-3.0322
e05ba5bf-a5fc-43cb-b49b-38b135c6c082	Y	11880526	23586854	3950	-3.9338
e05ba5bf-a5fc-43cb-b49b-38b135c6c082	Y	23784615	56872112	192	-3.1503
