GDC_Aliquot	Chromosome	Start	End	Num_Probes	Segment_Mean
8f7751d4-cb28-4f42-9de6-d91f65767c79	1	62920	86341	11	-0.8487
8f7751d4-cb28-4f42-9de6-d91f65767c79	1	98588	109690352	66396	0.0035
8f7751d4-cb28-4f42-9de6-d91f65767c79	1	109690415	109697556	12	-1.3139
8f7751d4-cb28-4f42-9de6-d91f65767c79	1	109702376	110833598	835	0.004
8f7751d4-cb28-4f42-9de6-d91f65767c79	1	110834746	110836516	8	-0.4819
8f7751d4-cb28-4f42-9de6-d91f65767c79	1	110836563	110836951	9	-1.0587
8f7751d4-cb28-4f42-9de6-d91f65767c79	1	110837128	152583230	8722	0.0117
8f7751d4-cb28-4f42-9de6-d91f65767c79	1	152583291	152613762	30	-1.4209
8f7751d4-cb28-4f42-9de6-d91f65767c79	1	152613802	152787202	171	0.0456
8f7751d4-cb28-4f42-9de6-d91f65767c79	1	152789447	152796224	37	-1.4165
8f7751d4-cb28-4f42-9de6-d91f65767c79	1	152801429	182809232	20260	0.002
8f7751d4-cb28-4f42-9de6-d91f65767c79	1	182811782	182811915	3	-1.3884
8f7751d4-cb28-4f42-9de6-d91f65767c79	1	182814759	195282775	8240	0.0042
8f7751d4-cb28-4f42-9de6-d91f65767c79	1	195288882	195319157	22	0.4275
8f7751d4-cb28-4f42-9de6-d91f65767c79	1	195319562	196758720	936	0.0193
8f7751d4-cb28-4f42-9de6-d91f65767c79	1	196761905	196769493	4	-1.3587
8f7751d4-cb28-4f42-9de6-d91f65767c79	1	196769506	196829435	44	-0.4341
8f7751d4-cb28-4f42-9de6-d91f65767c79	1	196829513	232556547	24032	-0.0009
8f7751d4-cb28-4f42-9de6-d91f65767c79	1	232558018	232558519	2	1.5686
8f7751d4-cb28-4f42-9de6-d91f65767c79	1	232558998	248135250	11384	-0.0001
8f7751d4-cb28-4f42-9de6-d91f65767c79	1	248136185	248781336	299	0.1265
8f7751d4-cb28-4f42-9de6-d91f65767c79	1	248783608	248930189	84	-0.0377
8f7751d4-cb28-4f42-9de6-d91f65767c79	2	12784	4168830	2990	0.0188
8f7751d4-cb28-4f42-9de6-d91f65767c79	2	4168862	4175113	31	-0.6409
8f7751d4-cb28-4f42-9de6-d91f65767c79	2	4175577	27216883	16323	0.0004
8f7751d4-cb28-4f42-9de6-d91f65767c79	2	27218434	27218632	3	-1.351
8f7751d4-cb28-4f42-9de6-d91f65767c79	2	27219036	34458223	4729	-0.0041
8f7751d4-cb28-4f42-9de6-d91f65767c79	2	34460213	34521390	58	0.2655
8f7751d4-cb28-4f42-9de6-d91f65767c79	2	34523818	35750907	860	0.0278
8f7751d4-cb28-4f42-9de6-d91f65767c79	2	35752724	35761650	4	-1.1715
8f7751d4-cb28-4f42-9de6-d91f65767c79	2	35761842	52510874	12116	0.0035
8f7751d4-cb28-4f42-9de6-d91f65767c79	2	52510912	52560811	48	0.4037
8f7751d4-cb28-4f42-9de6-d91f65767c79	2	52563002	88864712	22630	0.0037
8f7751d4-cb28-4f42-9de6-d91f65767c79	2	88867126	90014815	168	0.1435
8f7751d4-cb28-4f42-9de6-d91f65767c79	2	90020280	106266875	6622	-0.0067
8f7751d4-cb28-4f42-9de6-d91f65767c79	2	106266890	106268523	4	-3.5942
8f7751d4-cb28-4f42-9de6-d91f65767c79	2	106268557	113604438	3780	-0.0071
8f7751d4-cb28-4f42-9de6-d91f65767c79	2	113604837	113604839	2	-2.1242
8f7751d4-cb28-4f42-9de6-d91f65767c79	2	113623244	117465774	2347	0.0111
8f7751d4-cb28-4f42-9de6-d91f65767c79	2	117466188	117468375	5	-1.3772
8f7751d4-cb28-4f42-9de6-d91f65767c79	2	117470941	207486030	54642	-0.0008
8f7751d4-cb28-4f42-9de6-d91f65767c79	2	207490188	207494425	16	-0.5789
8f7751d4-cb28-4f42-9de6-d91f65767c79	2	207494612	242147305	22077	-0.0039
8f7751d4-cb28-4f42-9de6-d91f65767c79	3	20930	175858	148	-0.0202
8f7751d4-cb28-4f42-9de6-d91f65767c79	3	175890	2762047	2253	0.0571
8f7751d4-cb28-4f42-9de6-d91f65767c79	3	2763245	52988908	33303	0.0054
8f7751d4-cb28-4f42-9de6-d91f65767c79	3	52988933	53007328	46	0.3315
8f7751d4-cb28-4f42-9de6-d91f65767c79	3	53007467	56501454	2602	-0.002
8f7751d4-cb28-4f42-9de6-d91f65767c79	3	56502212	56502225	2	-1.2066
8f7751d4-cb28-4f42-9de6-d91f65767c79	3	56502868	59777459	1999	0.0036
8f7751d4-cb28-4f42-9de6-d91f65767c79	3	59777623	61031987	1395	0.0514
8f7751d4-cb28-4f42-9de6-d91f65767c79	3	61033807	65202778	3549	0.0003
8f7751d4-cb28-4f42-9de6-d91f65767c79	3	65203560	65214027	31	-0.6287
8f7751d4-cb28-4f42-9de6-d91f65767c79	3	65214192	65224777	21	-0.1457
8f7751d4-cb28-4f42-9de6-d91f65767c79	3	65230674	65231981	9	0.1782
8f7751d4-cb28-4f42-9de6-d91f65767c79	3	65232734	67251905	1449	0.0105
8f7751d4-cb28-4f42-9de6-d91f65767c79	3	67258531	67269738	15	0.6305
8f7751d4-cb28-4f42-9de6-d91f65767c79	3	67269899	68697013	950	-0.0032
8f7751d4-cb28-4f42-9de6-d91f65767c79	3	68697108	68698262	14	-1.3297
8f7751d4-cb28-4f42-9de6-d91f65767c79	3	68699607	77260807	5873	0.0029
8f7751d4-cb28-4f42-9de6-d91f65767c79	3	77260829	77260961	2	-2.0808
8f7751d4-cb28-4f42-9de6-d91f65767c79	3	77261239	130067366	28773	0.0047
8f7751d4-cb28-4f42-9de6-d91f65767c79	3	130067443	130079938	26	0.6145
8f7751d4-cb28-4f42-9de6-d91f65767c79	3	130080170	162815162	20274	0.0089
8f7751d4-cb28-4f42-9de6-d91f65767c79	3	162816942	162822702	6	0.8998
8f7751d4-cb28-4f42-9de6-d91f65767c79	3	162827928	198169247	21919	0.0041
8f7751d4-cb28-4f42-9de6-d91f65767c79	4	68929	9455251	5156	-0.0044
8f7751d4-cb28-4f42-9de6-d91f65767c79	4	9459504	9494650	8	-1.0227
8f7751d4-cb28-4f42-9de6-d91f65767c79	4	9496201	10208766	536	0.0153
8f7751d4-cb28-4f42-9de6-d91f65767c79	4	10212536	10232642	31	0.7463
8f7751d4-cb28-4f42-9de6-d91f65767c79	4	10232984	57946212	30162	0.0009
8f7751d4-cb28-4f42-9de6-d91f65767c79	4	57947484	57950644	7	-0.8479
8f7751d4-cb28-4f42-9de6-d91f65767c79	4	57963380	63831751	3390	0.0104
8f7751d4-cb28-4f42-9de6-d91f65767c79	4	63831799	63842505	26	0.4837
8f7751d4-cb28-4f42-9de6-d91f65767c79	4	63842540	68418873	2856	0.0267
8f7751d4-cb28-4f42-9de6-d91f65767c79	4	68422420	68422424	3	-1.2394
8f7751d4-cb28-4f42-9de6-d91f65767c79	4	68429081	69261934	394	-0.0173
8f7751d4-cb28-4f42-9de6-d91f65767c79	4	69262694	69359132	46	-0.5342
8f7751d4-cb28-4f42-9de6-d91f65767c79	4	69361181	137021755	40479	0.0016
8f7751d4-cb28-4f42-9de6-d91f65767c79	4	137021888	137021901	3	-2.0589
8f7751d4-cb28-4f42-9de6-d91f65767c79	4	137025215	190106768	33994	0.008
8f7751d4-cb28-4f42-9de6-d91f65767c79	5	15532	46271828	30652	0.0144
8f7751d4-cb28-4f42-9de6-d91f65767c79	5	46272419	46273400	5	-1.7888
8f7751d4-cb28-4f42-9de6-d91f65767c79	5	46278110	54578006	2727	0.016
8f7751d4-cb28-4f42-9de6-d91f65767c79	5	54578164	54578346	2	-1.2353
8f7751d4-cb28-4f42-9de6-d91f65767c79	5	54579739	58025819	2345	-0.0032
8f7751d4-cb28-4f42-9de6-d91f65767c79	5	58030200	58037706	32	1.6125
8f7751d4-cb28-4f42-9de6-d91f65767c79	5	58042530	150797535	56602	0.0058
8f7751d4-cb28-4f42-9de6-d91f65767c79	5	150798146	150830225	14	-0.3715
8f7751d4-cb28-4f42-9de6-d91f65767c79	5	150831921	150837869	3	-1.0636
8f7751d4-cb28-4f42-9de6-d91f65767c79	5	150839042	180947523	20240	0.0015
8f7751d4-cb28-4f42-9de6-d91f65767c79	5	180951710	181015400	22	0.4561
8f7751d4-cb28-4f42-9de6-d91f65767c79	5	181015441	181363319	167	0.033
8f7751d4-cb28-4f42-9de6-d91f65767c79	6	149661	320872	131	0.0588
8f7751d4-cb28-4f42-9de6-d91f65767c79	6	322696	384109	74	0.2515
8f7751d4-cb28-4f42-9de6-d91f65767c79	6	384521	26670022	20017	-0.0044
8f7751d4-cb28-4f42-9de6-d91f65767c79	6	26671100	26884019	27	0.4014
8f7751d4-cb28-4f42-9de6-d91f65767c79	6	26929195	29111504	999	0.0099
8f7751d4-cb28-4f42-9de6-d91f65767c79	6	29116310	29130592	3	1.2297
8f7751d4-cb28-4f42-9de6-d91f65767c79	6	29138691	29869411	397	-0.0139
8f7751d4-cb28-4f42-9de6-d91f65767c79	6	29869537	29875657	7	-0.5052
8f7751d4-cb28-4f42-9de6-d91f65767c79	6	29876257	29881490	7	-1.5627
8f7751d4-cb28-4f42-9de6-d91f65767c79	6	29882419	78261995	28109	0.0062
8f7751d4-cb28-4f42-9de6-d91f65767c79	6	78262064	78325468	109	-0.5018
8f7751d4-cb28-4f42-9de6-d91f65767c79	6	78329517	80574472	1430	0.0155
8f7751d4-cb28-4f42-9de6-d91f65767c79	6	80574526	80579817	32	-0.7176
8f7751d4-cb28-4f42-9de6-d91f65767c79	6	80584624	90416016	6084	-0.0044
8f7751d4-cb28-4f42-9de6-d91f65767c79	6	90416570	90418960	7	-0.6586
8f7751d4-cb28-4f42-9de6-d91f65767c79	6	90419359	93778242	2359	0.007
8f7751d4-cb28-4f42-9de6-d91f65767c79	6	93778601	95389491	775	0.0735
8f7751d4-cb28-4f42-9de6-d91f65767c79	6	95390273	103286954	4783	-0.0049
8f7751d4-cb28-4f42-9de6-d91f65767c79	6	103290101	103314186	46	-1.2033
8f7751d4-cb28-4f42-9de6-d91f65767c79	6	103317795	162138478	38151	0.0008
8f7751d4-cb28-4f42-9de6-d91f65767c79	6	162141478	162663610	419	0.099
8f7751d4-cb28-4f42-9de6-d91f65767c79	6	162663855	170741917	5573	0.0103
8f7751d4-cb28-4f42-9de6-d91f65767c79	7	43355	29167315	20992	0.0097
8f7751d4-cb28-4f42-9de6-d91f65767c79	7	29169172	29496650	331	0.5732
8f7751d4-cb28-4f42-9de6-d91f65767c79	7	29499378	53249136	16384	-0.0008
8f7751d4-cb28-4f42-9de6-d91f65767c79	7	53250694	53251092	2	-2.1649
8f7751d4-cb28-4f42-9de6-d91f65767c79	7	53253990	54318812	751	0.0139
8f7751d4-cb28-4f42-9de6-d91f65767c79	7	54318816	54318824	5	-1.6627
8f7751d4-cb28-4f42-9de6-d91f65767c79	7	54325795	63001597	2192	0.0284
8f7751d4-cb28-4f42-9de6-d91f65767c79	7	63005615	63005863	3	-1.1865
8f7751d4-cb28-4f42-9de6-d91f65767c79	7	63006030	70955452	3928	0.0028
8f7751d4-cb28-4f42-9de6-d91f65767c79	7	70958264	70961155	2	-1.8482
8f7751d4-cb28-4f42-9de6-d91f65767c79	7	70963257	109801187	22320	0.0069
8f7751d4-cb28-4f42-9de6-d91f65767c79	7	109801572	109813853	10	-0.881
8f7751d4-cb28-4f42-9de6-d91f65767c79	7	109813925	126079078	9805	0.0139
8f7751d4-cb28-4f42-9de6-d91f65767c79	7	126079396	126079402	2	-1.5006
8f7751d4-cb28-4f42-9de6-d91f65767c79	7	126081764	126405597	222	0.012
8f7751d4-cb28-4f42-9de6-d91f65767c79	7	126405632	126406823	11	1.1517
8f7751d4-cb28-4f42-9de6-d91f65767c79	7	126406824	126588235	128	-0.0009
8f7751d4-cb28-4f42-9de6-d91f65767c79	7	126589336	126589371	2	-2.3425
8f7751d4-cb28-4f42-9de6-d91f65767c79	7	126589403	134093715	4560	0.0039
8f7751d4-cb28-4f42-9de6-d91f65767c79	7	134093884	134110881	29	0.5791
8f7751d4-cb28-4f42-9de6-d91f65767c79	7	134110912	142063324	5198	-0.0011
8f7751d4-cb28-4f42-9de6-d91f65767c79	7	142069843	142088099	26	-0.8556
8f7751d4-cb28-4f42-9de6-d91f65767c79	7	142088173	159334314	10866	0.0103
8f7751d4-cb28-4f42-9de6-d91f65767c79	8	81254	3726560	3064	0.0287
8f7751d4-cb28-4f42-9de6-d91f65767c79	8	3726655	6302426	3756	0.0632
8f7751d4-cb28-4f42-9de6-d91f65767c79	8	6302515	39368830	23669	0.0029
8f7751d4-cb28-4f42-9de6-d91f65767c79	8	39372664	39531605	67	0.6702
8f7751d4-cb28-4f42-9de6-d91f65767c79	8	39537590	145072769	64894	0.0055
8f7751d4-cb28-4f42-9de6-d91f65767c79	9	46587	9802136	9325	0.0265
8f7751d4-cb28-4f42-9de6-d91f65767c79	9	9802164	12601977	2407	0.069
8f7751d4-cb28-4f42-9de6-d91f65767c79	9	12607155	39588611	19437	0.0079
8f7751d4-cb28-4f42-9de6-d91f65767c79	9	39747848	39833357	4	1.2738
8f7751d4-cb28-4f42-9de6-d91f65767c79	9	39840169	41741113	101	0.0374
8f7751d4-cb28-4f42-9de6-d91f65767c79	9	42014203	42211663	23	-1.4106
8f7751d4-cb28-4f42-9de6-d91f65767c79	9	42230926	61378951	69	0.0018
8f7751d4-cb28-4f42-9de6-d91f65767c79	9	61405110	61629689	29	0.574
8f7751d4-cb28-4f42-9de6-d91f65767c79	9	61633080	76535422	6144	0.0049
8f7751d4-cb28-4f42-9de6-d91f65767c79	9	76535746	76545547	13	-1.2385
8f7751d4-cb28-4f42-9de6-d91f65767c79	9	76548592	131457429	38318	0.0015
8f7751d4-cb28-4f42-9de6-d91f65767c79	9	131461108	131561159	77	0.5341
8f7751d4-cb28-4f42-9de6-d91f65767c79	9	131565542	135322259	2399	0.0102
8f7751d4-cb28-4f42-9de6-d91f65767c79	9	135323776	135324566	2	-2.9278
8f7751d4-cb28-4f42-9de6-d91f65767c79	9	135325951	138200944	1108	0.0216
8f7751d4-cb28-4f42-9de6-d91f65767c79	10	45792	133415637	90464	0.0051
8f7751d4-cb28-4f42-9de6-d91f65767c79	10	133416215	133416364	2	-3.1392
8f7751d4-cb28-4f42-9de6-d91f65767c79	10	133419150	133654968	148	-0.0182
8f7751d4-cb28-4f42-9de6-d91f65767c79	11	198510	4946420	2418	0.012
8f7751d4-cb28-4f42-9de6-d91f65767c79	11	4947280	4955042	30	0.914
8f7751d4-cb28-4f42-9de6-d91f65767c79	11	4955781	24422703	14631	-0.0012
8f7751d4-cb28-4f42-9de6-d91f65767c79	11	24424822	24433630	6	-0.9163
8f7751d4-cb28-4f42-9de6-d91f65767c79	11	24436760	55608785	17382	0.0116
8f7751d4-cb28-4f42-9de6-d91f65767c79	11	55608804	55685533	52	0.5343
8f7751d4-cb28-4f42-9de6-d91f65767c79	11	55686100	56646175	633	0.0644
8f7751d4-cb28-4f42-9de6-d91f65767c79	11	56646527	119702155	40014	0.0041
8f7751d4-cb28-4f42-9de6-d91f65767c79	11	119702679	119733030	11	-0.6357
8f7751d4-cb28-4f42-9de6-d91f65767c79	11	119733137	132991639	10035	-0.0018
8f7751d4-cb28-4f42-9de6-d91f65767c79	11	132991917	135074876	1568	0.0449
8f7751d4-cb28-4f42-9de6-d91f65767c79	12	51460	756804	417	-0.0033
8f7751d4-cb28-4f42-9de6-d91f65767c79	12	759943	764863	18	-0.6966
8f7751d4-cb28-4f42-9de6-d91f65767c79	12	766188	9307938	5656	0.0053
8f7751d4-cb28-4f42-9de6-d91f65767c79	12	9308632	9315213	2	-2.4245
8f7751d4-cb28-4f42-9de6-d91f65767c79	12	9320561	9477960	77	-0.0305
8f7751d4-cb28-4f42-9de6-d91f65767c79	12	9481274	9575696	24	0.9977
8f7751d4-cb28-4f42-9de6-d91f65767c79	12	9582373	30086777	14304	0.0016
8f7751d4-cb28-4f42-9de6-d91f65767c79	12	30086809	30090642	15	-1.7522
8f7751d4-cb28-4f42-9de6-d91f65767c79	12	30090657	45512057	7868	0.0143
8f7751d4-cb28-4f42-9de6-d91f65767c79	12	45514957	45515754	2	-2.3844
8f7751d4-cb28-4f42-9de6-d91f65767c79	12	45519509	80446147	21518	0.0036
8f7751d4-cb28-4f42-9de6-d91f65767c79	12	80446276	80456533	2	-2.3477
8f7751d4-cb28-4f42-9de6-d91f65767c79	12	80458189	131613371	34311	0.005
8f7751d4-cb28-4f42-9de6-d91f65767c79	12	131613387	131616532	5	-1.3226
8f7751d4-cb28-4f42-9de6-d91f65767c79	12	131618173	133201603	586	0.044
8f7751d4-cb28-4f42-9de6-d91f65767c79	13	18452809	37497899	13478	0.0024
8f7751d4-cb28-4f42-9de6-d91f65767c79	13	37498087	37510406	13	0.6773
8f7751d4-cb28-4f42-9de6-d91f65767c79	13	37510595	57176962	12524	0.0095
8f7751d4-cb28-4f42-9de6-d91f65767c79	13	57184136	57200942	29	0.4695
8f7751d4-cb28-4f42-9de6-d91f65767c79	13	57200966	58010656	424	0.0359
8f7751d4-cb28-4f42-9de6-d91f65767c79	13	58016147	58022896	5	-4.2152
8f7751d4-cb28-4f42-9de6-d91f65767c79	13	58027918	71902850	8565	0.0091
8f7751d4-cb28-4f42-9de6-d91f65767c79	13	71903417	71906418	4	-2.3533
8f7751d4-cb28-4f42-9de6-d91f65767c79	13	71906467	110098158	26513	0.0046
8f7751d4-cb28-4f42-9de6-d91f65767c79	13	110100325	110101056	2	-1.4928
8f7751d4-cb28-4f42-9de6-d91f65767c79	13	110101500	114342922	2574	0.0026
8f7751d4-cb28-4f42-9de6-d91f65767c79	14	18239283	73540003	34224	0.0033
8f7751d4-cb28-4f42-9de6-d91f65767c79	14	73540147	73563196	8	-1.143
8f7751d4-cb28-4f42-9de6-d91f65767c79	14	73563211	106300707	20850	0.0033
8f7751d4-cb28-4f42-9de6-d91f65767c79	14	106301365	106321086	11	0.2404
8f7751d4-cb28-4f42-9de6-d91f65767c79	14	106340102	106346129	7	0.9855
8f7751d4-cb28-4f42-9de6-d91f65767c79	14	106360014	106458728	74	0.2669
8f7751d4-cb28-4f42-9de6-d91f65767c79	14	106462123	106877229	200	0.0666
8f7751d4-cb28-4f42-9de6-d91f65767c79	15	19811075	30281121	4842	0.029
8f7751d4-cb28-4f42-9de6-d91f65767c79	15	30284526	30595753	18	0.5388
8f7751d4-cb28-4f42-9de6-d91f65767c79	15	30608675	76598900	29041	0.0046
8f7751d4-cb28-4f42-9de6-d91f65767c79	15	76599170	76603434	21	0.669
8f7751d4-cb28-4f42-9de6-d91f65767c79	15	76609838	101928837	17600	0.0078
8f7751d4-cb28-4f42-9de6-d91f65767c79	16	10777	5557889	2621	0.0119
8f7751d4-cb28-4f42-9de6-d91f65767c79	16	5558088	5558150	2	-1.3577
8f7751d4-cb28-4f42-9de6-d91f65767c79	16	5558336	6603131	1247	0.029
8f7751d4-cb28-4f42-9de6-d91f65767c79	16	6603205	7175327	740	0.106
8f7751d4-cb28-4f42-9de6-d91f65767c79	16	7175455	18070841	8135	0.0112
8f7751d4-cb28-4f42-9de6-d91f65767c79	16	18071186	18754907	43	0.3728
8f7751d4-cb28-4f42-9de6-d91f65767c79	16	18756796	19933041	671	0.0075
8f7751d4-cb28-4f42-9de6-d91f65767c79	16	19934328	19954510	27	-0.7121
8f7751d4-cb28-4f42-9de6-d91f65767c79	16	19954553	55197828	12921	0.0103
8f7751d4-cb28-4f42-9de6-d91f65767c79	16	55197956	55204452	4	-1.5567
8f7751d4-cb28-4f42-9de6-d91f65767c79	16	55204896	90096867	25432	0.0087
8f7751d4-cb28-4f42-9de6-d91f65767c79	17	150733	18455632	11389	0.01
8f7751d4-cb28-4f42-9de6-d91f65767c79	17	18455635	18561907	25	0.5074
8f7751d4-cb28-4f42-9de6-d91f65767c79	17	18565883	36109315	6835	0.0107
8f7751d4-cb28-4f42-9de6-d91f65767c79	17	36109735	36200725	36	-0.3739
8f7751d4-cb28-4f42-9de6-d91f65767c79	17	36208249	41266825	2528	-0.0022
8f7751d4-cb28-4f42-9de6-d91f65767c79	17	41266838	41274279	20	-0.7858
8f7751d4-cb28-4f42-9de6-d91f65767c79	17	41276472	46110945	2513	0.0025
8f7751d4-cb28-4f42-9de6-d91f65767c79	17	46111026	46569894	114	-0.3756
8f7751d4-cb28-4f42-9de6-d91f65767c79	17	46571001	83091923	21557	0.0041
8f7751d4-cb28-4f42-9de6-d91f65767c79	18	48133	15092487	10335	0.0117
8f7751d4-cb28-4f42-9de6-d91f65767c79	18	15098542	15106728	6	0.8757
8f7751d4-cb28-4f42-9de6-d91f65767c79	18	15107707	49006129	18062	0.0043
8f7751d4-cb28-4f42-9de6-d91f65767c79	18	49013149	49013586	2	-1.5018
8f7751d4-cb28-4f42-9de6-d91f65767c79	18	49019851	71404405	15724	0.0063
8f7751d4-cb28-4f42-9de6-d91f65767c79	18	71405112	73914364	2028	0.0613
8f7751d4-cb28-4f42-9de6-d91f65767c79	18	73919230	80257174	4547	0.0081
8f7751d4-cb28-4f42-9de6-d91f65767c79	19	90910	20415964	8926	-0.0033
8f7751d4-cb28-4f42-9de6-d91f65767c79	19	20420524	20538428	65	-0.6994
8f7751d4-cb28-4f42-9de6-d91f65767c79	19	20538656	51628560	15761	0.0042
8f7751d4-cb28-4f42-9de6-d91f65767c79	19	51639099	51654162	17	0.5547
8f7751d4-cb28-4f42-9de6-d91f65767c79	19	51654184	54803365	2027	0.0012
8f7751d4-cb28-4f42-9de6-d91f65767c79	19	54809324	54835887	15	-0.5311
8f7751d4-cb28-4f42-9de6-d91f65767c79	19	54836219	54837236	3	-1.8402
8f7751d4-cb28-4f42-9de6-d91f65767c79	19	54852069	58429147	2231	-0.0059
8f7751d4-cb28-4f42-9de6-d91f65767c79	19	58432041	58433008	2	-3.1587
8f7751d4-cb28-4f42-9de6-d91f65767c79	19	58434689	58586487	52	-0.103
8f7751d4-cb28-4f42-9de6-d91f65767c79	20	80664	1580353	1201	0.0061
8f7751d4-cb28-4f42-9de6-d91f65767c79	20	1580934	1613247	41	1.2402
8f7751d4-cb28-4f42-9de6-d91f65767c79	20	1617300	64324800	41103	0.0055
8f7751d4-cb28-4f42-9de6-d91f65767c79	21	10354168	10459828	18	-0.0127
8f7751d4-cb28-4f42-9de6-d91f65767c79	21	10494350	10775586	69	-0.7183
8f7751d4-cb28-4f42-9de6-d91f65767c79	21	12973348	13839099	199	0.1473
8f7751d4-cb28-4f42-9de6-d91f65767c79	21	13841993	31864142	13145	0.0094
8f7751d4-cb28-4f42-9de6-d91f65767c79	21	31865670	31867735	3	-1.5674
8f7751d4-cb28-4f42-9de6-d91f65767c79	21	31879236	46677045	10426	0.001
8f7751d4-cb28-4f42-9de6-d91f65767c79	22	15294547	23987520	4391	0.0403
8f7751d4-cb28-4f42-9de6-d91f65767c79	22	23988078	23989773	2	-3.0595
8f7751d4-cb28-4f42-9de6-d91f65767c79	22	23990431	25268834	818	0.0196
8f7751d4-cb28-4f42-9de6-d91f65767c79	22	25268865	25310951	18	0.5528
8f7751d4-cb28-4f42-9de6-d91f65767c79	22	25315890	25316329	3	-0.4049
8f7751d4-cb28-4f42-9de6-d91f65767c79	22	25322463	25526375	263	0.5407
8f7751d4-cb28-4f42-9de6-d91f65767c79	22	25526380	36218264	8136	0.0026
8f7751d4-cb28-4f42-9de6-d91f65767c79	22	36225663	36225678	2	-1.4944
8f7751d4-cb28-4f42-9de6-d91f65767c79	22	36226776	38954217	1586	-0.0009
8f7751d4-cb28-4f42-9de6-d91f65767c79	22	38955461	38979302	25	-0.6686
8f7751d4-cb28-4f42-9de6-d91f65767c79	22	38993700	50796027	8009	0.0123
8f7751d4-cb28-4f42-9de6-d91f65767c79	X	251810	52126477	30685	0.0087
8f7751d4-cb28-4f42-9de6-d91f65767c79	X	52127073	52127721	2	-5.1773
8f7751d4-cb28-4f42-9de6-d91f65767c79	X	52129218	140596552	43417	0.0141
8f7751d4-cb28-4f42-9de6-d91f65767c79	X	140596658	140597218	2	-4.3231
8f7751d4-cb28-4f42-9de6-d91f65767c79	X	140597908	155952689	9318	0.02
8f7751d4-cb28-4f42-9de6-d91f65767c79	Y	2782397	56872112	6640	-0.917
