GDC_Aliquot	Chromosome	Start	End	Num_Probes	Segment_Mean
c8d6bc6e-fd7a-453c-95ab-cfd9641d8667	1	62920	1875233	304	0.2603
c8d6bc6e-fd7a-453c-95ab-cfd9641d8667	1	1877715	16542868	8335	0.0252
c8d6bc6e-fd7a-453c-95ab-cfd9641d8667	1	16544783	16855942	56	-0.29
c8d6bc6e-fd7a-453c-95ab-cfd9641d8667	1	16863509	26712799	5961	0.0342
c8d6bc6e-fd7a-453c-95ab-cfd9641d8667	1	26714981	26840944	36	-0.2875
c8d6bc6e-fd7a-453c-95ab-cfd9641d8667	1	26844395	48466848	12079	0.0229
c8d6bc6e-fd7a-453c-95ab-cfd9641d8667	1	48467100	49846949	759	-0.0103
c8d6bc6e-fd7a-453c-95ab-cfd9641d8667	1	49848429	50025526	60	-0.2048
c8d6bc6e-fd7a-453c-95ab-cfd9641d8667	1	50026796	72302815	15149	0.0055
c8d6bc6e-fd7a-453c-95ab-cfd9641d8667	1	72303233	72345450	45	-1.0309
c8d6bc6e-fd7a-453c-95ab-cfd9641d8667	1	72345465	75585159	1929	-0.0363
c8d6bc6e-fd7a-453c-95ab-cfd9641d8667	1	75589078	75589169	2	-1.8336
c8d6bc6e-fd7a-453c-95ab-cfd9641d8667	1	75593824	83039014	4986	-0.0245
c8d6bc6e-fd7a-453c-95ab-cfd9641d8667	1	83039964	101806926	12040	0.0063
c8d6bc6e-fd7a-453c-95ab-cfd9641d8667	1	101807549	105470132	1974	-0.0303
c8d6bc6e-fd7a-453c-95ab-cfd9641d8667	1	105470754	105479753	18	0.5128
c8d6bc6e-fd7a-453c-95ab-cfd9641d8667	1	105481433	109690352	2633	-0.0037
c8d6bc6e-fd7a-453c-95ab-cfd9641d8667	1	109690415	109697556	12	2.3515
c8d6bc6e-fd7a-453c-95ab-cfd9641d8667	1	109702376	119979978	7005	0.0179
c8d6bc6e-fd7a-453c-95ab-cfd9641d8667	1	119981279	145901901	371	0.1471
c8d6bc6e-fd7a-453c-95ab-cfd9641d8667	1	145902527	152787202	2389	0.0357
c8d6bc6e-fd7a-453c-95ab-cfd9641d8667	1	152789447	152796224	37	0.5408
c8d6bc6e-fd7a-453c-95ab-cfd9641d8667	1	152801429	169017136	11070	0.0208
c8d6bc6e-fd7a-453c-95ab-cfd9641d8667	1	169017254	169017973	3	-1.3361
c8d6bc6e-fd7a-453c-95ab-cfd9641d8667	1	169020148	171441908	1706	0.02
c8d6bc6e-fd7a-453c-95ab-cfd9641d8667	1	171444072	171444111	2	-1.5124
c8d6bc6e-fd7a-453c-95ab-cfd9641d8667	1	171448291	183927575	8231	0.0121
c8d6bc6e-fd7a-453c-95ab-cfd9641d8667	1	183928147	196769506	8430	-0.0189
c8d6bc6e-fd7a-453c-95ab-cfd9641d8667	1	196769638	196843377	53	0.2669
c8d6bc6e-fd7a-453c-95ab-cfd9641d8667	1	196843400	196846661	2	3.8259
c8d6bc6e-fd7a-453c-95ab-cfd9641d8667	1	196847600	215682652	12661	0.0188
c8d6bc6e-fd7a-453c-95ab-cfd9641d8667	1	215684851	215688763	14	-0.9961
c8d6bc6e-fd7a-453c-95ab-cfd9641d8667	1	215692667	221718560	4310	-0.012
c8d6bc6e-fd7a-453c-95ab-cfd9641d8667	1	221719057	248446755	18588	0.0162
c8d6bc6e-fd7a-453c-95ab-cfd9641d8667	1	248447206	248477891	12	-0.7825
c8d6bc6e-fd7a-453c-95ab-cfd9641d8667	1	248520099	248930189	188	0.0554
c8d6bc6e-fd7a-453c-95ab-cfd9641d8667	2	12784	7990754	6301	-0.0105
c8d6bc6e-fd7a-453c-95ab-cfd9641d8667	2	7991449	7996487	7	-1.0323
c8d6bc6e-fd7a-453c-95ab-cfd9641d8667	2	7999793	12948620	3620	0.0155
c8d6bc6e-fd7a-453c-95ab-cfd9641d8667	2	12948901	12953412	7	-1.0572
c8d6bc6e-fd7a-453c-95ab-cfd9641d8667	2	12953840	34295406	14045	0.0064
c8d6bc6e-fd7a-453c-95ab-cfd9641d8667	2	34298911	34300513	2	-1.5336
c8d6bc6e-fd7a-453c-95ab-cfd9641d8667	2	34300900	34474248	96	-0.0205
c8d6bc6e-fd7a-453c-95ab-cfd9641d8667	2	34476327	34512096	46	0.5987
c8d6bc6e-fd7a-453c-95ab-cfd9641d8667	2	34512489	35750907	871	-0.0335
c8d6bc6e-fd7a-453c-95ab-cfd9641d8667	2	35752724	35762850	6	-0.8684
c8d6bc6e-fd7a-453c-95ab-cfd9641d8667	2	35762881	42471457	5096	-0.0052
c8d6bc6e-fd7a-453c-95ab-cfd9641d8667	2	42474144	45875364	2405	-0.228
c8d6bc6e-fd7a-453c-95ab-cfd9641d8667	2	45880232	50743154	3401	-0.0003
c8d6bc6e-fd7a-453c-95ab-cfd9641d8667	2	50743278	50749714	11	-1.0178
c8d6bc6e-fd7a-453c-95ab-cfd9641d8667	2	50750841	52527423	1206	-0.0381
c8d6bc6e-fd7a-453c-95ab-cfd9641d8667	2	52527590	52527743	3	-1.6313
c8d6bc6e-fd7a-453c-95ab-cfd9641d8667	2	52531615	52554404	33	0.6195
c8d6bc6e-fd7a-453c-95ab-cfd9641d8667	2	52560811	76197215	15225	0.0079
c8d6bc6e-fd7a-453c-95ab-cfd9641d8667	2	76197470	83824258	4988	-0.0236
c8d6bc6e-fd7a-453c-95ab-cfd9641d8667	2	83825750	88909391	2424	0.0254
c8d6bc6e-fd7a-453c-95ab-cfd9641d8667	2	88911940	94675975	320	0.1471
c8d6bc6e-fd7a-453c-95ab-cfd9641d8667	2	94680914	111341356	9049	0.0094
c8d6bc6e-fd7a-453c-95ab-cfd9641d8667	2	111351762	111492794	41	0.2682
c8d6bc6e-fd7a-453c-95ab-cfd9641d8667	2	111495917	118982714	4561	0.0073
c8d6bc6e-fd7a-453c-95ab-cfd9641d8667	2	118986226	118986990	2	1.5068
c8d6bc6e-fd7a-453c-95ab-cfd9641d8667	2	118987432	126391562	4665	-0.0068
c8d6bc6e-fd7a-453c-95ab-cfd9641d8667	2	126394657	132544794	3282	0.0323
c8d6bc6e-fd7a-453c-95ab-cfd9641d8667	2	132545002	134306829	1353	-0.0156
c8d6bc6e-fd7a-453c-95ab-cfd9641d8667	2	134308905	134309650	3	-1.3311
c8d6bc6e-fd7a-453c-95ab-cfd9641d8667	2	134310436	137224578	1832	0.0023
c8d6bc6e-fd7a-453c-95ab-cfd9641d8667	2	137226077	137226691	5	-0.8437
c8d6bc6e-fd7a-453c-95ab-cfd9641d8667	2	137227715	147868962	6405	-0.0182
c8d6bc6e-fd7a-453c-95ab-cfd9641d8667	2	147873966	148176712	126	-0.2264
c8d6bc6e-fd7a-453c-95ab-cfd9641d8667	2	148177249	151048822	1833	-0.0047
c8d6bc6e-fd7a-453c-95ab-cfd9641d8667	2	151048899	151052434	3	-1.3405
c8d6bc6e-fd7a-453c-95ab-cfd9641d8667	2	151052707	185555011	21378	-0.0005
c8d6bc6e-fd7a-453c-95ab-cfd9641d8667	2	185558480	185917231	167	0.1893
c8d6bc6e-fd7a-453c-95ab-cfd9641d8667	2	185918030	212321824	15562	-0.0013
c8d6bc6e-fd7a-453c-95ab-cfd9641d8667	2	212322478	212325660	14	-1.0022
c8d6bc6e-fd7a-453c-95ab-cfd9641d8667	2	212325966	235606125	15107	0.0018
c8d6bc6e-fd7a-453c-95ab-cfd9641d8667	2	235606181	235674502	54	-0.2481
c8d6bc6e-fd7a-453c-95ab-cfd9641d8667	2	235676266	241546649	3666	0.0102
c8d6bc6e-fd7a-453c-95ab-cfd9641d8667	2	241546809	241547279	4	-1.1826
c8d6bc6e-fd7a-453c-95ab-cfd9641d8667	2	241547397	242147305	179	0.071
c8d6bc6e-fd7a-453c-95ab-cfd9641d8667	3	20930	5146118	4565	-0.1085
c8d6bc6e-fd7a-453c-95ab-cfd9641d8667	3	5146747	5344908	139	-0.3407
c8d6bc6e-fd7a-453c-95ab-cfd9641d8667	3	5346658	21694811	11535	-0.0721
c8d6bc6e-fd7a-453c-95ab-cfd9641d8667	3	21696669	22039030	358	-0.2045
c8d6bc6e-fd7a-453c-95ab-cfd9641d8667	3	22039090	27064881	3761	-0.0823
c8d6bc6e-fd7a-453c-95ab-cfd9641d8667	3	27070413	28968291	1230	-0.3089
c8d6bc6e-fd7a-453c-95ab-cfd9641d8667	3	28973275	29976622	762	-0.0881
c8d6bc6e-fd7a-453c-95ab-cfd9641d8667	3	29976989	30731119	604	-0.329
c8d6bc6e-fd7a-453c-95ab-cfd9641d8667	3	30733974	49349950	11224	-0.0597
c8d6bc6e-fd7a-453c-95ab-cfd9641d8667	3	49350738	52989195	1504	-0.2857
c8d6bc6e-fd7a-453c-95ab-cfd9641d8667	3	52994359	53005263	40	-0.698
c8d6bc6e-fd7a-453c-95ab-cfd9641d8667	3	53005439	53486113	274	-0.2702
c8d6bc6e-fd7a-453c-95ab-cfd9641d8667	3	53489758	60076910	4726	-0.0746
c8d6bc6e-fd7a-453c-95ab-cfd9641d8667	3	60076928	60916539	893	-0.3685
c8d6bc6e-fd7a-453c-95ab-cfd9641d8667	3	60917439	65207706	3665	-0.0783
c8d6bc6e-fd7a-453c-95ab-cfd9641d8667	3	65210570	65230906	46	0.2241
c8d6bc6e-fd7a-453c-95ab-cfd9641d8667	3	65231068	67122882	1351	-0.0747
c8d6bc6e-fd7a-453c-95ab-cfd9641d8667	3	67126261	67126350	2	-1.5494
c8d6bc6e-fd7a-453c-95ab-cfd9641d8667	3	67126995	75400463	5947	-0.0749
c8d6bc6e-fd7a-453c-95ab-cfd9641d8667	3	75400682	75500567	48	0.1866
c8d6bc6e-fd7a-453c-95ab-cfd9641d8667	3	75500795	75547095	13	0.657
c8d6bc6e-fd7a-453c-95ab-cfd9641d8667	3	75559488	75590356	6	0.16
c8d6bc6e-fd7a-453c-95ab-cfd9641d8667	3	75596233	99226455	10971	-0.0911
c8d6bc6e-fd7a-453c-95ab-cfd9641d8667	3	99226551	99230212	13	-0.7113
c8d6bc6e-fd7a-453c-95ab-cfd9641d8667	3	99230225	99488790	187	-0.08
c8d6bc6e-fd7a-453c-95ab-cfd9641d8667	3	99488834	143352866	26762	-0.0441
c8d6bc6e-fd7a-453c-95ab-cfd9641d8667	3	143354031	149245705	3707	-0.0692
c8d6bc6e-fd7a-453c-95ab-cfd9641d8667	3	149245725	149254271	28	0.3173
c8d6bc6e-fd7a-453c-95ab-cfd9641d8667	3	149254338	158909856	5888	-0.0675
c8d6bc6e-fd7a-453c-95ab-cfd9641d8667	3	158916310	169012392	5939	-0.0876
c8d6bc6e-fd7a-453c-95ab-cfd9641d8667	3	169015614	169022039	3	-1.3217
c8d6bc6e-fd7a-453c-95ab-cfd9641d8667	3	169022062	181501608	7910	-0.0852
c8d6bc6e-fd7a-453c-95ab-cfd9641d8667	3	181502716	184032773	1426	-0.057
c8d6bc6e-fd7a-453c-95ab-cfd9641d8667	3	184036241	184036257	2	-1.5182
c8d6bc6e-fd7a-453c-95ab-cfd9641d8667	3	184038408	189218969	3535	-0.0553
c8d6bc6e-fd7a-453c-95ab-cfd9641d8667	3	189219462	189221096	2	-1.448
c8d6bc6e-fd7a-453c-95ab-cfd9641d8667	3	189221420	194939881	4035	-0.0669
c8d6bc6e-fd7a-453c-95ab-cfd9641d8667	3	194941224	194948867	2	-1.306
c8d6bc6e-fd7a-453c-95ab-cfd9641d8667	3	194952897	195685341	299	-0.0509
c8d6bc6e-fd7a-453c-95ab-cfd9641d8667	3	195691392	195728637	21	0.4109
c8d6bc6e-fd7a-453c-95ab-cfd9641d8667	3	195728990	198107475	1153	-0.0299
c8d6bc6e-fd7a-453c-95ab-cfd9641d8667	3	198107539	198169247	31	0.3672
c8d6bc6e-fd7a-453c-95ab-cfd9641d8667	4	68929	78998	13	0.3996
c8d6bc6e-fd7a-453c-95ab-cfd9641d8667	4	79642	581298	203	0.032
c8d6bc6e-fd7a-453c-95ab-cfd9641d8667	4	582478	586300	3	-0.9892
c8d6bc6e-fd7a-453c-95ab-cfd9641d8667	4	587859	4081209	1399	0.03
c8d6bc6e-fd7a-453c-95ab-cfd9641d8667	4	4091837	4133854	14	0.5262
c8d6bc6e-fd7a-453c-95ab-cfd9641d8667	4	4151033	10208766	4065	0.0322
c8d6bc6e-fd7a-453c-95ab-cfd9641d8667	4	10221792	10229874	28	1.6983
c8d6bc6e-fd7a-453c-95ab-cfd9641d8667	4	10232590	28010804	12797	0.0086
c8d6bc6e-fd7a-453c-95ab-cfd9641d8667	4	28012954	30604152	1694	-0.0239
c8d6bc6e-fd7a-453c-95ab-cfd9641d8667	4	30604552	30607086	2	-1.4278
c8d6bc6e-fd7a-453c-95ab-cfd9641d8667	4	30609707	34777418	2472	-0.0203
c8d6bc6e-fd7a-453c-95ab-cfd9641d8667	4	34777432	34828250	40	-0.3063
c8d6bc6e-fd7a-453c-95ab-cfd9641d8667	4	34828291	35729679	575	-0.0205
c8d6bc6e-fd7a-453c-95ab-cfd9641d8667	4	35730044	58797321	13051	0.0131
c8d6bc6e-fd7a-453c-95ab-cfd9641d8667	4	58797478	67165329	5073	-0.0291
c8d6bc6e-fd7a-453c-95ab-cfd9641d8667	4	67165651	68361130	712	-0.0006
c8d6bc6e-fd7a-453c-95ab-cfd9641d8667	4	68378716	68478894	20	0.2259
c8d6bc6e-fd7a-453c-95ab-cfd9641d8667	4	68494770	68623617	68	0.6611
c8d6bc6e-fd7a-453c-95ab-cfd9641d8667	4	68639397	76872219	4987	0.2079
c8d6bc6e-fd7a-453c-95ab-cfd9641d8667	4	76872222	76872625	3	-0.9889
c8d6bc6e-fd7a-453c-95ab-cfd9641d8667	4	76872676	78541406	1229	0.2114
c8d6bc6e-fd7a-453c-95ab-cfd9641d8667	4	78541926	171448195	56063	-0.2282
c8d6bc6e-fd7a-453c-95ab-cfd9641d8667	4	171453733	171456307	9	0.9426
c8d6bc6e-fd7a-453c-95ab-cfd9641d8667	4	171456559	172066777	399	-0.2394
c8d6bc6e-fd7a-453c-95ab-cfd9641d8667	4	172067997	172068354	10	-1.5374
c8d6bc6e-fd7a-453c-95ab-cfd9641d8667	4	172068368	189856937	11995	-0.2393
c8d6bc6e-fd7a-453c-95ab-cfd9641d8667	4	189857111	190106768	63	0.0644
c8d6bc6e-fd7a-453c-95ab-cfd9641d8667	5	15532	12800777	10176	0.0052
c8d6bc6e-fd7a-453c-95ab-cfd9641d8667	5	12815668	12857021	16	-0.8491
c8d6bc6e-fd7a-453c-95ab-cfd9641d8667	5	12857227	17742109	3246	0.0151
c8d6bc6e-fd7a-453c-95ab-cfd9641d8667	5	17742235	21440955	2251	-0.0166
c8d6bc6e-fd7a-453c-95ab-cfd9641d8667	5	21445849	21468257	12	0.5026
c8d6bc6e-fd7a-453c-95ab-cfd9641d8667	5	21516085	31227939	5807	-0.0208
c8d6bc6e-fd7a-453c-95ab-cfd9641d8667	5	31228017	34563021	2273	0.0162
c8d6bc6e-fd7a-453c-95ab-cfd9641d8667	5	34563918	34567205	7	-0.9731
c8d6bc6e-fd7a-453c-95ab-cfd9641d8667	5	34567252	36047731	1044	0.0091
c8d6bc6e-fd7a-453c-95ab-cfd9641d8667	5	36048294	36993190	641	-0.2334
c8d6bc6e-fd7a-453c-95ab-cfd9641d8667	5	36994721	46191296	5143	0.0009
c8d6bc6e-fd7a-453c-95ab-cfd9641d8667	5	46191782	50276884	73	0.2106
c8d6bc6e-fd7a-453c-95ab-cfd9641d8667	5	50277291	58025819	5023	0.0123
c8d6bc6e-fd7a-453c-95ab-cfd9641d8667	5	58030200	58046293	37	-0.3702
c8d6bc6e-fd7a-453c-95ab-cfd9641d8667	5	58046325	82985519	14783	0.0116
c8d6bc6e-fd7a-453c-95ab-cfd9641d8667	5	82985683	118050922	21413	-0.0008
c8d6bc6e-fd7a-453c-95ab-cfd9641d8667	5	118052727	118053390	11	-0.6098
c8d6bc6e-fd7a-453c-95ab-cfd9641d8667	5	118068645	126369471	5509	-0.0052
c8d6bc6e-fd7a-453c-95ab-cfd9641d8667	5	126370098	140839137	8297	0.0216
c8d6bc6e-fd7a-453c-95ab-cfd9641d8667	5	140844251	140864171	13	-0.5857
c8d6bc6e-fd7a-453c-95ab-cfd9641d8667	5	140872578	161425697	13940	0.0175
c8d6bc6e-fd7a-453c-95ab-cfd9641d8667	5	161426092	167669998	4022	-0.0128
c8d6bc6e-fd7a-453c-95ab-cfd9641d8667	5	167670303	181363319	9026	0.0294
c8d6bc6e-fd7a-453c-95ab-cfd9641d8667	6	149661	19039888	14758	0.0163
c8d6bc6e-fd7a-453c-95ab-cfd9641d8667	6	19041950	19042587	3	-3.1026
c8d6bc6e-fd7a-453c-95ab-cfd9641d8667	6	19044471	29882497	6891	0.0124
c8d6bc6e-fd7a-453c-95ab-cfd9641d8667	6	29882589	29933799	18	-0.6153
c8d6bc6e-fd7a-453c-95ab-cfd9641d8667	6	29940692	31385640	712	0.0036
c8d6bc6e-fd7a-453c-95ab-cfd9641d8667	6	31385764	31483699	88	0.5332
c8d6bc6e-fd7a-453c-95ab-cfd9641d8667	6	31488057	32485152	353	-0.0146
c8d6bc6e-fd7a-453c-95ab-cfd9641d8667	6	32486498	32602588	30	0.9182
c8d6bc6e-fd7a-453c-95ab-cfd9641d8667	6	32605994	57045536	15563	0.0142
c8d6bc6e-fd7a-453c-95ab-cfd9641d8667	6	57048274	57087832	16	0.8218
c8d6bc6e-fd7a-453c-95ab-cfd9641d8667	6	57094865	61562631	731	0.0601
c8d6bc6e-fd7a-453c-95ab-cfd9641d8667	6	61562762	76573458	9458	-0.0148
c8d6bc6e-fd7a-453c-95ab-cfd9641d8667	6	76577727	76730331	115	0.0509
c8d6bc6e-fd7a-453c-95ab-cfd9641d8667	6	76730377	76743040	19	0.4658
c8d6bc6e-fd7a-453c-95ab-cfd9641d8667	6	76751356	78253172	975	0.0002
c8d6bc6e-fd7a-453c-95ab-cfd9641d8667	6	78259348	78317642	104	-0.4608
c8d6bc6e-fd7a-453c-95ab-cfd9641d8667	6	78317798	79781011	906	-0.0206
c8d6bc6e-fd7a-453c-95ab-cfd9641d8667	6	79781078	90270322	6541	0.0081
c8d6bc6e-fd7a-453c-95ab-cfd9641d8667	6	90275319	103290414	8021	-0.0237
c8d6bc6e-fd7a-453c-95ab-cfd9641d8667	6	103290439	103314186	40	0.7375
c8d6bc6e-fd7a-453c-95ab-cfd9641d8667	6	103317795	107323278	2505	0.017
c8d6bc6e-fd7a-453c-95ab-cfd9641d8667	6	107323997	107544584	113	-0.1588
c8d6bc6e-fd7a-453c-95ab-cfd9641d8667	6	107544683	114143806	4214	0.0106
c8d6bc6e-fd7a-453c-95ab-cfd9641d8667	6	114144124	131057787	10272	-0.0089
c8d6bc6e-fd7a-453c-95ab-cfd9641d8667	6	131058382	150087810	12435	0.0118
c8d6bc6e-fd7a-453c-95ab-cfd9641d8667	6	150091451	150103047	16	-0.8737
c8d6bc6e-fd7a-453c-95ab-cfd9641d8667	6	150104386	170741917	14583	0.0038
c8d6bc6e-fd7a-453c-95ab-cfd9641d8667	7	43355	8194150	4551	0.2235
c8d6bc6e-fd7a-453c-95ab-cfd9641d8667	7	8194312	11880724	3003	0.1757
c8d6bc6e-fd7a-453c-95ab-cfd9641d8667	7	11881247	11881793	5	-0.8518
c8d6bc6e-fd7a-453c-95ab-cfd9641d8667	7	11884626	16657813	3828	0.2014
c8d6bc6e-fd7a-453c-95ab-cfd9641d8667	7	16660822	16662219	10	-0.6512
c8d6bc6e-fd7a-453c-95ab-cfd9641d8667	7	16670083	19309553	2279	0.2002
c8d6bc6e-fd7a-453c-95ab-cfd9641d8667	7	19310276	19447869	131	0.0568
c8d6bc6e-fd7a-453c-95ab-cfd9641d8667	7	19449778	54318812	24640	0.206
c8d6bc6e-fd7a-453c-95ab-cfd9641d8667	7	54318816	54318824	5	2.4942
c8d6bc6e-fd7a-453c-95ab-cfd9641d8667	7	54325795	78766004	9635	0.2086
c8d6bc6e-fd7a-453c-95ab-cfd9641d8667	7	78766084	97181600	11789	0.1808
c8d6bc6e-fd7a-453c-95ab-cfd9641d8667	7	97182290	97756621	378	0.2147
c8d6bc6e-fd7a-453c-95ab-cfd9641d8667	7	97756658	97775201	22	0.5442
c8d6bc6e-fd7a-453c-95ab-cfd9641d8667	7	97775367	106393754	4440	0.2133
c8d6bc6e-fd7a-453c-95ab-cfd9641d8667	7	106400026	106627185	186	-0.2033
c8d6bc6e-fd7a-453c-95ab-cfd9641d8667	7	106639105	109797044	1970	0.2102
c8d6bc6e-fd7a-453c-95ab-cfd9641d8667	7	109797612	109813925	28	0.5999
c8d6bc6e-fd7a-453c-95ab-cfd9641d8667	7	109814172	111425236	1089	0.1731
c8d6bc6e-fd7a-453c-95ab-cfd9641d8667	7	111425438	111426603	5	-0.7808
c8d6bc6e-fd7a-453c-95ab-cfd9641d8667	7	111429358	134100424	13636	0.1961
c8d6bc6e-fd7a-453c-95ab-cfd9641d8667	7	134100442	134110881	24	-1.49
c8d6bc6e-fd7a-453c-95ab-cfd9641d8667	7	134110912	159334314	16088	0.2114
c8d6bc6e-fd7a-453c-95ab-cfd9641d8667	8	81254	163380	3	0.4151
c8d6bc6e-fd7a-453c-95ab-cfd9641d8667	8	208062	7064355	7684	-0.2467
c8d6bc6e-fd7a-453c-95ab-cfd9641d8667	8	7064446	8120649	100	0.014
c8d6bc6e-fd7a-453c-95ab-cfd9641d8667	8	8132772	12176798	3227	-0.221
c8d6bc6e-fd7a-453c-95ab-cfd9641d8667	8	12177488	12713650	82	0.1753
c8d6bc6e-fd7a-453c-95ab-cfd9641d8667	8	12716562	16349552	3428	-0.2558
c8d6bc6e-fd7a-453c-95ab-cfd9641d8667	8	16349558	25116961	6932	-0.2173
c8d6bc6e-fd7a-453c-95ab-cfd9641d8667	8	25117007	25126708	23	-1.5873
c8d6bc6e-fd7a-453c-95ab-cfd9641d8667	8	25126735	39372664	8997	-0.2215
c8d6bc6e-fd7a-453c-95ab-cfd9641d8667	8	39372806	39531510	65	0.4267
c8d6bc6e-fd7a-453c-95ab-cfd9641d8667	8	39531605	41769279	1596	-0.2245
c8d6bc6e-fd7a-453c-95ab-cfd9641d8667	8	41769436	41809356	32	0.248
c8d6bc6e-fd7a-453c-95ab-cfd9641d8667	8	41809534	48772436	2140	0.0249
c8d6bc6e-fd7a-453c-95ab-cfd9641d8667	8	48777419	92169625	26535	-0.0008
c8d6bc6e-fd7a-453c-95ab-cfd9641d8667	8	92173829	100752521	5177	0.0203
c8d6bc6e-fd7a-453c-95ab-cfd9641d8667	8	100752933	107633029	4422	0.2069
c8d6bc6e-fd7a-453c-95ab-cfd9641d8667	8	107633965	108039733	266	-0.0069
c8d6bc6e-fd7a-453c-95ab-cfd9641d8667	8	108043536	111282417	1802	0.1803
c8d6bc6e-fd7a-453c-95ab-cfd9641d8667	8	111282441	111288052	7	-1.355
c8d6bc6e-fd7a-453c-95ab-cfd9641d8667	8	111289023	114260026	1618	0.1582
c8d6bc6e-fd7a-453c-95ab-cfd9641d8667	8	114260935	114263572	2	-1.2738
c8d6bc6e-fd7a-453c-95ab-cfd9641d8667	8	114264566	116985788	1700	0.1652
c8d6bc6e-fd7a-453c-95ab-cfd9641d8667	8	116989628	134253603	12589	0.2191
c8d6bc6e-fd7a-453c-95ab-cfd9641d8667	8	134253992	137294652	2293	0.1893
c8d6bc6e-fd7a-453c-95ab-cfd9641d8667	8	137295182	137297713	4	-0.6546
c8d6bc6e-fd7a-453c-95ab-cfd9641d8667	8	137298455	139094776	1539	0.1904
c8d6bc6e-fd7a-453c-95ab-cfd9641d8667	8	139094875	141574857	1708	0.2316
c8d6bc6e-fd7a-453c-95ab-cfd9641d8667	8	141576010	141580496	2	1.572
c8d6bc6e-fd7a-453c-95ab-cfd9641d8667	8	141585696	142662564	566	0.2392
c8d6bc6e-fd7a-453c-95ab-cfd9641d8667	8	142668300	143222462	225	0.003
c8d6bc6e-fd7a-453c-95ab-cfd9641d8667	8	143227585	143228432	9	0.5454
c8d6bc6e-fd7a-453c-95ab-cfd9641d8667	8	143228447	143697548	162	0.017
c8d6bc6e-fd7a-453c-95ab-cfd9641d8667	8	143698480	145072769	469	0.2406
c8d6bc6e-fd7a-453c-95ab-cfd9641d8667	9	46587	602903	508	-0.2337
c8d6bc6e-fd7a-453c-95ab-cfd9641d8667	9	606699	606961	4	-1.9676
c8d6bc6e-fd7a-453c-95ab-cfd9641d8667	9	607307	8784855	7903	-0.2392
c8d6bc6e-fd7a-453c-95ab-cfd9641d8667	9	8785435	12589787	3295	-0.2876
c8d6bc6e-fd7a-453c-95ab-cfd9641d8667	9	12589981	27236646	11493	-0.2458
c8d6bc6e-fd7a-453c-95ab-cfd9641d8667	9	27248179	27248646	5	-1.9246
c8d6bc6e-fd7a-453c-95ab-cfd9641d8667	9	27248729	32813060	4139	-0.2503
c8d6bc6e-fd7a-453c-95ab-cfd9641d8667	9	32813553	33053064	222	-0.1657
c8d6bc6e-fd7a-453c-95ab-cfd9641d8667	9	33055473	33055812	2	-1.4172
c8d6bc6e-fd7a-453c-95ab-cfd9641d8667	9	33056301	35599969	1398	-0.1834
c8d6bc6e-fd7a-453c-95ab-cfd9641d8667	9	35615647	36356192	424	0.5385
c8d6bc6e-fd7a-453c-95ab-cfd9641d8667	9	36360097	38200673	1191	0.1991
c8d6bc6e-fd7a-453c-95ab-cfd9641d8667	9	38202633	39455596	534	0.3559
c8d6bc6e-fd7a-453c-95ab-cfd9641d8667	9	39455614	42014203	130	0.1987
c8d6bc6e-fd7a-453c-95ab-cfd9641d8667	9	42037471	42585140	38	-0.2942
c8d6bc6e-fd7a-453c-95ab-cfd9641d8667	9	42697878	63754821	168	0.2639
c8d6bc6e-fd7a-453c-95ab-cfd9641d8667	9	63754822	68618958	271	0.0725
c8d6bc6e-fd7a-453c-95ab-cfd9641d8667	9	68619208	79373236	7855	0.0004
c8d6bc6e-fd7a-453c-95ab-cfd9641d8667	9	79377971	79379336	2	-1.2309
c8d6bc6e-fd7a-453c-95ab-cfd9641d8667	9	79379337	95676047	11410	-0.0012
c8d6bc6e-fd7a-453c-95ab-cfd9641d8667	9	95676958	95788185	103	0.2433
c8d6bc6e-fd7a-453c-95ab-cfd9641d8667	9	95793783	108591888	8955	0.0069
c8d6bc6e-fd7a-453c-95ab-cfd9641d8667	9	108592638	108594458	2	-1.7246
c8d6bc6e-fd7a-453c-95ab-cfd9641d8667	9	108594525	120797708	9554	0.0089
c8d6bc6e-fd7a-453c-95ab-cfd9641d8667	9	120800570	135328011	8729	0.0306
c8d6bc6e-fd7a-453c-95ab-cfd9641d8667	9	135328279	135335157	12	0.7244
c8d6bc6e-fd7a-453c-95ab-cfd9641d8667	9	135335489	138047989	969	0.0356
c8d6bc6e-fd7a-453c-95ab-cfd9641d8667	9	138048503	138200944	114	0.1865
c8d6bc6e-fd7a-453c-95ab-cfd9641d8667	10	45792	24086334	19172	0.1707
c8d6bc6e-fd7a-453c-95ab-cfd9641d8667	10	24088745	24089979	12	1.1522
c8d6bc6e-fd7a-453c-95ab-cfd9641d8667	10	24090022	41755254	9857	0.1724
c8d6bc6e-fd7a-453c-95ab-cfd9641d8667	10	41761331	50222211	4344	-0.2076
c8d6bc6e-fd7a-453c-95ab-cfd9641d8667	10	50229421	67193374	12249	-0.2392
c8d6bc6e-fd7a-453c-95ab-cfd9641d8667	10	67195954	83181551	10417	-0.2058
c8d6bc6e-fd7a-453c-95ab-cfd9641d8667	10	83181848	83187966	6	-1.198
c8d6bc6e-fd7a-453c-95ab-cfd9641d8667	10	83188127	86983270	2686	-0.2293
c8d6bc6e-fd7a-453c-95ab-cfd9641d8667	10	86983391	104873314	10955	-0.2004
c8d6bc6e-fd7a-453c-95ab-cfd9641d8667	10	104874749	119711355	10496	-0.2211
c8d6bc6e-fd7a-453c-95ab-cfd9641d8667	10	119717819	119718633	2	-1.617
c8d6bc6e-fd7a-453c-95ab-cfd9641d8667	10	119732337	122584593	2466	-0.2082
c8d6bc6e-fd7a-453c-95ab-cfd9641d8667	10	122584707	122587398	3	-1.397
c8d6bc6e-fd7a-453c-95ab-cfd9641d8667	10	122587462	129384644	5061	-0.2152
c8d6bc6e-fd7a-453c-95ab-cfd9641d8667	10	129384674	129385421	2	-1.6581
c8d6bc6e-fd7a-453c-95ab-cfd9641d8667	10	129387392	130935188	1300	-0.2376
c8d6bc6e-fd7a-453c-95ab-cfd9641d8667	10	130935505	130940494	9	-0.9425
c8d6bc6e-fd7a-453c-95ab-cfd9641d8667	10	130942545	133654968	1526	-0.2124
c8d6bc6e-fd7a-453c-95ab-cfd9641d8667	11	198510	4946166	2416	-0.1905
c8d6bc6e-fd7a-453c-95ab-cfd9641d8667	11	4946420	4954475	29	0.4981
c8d6bc6e-fd7a-453c-95ab-cfd9641d8667	11	4955027	5039711	74	-0.2841
c8d6bc6e-fd7a-453c-95ab-cfd9641d8667	11	5040205	5041606	4	-1.2411
c8d6bc6e-fd7a-453c-95ab-cfd9641d8667	11	5041712	5762165	704	-0.2279
c8d6bc6e-fd7a-453c-95ab-cfd9641d8667	11	5762452	5788108	36	0.2375
c8d6bc6e-fd7a-453c-95ab-cfd9641d8667	11	5788231	18918775	9397	-0.2117
c8d6bc6e-fd7a-453c-95ab-cfd9641d8667	11	18919309	18949158	50	0.1892
c8d6bc6e-fd7a-453c-95ab-cfd9641d8667	11	18949201	32110124	9525	-0.2317
c8d6bc6e-fd7a-453c-95ab-cfd9641d8667	11	32110850	37595800	4207	0.1848
c8d6bc6e-fd7a-453c-95ab-cfd9641d8667	11	37601661	38172624	345	0.672
c8d6bc6e-fd7a-453c-95ab-cfd9641d8667	11	38176967	39002201	496	1.0258
c8d6bc6e-fd7a-453c-95ab-cfd9641d8667	11	39002339	39753547	402	0.8902
c8d6bc6e-fd7a-453c-95ab-cfd9641d8667	11	39753577	39818487	73	0.9815
c8d6bc6e-fd7a-453c-95ab-cfd9641d8667	11	39820372	39828817	5	0.5585
c8d6bc6e-fd7a-453c-95ab-cfd9641d8667	11	39828979	43045617	2300	-0.0314
c8d6bc6e-fd7a-453c-95ab-cfd9641d8667	11	43046346	49686823	3630	0.0112
c8d6bc6e-fd7a-453c-95ab-cfd9641d8667	11	49689309	49736039	15	-0.56
c8d6bc6e-fd7a-453c-95ab-cfd9641d8667	11	49736119	54914139	492	0.0585
c8d6bc6e-fd7a-453c-95ab-cfd9641d8667	11	54924229	54934156	4	-1.3598
c8d6bc6e-fd7a-453c-95ab-cfd9641d8667	11	54940988	55606556	239	0.0437
c8d6bc6e-fd7a-453c-95ab-cfd9641d8667	11	55606572	55674842	47	0.5879
c8d6bc6e-fd7a-453c-95ab-cfd9641d8667	11	55676735	61390256	3469	0.019
c8d6bc6e-fd7a-453c-95ab-cfd9641d8667	11	61390432	62327590	520	-0.1957
c8d6bc6e-fd7a-453c-95ab-cfd9641d8667	11	62327816	69251695	2954	0.0405
c8d6bc6e-fd7a-453c-95ab-cfd9641d8667	11	69253571	81792426	7628	0.1968
c8d6bc6e-fd7a-453c-95ab-cfd9641d8667	11	81792950	81806116	10	-0.6318
c8d6bc6e-fd7a-453c-95ab-cfd9641d8667	11	81811590	104905274	16158	0.1813
c8d6bc6e-fd7a-453c-95ab-cfd9641d8667	11	104905338	104907913	4	-0.9357
c8d6bc6e-fd7a-453c-95ab-cfd9641d8667	11	104907962	134731897	21226	0.1999
c8d6bc6e-fd7a-453c-95ab-cfd9641d8667	11	134732386	134734098	3	-1.0719
c8d6bc6e-fd7a-453c-95ab-cfd9641d8667	11	134737977	135074876	281	0.2078
c8d6bc6e-fd7a-453c-95ab-cfd9641d8667	12	51460	760112	419	0.0519
c8d6bc6e-fd7a-453c-95ab-cfd9641d8667	12	760150	764863	14	-0.6458
c8d6bc6e-fd7a-453c-95ab-cfd9641d8667	12	766188	34097761	22935	0.0085
c8d6bc6e-fd7a-453c-95ab-cfd9641d8667	12	34103774	34122471	11	-0.6475
c8d6bc6e-fd7a-453c-95ab-cfd9641d8667	12	34122859	37792947	275	0.098
c8d6bc6e-fd7a-453c-95ab-cfd9641d8667	12	37813240	48331259	6431	-0.0138
c8d6bc6e-fd7a-453c-95ab-cfd9641d8667	12	48331456	48331632	3	-1.6755
c8d6bc6e-fd7a-453c-95ab-cfd9641d8667	12	48336253	57857874	5155	0.0315
c8d6bc6e-fd7a-453c-95ab-cfd9641d8667	12	57862227	88899056	19628	-0.0008
c8d6bc6e-fd7a-453c-95ab-cfd9641d8667	12	88900182	91172516	1417	0.022
c8d6bc6e-fd7a-453c-95ab-cfd9641d8667	12	91176556	91419155	177	-0.186
c8d6bc6e-fd7a-453c-95ab-cfd9641d8667	12	91423823	99401690	5574	0.0088
c8d6bc6e-fd7a-453c-95ab-cfd9641d8667	12	99401870	99409410	33	0.3217
c8d6bc6e-fd7a-453c-95ab-cfd9641d8667	12	99409449	126430337	17565	0.0215
c8d6bc6e-fd7a-453c-95ab-cfd9641d8667	12	126432989	126578245	131	-0.135
c8d6bc6e-fd7a-453c-95ab-cfd9641d8667	12	126579046	127686873	970	0.0026
c8d6bc6e-fd7a-453c-95ab-cfd9641d8667	12	127687756	127949500	196	-0.1342
c8d6bc6e-fd7a-453c-95ab-cfd9641d8667	12	127949763	133201603	3818	0.0226
c8d6bc6e-fd7a-453c-95ab-cfd9641d8667	13	18452809	23055048	2852	0.6573
c8d6bc6e-fd7a-453c-95ab-cfd9641d8667	13	23055071	23059376	13	-0.3466
c8d6bc6e-fd7a-453c-95ab-cfd9641d8667	13	23064056	32379251	7102	0.6487
c8d6bc6e-fd7a-453c-95ab-cfd9641d8667	13	32379392	32385103	2	2.4458
c8d6bc6e-fd7a-453c-95ab-cfd9641d8667	13	32386668	48957415	11537	0.6395
c8d6bc6e-fd7a-453c-95ab-cfd9641d8667	13	48959579	48962368	2	-2.4057
c8d6bc6e-fd7a-453c-95ab-cfd9641d8667	13	48963569	53690831	2579	0.6457
c8d6bc6e-fd7a-453c-95ab-cfd9641d8667	13	53695999	71267655	10561	0.5984
c8d6bc6e-fd7a-453c-95ab-cfd9641d8667	13	71268059	71902850	374	0.6554
c8d6bc6e-fd7a-453c-95ab-cfd9641d8667	13	71903417	71906418	4	-2.2946
c8d6bc6e-fd7a-453c-95ab-cfd9641d8667	13	71906467	73204368	928	0.6461
c8d6bc6e-fd7a-453c-95ab-cfd9641d8667	13	73212654	73482468	242	1.137
c8d6bc6e-fd7a-453c-95ab-cfd9641d8667	13	73483778	80103879	4611	0.6515
c8d6bc6e-fd7a-453c-95ab-cfd9641d8667	13	80107459	80110840	2	-0.8315
c8d6bc6e-fd7a-453c-95ab-cfd9641d8667	13	80112537	80615467	323	0.6567
c8d6bc6e-fd7a-453c-95ab-cfd9641d8667	13	80615480	93771193	8178	0.6052
c8d6bc6e-fd7a-453c-95ab-cfd9641d8667	13	93774053	114342922	14772	0.6546
c8d6bc6e-fd7a-453c-95ab-cfd9641d8667	14	18239283	19326853	49	0.066
c8d6bc6e-fd7a-453c-95ab-cfd9641d8667	14	19367655	19955213	118	0.2563
c8d6bc6e-fd7a-453c-95ab-cfd9641d8667	14	19956767	22112809	1506	-0.0023
c8d6bc6e-fd7a-453c-95ab-cfd9641d8667	14	22113118	22208199	92	-0.2165
c8d6bc6e-fd7a-453c-95ab-cfd9641d8667	14	22209244	44190740	13831	0.0039
c8d6bc6e-fd7a-453c-95ab-cfd9641d8667	14	44198131	44198561	4	-1.0142
c8d6bc6e-fd7a-453c-95ab-cfd9641d8667	14	44200891	51088263	3973	0.0066
c8d6bc6e-fd7a-453c-95ab-cfd9641d8667	14	51091795	51091822	2	-1.3582
c8d6bc6e-fd7a-453c-95ab-cfd9641d8667	14	51092105	59337409	5736	0.0134
c8d6bc6e-fd7a-453c-95ab-cfd9641d8667	14	59337779	59343476	3	-1.11
c8d6bc6e-fd7a-453c-95ab-cfd9641d8667	14	59344122	73529070	8890	0.0212
c8d6bc6e-fd7a-453c-95ab-cfd9641d8667	14	73534419	73554275	9	0.9293
c8d6bc6e-fd7a-453c-95ab-cfd9641d8667	14	73563196	78756108	3438	0.0395
c8d6bc6e-fd7a-453c-95ab-cfd9641d8667	14	78757564	88692703	6562	-0.013
c8d6bc6e-fd7a-453c-95ab-cfd9641d8667	14	88692787	106412640	10897	0.0269
c8d6bc6e-fd7a-453c-95ab-cfd9641d8667	14	106416146	106462123	46	0.3581
c8d6bc6e-fd7a-453c-95ab-cfd9641d8667	14	106462132	106877229	199	0.0174
c8d6bc6e-fd7a-453c-95ab-cfd9641d8667	15	19811075	20249006	65	0.0775
c8d6bc6e-fd7a-453c-95ab-cfd9641d8667	15	20263311	22299523	140	-0.3006
c8d6bc6e-fd7a-453c-95ab-cfd9641d8667	15	22385639	23199669	316	0.057
c8d6bc6e-fd7a-453c-95ab-cfd9641d8667	15	23396367	23425837	12	-0.8557
c8d6bc6e-fd7a-453c-95ab-cfd9641d8667	15	23426699	28289262	3445	-0.0134
c8d6bc6e-fd7a-453c-95ab-cfd9641d8667	15	28294842	28763908	33	0.32
c8d6bc6e-fd7a-453c-95ab-cfd9641d8667	15	28765123	30215235	823	0.0286
c8d6bc6e-fd7a-453c-95ab-cfd9641d8667	15	30230885	30633402	31	0.4371
c8d6bc6e-fd7a-453c-95ab-cfd9641d8667	15	30638297	32491973	1068	0.0198
c8d6bc6e-fd7a-453c-95ab-cfd9641d8667	15	32504134	32567657	6	0.7871
c8d6bc6e-fd7a-453c-95ab-cfd9641d8667	15	32584630	43637153	7228	0.0176
c8d6bc6e-fd7a-453c-95ab-cfd9641d8667	15	43637180	43721953	18	-0.7945
c8d6bc6e-fd7a-453c-95ab-cfd9641d8667	15	43722057	76599170	20692	0.022
c8d6bc6e-fd7a-453c-95ab-cfd9641d8667	15	76599286	76603434	20	-1.4264
c8d6bc6e-fd7a-453c-95ab-cfd9641d8667	15	76609838	92012802	9897	0.0281
c8d6bc6e-fd7a-453c-95ab-cfd9641d8667	15	92012861	101888922	7700	0.192
c8d6bc6e-fd7a-453c-95ab-cfd9641d8667	15	101894806	101928837	5	-0.3673
c8d6bc6e-fd7a-453c-95ab-cfd9641d8667	16	10777	5685073	2776	0.0444
c8d6bc6e-fd7a-453c-95ab-cfd9641d8667	16	5690529	5691353	6	-0.757
c8d6bc6e-fd7a-453c-95ab-cfd9641d8667	16	5691463	6296170	701	0.0335
c8d6bc6e-fd7a-453c-95ab-cfd9641d8667	16	6296351	8062562	2198	-0.0128
c8d6bc6e-fd7a-453c-95ab-cfd9641d8667	16	8062838	19933041	7779	0.0354
c8d6bc6e-fd7a-453c-95ab-cfd9641d8667	16	19934328	19951801	24	0.5095
c8d6bc6e-fd7a-453c-95ab-cfd9641d8667	16	19954016	22640868	1321	0.0567
c8d6bc6e-fd7a-453c-95ab-cfd9641d8667	16	22643987	22692541	31	0.3366
c8d6bc6e-fd7a-453c-95ab-cfd9641d8667	16	22693199	50407297	7876	0.032
c8d6bc6e-fd7a-453c-95ab-cfd9641d8667	16	50409289	50411020	5	-1.0306
c8d6bc6e-fd7a-453c-95ab-cfd9641d8667	16	50411440	90096867	29112	0.0181
c8d6bc6e-fd7a-453c-95ab-cfd9641d8667	17	150733	18414080	11379	-0.2001
c8d6bc6e-fd7a-453c-95ab-cfd9641d8667	17	18452078	18537646	20	0.5037
c8d6bc6e-fd7a-453c-95ab-cfd9641d8667	17	18537994	36108119	6832	-0.1802
c8d6bc6e-fd7a-453c-95ab-cfd9641d8667	17	36108874	36467808	51	0.1687
c8d6bc6e-fd7a-453c-95ab-cfd9641d8667	17	36467902	43476440	3692	-0.1853
c8d6bc6e-fd7a-453c-95ab-cfd9641d8667	17	43477501	44085135	372	0.0377
c8d6bc6e-fd7a-453c-95ab-cfd9641d8667	17	44087216	45497555	622	-0.1917
c8d6bc6e-fd7a-453c-95ab-cfd9641d8667	17	45508731	45618011	18	0.2611
c8d6bc6e-fd7a-453c-95ab-cfd9641d8667	17	45626448	46089055	333	-0.1919
c8d6bc6e-fd7a-453c-95ab-cfd9641d8667	17	46089089	46286804	122	0.181
c8d6bc6e-fd7a-453c-95ab-cfd9641d8667	17	46323701	66035601	11245	-0.2045
c8d6bc6e-fd7a-453c-95ab-cfd9641d8667	17	66035655	66052432	11	-0.8805
c8d6bc6e-fd7a-453c-95ab-cfd9641d8667	17	66052552	78285287	7970	-0.2021
c8d6bc6e-fd7a-453c-95ab-cfd9641d8667	17	78286051	78286887	2	-2.6297
c8d6bc6e-fd7a-453c-95ab-cfd9641d8667	17	78290662	83091923	2318	-0.1855
c8d6bc6e-fd7a-453c-95ab-cfd9641d8667	18	48133	25128841	12823	0.0284
c8d6bc6e-fd7a-453c-95ab-cfd9641d8667	18	25129235	45570054	13182	-0.0018
c8d6bc6e-fd7a-453c-95ab-cfd9641d8667	18	45570088	58742897	9002	0.0202
c8d6bc6e-fd7a-453c-95ab-cfd9641d8667	18	58748043	58751085	2	-1.9897
c8d6bc6e-fd7a-453c-95ab-cfd9641d8667	18	58752049	63708285	3609	0.0113
c8d6bc6e-fd7a-453c-95ab-cfd9641d8667	18	63708396	65532840	1260	-0.0154
c8d6bc6e-fd7a-453c-95ab-cfd9641d8667	18	65533230	65537481	18	0.6222
c8d6bc6e-fd7a-453c-95ab-cfd9641d8667	18	65540037	78533115	9834	-0.0235
c8d6bc6e-fd7a-453c-95ab-cfd9641d8667	18	78533147	80257174	949	0.0225
c8d6bc6e-fd7a-453c-95ab-cfd9641d8667	19	90910	12581187	5034	0.0433
c8d6bc6e-fd7a-453c-95ab-cfd9641d8667	19	12586552	12587288	2	1.3436
c8d6bc6e-fd7a-453c-95ab-cfd9641d8667	19	12589709	20747298	4077	0.0416
c8d6bc6e-fd7a-453c-95ab-cfd9641d8667	19	20747380	23906226	1804	0.0036
c8d6bc6e-fd7a-453c-95ab-cfd9641d8667	19	23908151	27704117	296	0.1153
c8d6bc6e-fd7a-453c-95ab-cfd9641d8667	19	27704119	37997001	6794	0.0074
c8d6bc6e-fd7a-453c-95ab-cfd9641d8667	19	37998756	58586487	11072	0.0442
c8d6bc6e-fd7a-453c-95ab-cfd9641d8667	20	80664	89690	21	0.1942
c8d6bc6e-fd7a-453c-95ab-cfd9641d8667	20	90001	1580353	1183	-0.1882
c8d6bc6e-fd7a-453c-95ab-cfd9641d8667	20	1580934	1613203	40	0.9945
c8d6bc6e-fd7a-453c-95ab-cfd9641d8667	20	1613247	2670157	923	-0.2233
c8d6bc6e-fd7a-453c-95ab-cfd9641d8667	20	2670312	4596168	1233	-0.1738
c8d6bc6e-fd7a-453c-95ab-cfd9641d8667	20	4596694	23537054	14920	-0.2288
c8d6bc6e-fd7a-453c-95ab-cfd9641d8667	20	23541253	64324800	24038	0.2065
c8d6bc6e-fd7a-453c-95ab-cfd9641d8667	21	10354168	10511939	20	-0.0734
c8d6bc6e-fd7a-453c-95ab-cfd9641d8667	21	10512663	10558331	32	0.4716
c8d6bc6e-fd7a-453c-95ab-cfd9641d8667	21	10559033	15612424	1413	0.0148
c8d6bc6e-fd7a-453c-95ab-cfd9641d8667	21	15619801	28637629	9695	-0.0305
c8d6bc6e-fd7a-453c-95ab-cfd9641d8667	21	28638721	46677045	12680	0.0213
c8d6bc6e-fd7a-453c-95ab-cfd9641d8667	22	15294547	20557469	2139	-0.1942
c8d6bc6e-fd7a-453c-95ab-cfd9641d8667	22	20558730	22450613	1340	-0.1064
c8d6bc6e-fd7a-453c-95ab-cfd9641d8667	22	22450898	38967614	11752	-0.1911
c8d6bc6e-fd7a-453c-95ab-cfd9641d8667	22	38967679	38979302	23	-0.6651
c8d6bc6e-fd7a-453c-95ab-cfd9641d8667	22	38993700	38998468	5	0.0305
c8d6bc6e-fd7a-453c-95ab-cfd9641d8667	22	38999277	38999502	6	0.5977
c8d6bc6e-fd7a-453c-95ab-cfd9641d8667	22	39003307	42231569	1728	-0.1798
c8d6bc6e-fd7a-453c-95ab-cfd9641d8667	22	42235418	43007018	451	0.2391
c8d6bc6e-fd7a-453c-95ab-cfd9641d8667	22	43016309	50796027	5819	-0.2077
c8d6bc6e-fd7a-453c-95ab-cfd9641d8667	X	251810	5003874	1659	0.0027
c8d6bc6e-fd7a-453c-95ab-cfd9641d8667	X	5004155	5004902	2	-2.2724
c8d6bc6e-fd7a-453c-95ab-cfd9641d8667	X	5008487	38578579	22150	0.0125
c8d6bc6e-fd7a-453c-95ab-cfd9641d8667	X	38581110	77179707	15946	0.0321
c8d6bc6e-fd7a-453c-95ab-cfd9641d8667	X	77191372	77296889	9	0.7321
c8d6bc6e-fd7a-453c-95ab-cfd9641d8667	X	77324696	86385723	4728	0.0219
c8d6bc6e-fd7a-453c-95ab-cfd9641d8667	X	86387047	94463733	4078	-0.0136
c8d6bc6e-fd7a-453c-95ab-cfd9641d8667	X	94463755	142782969	27045	0.0127
c8d6bc6e-fd7a-453c-95ab-cfd9641d8667	X	142786478	147757868	3426	-0.0151
c8d6bc6e-fd7a-453c-95ab-cfd9641d8667	X	147758954	147761735	2	-1.7955
c8d6bc6e-fd7a-453c-95ab-cfd9641d8667	X	147762129	148425935	450	0.0267
c8d6bc6e-fd7a-453c-95ab-cfd9641d8667	X	148431926	148433955	2	-1.5475
c8d6bc6e-fd7a-453c-95ab-cfd9641d8667	X	148435104	155180293	3808	0.0282
c8d6bc6e-fd7a-453c-95ab-cfd9641d8667	X	155188794	155189126	3	-1.2653
c8d6bc6e-fd7a-453c-95ab-cfd9641d8667	X	155190019	155952689	224	0.0748
c8d6bc6e-fd7a-453c-95ab-cfd9641d8667	Y	2782397	6071948	717	-2.1642
c8d6bc6e-fd7a-453c-95ab-cfd9641d8667	Y	6075631	23586854	5729	-2.5596
c8d6bc6e-fd7a-453c-95ab-cfd9641d8667	Y	23784615	56872112	191	-2.1321
