GDC_Aliquot	Chromosome	Start	End	Copy_Number	Major_Copy_Number	Minor_Copy_Number
9f9e8e14-a79a-49ee-a562-7ca68afcc299	chr1	62920	48497726	2	1	1
9f9e8e14-a79a-49ee-a562-7ca68afcc299	chr1	48497994	48851513	3	2	1
9f9e8e14-a79a-49ee-a562-7ca68afcc299	chr1	48851567	152583230	2	1	1
9f9e8e14-a79a-49ee-a562-7ca68afcc299	chr1	152583291	152613762	0	0	0
9f9e8e14-a79a-49ee-a562-7ca68afcc299	chr1	152613802	228738302	2	1	1
9f9e8e14-a79a-49ee-a562-7ca68afcc299	chr1	228740452	228756484	1	1	0
9f9e8e14-a79a-49ee-a562-7ca68afcc299	chr1	228759083	248930189	2	1	1
9f9e8e14-a79a-49ee-a562-7ca68afcc299	chr2	12784	88834118	2	1	1
9f9e8e14-a79a-49ee-a562-7ca68afcc299	chr2	88836539	89118119	7	7	0
9f9e8e14-a79a-49ee-a562-7ca68afcc299	chr2	89119438	176817054	2	1	1
9f9e8e14-a79a-49ee-a562-7ca68afcc299	chr2	176817077	180637620	2	2	0
9f9e8e14-a79a-49ee-a562-7ca68afcc299	chr2	180637799	242147305	2	1	1
9f9e8e14-a79a-49ee-a562-7ca68afcc299	chr3	20930	198169247	2	1	1
9f9e8e14-a79a-49ee-a562-7ca68afcc299	chr4	68929	34777382	2	1	1
9f9e8e14-a79a-49ee-a562-7ca68afcc299	chr4	34777403	34817589	0	0	0
9f9e8e14-a79a-49ee-a562-7ca68afcc299	chr4	34819718	190106768	2	1	1
9f9e8e14-a79a-49ee-a562-7ca68afcc299	chr5	15532	74276993	2	1	1
9f9e8e14-a79a-49ee-a562-7ca68afcc299	chr5	74279441	74282774	1	1	0
9f9e8e14-a79a-49ee-a562-7ca68afcc299	chr5	74282999	94161340	2	1	1
9f9e8e14-a79a-49ee-a562-7ca68afcc299	chr5	94164714	94328713	1	1	0
9f9e8e14-a79a-49ee-a562-7ca68afcc299	chr5	94331630	181363319	2	1	1
9f9e8e14-a79a-49ee-a562-7ca68afcc299	chr6	149661	4178678	2	2	0
9f9e8e14-a79a-49ee-a562-7ca68afcc299	chr6	4182525	45896089	2	1	1
9f9e8e14-a79a-49ee-a562-7ca68afcc299	chr6	45896768	45935047	3	2	1
9f9e8e14-a79a-49ee-a562-7ca68afcc299	chr6	45935788	51804764	2	1	1
9f9e8e14-a79a-49ee-a562-7ca68afcc299	chr6	51804801	51815573	1	1	0
9f9e8e14-a79a-49ee-a562-7ca68afcc299	chr6	51815763	77509686	2	1	1
9f9e8e14-a79a-49ee-a562-7ca68afcc299	chr6	77509759	77558139	3	2	1
9f9e8e14-a79a-49ee-a562-7ca68afcc299	chr6	77559056	127632626	2	1	1
9f9e8e14-a79a-49ee-a562-7ca68afcc299	chr6	127632845	128113894	1	1	0
9f9e8e14-a79a-49ee-a562-7ca68afcc299	chr6	128115270	170741917	2	1	1
9f9e8e14-a79a-49ee-a562-7ca68afcc299	chr7	43259	91639846	2	1	1
9f9e8e14-a79a-49ee-a562-7ca68afcc299	chr7	91640172	91669764	1	1	0
9f9e8e14-a79a-49ee-a562-7ca68afcc299	chr7	91669846	159334314	2	1	1
9f9e8e14-a79a-49ee-a562-7ca68afcc299	chr8	81254	11360090	2	1	1
9f9e8e14-a79a-49ee-a562-7ca68afcc299	chr8	11361384	11391151	1	1	0
9f9e8e14-a79a-49ee-a562-7ca68afcc299	chr8	11391752	121224633	2	1	1
9f9e8e14-a79a-49ee-a562-7ca68afcc299	chr8	121225373	121227978	1	1	0
9f9e8e14-a79a-49ee-a562-7ca68afcc299	chr8	121228271	145072769	2	1	1
9f9e8e14-a79a-49ee-a562-7ca68afcc299	chr9	46587	25748501	2	1	1
9f9e8e14-a79a-49ee-a562-7ca68afcc299	chr9	25748801	25750513	1	1	0
9f9e8e14-a79a-49ee-a562-7ca68afcc299	chr9	25750663	138200944	2	1	1
9f9e8e14-a79a-49ee-a562-7ca68afcc299	chr10	45792	133654968	2	1	1
9f9e8e14-a79a-49ee-a562-7ca68afcc299	chr11	198510	61861650	2	1	1
9f9e8e14-a79a-49ee-a562-7ca68afcc299	chr11	61861850	62422102	1	1	0
9f9e8e14-a79a-49ee-a562-7ca68afcc299	chr11	62422976	107765573	2	1	1
9f9e8e14-a79a-49ee-a562-7ca68afcc299	chr11	107768035	107808194	4	3	1
9f9e8e14-a79a-49ee-a562-7ca68afcc299	chr11	107809102	135074876	2	1	1
9f9e8e14-a79a-49ee-a562-7ca68afcc299	chr12	51460	133201603	2	1	1
9f9e8e14-a79a-49ee-a562-7ca68afcc299	chr13	18452809	114342922	2	1	1
9f9e8e14-a79a-49ee-a562-7ca68afcc299	chr14	18239283	89289708	2	1	1
9f9e8e14-a79a-49ee-a562-7ca68afcc299	chr14	89290152	89295421	1	1	0
9f9e8e14-a79a-49ee-a562-7ca68afcc299	chr14	89296464	106877229	2	1	1
9f9e8e14-a79a-49ee-a562-7ca68afcc299	chr15	19811075	101928837	2	1	1
9f9e8e14-a79a-49ee-a562-7ca68afcc299	chr16	10777	51559453	2	1	1
9f9e8e14-a79a-49ee-a562-7ca68afcc299	chr16	51560279	51576650	1	1	0
9f9e8e14-a79a-49ee-a562-7ca68afcc299	chr16	51576806	78668510	2	1	1
9f9e8e14-a79a-49ee-a562-7ca68afcc299	chr16	78669648	78705360	1	1	0
9f9e8e14-a79a-49ee-a562-7ca68afcc299	chr16	78706741	90096867	2	1	1
9f9e8e14-a79a-49ee-a562-7ca68afcc299	chr17	150733	27745030	2	1	1
9f9e8e14-a79a-49ee-a562-7ca68afcc299	chr17	27747965	27766289	1	1	0
9f9e8e14-a79a-49ee-a562-7ca68afcc299	chr17	27766307	83091923	2	1	1
9f9e8e14-a79a-49ee-a562-7ca68afcc299	chr18	48133	80257174	2	1	1
9f9e8e14-a79a-49ee-a562-7ca68afcc299	chr19	90910	58586487	2	1	1
9f9e8e14-a79a-49ee-a562-7ca68afcc299	chr20	80664	64324800	2	1	1
9f9e8e14-a79a-49ee-a562-7ca68afcc299	chr21	12973348	45903608	2	1	1
9f9e8e14-a79a-49ee-a562-7ca68afcc299	chr21	45903828	45922202	4	2	2
9f9e8e14-a79a-49ee-a562-7ca68afcc299	chr21	45922608	46677045	2	1	1
9f9e8e14-a79a-49ee-a562-7ca68afcc299	chr22	16392123	25268865	2	1	1
9f9e8e14-a79a-49ee-a562-7ca68afcc299	chr22	25270268	25529050	3	2	1
9f9e8e14-a79a-49ee-a562-7ca68afcc299	chr22	25529111	50796027	2	1	1
9f9e8e14-a79a-49ee-a562-7ca68afcc299	chrX	251810	809468	2	1	1
9f9e8e14-a79a-49ee-a562-7ca68afcc299	chrX	842006	920280	1	1	0
9f9e8e14-a79a-49ee-a562-7ca68afcc299	chrX	920377	1059510	2	1	1
9f9e8e14-a79a-49ee-a562-7ca68afcc299	chrX	1059715	1488257	1	1	0
9f9e8e14-a79a-49ee-a562-7ca68afcc299	chrX	1496222	2775583	2	1	1
9f9e8e14-a79a-49ee-a562-7ca68afcc299	chrX	2776199	156004181	0	0	0
9f9e8e14-a79a-49ee-a562-7ca68afcc299	chrY	2782397	26653788	2	2	0
9f9e8e14-a79a-49ee-a562-7ca68afcc299	chrY	56872112	56872112	3	3	0
