GDC_Aliquot	Chromosome	Start	End	Num_Probes	Segment_Mean
754ab9aa-f727-4378-bec5-0397ac83401a	1	62920	15827041	8339	0.0309
754ab9aa-f727-4378-bec5-0397ac83401a	1	15827259	15827430	4	-2.0832
754ab9aa-f727-4378-bec5-0397ac83401a	1	15827706	22170210	3860	0.0369
754ab9aa-f727-4378-bec5-0397ac83401a	1	22175223	22177779	3	-1.2408
754ab9aa-f727-4378-bec5-0397ac83401a	1	22180930	25129044	1727	0.0589
754ab9aa-f727-4378-bec5-0397ac83401a	1	25129401	25129556	5	-0.6496
754ab9aa-f727-4378-bec5-0397ac83401a	1	25132208	25256850	81	0.0052
754ab9aa-f727-4378-bec5-0397ac83401a	1	25266637	25320198	22	-1.7835
754ab9aa-f727-4378-bec5-0397ac83401a	1	25320253	30265687	2393	0.0219
754ab9aa-f727-4378-bec5-0397ac83401a	1	30266452	30266509	2	-1.8207
754ab9aa-f727-4378-bec5-0397ac83401a	1	30266949	34637053	2560	0.0421
754ab9aa-f727-4378-bec5-0397ac83401a	1	34637069	34638890	19	-0.4218
754ab9aa-f727-4378-bec5-0397ac83401a	1	34648667	40478788	3142	0.0248
754ab9aa-f727-4378-bec5-0397ac83401a	1	40479327	40509588	16	-0.7631
754ab9aa-f727-4378-bec5-0397ac83401a	1	40514956	54725126	7948	0.0478
754ab9aa-f727-4378-bec5-0397ac83401a	1	54725971	55258626	405	0.1347
754ab9aa-f727-4378-bec5-0397ac83401a	1	55263695	57187484	1587	0.0547
754ab9aa-f727-4378-bec5-0397ac83401a	1	57188224	57188987	3	-1.594
754ab9aa-f727-4378-bec5-0397ac83401a	1	57192363	58336522	982	0.0263
754ab9aa-f727-4378-bec5-0397ac83401a	1	58336815	60237095	1362	0.1031
754ab9aa-f727-4378-bec5-0397ac83401a	1	60237631	65897234	4146	0.0596
754ab9aa-f727-4378-bec5-0397ac83401a	1	65897288	68800420	2111	0.0956
754ab9aa-f727-4378-bec5-0397ac83401a	1	68801506	72303233	2059	0.0489
754ab9aa-f727-4378-bec5-0397ac83401a	1	72303253	72345465	45	-1.362
754ab9aa-f727-4378-bec5-0397ac83401a	1	72346221	76661061	2763	0.0409
754ab9aa-f727-4378-bec5-0397ac83401a	1	76661137	76664637	5	-0.8267
754ab9aa-f727-4378-bec5-0397ac83401a	1	76665935	79847745	1960	0.0559
754ab9aa-f727-4378-bec5-0397ac83401a	1	79851802	79858368	2	-1.1378
754ab9aa-f727-4378-bec5-0397ac83401a	1	79859165	83131384	2271	0.0429
754ab9aa-f727-4378-bec5-0397ac83401a	1	83131527	86561241	2307	0.1052
754ab9aa-f727-4378-bec5-0397ac83401a	1	86562986	91727707	3402	0.0637
754ab9aa-f727-4378-bec5-0397ac83401a	1	91728105	91730095	2	-2.1767
754ab9aa-f727-4378-bec5-0397ac83401a	1	91730496	109690352	10898	0.0586
754ab9aa-f727-4378-bec5-0397ac83401a	1	109690415	109697556	12	-1.7397
754ab9aa-f727-4378-bec5-0397ac83401a	1	109702376	143541857	7139	0.0696
754ab9aa-f727-4378-bec5-0397ac83401a	1	143545399	143751380	103	-0.5726
754ab9aa-f727-4378-bec5-0397ac83401a	1	143751625	152582700	2335	0.0745
754ab9aa-f727-4378-bec5-0397ac83401a	1	152583051	152614100	35	-0.65
754ab9aa-f727-4378-bec5-0397ac83401a	1	152614118	159958008	4527	0.0616
754ab9aa-f727-4378-bec5-0397ac83401a	1	159958269	159958921	2	-1.8009
754ab9aa-f727-4378-bec5-0397ac83401a	1	159961349	160176383	130	0.1073
754ab9aa-f727-4378-bec5-0397ac83401a	1	160176704	160176855	2	-1.3081
754ab9aa-f727-4378-bec5-0397ac83401a	1	160177013	160963978	547	0.0479
754ab9aa-f727-4378-bec5-0397ac83401a	1	160967230	160970295	5	-1.0983
754ab9aa-f727-4378-bec5-0397ac83401a	1	160972552	169247699	6275	0.0663
754ab9aa-f727-4378-bec5-0397ac83401a	1	169264736	169272528	7	0.9124
754ab9aa-f727-4378-bec5-0397ac83401a	1	169273163	174827267	3517	0.0654
754ab9aa-f727-4378-bec5-0397ac83401a	1	174827418	174828310	9	-0.8511
754ab9aa-f727-4378-bec5-0397ac83401a	1	174828367	174832702	7	-0.4127
754ab9aa-f727-4378-bec5-0397ac83401a	1	174832716	184982130	6923	0.0671
754ab9aa-f727-4378-bec5-0397ac83401a	1	184982222	192126123	4571	0.0346
754ab9aa-f727-4378-bec5-0397ac83401a	1	192126668	196745743	3148	0.0663
754ab9aa-f727-4378-bec5-0397ac83401a	1	196758720	196846661	61	0.4002
754ab9aa-f727-4378-bec5-0397ac83401a	1	196847600	222193326	17397	0.0579
754ab9aa-f727-4378-bec5-0397ac83401a	1	222201492	222203662	2	-3.6885
754ab9aa-f727-4378-bec5-0397ac83401a	1	222208792	248574146	18241	0.0562
754ab9aa-f727-4378-bec5-0397ac83401a	1	248585893	248633912	32	-0.5589
754ab9aa-f727-4378-bec5-0397ac83401a	1	248645563	248930189	140	0.081
754ab9aa-f727-4378-bec5-0397ac83401a	2	12784	7770650	6109	0.0269
754ab9aa-f727-4378-bec5-0397ac83401a	2	7770912	20896215	9634	0.0636
754ab9aa-f727-4378-bec5-0397ac83401a	2	20897074	35750907	9252	0.0348
754ab9aa-f727-4378-bec5-0397ac83401a	2	35752724	35762850	6	-1.6516
754ab9aa-f727-4378-bec5-0397ac83401a	2	35762881	36306679	460	0.0544
754ab9aa-f727-4378-bec5-0397ac83401a	2	36307341	36308200	2	-1.4271
754ab9aa-f727-4378-bec5-0397ac83401a	2	36314205	41519683	3857	0.049
754ab9aa-f727-4378-bec5-0397ac83401a	2	41522493	42345484	717	0.1307
754ab9aa-f727-4378-bec5-0397ac83401a	2	42345535	79357930	24514	0.0431
754ab9aa-f727-4378-bec5-0397ac83401a	2	79361063	79362794	4	-1.3365
754ab9aa-f727-4378-bec5-0397ac83401a	2	79364151	81329871	1385	0.0252
754ab9aa-f727-4378-bec5-0397ac83401a	2	81330404	81330716	2	-1.561
754ab9aa-f727-4378-bec5-0397ac83401a	2	81331952	97192190	5044	0.0595
754ab9aa-f727-4378-bec5-0397ac83401a	2	97199600	97211436	14	-0.5642
754ab9aa-f727-4378-bec5-0397ac83401a	2	97310327	97359885	13	0.2827
754ab9aa-f727-4378-bec5-0397ac83401a	2	97524284	97545726	9	1.2359
754ab9aa-f727-4378-bec5-0397ac83401a	2	97550415	107559305	6395	0.0529
754ab9aa-f727-4378-bec5-0397ac83401a	2	107560597	107560637	2	-1.5627
754ab9aa-f727-4378-bec5-0397ac83401a	2	107564387	124292428	9787	0.0503
754ab9aa-f727-4378-bec5-0397ac83401a	2	124293653	124782955	330	-0.0608
754ab9aa-f727-4378-bec5-0397ac83401a	2	124784329	129484044	2970	0.0429
754ab9aa-f727-4378-bec5-0397ac83401a	2	129484927	129489260	6	-0.9099
754ab9aa-f727-4378-bec5-0397ac83401a	2	129497537	129729312	170	0.0086
754ab9aa-f727-4378-bec5-0397ac83401a	2	129730347	129731846	4	-1.3113
754ab9aa-f727-4378-bec5-0397ac83401a	2	129732880	146104517	9727	0.0446
754ab9aa-f727-4378-bec5-0397ac83401a	2	146106836	146109366	24	0.5836
754ab9aa-f727-4378-bec5-0397ac83401a	2	146120238	155228704	5566	0.0478
754ab9aa-f727-4378-bec5-0397ac83401a	2	155231030	159100965	2224	0.0837
754ab9aa-f727-4378-bec5-0397ac83401a	2	159102108	159104461	3	-0.9213
754ab9aa-f727-4378-bec5-0397ac83401a	2	159106775	162717280	2167	0.0889
754ab9aa-f727-4378-bec5-0397ac83401a	2	162718846	163780342	632	0.0362
754ab9aa-f727-4378-bec5-0397ac83401a	2	163786978	163788616	5	-0.9768
754ab9aa-f727-4378-bec5-0397ac83401a	2	163790132	179548644	9896	0.068
754ab9aa-f727-4378-bec5-0397ac83401a	2	179553484	179557179	28	-0.7996
754ab9aa-f727-4378-bec5-0397ac83401a	2	179557394	180107615	412	0.0366
754ab9aa-f727-4378-bec5-0397ac83401a	2	180107665	183712520	2208	0.0872
754ab9aa-f727-4378-bec5-0397ac83401a	2	183712596	186307390	1521	0.0256
754ab9aa-f727-4378-bec5-0397ac83401a	2	186307838	187880050	836	0.074
754ab9aa-f727-4378-bec5-0397ac83401a	2	187880080	187881873	3	-1.1348
754ab9aa-f727-4378-bec5-0397ac83401a	2	187887139	195778566	4454	0.0894
754ab9aa-f727-4378-bec5-0397ac83401a	2	195782064	195782431	3	-1.4474
754ab9aa-f727-4378-bec5-0397ac83401a	2	195786594	195802229	7	0.0942
754ab9aa-f727-4378-bec5-0397ac83401a	2	195808809	195812070	3	-1.1658
754ab9aa-f727-4378-bec5-0397ac83401a	2	195815325	208607106	7704	0.0765
754ab9aa-f727-4378-bec5-0397ac83401a	2	208607635	242147305	21389	0.0484
754ab9aa-f727-4378-bec5-0397ac83401a	3	20930	1439492	1229	-0.0091
754ab9aa-f727-4378-bec5-0397ac83401a	3	1444700	1445044	2	-2.4096
754ab9aa-f727-4378-bec5-0397ac83401a	3	1448487	1740119	309	-0.0371
754ab9aa-f727-4378-bec5-0397ac83401a	3	1740840	1745897	6	-1.1861
754ab9aa-f727-4378-bec5-0397ac83401a	3	1747474	2666454	743	-0.0111
754ab9aa-f727-4378-bec5-0397ac83401a	3	2667031	52989195	33425	0.0611
754ab9aa-f727-4378-bec5-0397ac83401a	3	52994359	53000164	19	-0.5416
754ab9aa-f727-4378-bec5-0397ac83401a	3	53000210	53000524	5	-1.7141
754ab9aa-f727-4378-bec5-0397ac83401a	3	53003069	53005100	13	-0.6903
754ab9aa-f727-4378-bec5-0397ac83401a	3	53005201	54250695	833	0.0729
754ab9aa-f727-4378-bec5-0397ac83401a	3	54251185	56764721	1909	0.0217
754ab9aa-f727-4378-bec5-0397ac83401a	3	56769147	59791261	1890	0.0858
754ab9aa-f727-4378-bec5-0397ac83401a	3	59791282	61088556	1446	-0.0096
754ab9aa-f727-4378-bec5-0397ac83401a	3	61089481	72633257	8984	0.0666
754ab9aa-f727-4378-bec5-0397ac83401a	3	72633273	72635143	2	-2.1311
754ab9aa-f727-4378-bec5-0397ac83401a	3	72635768	89620865	9775	0.0622
754ab9aa-f727-4378-bec5-0397ac83401a	3	89622183	89624990	8	-3.9747
754ab9aa-f727-4378-bec5-0397ac83401a	3	89629449	97432813	2085	0.0381
754ab9aa-f727-4378-bec5-0397ac83401a	3	97433070	114618839	10341	0.0796
754ab9aa-f727-4378-bec5-0397ac83401a	3	114620048	128210277	8491	0.052
754ab9aa-f727-4378-bec5-0397ac83401a	3	128210311	128211151	2	-1.8625
754ab9aa-f727-4378-bec5-0397ac83401a	3	128212497	130044855	929	0.0472
754ab9aa-f727-4378-bec5-0397ac83401a	3	130047743	130087393	37	0.8269
754ab9aa-f727-4378-bec5-0397ac83401a	3	130088081	162790480	20264	0.0703
754ab9aa-f727-4378-bec5-0397ac83401a	3	162794869	162906109	68	0.6131
754ab9aa-f727-4378-bec5-0397ac83401a	3	162908192	193160173	19174	0.0739
754ab9aa-f727-4378-bec5-0397ac83401a	3	193160256	193165114	18	1.2895
754ab9aa-f727-4378-bec5-0397ac83401a	3	193168646	195559056	1484	0.0706
754ab9aa-f727-4378-bec5-0397ac83401a	3	195656271	195737995	41	0.4342
754ab9aa-f727-4378-bec5-0397ac83401a	3	195746925	198169247	1169	0.0857
754ab9aa-f727-4378-bec5-0397ac83401a	4	68929	8720526	5095	0.0465
754ab9aa-f727-4378-bec5-0397ac83401a	4	8722817	9444321	55	0.2808
754ab9aa-f727-4378-bec5-0397ac83401a	4	9445117	9455251	5	-0.4513
754ab9aa-f727-4378-bec5-0397ac83401a	4	9459504	9572447	29	0.3944
754ab9aa-f727-4378-bec5-0397ac83401a	4	9575821	10208766	515	0.0728
754ab9aa-f727-4378-bec5-0397ac83401a	4	10212536	10229874	29	-2.0072
754ab9aa-f727-4378-bec5-0397ac83401a	4	10232590	10233644	7	-0.8682
754ab9aa-f727-4378-bec5-0397ac83401a	4	10234518	12341951	1760	0.0946
754ab9aa-f727-4378-bec5-0397ac83401a	4	12342459	12342622	3	-1.2706
754ab9aa-f727-4378-bec5-0397ac83401a	4	12347791	13584342	930	0.0526
754ab9aa-f727-4378-bec5-0397ac83401a	4	13588382	14503380	775	-0.0092
754ab9aa-f727-4378-bec5-0397ac83401a	4	14508066	19054852	3242	0.0641
754ab9aa-f727-4378-bec5-0397ac83401a	4	19055807	19056665	2	-1.3758
754ab9aa-f727-4378-bec5-0397ac83401a	4	19067152	34777418	10255	0.058
754ab9aa-f727-4378-bec5-0397ac83401a	4	34777432	34817589	36	0.8927
754ab9aa-f727-4378-bec5-0397ac83401a	4	34819718	36012790	778	0.0634
754ab9aa-f727-4378-bec5-0397ac83401a	4	36013359	36013896	4	-1.2648
754ab9aa-f727-4378-bec5-0397ac83401a	4	36015896	43145497	4754	0.0785
754ab9aa-f727-4378-bec5-0397ac83401a	4	43146144	43154418	5	-1.1074
754ab9aa-f727-4378-bec5-0397ac83401a	4	43154422	57944287	7619	0.0568
754ab9aa-f727-4378-bec5-0397ac83401a	4	57944326	57945632	2	-1.8009
754ab9aa-f727-4378-bec5-0397ac83401a	4	57946212	68418873	6284	0.0448
754ab9aa-f727-4378-bec5-0397ac83401a	4	68422420	68422424	3	2.2911
754ab9aa-f727-4378-bec5-0397ac83401a	4	68429081	68506285	12	0.1204
754ab9aa-f727-4378-bec5-0397ac83401a	4	68509223	68623617	66	-1.4525
754ab9aa-f727-4378-bec5-0397ac83401a	4	68639397	95205502	16187	0.0857
754ab9aa-f727-4378-bec5-0397ac83401a	4	95205733	101166993	3603	0.0492
754ab9aa-f727-4378-bec5-0397ac83401a	4	101167486	114252544	7903	0.0838
754ab9aa-f727-4378-bec5-0397ac83401a	4	114254167	114261019	23	0.9625
754ab9aa-f727-4378-bec5-0397ac83401a	4	114263073	114586468	226	0.1411
754ab9aa-f727-4378-bec5-0397ac83401a	4	114587010	114589298	3	-0.9717
754ab9aa-f727-4378-bec5-0397ac83401a	4	114593270	115244948	382	0.111
754ab9aa-f727-4378-bec5-0397ac83401a	4	115251455	115261448	29	-0.5059
754ab9aa-f727-4378-bec5-0397ac83401a	4	115261544	171448195	34009	0.069
754ab9aa-f727-4378-bec5-0397ac83401a	4	171453733	171456307	9	1.0603
754ab9aa-f727-4378-bec5-0397ac83401a	4	171456559	178593515	4401	0.0752
754ab9aa-f727-4378-bec5-0397ac83401a	4	178595698	178596121	5	-1.3225
754ab9aa-f727-4378-bec5-0397ac83401a	4	178596492	178615158	9	-0.1083
754ab9aa-f727-4378-bec5-0397ac83401a	4	178615616	178615856	4	-1.329
754ab9aa-f727-4378-bec5-0397ac83401a	4	178618258	186699490	5886	0.0562
754ab9aa-f727-4378-bec5-0397ac83401a	4	186700127	186700996	3	-1.8542
754ab9aa-f727-4378-bec5-0397ac83401a	4	186703040	188017314	860	0.0993
754ab9aa-f727-4378-bec5-0397ac83401a	4	188021287	189278617	974	0.0082
754ab9aa-f727-4378-bec5-0397ac83401a	4	189290117	189328850	17	-0.4765
754ab9aa-f727-4378-bec5-0397ac83401a	4	189333462	189377143	37	-0.0189
754ab9aa-f727-4378-bec5-0397ac83401a	4	189377468	190106768	294	0.1077
754ab9aa-f727-4378-bec5-0397ac83401a	5	15532	819700	343	0.0413
754ab9aa-f727-4378-bec5-0397ac83401a	5	819817	824333	7	-1.0928
754ab9aa-f727-4378-bec5-0397ac83401a	5	825192	8702128	6588	0.0312
754ab9aa-f727-4378-bec5-0397ac83401a	5	8702410	8747030	46	-0.9523
754ab9aa-f727-4378-bec5-0397ac83401a	5	8749619	12800777	3205	0.0524
754ab9aa-f727-4378-bec5-0397ac83401a	5	12815668	12838421	14	-1.2149
754ab9aa-f727-4378-bec5-0397ac83401a	5	12849089	15718383	1969	0.0845
754ab9aa-f727-4378-bec5-0397ac83401a	5	15719113	15720488	11	-5.726
754ab9aa-f727-4378-bec5-0397ac83401a	5	15723237	18378284	1701	0.0599
754ab9aa-f727-4378-bec5-0397ac83401a	5	18378619	36284692	11119	0.0297
754ab9aa-f727-4378-bec5-0397ac83401a	5	36285024	39225959	1935	0.0621
754ab9aa-f727-4378-bec5-0397ac83401a	5	39226751	39808980	431	0.1642
754ab9aa-f727-4378-bec5-0397ac83401a	5	39814323	58025819	8377	0.0691
754ab9aa-f727-4378-bec5-0397ac83401a	5	58030200	58037706	32	1.5347
754ab9aa-f727-4378-bec5-0397ac83401a	5	58042530	69571467	7294	0.0705
754ab9aa-f727-4378-bec5-0397ac83401a	5	69779150	71095426	24	0.4956
754ab9aa-f727-4378-bec5-0397ac83401a	5	71358245	76540207	3455	0.0693
754ab9aa-f727-4378-bec5-0397ac83401a	5	76541652	76543525	7	-0.6921
754ab9aa-f727-4378-bec5-0397ac83401a	5	76543544	90549372	8094	0.0561
754ab9aa-f727-4378-bec5-0397ac83401a	5	90551126	91332483	502	0.1411
754ab9aa-f727-4378-bec5-0397ac83401a	5	91333453	96543610	2808	0.0762
754ab9aa-f727-4378-bec5-0397ac83401a	5	96545781	123034951	17134	-0.8184
754ab9aa-f727-4378-bec5-0397ac83401a	5	123035116	136777888	8556	0.0843
754ab9aa-f727-4378-bec5-0397ac83401a	5	136778546	145080872	4791	0.0516
754ab9aa-f727-4378-bec5-0397ac83401a	5	145080889	150340416	3585	0.0926
754ab9aa-f727-4378-bec5-0397ac83401a	5	150343214	180766184	20426	0.0509
754ab9aa-f727-4378-bec5-0397ac83401a	5	180766199	180947523	105	0.0857
754ab9aa-f727-4378-bec5-0397ac83401a	5	180951710	180975764	8	0.7521
754ab9aa-f727-4378-bec5-0397ac83401a	5	180975843	181243251	158	0.0817
754ab9aa-f727-4378-bec5-0397ac83401a	5	181249107	181249180	2	-1.7742
754ab9aa-f727-4378-bec5-0397ac83401a	5	181250105	181363319	21	0.1076
754ab9aa-f727-4378-bec5-0397ac83401a	6	149661	35907242	24485	-0.8571
754ab9aa-f727-4378-bec5-0397ac83401a	6	35910720	45853344	6476	0.0171
754ab9aa-f727-4378-bec5-0397ac83401a	6	45856143	48251113	1673	0.0755
754ab9aa-f727-4378-bec5-0397ac83401a	6	48253497	54066286	3715	0.0311
754ab9aa-f727-4378-bec5-0397ac83401a	6	54066353	54067057	7	1.9084
754ab9aa-f727-4378-bec5-0397ac83401a	6	54070550	55463795	897	0.0226
754ab9aa-f727-4378-bec5-0397ac83401a	6	55467747	55468617	2	-2.3963
754ab9aa-f727-4378-bec5-0397ac83401a	6	55468791	61708192	1787	0.028
754ab9aa-f727-4378-bec5-0397ac83401a	6	61710030	66520782	2850	0.4743
754ab9aa-f727-4378-bec5-0397ac83401a	6	66521338	68007638	1080	0.8415
754ab9aa-f727-4378-bec5-0397ac83401a	6	68011129	68187144	134	0.0132
754ab9aa-f727-4378-bec5-0397ac83401a	6	68192909	68220846	19	-0.6247
754ab9aa-f727-4378-bec5-0397ac83401a	6	68221561	68341112	74	-0.027
754ab9aa-f727-4378-bec5-0397ac83401a	6	68342205	68445102	63	-0.912
754ab9aa-f727-4378-bec5-0397ac83401a	6	68448727	68558014	56	0.0537
754ab9aa-f727-4378-bec5-0397ac83401a	6	68561548	68680481	71	0.639
754ab9aa-f727-4378-bec5-0397ac83401a	6	68681260	68743215	39	-0.0068
754ab9aa-f727-4378-bec5-0397ac83401a	6	68747332	68861594	101	0.5416
754ab9aa-f727-4378-bec5-0397ac83401a	6	68865718	68943155	43	0.9439
754ab9aa-f727-4378-bec5-0397ac83401a	6	68943458	68981476	26	0.0808
754ab9aa-f727-4378-bec5-0397ac83401a	6	68987514	69006334	20	0.5266
754ab9aa-f727-4378-bec5-0397ac83401a	6	69009060	69071809	42	0.0724
754ab9aa-f727-4378-bec5-0397ac83401a	6	69071894	69166178	52	0.6209
754ab9aa-f727-4378-bec5-0397ac83401a	6	69169290	71232095	1307	0.0854
754ab9aa-f727-4378-bec5-0397ac83401a	6	71236786	71985785	525	0.2867
754ab9aa-f727-4378-bec5-0397ac83401a	6	71987321	73882142	1200	0.0546
754ab9aa-f727-4378-bec5-0397ac83401a	6	73882509	73887573	8	0.95
754ab9aa-f727-4378-bec5-0397ac83401a	6	73887625	75328863	937	0.0705
754ab9aa-f727-4378-bec5-0397ac83401a	6	75328871	75429879	49	-0.8297
754ab9aa-f727-4378-bec5-0397ac83401a	6	75430924	75864881	222	0.069
754ab9aa-f727-4378-bec5-0397ac83401a	6	75866054	76730377	566	-0.8124
754ab9aa-f727-4378-bec5-0397ac83401a	6	76731101	76742972	17	-0.0444
754ab9aa-f727-4378-bec5-0397ac83401a	6	76743040	78253157	968	-0.807
754ab9aa-f727-4378-bec5-0397ac83401a	6	78253172	78325468	113	-0.4215
754ab9aa-f727-4378-bec5-0397ac83401a	6	78329517	118042771	24363	-0.8223
754ab9aa-f727-4378-bec5-0397ac83401a	6	118043100	118050894	7	-2.7236
754ab9aa-f727-4378-bec5-0397ac83401a	6	118051379	161384675	28194	-0.8335
754ab9aa-f727-4378-bec5-0397ac83401a	6	161387872	170741917	6627	-0.9089
754ab9aa-f727-4378-bec5-0397ac83401a	7	43355	4634827	2516	0.5348
754ab9aa-f727-4378-bec5-0397ac83401a	7	4644145	4644243	3	-1.7345
754ab9aa-f727-4378-bec5-0397ac83401a	7	4645497	7021319	977	0.5166
754ab9aa-f727-4378-bec5-0397ac83401a	7	7021510	12492822	4579	0.599
754ab9aa-f727-4378-bec5-0397ac83401a	7	12503547	12509401	9	-0.6592
754ab9aa-f727-4378-bec5-0397ac83401a	7	12512533	15852740	2670	0.5762
754ab9aa-f727-4378-bec5-0397ac83401a	7	15853905	18524939	2054	0.6474
754ab9aa-f727-4378-bec5-0397ac83401a	7	18525158	19475700	1041	0.5267
754ab9aa-f727-4378-bec5-0397ac83401a	7	19475793	22478375	2287	0.6096
754ab9aa-f727-4378-bec5-0397ac83401a	7	22486931	24295908	1307	0.5441
754ab9aa-f727-4378-bec5-0397ac83401a	7	24298766	37016128	9007	0.5919
754ab9aa-f727-4378-bec5-0397ac83401a	7	37016276	54118398	11886	0.5616
754ab9aa-f727-4378-bec5-0397ac83401a	7	54118474	54305455	152	0.4982
754ab9aa-f727-4378-bec5-0397ac83401a	7	54318812	54318824	6	-0.7831
754ab9aa-f727-4378-bec5-0397ac83401a	7	54325795	67164253	3731	0.5224
754ab9aa-f727-4378-bec5-0397ac83401a	7	67164342	67179517	7	-0.945
754ab9aa-f727-4378-bec5-0397ac83401a	7	67180245	67233947	16	0.0746
754ab9aa-f727-4378-bec5-0397ac83401a	7	67234797	69826736	1676	0.4918
754ab9aa-f727-4378-bec5-0397ac83401a	7	69827169	70827330	621	0.5911
754ab9aa-f727-4378-bec5-0397ac83401a	7	70827343	70955452	77	0.4829
754ab9aa-f727-4378-bec5-0397ac83401a	7	70958264	70961155	2	-2.5647
754ab9aa-f727-4378-bec5-0397ac83401a	7	70963257	76119594	2009	0.5083
754ab9aa-f727-4378-bec5-0397ac83401a	7	76130770	96842367	13109	0.5858
754ab9aa-f727-4378-bec5-0397ac83401a	7	96842791	102926950	2752	0.531
754ab9aa-f727-4378-bec5-0397ac83401a	7	102927143	109793720	4443	0.5751
754ab9aa-f727-4378-bec5-0397ac83401a	7	109793728	109813925	38	0.963
754ab9aa-f727-4378-bec5-0397ac83401a	7	109814172	111239195	953	0.5467
754ab9aa-f727-4378-bec5-0397ac83401a	7	111241026	111241662	5	-0.4269
754ab9aa-f727-4378-bec5-0397ac83401a	7	111243151	116289971	2938	0.5698
754ab9aa-f727-4378-bec5-0397ac83401a	7	116294646	116301524	6	-0.2095
754ab9aa-f727-4378-bec5-0397ac83401a	7	116301612	117258156	699	0.5971
754ab9aa-f727-4378-bec5-0397ac83401a	7	117261106	118609089	787	0.6647
754ab9aa-f727-4378-bec5-0397ac83401a	7	118609178	120437298	949	0.5613
754ab9aa-f727-4378-bec5-0397ac83401a	7	120437901	126404433	3689	0.5924
754ab9aa-f727-4378-bec5-0397ac83401a	7	126404459	126435929	43	0.3365
754ab9aa-f727-4378-bec5-0397ac83401a	7	126436780	127630390	847	0.6297
754ab9aa-f727-4378-bec5-0397ac83401a	7	127631217	134100424	3827	0.5533
754ab9aa-f727-4378-bec5-0397ac83401a	7	134100442	134104753	18	-0.1095
754ab9aa-f727-4378-bec5-0397ac83401a	7	134105212	134105690	5	-0.8296
754ab9aa-f727-4378-bec5-0397ac83401a	7	134110881	134114401	11	0.0718
754ab9aa-f727-4378-bec5-0397ac83401a	7	134114444	142063324	5192	0.5678
754ab9aa-f727-4378-bec5-0397ac83401a	7	142069843	142092108	33	1.0621
754ab9aa-f727-4378-bec5-0397ac83401a	7	142092307	159324709	10849	0.5603
754ab9aa-f727-4378-bec5-0397ac83401a	7	159324804	159334314	16	-0.0142
754ab9aa-f727-4378-bec5-0397ac83401a	8	81254	162796	2	0.9917
754ab9aa-f727-4378-bec5-0397ac83401a	8	163380	644973	322	0.0357
754ab9aa-f727-4378-bec5-0397ac83401a	8	645220	645875	6	0.8741
754ab9aa-f727-4378-bec5-0397ac83401a	8	645892	645908	2	3.3214
754ab9aa-f727-4378-bec5-0397ac83401a	8	656117	3648319	2596	0.0301
754ab9aa-f727-4378-bec5-0397ac83401a	8	3649203	3651150	5	-1.1565
754ab9aa-f727-4378-bec5-0397ac83401a	8	3652384	7329110	4790	-0.0013
754ab9aa-f727-4378-bec5-0397ac83401a	8	7329124	8234503	70	0.6553
754ab9aa-f727-4378-bec5-0397ac83401a	8	8235660	14427181	4993	0.0401
754ab9aa-f727-4378-bec5-0397ac83401a	8	14427702	14428811	4	-1.1606
754ab9aa-f727-4378-bec5-0397ac83401a	8	14429043	16814036	2132	0.0145
754ab9aa-f727-4378-bec5-0397ac83401a	8	16820653	19722263	2649	0.0962
754ab9aa-f727-4378-bec5-0397ac83401a	8	19722620	25114672	3890	0.0496
754ab9aa-f727-4378-bec5-0397ac83401a	8	25116928	25126818	27	0.5998
754ab9aa-f727-4378-bec5-0397ac83401a	8	25133589	30934083	4031	0.0663
754ab9aa-f727-4378-bec5-0397ac83401a	8	30934619	36234398	3287	0.0226
754ab9aa-f727-4378-bec5-0397ac83401a	8	36234463	39527181	1750	0.0823
754ab9aa-f727-4378-bec5-0397ac83401a	8	39527450	39527675	2	-1.4259
754ab9aa-f727-4378-bec5-0397ac83401a	8	39529446	40914477	1072	0.0677
754ab9aa-f727-4378-bec5-0397ac83401a	8	40920333	40920952	2	-2.0271
754ab9aa-f727-4378-bec5-0397ac83401a	8	40926161	114619207	42749	0.0543
754ab9aa-f727-4378-bec5-0397ac83401a	8	114619814	114626238	17	-0.8254
754ab9aa-f727-4378-bec5-0397ac83401a	8	114626472	114628588	6	0.3771
754ab9aa-f727-4378-bec5-0397ac83401a	8	114628679	114629502	13	-0.6562
754ab9aa-f727-4378-bec5-0397ac83401a	8	114638468	128739928	9804	0.0653
754ab9aa-f727-4378-bec5-0397ac83401a	8	128742994	128751839	5	-2.2032
754ab9aa-f727-4378-bec5-0397ac83401a	8	128765208	134217751	4240	0.0613
754ab9aa-f727-4378-bec5-0397ac83401a	8	134217918	139124077	3895	0.0251
754ab9aa-f727-4378-bec5-0397ac83401a	8	139126107	145072769	3115	0.0692
754ab9aa-f727-4378-bec5-0397ac83401a	9	46587	8289350	7999	0.0548
754ab9aa-f727-4378-bec5-0397ac83401a	9	8293609	9881015	1449	0.1262
754ab9aa-f727-4378-bec5-0397ac83401a	9	9881068	11835950	1695	0.0314
754ab9aa-f727-4378-bec5-0397ac83401a	9	11837288	16025878	3286	0.095
754ab9aa-f727-4378-bec5-0397ac83401a	9	16028396	17045107	1042	0.0289
754ab9aa-f727-4378-bec5-0397ac83401a	9	17045967	22372964	4302	0.0926
754ab9aa-f727-4378-bec5-0397ac83401a	9	22374033	26299903	2761	0.018
754ab9aa-f727-4378-bec5-0397ac83401a	9	26301257	63580418	8915	0.0572
754ab9aa-f727-4378-bec5-0397ac83401a	9	63590317	63592813	7	1.8115
754ab9aa-f727-4378-bec5-0397ac83401a	9	63614182	78657854	7605	0.0743
754ab9aa-f727-4378-bec5-0397ac83401a	9	78658027	87907679	6725	0.0319
754ab9aa-f727-4378-bec5-0397ac83401a	9	87939236	87939304	2	1.3664
754ab9aa-f727-4378-bec5-0397ac83401a	9	87943042	88640956	401	-0.0053
754ab9aa-f727-4378-bec5-0397ac83401a	9	88641664	100606057	7870	0.056
754ab9aa-f727-4378-bec5-0397ac83401a	9	100608250	113836432	9950	0.0777
754ab9aa-f727-4378-bec5-0397ac83401a	9	113836923	133074203	13073	0.0405
754ab9aa-f727-4378-bec5-0397ac83401a	9	133075508	133082053	7	-1.0323
754ab9aa-f727-4378-bec5-0397ac83401a	9	133090275	138180185	2394	0.0213
754ab9aa-f727-4378-bec5-0397ac83401a	9	138180377	138200944	4	1.0032
754ab9aa-f727-4378-bec5-0397ac83401a	10	45792	2453308	1855	0.0362
754ab9aa-f727-4378-bec5-0397ac83401a	10	2455443	2456151	3	-2.1386
754ab9aa-f727-4378-bec5-0397ac83401a	10	2456944	2927420	495	0.0342
754ab9aa-f727-4378-bec5-0397ac83401a	10	2927543	2928113	2	-2.9719
754ab9aa-f727-4378-bec5-0397ac83401a	10	2928883	20561183	14626	0.0403
754ab9aa-f727-4378-bec5-0397ac83401a	10	20561184	20564574	4	-1.9928
754ab9aa-f727-4378-bec5-0397ac83401a	10	20564605	24088746	2196	0.0428
754ab9aa-f727-4378-bec5-0397ac83401a	10	24088747	24089125	9	-1.3781
754ab9aa-f727-4378-bec5-0397ac83401a	10	24089979	46249048	12346	0.0361
754ab9aa-f727-4378-bec5-0397ac83401a	10	46249144	46328716	102	-0.1526
754ab9aa-f727-4378-bec5-0397ac83401a	10	46328845	47040736	81	0.013
754ab9aa-f727-4378-bec5-0397ac83401a	10	47043991	47044272	2	-2
754ab9aa-f727-4378-bec5-0397ac83401a	10	47045228	55420393	5601	0.0475
754ab9aa-f727-4378-bec5-0397ac83401a	10	55420481	55420557	3	-1.5028
754ab9aa-f727-4378-bec5-0397ac83401a	10	55420561	60060731	3424	0.0529
754ab9aa-f727-4378-bec5-0397ac83401a	10	60060756	60060793	2	-1.4921
754ab9aa-f727-4378-bec5-0397ac83401a	10	60060843	65546518	3638	0.0682
754ab9aa-f727-4378-bec5-0397ac83401a	10	65548165	65554688	28	-1.5266
754ab9aa-f727-4378-bec5-0397ac83401a	10	65563037	66990114	1112	0.0296
754ab9aa-f727-4378-bec5-0397ac83401a	10	66990297	66990654	2	-1.8403
754ab9aa-f727-4378-bec5-0397ac83401a	10	66990997	68242351	671	0.0609
754ab9aa-f727-4378-bec5-0397ac83401a	10	68243178	68245197	2	-2.6262
754ab9aa-f727-4378-bec5-0397ac83401a	10	68245233	69522716	758	0.0167
754ab9aa-f727-4378-bec5-0397ac83401a	10	69522730	69523086	4	-1.6963
754ab9aa-f727-4378-bec5-0397ac83401a	10	69531858	82652493	8673	0.0338
754ab9aa-f727-4378-bec5-0397ac83401a	10	82652709	82654357	5	-1.0182
754ab9aa-f727-4378-bec5-0397ac83401a	10	82655945	87623669	3331	0.0379
754ab9aa-f727-4378-bec5-0397ac83401a	10	87624909	89993233	1884	0.0912
754ab9aa-f727-4378-bec5-0397ac83401a	10	89994914	91343557	966	0.0311
754ab9aa-f727-4378-bec5-0397ac83401a	10	91346805	91347901	3	-2.1175
754ab9aa-f727-4378-bec5-0397ac83401a	10	91351866	109574030	11420	0.0468
754ab9aa-f727-4378-bec5-0397ac83401a	10	109576012	114789670	3679	0.0823
754ab9aa-f727-4378-bec5-0397ac83401a	10	114790594	114790766	2	-1.1519
754ab9aa-f727-4378-bec5-0397ac83401a	10	114792005	115685794	514	0.1005
754ab9aa-f727-4378-bec5-0397ac83401a	10	115687122	127214414	8559	0.0426
754ab9aa-f727-4378-bec5-0397ac83401a	10	127216414	127217544	3	-1.3372
754ab9aa-f727-4378-bec5-0397ac83401a	10	127218597	129334792	1746	0.0416
754ab9aa-f727-4378-bec5-0397ac83401a	10	129335764	131485904	1770	-0.0226
754ab9aa-f727-4378-bec5-0397ac83401a	10	131489326	133654968	1093	0.0447
754ab9aa-f727-4378-bec5-0397ac83401a	11	198510	4949137	2423	0.0667
754ab9aa-f727-4378-bec5-0397ac83401a	11	4950775	4955042	23	0.7097
754ab9aa-f727-4378-bec5-0397ac83401a	11	4955781	9069836	3204	0.049
754ab9aa-f727-4378-bec5-0397ac83401a	11	9072961	14027244	3915	0.0897
754ab9aa-f727-4378-bec5-0397ac83401a	11	14027622	18930146	3116	0.0593
754ab9aa-f727-4378-bec5-0397ac83401a	11	18930384	18940066	27	-0.3722
754ab9aa-f727-4378-bec5-0397ac83401a	11	18940191	21575196	2410	0.0636
754ab9aa-f727-4378-bec5-0397ac83401a	11	21576194	21583650	8	-0.6625
754ab9aa-f727-4378-bec5-0397ac83401a	11	21584207	34175353	8490	0.048
754ab9aa-f727-4378-bec5-0397ac83401a	11	34176762	36966937	2421	0.1026
754ab9aa-f727-4378-bec5-0397ac83401a	11	36967006	44278291	4898	0.0338
754ab9aa-f727-4378-bec5-0397ac83401a	11	44279998	44284831	8	-0.9215
754ab9aa-f727-4378-bec5-0397ac83401a	11	44285357	48688877	2398	0.057
754ab9aa-f727-4378-bec5-0397ac83401a	11	48688881	48700215	4	0.9489
754ab9aa-f727-4378-bec5-0397ac83401a	11	48702884	50692396	743	0.0593
754ab9aa-f727-4378-bec5-0397ac83401a	11	50699618	54657628	50	0.3727
754ab9aa-f727-4378-bec5-0397ac83401a	11	54658111	55595864	334	0.0561
754ab9aa-f727-4378-bec5-0397ac83401a	11	55606556	55608804	8	-0.7778
754ab9aa-f727-4378-bec5-0397ac83401a	11	55609022	55685533	51	-1.6941
754ab9aa-f727-4378-bec5-0397ac83401a	11	55686100	81167428	13990	0.0467
754ab9aa-f727-4378-bec5-0397ac83401a	11	81167540	81170083	10	-0.6707
754ab9aa-f727-4378-bec5-0397ac83401a	11	81170429	84107616	2096	0.0596
754ab9aa-f727-4378-bec5-0397ac83401a	11	84117637	84131281	16	0.9761
754ab9aa-f727-4378-bec5-0397ac83401a	11	84134536	86594619	1638	0.057
754ab9aa-f727-4378-bec5-0397ac83401a	11	86594771	86595012	5	-0.9678
754ab9aa-f727-4378-bec5-0397ac83401a	11	86604132	88638080	1443	0.0754
754ab9aa-f727-4378-bec5-0397ac83401a	11	88640562	88647450	15	-1.2399
754ab9aa-f727-4378-bec5-0397ac83401a	11	88648950	131037266	29813	0.0608
754ab9aa-f727-4378-bec5-0397ac83401a	11	131038848	135074876	3243	0.0161
754ab9aa-f727-4378-bec5-0397ac83401a	12	51460	9766743	6359	0.0477
754ab9aa-f727-4378-bec5-0397ac83401a	12	9770517	9772636	7	-1.1213
754ab9aa-f727-4378-bec5-0397ac83401a	12	9773381	10469676	480	0.0305
754ab9aa-f727-4378-bec5-0397ac83401a	12	10471662	11083616	392	0.0875
754ab9aa-f727-4378-bec5-0397ac83401a	12	11084237	11088933	3	1.2542
754ab9aa-f727-4378-bec5-0397ac83401a	12	11099275	12377139	983	0.0579
754ab9aa-f727-4378-bec5-0397ac83401a	12	12377763	12388935	18	-0.6844
754ab9aa-f727-4378-bec5-0397ac83401a	12	12389946	16266471	2691	0.0873
754ab9aa-f727-4378-bec5-0397ac83401a	12	16268053	16268391	2	-1.8331
754ab9aa-f727-4378-bec5-0397ac83401a	12	16275623	106537337	56016	0.066
754ab9aa-f727-4378-bec5-0397ac83401a	12	106537745	126463116	12788	0.0388
754ab9aa-f727-4378-bec5-0397ac83401a	12	126463207	126465756	5	-1.0794
754ab9aa-f727-4378-bec5-0397ac83401a	12	126466867	129656899	2875	0.0131
754ab9aa-f727-4378-bec5-0397ac83401a	12	129660862	129662232	3	-1.3736
754ab9aa-f727-4378-bec5-0397ac83401a	12	129662965	133201603	2202	0.0523
754ab9aa-f727-4378-bec5-0397ac83401a	13	18452809	19202953	330	0.0613
754ab9aa-f727-4378-bec5-0397ac83401a	13	19203130	34369625	11062	0.1124
754ab9aa-f727-4378-bec5-0397ac83401a	13	34369666	37496998	2084	0.0638
754ab9aa-f727-4378-bec5-0397ac83401a	13	37497899	37510620	16	-2.6659
754ab9aa-f727-4378-bec5-0397ac83401a	13	37514193	52483236	9887	0.1073
754ab9aa-f727-4378-bec5-0397ac83401a	13	52485081	53880200	867	0.0607
754ab9aa-f727-4378-bec5-0397ac83401a	13	53880925	53897689	11	-0.4687
754ab9aa-f727-4378-bec5-0397ac83401a	13	53899998	55716465	1052	0.077
754ab9aa-f727-4378-bec5-0397ac83401a	13	55719598	55720165	2	-1.5648
754ab9aa-f727-4378-bec5-0397ac83401a	13	55723860	62387834	3848	0.0799
754ab9aa-f727-4378-bec5-0397ac83401a	13	62388777	62389467	3	-1.0544
754ab9aa-f727-4378-bec5-0397ac83401a	13	62393055	67851199	3314	0.0664
754ab9aa-f727-4378-bec5-0397ac83401a	13	67851761	70148099	1435	0.111
754ab9aa-f727-4378-bec5-0397ac83401a	13	70149160	70150384	7	-0.6509
754ab9aa-f727-4378-bec5-0397ac83401a	13	70152875	73078638	1961	0.1388
754ab9aa-f727-4378-bec5-0397ac83401a	13	73079743	74259736	921	0.2018
754ab9aa-f727-4378-bec5-0397ac83401a	13	74260075	74499304	197	0.1274
754ab9aa-f727-4378-bec5-0397ac83401a	13	74500472	74504862	2	-1.3107
754ab9aa-f727-4378-bec5-0397ac83401a	13	74506371	81292545	4558	0.1315
754ab9aa-f727-4378-bec5-0397ac83401a	13	81294429	91292101	6044	0.0762
754ab9aa-f727-4378-bec5-0397ac83401a	13	91296929	97875020	4396	0.1132
754ab9aa-f727-4378-bec5-0397ac83401a	13	97877870	97878542	5	-0.9776
754ab9aa-f727-4378-bec5-0397ac83401a	13	97879211	114342922	12137	0.1185
754ab9aa-f727-4378-bec5-0397ac83401a	14	18239283	19732250	67	-0.001
754ab9aa-f727-4378-bec5-0397ac83401a	14	19732958	19954424	98	-0.3462
754ab9aa-f727-4378-bec5-0397ac83401a	14	19955213	79063661	37722	0.0645
754ab9aa-f727-4378-bec5-0397ac83401a	14	79065281	85098551	3942	0.0265
754ab9aa-f727-4378-bec5-0397ac83401a	14	85098682	85099456	10	-0.6635
754ab9aa-f727-4378-bec5-0397ac83401a	14	85099620	87703957	1754	0.0134
754ab9aa-f727-4378-bec5-0397ac83401a	14	87704817	105688531	11297	0.0537
754ab9aa-f727-4378-bec5-0397ac83401a	14	105691429	105701150	3	1.3597
754ab9aa-f727-4378-bec5-0397ac83401a	14	105728140	106418444	248	0.1139
754ab9aa-f727-4378-bec5-0397ac83401a	14	106423925	106462144	46	-0.4495
754ab9aa-f727-4378-bec5-0397ac83401a	14	106462169	106877229	197	0.0637
754ab9aa-f727-4378-bec5-0397ac83401a	15	19811075	20041119	48	0.2504
754ab9aa-f727-4378-bec5-0397ac83401a	15	20041902	20305901	24	-0.8598
754ab9aa-f727-4378-bec5-0397ac83401a	15	20317086	20372908	15	-1.7591
754ab9aa-f727-4378-bec5-0397ac83401a	15	20373168	20380735	9	-0.3359
754ab9aa-f727-4378-bec5-0397ac83401a	15	20380837	20381704	9	-3.2003
754ab9aa-f727-4378-bec5-0397ac83401a	15	20384774	21999319	73	-1.294
754ab9aa-f727-4378-bec5-0397ac83401a	15	22003073	22619116	40	-0.5143
754ab9aa-f727-4378-bec5-0397ac83401a	15	22622986	25174845	1472	0.0091
754ab9aa-f727-4378-bec5-0397ac83401a	15	25176460	25185096	7	-5.3955
754ab9aa-f727-4378-bec5-0397ac83401a	15	25188158	26780226	1208	-0.0193
754ab9aa-f727-4378-bec5-0397ac83401a	15	26782700	26783694	4	-1.0569
754ab9aa-f727-4378-bec5-0397ac83401a	15	26786920	27487476	495	-0.0242
754ab9aa-f727-4378-bec5-0397ac83401a	15	27491136	32257550	2517	0.0537
754ab9aa-f727-4378-bec5-0397ac83401a	15	32283641	32323432	4	-1.3044
754ab9aa-f727-4378-bec5-0397ac83401a	15	32339520	34435886	1507	0.0709
754ab9aa-f727-4378-bec5-0397ac83401a	15	34438901	34576808	61	0.3339
754ab9aa-f727-4378-bec5-0397ac83401a	15	34577438	47819263	8078	0.0619
754ab9aa-f727-4378-bec5-0397ac83401a	15	47821105	47821383	2	-2.6079
754ab9aa-f727-4378-bec5-0397ac83401a	15	47821746	56458925	5509	0.0457
754ab9aa-f727-4378-bec5-0397ac83401a	15	56459764	63933950	5560	0.0788
754ab9aa-f727-4378-bec5-0397ac83401a	15	63937176	76586021	7267	0.041
754ab9aa-f727-4378-bec5-0397ac83401a	15	76598900	76603434	22	0.9801
754ab9aa-f727-4378-bec5-0397ac83401a	15	76609838	100205908	16322	0.0512
754ab9aa-f727-4378-bec5-0397ac83401a	15	100206996	100207347	2	-1.6861
754ab9aa-f727-4378-bec5-0397ac83401a	15	100208003	101928837	1287	0.0609
754ab9aa-f727-4378-bec5-0397ac83401a	16	10777	35225338	20159	0.0348
754ab9aa-f727-4378-bec5-0397ac83401a	16	35232200	35522700	168	0.6051
754ab9aa-f727-4378-bec5-0397ac83401a	16	35526596	90096867	31533	0.0378
754ab9aa-f727-4378-bec5-0397ac83401a	17	150733	9966915	5614	-0.8499
754ab9aa-f727-4378-bec5-0397ac83401a	17	9967057	9967109	2	-4.7119
754ab9aa-f727-4378-bec5-0397ac83401a	17	9967489	13252736	2387	-0.8658
754ab9aa-f727-4378-bec5-0397ac83401a	17	13252796	13253662	5	-3.1165
754ab9aa-f727-4378-bec5-0397ac83401a	17	13254223	13435659	149	-0.9014
754ab9aa-f727-4378-bec5-0397ac83401a	17	13436333	13447815	4	-3.8221
754ab9aa-f727-4378-bec5-0397ac83401a	17	13447947	22509054	4487	-0.8285
754ab9aa-f727-4378-bec5-0397ac83401a	17	22509381	33659258	3641	0.0553
754ab9aa-f727-4378-bec5-0397ac83401a	17	33660771	35262528	1325	-0.0084
754ab9aa-f727-4378-bec5-0397ac83401a	17	35266005	41266838	3051	0.0419
754ab9aa-f727-4378-bec5-0397ac83401a	17	41266851	41274198	18	-1.0214
754ab9aa-f727-4378-bec5-0397ac83401a	17	41274279	41372886	116	0.074
754ab9aa-f727-4378-bec5-0397ac83401a	17	41376617	41380422	7	0.8216
754ab9aa-f727-4378-bec5-0397ac83401a	17	41391076	41526616	135	0.0509
754ab9aa-f727-4378-bec5-0397ac83401a	17	41531068	41531380	2	-2.2407
754ab9aa-f727-4378-bec5-0397ac83401a	17	41532347	46088437	2241	0.0394
754ab9aa-f727-4378-bec5-0397ac83401a	17	46089055	46275506	118	0.2309
754ab9aa-f727-4378-bec5-0397ac83401a	17	46276519	53080400	3723	0.0546
754ab9aa-f727-4378-bec5-0397ac83401a	17	53081609	54064452	626	-0.8157
754ab9aa-f727-4378-bec5-0397ac83401a	17	54066264	83091923	17212	0.0505
754ab9aa-f727-4378-bec5-0397ac83401a	18	48133	4501147	3270	0.084
754ab9aa-f727-4378-bec5-0397ac83401a	18	4501240	7878994	2403	0.0212
754ab9aa-f727-4378-bec5-0397ac83401a	18	7880871	9970079	1605	0.0864
754ab9aa-f727-4378-bec5-0397ac83401a	18	9970959	12218709	1589	-0.8578
754ab9aa-f727-4378-bec5-0397ac83401a	18	12224735	12603433	198	0.0556
754ab9aa-f727-4378-bec5-0397ac83401a	18	12613126	15402409	1325	0.578
754ab9aa-f727-4378-bec5-0397ac83401a	18	20949392	20961945	3	-0.3406
754ab9aa-f727-4378-bec5-0397ac83401a	18	20966787	45353317	15288	-0.8031
754ab9aa-f727-4378-bec5-0397ac83401a	18	45355967	45356703	2	-6.6847
754ab9aa-f727-4378-bec5-0397ac83401a	18	45362648	49935823	3119	-0.7982
754ab9aa-f727-4378-bec5-0397ac83401a	18	49935958	49949547	11	-1.7591
754ab9aa-f727-4378-bec5-0397ac83401a	18	49950580	50330343	288	-0.857
754ab9aa-f727-4378-bec5-0397ac83401a	18	50330540	51017004	506	-4.0752
754ab9aa-f727-4378-bec5-0397ac83401a	18	51019385	51039262	24	-2.4872
754ab9aa-f727-4378-bec5-0397ac83401a	18	51039401	51039656	4	0.3913
754ab9aa-f727-4378-bec5-0397ac83401a	18	51039939	51083598	112	-1.8666
754ab9aa-f727-4378-bec5-0397ac83401a	18	51090286	51616392	345	-4.103
754ab9aa-f727-4378-bec5-0397ac83401a	18	51616941	51658378	35	-1.0867
754ab9aa-f727-4378-bec5-0397ac83401a	18	51659499	51828009	118	-4.6251
754ab9aa-f727-4378-bec5-0397ac83401a	18	51831824	61665983	6724	-0.819
754ab9aa-f727-4378-bec5-0397ac83401a	18	61666565	61667605	2	-6.6001
754ab9aa-f727-4378-bec5-0397ac83401a	18	61667779	62915669	744	-0.8424
754ab9aa-f727-4378-bec5-0397ac83401a	18	62918781	62934660	14	0.0458
754ab9aa-f727-4378-bec5-0397ac83401a	18	62936122	62937660	4	-0.8249
754ab9aa-f727-4378-bec5-0397ac83401a	18	62947164	63656542	637	0.0827
754ab9aa-f727-4378-bec5-0397ac83401a	18	63664376	66239629	1805	-0.8057
754ab9aa-f727-4378-bec5-0397ac83401a	18	66240197	66241324	4	-2.778
754ab9aa-f727-4378-bec5-0397ac83401a	18	66242447	66242480	2	-7.2199
754ab9aa-f727-4378-bec5-0397ac83401a	18	66243219	72845352	4763	-0.8397
754ab9aa-f727-4378-bec5-0397ac83401a	18	72846884	72849971	6	-3.6995
754ab9aa-f727-4378-bec5-0397ac83401a	18	72850107	78405831	4369	-0.8995
754ab9aa-f727-4378-bec5-0397ac83401a	18	78408275	78408940	2	-6.7959
754ab9aa-f727-4378-bec5-0397ac83401a	18	78410411	80257174	1007	-0.8428
754ab9aa-f727-4378-bec5-0397ac83401a	19	90910	9163124	3389	0.0146
754ab9aa-f727-4378-bec5-0397ac83401a	19	9163996	9166800	4	-1.2348
754ab9aa-f727-4378-bec5-0397ac83401a	19	9167445	20948106	5819	0.0285
754ab9aa-f727-4378-bec5-0397ac83401a	19	20950643	20975328	28	-0.1175
754ab9aa-f727-4378-bec5-0397ac83401a	19	20982361	20985935	3	-1.0866
754ab9aa-f727-4378-bec5-0397ac83401a	19	20986748	21632838	365	-0.0297
754ab9aa-f727-4378-bec5-0397ac83401a	19	21637067	21639520	5	-0.793
754ab9aa-f727-4378-bec5-0397ac83401a	19	21642962	23877761	1299	-0.0226
754ab9aa-f727-4378-bec5-0397ac83401a	19	23884154	40827346	8571	0.0162
754ab9aa-f727-4378-bec5-0397ac83401a	19	40827365	40846832	10	0.1937
754ab9aa-f727-4378-bec5-0397ac83401a	19	40854267	40886250	21	0.614
754ab9aa-f727-4378-bec5-0397ac83401a	19	40886749	44724478	2076	0.0737
754ab9aa-f727-4378-bec5-0397ac83401a	19	44726062	58586487	7511	0.0208
754ab9aa-f727-4378-bec5-0397ac83401a	20	80664	1580353	1203	0.0697
754ab9aa-f727-4378-bec5-0397ac83401a	20	1580934	1613247	41	1.3292
754ab9aa-f727-4378-bec5-0397ac83401a	20	1617300	12192263	8080	0.0627
754ab9aa-f727-4378-bec5-0397ac83401a	20	12193372	12198112	4	-1.0953
754ab9aa-f727-4378-bec5-0397ac83401a	20	12198323	31558386	10886	0.057
754ab9aa-f727-4378-bec5-0397ac83401a	20	31559342	53167766	14014	0.0321
754ab9aa-f727-4378-bec5-0397ac83401a	20	53167831	55926682	2257	0.0625
754ab9aa-f727-4378-bec5-0397ac83401a	20	55927597	55927973	2	-6.0589
754ab9aa-f727-4378-bec5-0397ac83401a	20	55929145	64324800	5878	0.0289
754ab9aa-f727-4378-bec5-0397ac83401a	21	10354168	18923894	3743	0.0771
754ab9aa-f727-4378-bec5-0397ac83401a	21	18924262	36023258	12648	0.0368
754ab9aa-f727-4378-bec5-0397ac83401a	21	36023661	45428241	6747	0.0743
754ab9aa-f727-4378-bec5-0397ac83401a	21	45428524	45428584	2	-1.4417
754ab9aa-f727-4378-bec5-0397ac83401a	21	45428674	46677045	720	0.009
754ab9aa-f727-4378-bec5-0397ac83401a	22	15294547	15484302	11	0.1827
754ab9aa-f727-4378-bec5-0397ac83401a	22	15570064	15696762	8	-0.8002
754ab9aa-f727-4378-bec5-0397ac83401a	22	15729257	22114208	3098	0.0496
754ab9aa-f727-4378-bec5-0397ac83401a	22	22119549	22120255	6	-2.8486
754ab9aa-f727-4378-bec5-0397ac83401a	22	22127104	23987520	1269	0.0497
754ab9aa-f727-4378-bec5-0397ac83401a	22	23988078	23989773	2	-2.905
754ab9aa-f727-4378-bec5-0397ac83401a	22	23990431	25265731	817	0.0301
754ab9aa-f727-4378-bec5-0397ac83401a	22	25268018	25522742	285	-3.2518
754ab9aa-f727-4378-bec5-0397ac83401a	22	25526375	38894915	9684	0.0341
754ab9aa-f727-4378-bec5-0397ac83401a	22	38899250	38900899	3	-3.1601
754ab9aa-f727-4378-bec5-0397ac83401a	22	38903109	38955461	38	0.0442
754ab9aa-f727-4378-bec5-0397ac83401a	22	38967614	38979302	24	-2.0142
754ab9aa-f727-4378-bec5-0397ac83401a	22	38993700	40397256	695	0.0476
754ab9aa-f727-4378-bec5-0397ac83401a	22	40398586	40398816	2	-2.8625
754ab9aa-f727-4378-bec5-0397ac83401a	22	40401668	47998129	5228	0.0328
754ab9aa-f727-4378-bec5-0397ac83401a	22	47998362	49515169	1460	-0.0538
754ab9aa-f727-4378-bec5-0397ac83401a	22	49516242	50796027	617	0.0887
754ab9aa-f727-4378-bec5-0397ac83401a	X	251810	10819779	6145	-0.0118
754ab9aa-f727-4378-bec5-0397ac83401a	X	10821319	11218866	195	0.0829
754ab9aa-f727-4378-bec5-0397ac83401a	X	11221839	11223076	2	-1.8058
754ab9aa-f727-4378-bec5-0397ac83401a	X	11225730	15522519	3154	0.0571
754ab9aa-f727-4378-bec5-0397ac83401a	X	15522992	34026256	11678	0.0082
754ab9aa-f727-4378-bec5-0397ac83401a	X	34028436	34052170	23	-5.4231
754ab9aa-f727-4378-bec5-0397ac83401a	X	34055308	44334425	5852	0.0133
754ab9aa-f727-4378-bec5-0397ac83401a	X	44335374	84132854	15983	-0.0519
754ab9aa-f727-4378-bec5-0397ac83401a	X	84133958	155952689	40449	-0.0042
754ab9aa-f727-4378-bec5-0397ac83401a	Y	2782397	12134312	2614	-0.0407
754ab9aa-f727-4378-bec5-0397ac83401a	Y	12142894	14192588	973	0.2072
754ab9aa-f727-4378-bec5-0397ac83401a	Y	14192907	19560212	1957	0.0249
754ab9aa-f727-4378-bec5-0397ac83401a	Y	19561068	19563077	3	-1.3016
754ab9aa-f727-4378-bec5-0397ac83401a	Y	19563828	20039471	193	0.1259
754ab9aa-f727-4378-bec5-0397ac83401a	Y	20040051	21961640	601	-0.0688
754ab9aa-f727-4378-bec5-0397ac83401a	Y	22159306	22169542	3	1.3035
754ab9aa-f727-4378-bec5-0397ac83401a	Y	22196203	56872112	296	-0.0805
