GDC_Aliquot	Chromosome	Start	End	Copy_Number	Major_Copy_Number	Minor_Copy_Number
81f5011d-4f2a-4fc4-8597-3bc27701c082	chr1	61735	27386428	2	1	1
81f5011d-4f2a-4fc4-8597-3bc27701c082	chr1	27387825	121741181	3	2	1
81f5011d-4f2a-4fc4-8597-3bc27701c082	chr1	143285278	248930189	4	2	2
81f5011d-4f2a-4fc4-8597-3bc27701c082	chr2	12784	104090220	3	2	1
81f5011d-4f2a-4fc4-8597-3bc27701c082	chr2	104090288	116615717	2	1	1
81f5011d-4f2a-4fc4-8597-3bc27701c082	chr2	116615961	119514498	3	2	1
81f5011d-4f2a-4fc4-8597-3bc27701c082	chr2	119515921	242147305	2	1	1
81f5011d-4f2a-4fc4-8597-3bc27701c082	chr3	18667	90293527	3	2	1
81f5011d-4f2a-4fc4-8597-3bc27701c082	chr3	90294151	196105394	4	2	2
81f5011d-4f2a-4fc4-8597-3bc27701c082	chr3	196105415	196287202	3	2	1
81f5011d-4f2a-4fc4-8597-3bc27701c082	chr3	196289275	198169247	4	2	2
81f5011d-4f2a-4fc4-8597-3bc27701c082	chr4	12281	186653747	2	1	1
81f5011d-4f2a-4fc4-8597-3bc27701c082	chr4	186653759	186787268	1	1	0
81f5011d-4f2a-4fc4-8597-3bc27701c082	chr4	186787702	190106768	2	1	1
81f5011d-4f2a-4fc4-8597-3bc27701c082	chr5	15532	449528	3	2	1
81f5011d-4f2a-4fc4-8597-3bc27701c082	chr5	452515	13214508	4	2	2
81f5011d-4f2a-4fc4-8597-3bc27701c082	chr5	13217697	13922286	3	2	1
81f5011d-4f2a-4fc4-8597-3bc27701c082	chr5	13924189	17601444	4	2	2
81f5011d-4f2a-4fc4-8597-3bc27701c082	chr5	17601619	21395889	3	2	1
81f5011d-4f2a-4fc4-8597-3bc27701c082	chr5	21401927	39998371	4	2	2
81f5011d-4f2a-4fc4-8597-3bc27701c082	chr5	39998743	42229557	3	2	1
81f5011d-4f2a-4fc4-8597-3bc27701c082	chr5	42229807	42422971	2	2	0
81f5011d-4f2a-4fc4-8597-3bc27701c082	chr5	42427878	181363319	3	2	1
81f5011d-4f2a-4fc4-8597-3bc27701c082	chr6	149661	41768718	2	1	1
81f5011d-4f2a-4fc4-8597-3bc27701c082	chr6	41777210	44484497	7	5	2
81f5011d-4f2a-4fc4-8597-3bc27701c082	chr6	44486280	44953583	6	4	2
81f5011d-4f2a-4fc4-8597-3bc27701c082	chr6	44956657	57964237	4	3	1
81f5011d-4f2a-4fc4-8597-3bc27701c082	chr6	57964843	61579685	3	2	1
81f5011d-4f2a-4fc4-8597-3bc27701c082	chr6	61584360	170741917	2	1	1
81f5011d-4f2a-4fc4-8597-3bc27701c082	chr7	43259	148718587	4	2	2
81f5011d-4f2a-4fc4-8597-3bc27701c082	chr7	148719571	148848879	3	2	1
81f5011d-4f2a-4fc4-8597-3bc27701c082	chr7	148854510	159334314	4	2	2
81f5011d-4f2a-4fc4-8597-3bc27701c082	chr8	81254	39034774	1	1	0
81f5011d-4f2a-4fc4-8597-3bc27701c082	chr8	39039533	84122218	2	1	1
81f5011d-4f2a-4fc4-8597-3bc27701c082	chr8	84125267	140601844	3	2	1
81f5011d-4f2a-4fc4-8597-3bc27701c082	chr8	140606532	140949726	2	2	0
81f5011d-4f2a-4fc4-8597-3bc27701c082	chr8	140952543	145072769	3	2	1
81f5011d-4f2a-4fc4-8597-3bc27701c082	chr9	46587	138200944	3	2	1
81f5011d-4f2a-4fc4-8597-3bc27701c082	chr10	26823	4372999	3	2	1
81f5011d-4f2a-4fc4-8597-3bc27701c082	chr10	4373115	6874719	4	3	1
81f5011d-4f2a-4fc4-8597-3bc27701c082	chr10	6877033	9895401	3	2	1
81f5011d-4f2a-4fc4-8597-3bc27701c082	chr10	9897706	14788025	4	3	1
81f5011d-4f2a-4fc4-8597-3bc27701c082	chr10	14795435	26261196	3	2	1
81f5011d-4f2a-4fc4-8597-3bc27701c082	chr10	26265202	36847591	4	3	1
81f5011d-4f2a-4fc4-8597-3bc27701c082	chr10	36851956	38393663	3	2	1
81f5011d-4f2a-4fc4-8597-3bc27701c082	chr10	38394675	51252129	4	3	1
81f5011d-4f2a-4fc4-8597-3bc27701c082	chr10	51252143	51701815	3	3	0
81f5011d-4f2a-4fc4-8597-3bc27701c082	chr10	51701834	54111511	4	3	1
81f5011d-4f2a-4fc4-8597-3bc27701c082	chr10	54111563	56434229	3	2	1
81f5011d-4f2a-4fc4-8597-3bc27701c082	chr10	56437456	64522190	4	3	1
81f5011d-4f2a-4fc4-8597-3bc27701c082	chr10	64522886	66215237	3	2	1
81f5011d-4f2a-4fc4-8597-3bc27701c082	chr10	66218134	81863667	4	3	1
81f5011d-4f2a-4fc4-8597-3bc27701c082	chr10	81863749	91998458	3	2	1
81f5011d-4f2a-4fc4-8597-3bc27701c082	chr10	91999336	133769379	2	1	1
81f5011d-4f2a-4fc4-8597-3bc27701c082	chr11	198572	135074876	2	2	0
81f5011d-4f2a-4fc4-8597-3bc27701c082	chr12	51460	34302636	2	1	1
81f5011d-4f2a-4fc4-8597-3bc27701c082	chr12	34304273	133201603	3	2	1
81f5011d-4f2a-4fc4-8597-3bc27701c082	chr13	18452809	60272479	7	6	1
81f5011d-4f2a-4fc4-8597-3bc27701c082	chr13	60272549	68690391	6	5	1
81f5011d-4f2a-4fc4-8597-3bc27701c082	chr13	68690404	105264139	7	6	1
81f5011d-4f2a-4fc4-8597-3bc27701c082	chr13	105264919	107272825	8	7	1
81f5011d-4f2a-4fc4-8597-3bc27701c082	chr13	107274003	114342922	7	6	1
81f5011d-4f2a-4fc4-8597-3bc27701c082	chr14	18225647	21891483	2	2	0
81f5011d-4f2a-4fc4-8597-3bc27701c082	chr14	21899370	22163989	3	3	0
81f5011d-4f2a-4fc4-8597-3bc27701c082	chr14	22164873	22506715	4	4	0
81f5011d-4f2a-4fc4-8597-3bc27701c082	chr14	22506743	106877229	2	2	0
81f5011d-4f2a-4fc4-8597-3bc27701c082	chr15	19811075	31017960	2	2	0
81f5011d-4f2a-4fc4-8597-3bc27701c082	chr15	31021008	31378472	1	1	0
81f5011d-4f2a-4fc4-8597-3bc27701c082	chr15	31383250	63603537	2	2	0
81f5011d-4f2a-4fc4-8597-3bc27701c082	chr15	63605229	64145303	1	1	0
81f5011d-4f2a-4fc4-8597-3bc27701c082	chr15	64147333	100996951	2	2	0
81f5011d-4f2a-4fc4-8597-3bc27701c082	chr15	100998376	101928837	3	3	0
81f5011d-4f2a-4fc4-8597-3bc27701c082	chr16	10777	6290512	2	1	1
81f5011d-4f2a-4fc4-8597-3bc27701c082	chr16	6290524	6502164	1	1	0
81f5011d-4f2a-4fc4-8597-3bc27701c082	chr16	6502266	6654538	3	2	1
81f5011d-4f2a-4fc4-8597-3bc27701c082	chr16	6656023	6822824	1	1	0
81f5011d-4f2a-4fc4-8597-3bc27701c082	chr16	6823787	30452505	2	1	1
81f5011d-4f2a-4fc4-8597-3bc27701c082	chr16	30452713	90221127	3	2	1
81f5011d-4f2a-4fc4-8597-3bc27701c082	chr17	150733	53246927	2	2	0
81f5011d-4f2a-4fc4-8597-3bc27701c082	chr17	53246963	53703040	1	1	0
81f5011d-4f2a-4fc4-8597-3bc27701c082	chr17	53703889	83090856	2	2	0
81f5011d-4f2a-4fc4-8597-3bc27701c082	chr18	48133	5003200	2	1	1
81f5011d-4f2a-4fc4-8597-3bc27701c082	chr18	5003538	15402409	1	1	0
81f5011d-4f2a-4fc4-8597-3bc27701c082	chr18	20949392	22113526	3	2	1
81f5011d-4f2a-4fc4-8597-3bc27701c082	chr18	22116709	25333213	5	4	1
81f5011d-4f2a-4fc4-8597-3bc27701c082	chr18	25336827	72677215	1	1	0
81f5011d-4f2a-4fc4-8597-3bc27701c082	chr18	72680635	80257174	2	1	1
81f5011d-4f2a-4fc4-8597-3bc27701c082	chr19	90910	5636353	1	1	0
81f5011d-4f2a-4fc4-8597-3bc27701c082	chr19	5637877	10821888	3	2	1
81f5011d-4f2a-4fc4-8597-3bc27701c082	chr19	10823506	11544412	2	2	0
81f5011d-4f2a-4fc4-8597-3bc27701c082	chr19	11546166	28507965	3	2	1
81f5011d-4f2a-4fc4-8597-3bc27701c082	chr19	28508468	55024604	2	2	0
81f5011d-4f2a-4fc4-8597-3bc27701c082	chr19	55024838	57815683	3	3	0
81f5011d-4f2a-4fc4-8597-3bc27701c082	chr19	57818483	58586487	1	1	0
81f5011d-4f2a-4fc4-8597-3bc27701c082	chr20	80664	35013449	4	2	2
81f5011d-4f2a-4fc4-8597-3bc27701c082	chr20	35019661	64324800	5	3	2
81f5011d-4f2a-4fc4-8597-3bc27701c082	chr21	10336543	28049437	3	2	1
81f5011d-4f2a-4fc4-8597-3bc27701c082	chr21	28052608	28494500	5	4	1
81f5011d-4f2a-4fc4-8597-3bc27701c082	chr21	28495033	28590481	3	2	1
81f5011d-4f2a-4fc4-8597-3bc27701c082	chr21	28592454	31523038	2	1	1
81f5011d-4f2a-4fc4-8597-3bc27701c082	chr21	31531575	33668934	3	2	1
81f5011d-4f2a-4fc4-8597-3bc27701c082	chr21	33669748	34260996	2	1	1
81f5011d-4f2a-4fc4-8597-3bc27701c082	chr21	34261230	38151798	4	3	1
81f5011d-4f2a-4fc4-8597-3bc27701c082	chr21	38154337	39362996	1	1	0
81f5011d-4f2a-4fc4-8597-3bc27701c082	chr21	39363680	41134133	5	4	1
81f5011d-4f2a-4fc4-8597-3bc27701c082	chr21	41134180	42141358	4	3	1
81f5011d-4f2a-4fc4-8597-3bc27701c082	chr21	42144088	42274870	3	3	0
81f5011d-4f2a-4fc4-8597-3bc27701c082	chr21	42277085	44348467	4	3	1
81f5011d-4f2a-4fc4-8597-3bc27701c082	chr21	44348715	45291559	5	4	1
81f5011d-4f2a-4fc4-8597-3bc27701c082	chr21	45294726	46677045	3	2	1
81f5011d-4f2a-4fc4-8597-3bc27701c082	chr22	15294545	50796027	2	1	1
81f5011d-4f2a-4fc4-8597-3bc27701c082	chrX	251810	2776199	4	2	2
81f5011d-4f2a-4fc4-8597-3bc27701c082	chrX	2785350	6941928	2	2	0
81f5011d-4f2a-4fc4-8597-3bc27701c082	chrX	6944642	7523984	1	1	0
81f5011d-4f2a-4fc4-8597-3bc27701c082	chrX	7530007	7736107	2	2	0
81f5011d-4f2a-4fc4-8597-3bc27701c082	chrX	7737928	8448229	3	3	0
81f5011d-4f2a-4fc4-8597-3bc27701c082	chrX	8448668	155699837	2	2	0
81f5011d-4f2a-4fc4-8597-3bc27701c082	chrX	155733777	156004181	4	2	2
