GDC_Aliquot	Chromosome	Start	End	Copy_Number	Major_Copy_Number	Minor_Copy_Number
80bb2dc3-9ebd-4810-a093-669733c64810	chr1	62920	121705338	2	1	1
80bb2dc3-9ebd-4810-a093-669733c64810	chr1	143541857	147050214	3	2	1
80bb2dc3-9ebd-4810-a093-669733c64810	chr1	147052335	196858725	2	1	1
80bb2dc3-9ebd-4810-a093-669733c64810	chr1	196859649	196926717	1	1	0
80bb2dc3-9ebd-4810-a093-669733c64810	chr1	196932623	236622123	2	1	1
80bb2dc3-9ebd-4810-a093-669733c64810	chr1	236622345	236628767	1	1	0
80bb2dc3-9ebd-4810-a093-669733c64810	chr1	236628968	248930189	2	1	1
80bb2dc3-9ebd-4810-a093-669733c64810	chr2	12784	141604875	2	1	1
80bb2dc3-9ebd-4810-a093-669733c64810	chr2	141605904	141632802	3	2	1
80bb2dc3-9ebd-4810-a093-669733c64810	chr2	141632860	240254198	2	1	1
80bb2dc3-9ebd-4810-a093-669733c64810	chr2	240254477	240285947	1	1	0
80bb2dc3-9ebd-4810-a093-669733c64810	chr2	240286029	242147305	2	1	1
80bb2dc3-9ebd-4810-a093-669733c64810	chr3	20930	21958333	2	1	1
80bb2dc3-9ebd-4810-a093-669733c64810	chr3	21958350	21976561	1	1	0
80bb2dc3-9ebd-4810-a093-669733c64810	chr3	21977903	166201647	2	1	1
80bb2dc3-9ebd-4810-a093-669733c64810	chr3	166202770	166233542	3	2	1
80bb2dc3-9ebd-4810-a093-669733c64810	chr3	166239316	193156958	2	1	1
80bb2dc3-9ebd-4810-a093-669733c64810	chr3	193160113	193165114	10	10	0
80bb2dc3-9ebd-4810-a093-669733c64810	chr3	193168646	198169247	2	1	1
80bb2dc3-9ebd-4810-a093-669733c64810	chr4	68929	68478894	2	1	1
80bb2dc3-9ebd-4810-a093-669733c64810	chr4	68494770	68623617	4	4	0
80bb2dc3-9ebd-4810-a093-669733c64810	chr4	68639397	190106768	2	1	1
80bb2dc3-9ebd-4810-a093-669733c64810	chr5	15532	44856926	2	1	1
80bb2dc3-9ebd-4810-a093-669733c64810	chr5	44858158	44890091	1	1	0
80bb2dc3-9ebd-4810-a093-669733c64810	chr5	44891368	181363319	2	1	1
80bb2dc3-9ebd-4810-a093-669733c64810	chr6	149661	103286954	2	1	1
80bb2dc3-9ebd-4810-a093-669733c64810	chr6	103290101	103314186	4	4	0
80bb2dc3-9ebd-4810-a093-669733c64810	chr6	103317795	170741917	2	1	1
80bb2dc3-9ebd-4810-a093-669733c64810	chr7	43259	143512169	2	1	1
80bb2dc3-9ebd-4810-a093-669733c64810	chr7	143512313	144199159	3	2	1
80bb2dc3-9ebd-4810-a093-669733c64810	chr7	144207186	159334314	2	1	1
80bb2dc3-9ebd-4810-a093-669733c64810	chr8	81254	145072769	2	1	1
80bb2dc3-9ebd-4810-a093-669733c64810	chr9	46587	138200944	2	1	1
80bb2dc3-9ebd-4810-a093-669733c64810	chr10	45792	45719983	2	1	1
80bb2dc3-9ebd-4810-a093-669733c64810	chr10	45720318	47724261	3	2	1
80bb2dc3-9ebd-4810-a093-669733c64810	chr10	47729691	66590450	2	1	1
80bb2dc3-9ebd-4810-a093-669733c64810	chr10	66594946	66678246	1	1	0
80bb2dc3-9ebd-4810-a093-669733c64810	chr10	66679046	108396247	2	1	1
80bb2dc3-9ebd-4810-a093-669733c64810	chr10	108396675	108412754	3	2	1
80bb2dc3-9ebd-4810-a093-669733c64810	chr10	108412941	133654968	2	1	1
80bb2dc3-9ebd-4810-a093-669733c64810	chr11	198510	79106052	2	1	1
80bb2dc3-9ebd-4810-a093-669733c64810	chr11	79106209	79109660	1	1	0
80bb2dc3-9ebd-4810-a093-669733c64810	chr11	79110053	135074876	2	1	1
80bb2dc3-9ebd-4810-a093-669733c64810	chr12	51460	133201603	2	1	1
80bb2dc3-9ebd-4810-a093-669733c64810	chr13	18452809	57192766	2	1	1
80bb2dc3-9ebd-4810-a093-669733c64810	chr13	57193049	57204246	0	0	0
80bb2dc3-9ebd-4810-a093-669733c64810	chr13	57215580	114342922	2	1	1
80bb2dc3-9ebd-4810-a093-669733c64810	chr14	18239283	106877229	2	1	1
80bb2dc3-9ebd-4810-a093-669733c64810	chr15	19811075	57335253	2	1	1
80bb2dc3-9ebd-4810-a093-669733c64810	chr15	57335913	57486126	3	2	1
80bb2dc3-9ebd-4810-a093-669733c64810	chr15	57486837	98368802	2	1	1
80bb2dc3-9ebd-4810-a093-669733c64810	chr15	98369946	98382318	1	1	0
80bb2dc3-9ebd-4810-a093-669733c64810	chr15	98382453	101928837	2	1	1
80bb2dc3-9ebd-4810-a093-669733c64810	chr16	10777	90096867	2	1	1
80bb2dc3-9ebd-4810-a093-669733c64810	chr17	150733	83091923	2	1	1
80bb2dc3-9ebd-4810-a093-669733c64810	chr18	48133	80257174	2	1	1
80bb2dc3-9ebd-4810-a093-669733c64810	chr19	90910	1784172	2	1	1
80bb2dc3-9ebd-4810-a093-669733c64810	chr19	1784212	1916393	1	1	0
80bb2dc3-9ebd-4810-a093-669733c64810	chr19	1916451	6898422	2	1	1
80bb2dc3-9ebd-4810-a093-669733c64810	chr19	6900704	6903083	1	1	0
80bb2dc3-9ebd-4810-a093-669733c64810	chr19	6903526	58586487	2	1	1
80bb2dc3-9ebd-4810-a093-669733c64810	chr20	80664	58288381	2	1	1
80bb2dc3-9ebd-4810-a093-669733c64810	chr20	58288413	58299873	3	2	1
80bb2dc3-9ebd-4810-a093-669733c64810	chr20	58301917	64324800	2	1	1
80bb2dc3-9ebd-4810-a093-669733c64810	chr21	12973348	46677045	2	1	1
80bb2dc3-9ebd-4810-a093-669733c64810	chr22	16392123	25316206	2	1	1
80bb2dc3-9ebd-4810-a093-669733c64810	chr22	25316329	25522742	1	1	0
80bb2dc3-9ebd-4810-a093-669733c64810	chr22	25526375	50796027	2	1	1
80bb2dc3-9ebd-4810-a093-669733c64810	chrX	251810	1401237	2	1	1
80bb2dc3-9ebd-4810-a093-669733c64810	chrX	1420810	1478856	1	1	0
80bb2dc3-9ebd-4810-a093-669733c64810	chrX	1479705	2717448	2	1	1
80bb2dc3-9ebd-4810-a093-669733c64810	chrX	2719189	2743052	3	2	1
80bb2dc3-9ebd-4810-a093-669733c64810	chrX	2743811	2771845	2	1	1
80bb2dc3-9ebd-4810-a093-669733c64810	chrX	2774669	156004181	1	1	0
80bb2dc3-9ebd-4810-a093-669733c64810	chrY	2782397	26653788	2	1	1
80bb2dc3-9ebd-4810-a093-669733c64810	chrY	56872112	56872112	3	3	0
