GDC_Aliquot	Chromosome	Start	End	Num_Probes	Segment_Mean
e6d38cbe-34c8-4f08-8cfd-8b14fdb4b53f	1	62920	25256850	14003	-0.0513
e6d38cbe-34c8-4f08-8cfd-8b14fdb4b53f	1	25266637	25320198	22	-2.1695
e6d38cbe-34c8-4f08-8cfd-8b14fdb4b53f	1	25320253	30264526	2387	-0.0499
e6d38cbe-34c8-4f08-8cfd-8b14fdb4b53f	1	30265508	30272363	11	-0.6421
e6d38cbe-34c8-4f08-8cfd-8b14fdb4b53f	1	30274729	72303233	26325	-0.0451
e6d38cbe-34c8-4f08-8cfd-8b14fdb4b53f	1	72303253	72345465	45	-1.7802
e6d38cbe-34c8-4f08-8cfd-8b14fdb4b53f	1	72346221	103613021	20017	-0.0428
e6d38cbe-34c8-4f08-8cfd-8b14fdb4b53f	1	103613109	103621165	10	-0.8765
e6d38cbe-34c8-4f08-8cfd-8b14fdb4b53f	1	103697067	105459522	917	-0.0224
e6d38cbe-34c8-4f08-8cfd-8b14fdb4b53f	1	105459540	105476583	4	0.3822
e6d38cbe-34c8-4f08-8cfd-8b14fdb4b53f	1	105476614	105479753	16	1.3653
e6d38cbe-34c8-4f08-8cfd-8b14fdb4b53f	1	105481433	105544653	49	0.5068
e6d38cbe-34c8-4f08-8cfd-8b14fdb4b53f	1	105548298	109690352	2583	-0.0479
e6d38cbe-34c8-4f08-8cfd-8b14fdb4b53f	1	109690415	109697556	12	-0.8256
e6d38cbe-34c8-4f08-8cfd-8b14fdb4b53f	1	109702376	112147704	1948	-0.0449
e6d38cbe-34c8-4f08-8cfd-8b14fdb4b53f	1	112153343	112154768	25	-1.9719
e6d38cbe-34c8-4f08-8cfd-8b14fdb4b53f	1	112163334	121562506	5149	-0.0397
e6d38cbe-34c8-4f08-8cfd-8b14fdb4b53f	1	121573287	143811517	132	0.1782
e6d38cbe-34c8-4f08-8cfd-8b14fdb4b53f	1	143890323	152583230	2318	-0.039
e6d38cbe-34c8-4f08-8cfd-8b14fdb4b53f	1	152583291	152614118	34	-2.3377
e6d38cbe-34c8-4f08-8cfd-8b14fdb4b53f	1	152618018	196745743	29655	-0.041
e6d38cbe-34c8-4f08-8cfd-8b14fdb4b53f	1	196758720	196832525	57	0.3396
e6d38cbe-34c8-4f08-8cfd-8b14fdb4b53f	1	196832720	222193326	17396	-0.0405
e6d38cbe-34c8-4f08-8cfd-8b14fdb4b53f	1	222201492	222203662	2	1.5427
e6d38cbe-34c8-4f08-8cfd-8b14fdb4b53f	1	222208792	236735742	9688	-0.046
e6d38cbe-34c8-4f08-8cfd-8b14fdb4b53f	1	236736718	236737237	7	-1.0285
e6d38cbe-34c8-4f08-8cfd-8b14fdb4b53f	1	236738518	248446755	8501	-0.0536
e6d38cbe-34c8-4f08-8cfd-8b14fdb4b53f	1	248447206	248458096	3	-2.1813
e6d38cbe-34c8-4f08-8cfd-8b14fdb4b53f	1	248458851	248930189	197	-0.053
e6d38cbe-34c8-4f08-8cfd-8b14fdb4b53f	2	12784	12215657	9375	-0.0495
e6d38cbe-34c8-4f08-8cfd-8b14fdb4b53f	2	12216159	12216306	2	-2.2994
e6d38cbe-34c8-4f08-8cfd-8b14fdb4b53f	2	12217340	22688855	7465	-0.0356
e6d38cbe-34c8-4f08-8cfd-8b14fdb4b53f	2	22689630	22690202	3	-1.5215
e6d38cbe-34c8-4f08-8cfd-8b14fdb4b53f	2	22697714	28644540	3226	-0.0343
e6d38cbe-34c8-4f08-8cfd-8b14fdb4b53f	2	28646270	28659157	8	-0.8066
e6d38cbe-34c8-4f08-8cfd-8b14fdb4b53f	2	28666822	34466002	3990	-0.0293
e6d38cbe-34c8-4f08-8cfd-8b14fdb4b53f	2	34474248	34511990	46	-2.352
e6d38cbe-34c8-4f08-8cfd-8b14fdb4b53f	2	34512096	44142053	7074	-0.0359
e6d38cbe-34c8-4f08-8cfd-8b14fdb4b53f	2	44144582	44144674	2	-2.4359
e6d38cbe-34c8-4f08-8cfd-8b14fdb4b53f	2	44145770	52510912	5908	-0.0323
e6d38cbe-34c8-4f08-8cfd-8b14fdb4b53f	2	52511902	52554359	43	-0.337
e6d38cbe-34c8-4f08-8cfd-8b14fdb4b53f	2	52554366	53365055	678	-0.0499
e6d38cbe-34c8-4f08-8cfd-8b14fdb4b53f	2	53365108	53366719	2	-1.5595
e6d38cbe-34c8-4f08-8cfd-8b14fdb4b53f	2	53367478	54106592	492	-0.0341
e6d38cbe-34c8-4f08-8cfd-8b14fdb4b53f	2	54108826	54110262	2	-1.7338
e6d38cbe-34c8-4f08-8cfd-8b14fdb4b53f	2	54112284	65489482	7068	-0.027
e6d38cbe-34c8-4f08-8cfd-8b14fdb4b53f	2	65490956	65492807	5	-1.1038
e6d38cbe-34c8-4f08-8cfd-8b14fdb4b53f	2	65496822	87286164	13789	-0.0423
e6d38cbe-34c8-4f08-8cfd-8b14fdb4b53f	2	87287256	87295819	3	-1.5567
e6d38cbe-34c8-4f08-8cfd-8b14fdb4b53f	2	87299357	95431649	1172	-0.054
e6d38cbe-34c8-4f08-8cfd-8b14fdb4b53f	2	95483057	95486051	4	-1.3063
e6d38cbe-34c8-4f08-8cfd-8b14fdb4b53f	2	95486122	106266773	6199	-0.0416
e6d38cbe-34c8-4f08-8cfd-8b14fdb4b53f	2	106266875	106268901	7	0.859
e6d38cbe-34c8-4f08-8cfd-8b14fdb4b53f	2	106270799	121721047	8809	-0.0436
e6d38cbe-34c8-4f08-8cfd-8b14fdb4b53f	2	121721563	121722033	4	-1.0606
e6d38cbe-34c8-4f08-8cfd-8b14fdb4b53f	2	121724566	127071706	3526	-0.0421
e6d38cbe-34c8-4f08-8cfd-8b14fdb4b53f	2	127072553	127101070	18	-0.5355
e6d38cbe-34c8-4f08-8cfd-8b14fdb4b53f	2	127103254	146104517	11458	-0.0447
e6d38cbe-34c8-4f08-8cfd-8b14fdb4b53f	2	146106836	146109366	24	-2.2394
e6d38cbe-34c8-4f08-8cfd-8b14fdb4b53f	2	146120238	173478207	16688	-0.0327
e6d38cbe-34c8-4f08-8cfd-8b14fdb4b53f	2	173478972	173479352	3	-2.29
e6d38cbe-34c8-4f08-8cfd-8b14fdb4b53f	2	173479628	174948630	926	-0.032
e6d38cbe-34c8-4f08-8cfd-8b14fdb4b53f	2	174954760	174962508	2	1.6726
e6d38cbe-34c8-4f08-8cfd-8b14fdb4b53f	2	174963370	179548644	2865	-0.0453
e6d38cbe-34c8-4f08-8cfd-8b14fdb4b53f	2	179553484	179557410	30	-0.8529
e6d38cbe-34c8-4f08-8cfd-8b14fdb4b53f	2	179560916	182881729	2145	-0.0327
e6d38cbe-34c8-4f08-8cfd-8b14fdb4b53f	2	182889675	182889936	2	-1.7762
e6d38cbe-34c8-4f08-8cfd-8b14fdb4b53f	2	182890528	183929673	611	-0.0218
e6d38cbe-34c8-4f08-8cfd-8b14fdb4b53f	2	183929787	183937714	16	-0.8634
e6d38cbe-34c8-4f08-8cfd-8b14fdb4b53f	2	183943862	194495886	5915	-0.0223
e6d38cbe-34c8-4f08-8cfd-8b14fdb4b53f	2	194500751	194501360	4	-1.2368
e6d38cbe-34c8-4f08-8cfd-8b14fdb4b53f	2	194501795	207490231	7743	-0.0397
e6d38cbe-34c8-4f08-8cfd-8b14fdb4b53f	2	207490454	207494612	16	-1.0724
e6d38cbe-34c8-4f08-8cfd-8b14fdb4b53f	2	207494752	212324642	3048	-0.0325
e6d38cbe-34c8-4f08-8cfd-8b14fdb4b53f	2	212325270	212327101	18	0.4598
e6d38cbe-34c8-4f08-8cfd-8b14fdb4b53f	2	212327402	241072273	18548	-0.0409
e6d38cbe-34c8-4f08-8cfd-8b14fdb4b53f	2	241074641	241074746	2	-1.8622
e6d38cbe-34c8-4f08-8cfd-8b14fdb4b53f	2	241077474	242147305	454	-0.0739
e6d38cbe-34c8-4f08-8cfd-8b14fdb4b53f	3	20930	6604856	5809	-0.0433
e6d38cbe-34c8-4f08-8cfd-8b14fdb4b53f	3	6609441	6611645	23	-0.8718
e6d38cbe-34c8-4f08-8cfd-8b14fdb4b53f	3	6613391	16197556	7052	-0.043
e6d38cbe-34c8-4f08-8cfd-8b14fdb4b53f	3	16199049	16199672	6	-1.0812
e6d38cbe-34c8-4f08-8cfd-8b14fdb4b53f	3	16199818	26559609	7094	-0.0392
e6d38cbe-34c8-4f08-8cfd-8b14fdb4b53f	3	26560269	26573486	20	-0.5621
e6d38cbe-34c8-4f08-8cfd-8b14fdb4b53f	3	26574458	52989195	15683	-0.0416
e6d38cbe-34c8-4f08-8cfd-8b14fdb4b53f	3	52994359	53005263	40	-0.7508
e6d38cbe-34c8-4f08-8cfd-8b14fdb4b53f	3	53005439	58157713	3493	-0.0511
e6d38cbe-34c8-4f08-8cfd-8b14fdb4b53f	3	58158893	58354197	141	0.5378
e6d38cbe-34c8-4f08-8cfd-8b14fdb4b53f	3	58358429	60449149	1761	-0.042
e6d38cbe-34c8-4f08-8cfd-8b14fdb4b53f	3	60455608	60471012	13	-0.9676
e6d38cbe-34c8-4f08-8cfd-8b14fdb4b53f	3	60471221	60546719	106	-0.0431
e6d38cbe-34c8-4f08-8cfd-8b14fdb4b53f	3	60549998	61097926	566	-0.7405
e6d38cbe-34c8-4f08-8cfd-8b14fdb4b53f	3	61106963	61765755	515	-0.058
e6d38cbe-34c8-4f08-8cfd-8b14fdb4b53f	3	61767323	61938060	117	-0.6968
e6d38cbe-34c8-4f08-8cfd-8b14fdb4b53f	3	61941145	68240643	4960	-0.0488
e6d38cbe-34c8-4f08-8cfd-8b14fdb4b53f	3	68240711	68242359	2	-1.2436
e6d38cbe-34c8-4f08-8cfd-8b14fdb4b53f	3	68244191	68697108	350	-0.0508
e6d38cbe-34c8-4f08-8cfd-8b14fdb4b53f	3	68697133	68698262	13	0.4461
e6d38cbe-34c8-4f08-8cfd-8b14fdb4b53f	3	68699607	75519398	4925	-0.0473
e6d38cbe-34c8-4f08-8cfd-8b14fdb4b53f	3	75523398	75537654	5	-2.2807
e6d38cbe-34c8-4f08-8cfd-8b14fdb4b53f	3	75546030	82812537	4103	-0.0424
e6d38cbe-34c8-4f08-8cfd-8b14fdb4b53f	3	82815398	82823892	7	-0.7308
e6d38cbe-34c8-4f08-8cfd-8b14fdb4b53f	3	82831894	84053071	566	-0.0291
e6d38cbe-34c8-4f08-8cfd-8b14fdb4b53f	3	84056282	84057015	2	-1.3245
e6d38cbe-34c8-4f08-8cfd-8b14fdb4b53f	3	84061816	84649839	298	-0.0457
e6d38cbe-34c8-4f08-8cfd-8b14fdb4b53f	3	84650033	84653010	16	-0.7013
e6d38cbe-34c8-4f08-8cfd-8b14fdb4b53f	3	84653084	130067097	24725	-0.0383
e6d38cbe-34c8-4f08-8cfd-8b14fdb4b53f	3	130067366	130079892	26	0.6338
e6d38cbe-34c8-4f08-8cfd-8b14fdb4b53f	3	130079938	162794951	20273	-0.0413
e6d38cbe-34c8-4f08-8cfd-8b14fdb4b53f	3	162795304	162908784	69	0.9453
e6d38cbe-34c8-4f08-8cfd-8b14fdb4b53f	3	162908815	187403845	14968	-0.0402
e6d38cbe-34c8-4f08-8cfd-8b14fdb4b53f	3	187405248	187405305	2	-1.7301
e6d38cbe-34c8-4f08-8cfd-8b14fdb4b53f	3	187405600	193160113	4188	-0.0333
e6d38cbe-34c8-4f08-8cfd-8b14fdb4b53f	3	193160173	193165114	19	1.254
e6d38cbe-34c8-4f08-8cfd-8b14fdb4b53f	3	193168646	198169247	2694	-0.0392
e6d38cbe-34c8-4f08-8cfd-8b14fdb4b53f	4	68929	32538160	21444	-0.0483
e6d38cbe-34c8-4f08-8cfd-8b14fdb4b53f	4	32542409	32542776	3	-2.2055
e6d38cbe-34c8-4f08-8cfd-8b14fdb4b53f	4	32544799	34777432	1246	-0.0513
e6d38cbe-34c8-4f08-8cfd-8b14fdb4b53f	4	34784878	34822561	37	-0.5838
e6d38cbe-34c8-4f08-8cfd-8b14fdb4b53f	4	34823103	68395346	19437	-0.0452
e6d38cbe-34c8-4f08-8cfd-8b14fdb4b53f	4	68416487	68422424	5	-1.3257
e6d38cbe-34c8-4f08-8cfd-8b14fdb4b53f	4	68429081	68509237	14	0.0962
e6d38cbe-34c8-4f08-8cfd-8b14fdb4b53f	4	68509442	68623617	64	0.7176
e6d38cbe-34c8-4f08-8cfd-8b14fdb4b53f	4	68639397	69523998	476	-0.0024
e6d38cbe-34c8-4f08-8cfd-8b14fdb4b53f	4	69524143	69525061	2	-2.7581
e6d38cbe-34c8-4f08-8cfd-8b14fdb4b53f	4	69526170	137171041	40448	-0.0419
e6d38cbe-34c8-4f08-8cfd-8b14fdb4b53f	4	137171085	137173818	16	-0.8186
e6d38cbe-34c8-4f08-8cfd-8b14fdb4b53f	4	137173967	151260315	8497	-0.0521
e6d38cbe-34c8-4f08-8cfd-8b14fdb4b53f	4	151265210	151268380	5	-1.095
e6d38cbe-34c8-4f08-8cfd-8b14fdb4b53f	4	151271656	153896896	1668	-0.0439
e6d38cbe-34c8-4f08-8cfd-8b14fdb4b53f	4	153897370	153897695	2	-1.5585
e6d38cbe-34c8-4f08-8cfd-8b14fdb4b53f	4	153898360	164615308	6907	-0.0567
e6d38cbe-34c8-4f08-8cfd-8b14fdb4b53f	4	164615544	164620298	3	-1.4037
e6d38cbe-34c8-4f08-8cfd-8b14fdb4b53f	4	164620615	171455823	4300	-0.0435
e6d38cbe-34c8-4f08-8cfd-8b14fdb4b53f	4	171456106	171456559	6	1.6136
e6d38cbe-34c8-4f08-8cfd-8b14fdb4b53f	4	171456573	190106768	12480	-0.0554
e6d38cbe-34c8-4f08-8cfd-8b14fdb4b53f	5	15532	16828124	12943	-0.0515
e6d38cbe-34c8-4f08-8cfd-8b14fdb4b53f	5	16830997	16831190	2	-2.2031
e6d38cbe-34c8-4f08-8cfd-8b14fdb4b53f	5	16834459	46270906	17709	-0.0367
e6d38cbe-34c8-4f08-8cfd-8b14fdb4b53f	5	46271006	46273400	7	1.3356
e6d38cbe-34c8-4f08-8cfd-8b14fdb4b53f	5	46278110	55648434	3409	-0.0356
e6d38cbe-34c8-4f08-8cfd-8b14fdb4b53f	5	55648442	55652905	2	-1.6423
e6d38cbe-34c8-4f08-8cfd-8b14fdb4b53f	5	55653361	58033288	1663	-0.0355
e6d38cbe-34c8-4f08-8cfd-8b14fdb4b53f	5	58033703	58037688	27	-0.6243
e6d38cbe-34c8-4f08-8cfd-8b14fdb4b53f	5	58037706	69550476	7295	-0.0278
e6d38cbe-34c8-4f08-8cfd-8b14fdb4b53f	5	69571467	71011717	22	0.5143
e6d38cbe-34c8-4f08-8cfd-8b14fdb4b53f	5	71053366	140839137	42706	-0.0311
e6d38cbe-34c8-4f08-8cfd-8b14fdb4b53f	5	140844251	140852254	10	-0.8286
e6d38cbe-34c8-4f08-8cfd-8b14fdb4b53f	5	140861442	141196668	148	-0.0002
e6d38cbe-34c8-4f08-8cfd-8b14fdb4b53f	5	141218244	141221626	5	-1.0583
e6d38cbe-34c8-4f08-8cfd-8b14fdb4b53f	5	141222547	177770954	24863	-0.0338
e6d38cbe-34c8-4f08-8cfd-8b14fdb4b53f	5	177771448	177805604	4	2.6072
e6d38cbe-34c8-4f08-8cfd-8b14fdb4b53f	5	177827964	181363319	1982	-0.0413
e6d38cbe-34c8-4f08-8cfd-8b14fdb4b53f	6	149661	251566	93	0.0138
e6d38cbe-34c8-4f08-8cfd-8b14fdb4b53f	6	251648	375277	103	0.279
e6d38cbe-34c8-4f08-8cfd-8b14fdb4b53f	6	375759	4698433	3566	0.0433
e6d38cbe-34c8-4f08-8cfd-8b14fdb4b53f	6	4700450	4700896	3	-1.6781
e6d38cbe-34c8-4f08-8cfd-8b14fdb4b53f	6	4701267	19039888	10999	0.0407
e6d38cbe-34c8-4f08-8cfd-8b14fdb4b53f	6	19041950	19042587	3	-2.8509
e6d38cbe-34c8-4f08-8cfd-8b14fdb4b53f	6	19044471	19050511	7	-0.7693
e6d38cbe-34c8-4f08-8cfd-8b14fdb4b53f	6	19050737	22903102	2814	0.0432
e6d38cbe-34c8-4f08-8cfd-8b14fdb4b53f	6	22905088	22905603	4	1.0254
e6d38cbe-34c8-4f08-8cfd-8b14fdb4b53f	6	22909104	26743855	2633	0.0389
e6d38cbe-34c8-4f08-8cfd-8b14fdb4b53f	6	26747492	26759781	5	1.0351
e6d38cbe-34c8-4f08-8cfd-8b14fdb4b53f	6	26831719	29869295	1414	0.0422
e6d38cbe-34c8-4f08-8cfd-8b14fdb4b53f	6	29869410	29906865	22	1.2219
e6d38cbe-34c8-4f08-8cfd-8b14fdb4b53f	6	29906932	31313046	652	0.0421
e6d38cbe-34c8-4f08-8cfd-8b14fdb4b53f	6	31318499	31328674	11	1.0144
e6d38cbe-34c8-4f08-8cfd-8b14fdb4b53f	6	31342147	32529429	514	-0.0105
e6d38cbe-34c8-4f08-8cfd-8b14fdb4b53f	6	32533522	32550992	6	-0.9727
e6d38cbe-34c8-4f08-8cfd-8b14fdb4b53f	6	32559507	32656814	38	-0.0923
e6d38cbe-34c8-4f08-8cfd-8b14fdb4b53f	6	32657318	32658841	4	1.4071
e6d38cbe-34c8-4f08-8cfd-8b14fdb4b53f	6	32682835	66521338	19236	0.0507
e6d38cbe-34c8-4f08-8cfd-8b14fdb4b53f	6	66522750	66523030	4	-1.1949
e6d38cbe-34c8-4f08-8cfd-8b14fdb4b53f	6	66526884	76305231	6327	0.0455
e6d38cbe-34c8-4f08-8cfd-8b14fdb4b53f	6	76307183	76307209	3	-1.174
e6d38cbe-34c8-4f08-8cfd-8b14fdb4b53f	6	76307276	76726815	295	0.0503
e6d38cbe-34c8-4f08-8cfd-8b14fdb4b53f	6	76730151	76758214	23	0.5093
e6d38cbe-34c8-4f08-8cfd-8b14fdb4b53f	6	76758749	78225040	950	0.0281
e6d38cbe-34c8-4f08-8cfd-8b14fdb4b53f	6	78225092	78325468	137	0.2311
e6d38cbe-34c8-4f08-8cfd-8b14fdb4b53f	6	78329517	80328695	1261	0.0617
e6d38cbe-34c8-4f08-8cfd-8b14fdb4b53f	6	80330389	80369653	28	-0.6774
e6d38cbe-34c8-4f08-8cfd-8b14fdb4b53f	6	80371220	106447993	16230	0.0519
e6d38cbe-34c8-4f08-8cfd-8b14fdb4b53f	6	106448775	106450546	3	-1.2116
e6d38cbe-34c8-4f08-8cfd-8b14fdb4b53f	6	106456026	133945130	17061	0.0547
e6d38cbe-34c8-4f08-8cfd-8b14fdb4b53f	6	133947933	133948494	2	1.7479
e6d38cbe-34c8-4f08-8cfd-8b14fdb4b53f	6	133950934	134375877	280	-0.0017
e6d38cbe-34c8-4f08-8cfd-8b14fdb4b53f	6	134376239	134376302	2	1.3878
e6d38cbe-34c8-4f08-8cfd-8b14fdb4b53f	6	134376858	143546656	5877	0.0505
e6d38cbe-34c8-4f08-8cfd-8b14fdb4b53f	6	143548730	143551460	6	-0.9518
e6d38cbe-34c8-4f08-8cfd-8b14fdb4b53f	6	143553010	157358463	9526	0.047
e6d38cbe-34c8-4f08-8cfd-8b14fdb4b53f	6	157360232	157375044	3	-1.2505
e6d38cbe-34c8-4f08-8cfd-8b14fdb4b53f	6	157375962	162400018	3600	0.0408
e6d38cbe-34c8-4f08-8cfd-8b14fdb4b53f	6	162404070	170741917	5792	-0.2217
e6d38cbe-34c8-4f08-8cfd-8b14fdb4b53f	7	43355	54305455	38459	-0.0353
e6d38cbe-34c8-4f08-8cfd-8b14fdb4b53f	7	54318812	54318824	6	1.3362
e6d38cbe-34c8-4f08-8cfd-8b14fdb4b53f	7	54325795	67172252	3733	-0.0342
e6d38cbe-34c8-4f08-8cfd-8b14fdb4b53f	7	67176387	67180245	5	-2.6587
e6d38cbe-34c8-4f08-8cfd-8b14fdb4b53f	7	67182652	67233947	15	-0.5526
e6d38cbe-34c8-4f08-8cfd-8b14fdb4b53f	7	67234797	96821084	17448	-0.0357
e6d38cbe-34c8-4f08-8cfd-8b14fdb4b53f	7	96822084	96822501	5	-1.3069
e6d38cbe-34c8-4f08-8cfd-8b14fdb4b53f	7	96822559	109801155	7250	-0.0307
e6d38cbe-34c8-4f08-8cfd-8b14fdb4b53f	7	109801187	109813853	11	0.8416
e6d38cbe-34c8-4f08-8cfd-8b14fdb4b53f	7	109813925	134093899	14736	-0.0317
e6d38cbe-34c8-4f08-8cfd-8b14fdb4b53f	7	134100424	134105690	25	0.5255
e6d38cbe-34c8-4f08-8cfd-8b14fdb4b53f	7	134110881	146377267	7685	-0.0319
e6d38cbe-34c8-4f08-8cfd-8b14fdb4b53f	7	146378337	146379054	2	-1.4434
e6d38cbe-34c8-4f08-8cfd-8b14fdb4b53f	7	146381246	155671335	6087	-0.0396
e6d38cbe-34c8-4f08-8cfd-8b14fdb4b53f	7	155673169	155674244	2	1.2683
e6d38cbe-34c8-4f08-8cfd-8b14fdb4b53f	7	155676942	156592980	688	-0.0153
e6d38cbe-34c8-4f08-8cfd-8b14fdb4b53f	7	156599096	156601485	4	-1.4062
e6d38cbe-34c8-4f08-8cfd-8b14fdb4b53f	7	156602214	157808021	681	-0.0189
e6d38cbe-34c8-4f08-8cfd-8b14fdb4b53f	7	157812116	157816706	2	-1.5147
e6d38cbe-34c8-4f08-8cfd-8b14fdb4b53f	7	157817206	159334314	940	-0.0344
e6d38cbe-34c8-4f08-8cfd-8b14fdb4b53f	8	81254	2844412	2039	-0.0458
e6d38cbe-34c8-4f08-8cfd-8b14fdb4b53f	8	2846011	2846377	7	0.797
e6d38cbe-34c8-4f08-8cfd-8b14fdb4b53f	8	2849649	3438638	616	-0.0342
e6d38cbe-34c8-4f08-8cfd-8b14fdb4b53f	8	3439198	3441636	4	-1.1194
e6d38cbe-34c8-4f08-8cfd-8b14fdb4b53f	8	3445949	3891007	639	-0.0345
e6d38cbe-34c8-4f08-8cfd-8b14fdb4b53f	8	3893412	3893608	2	-1.7611
e6d38cbe-34c8-4f08-8cfd-8b14fdb4b53f	8	3894278	5736745	2683	-0.0214
e6d38cbe-34c8-4f08-8cfd-8b14fdb4b53f	8	5741204	5749692	30	-0.7869
e6d38cbe-34c8-4f08-8cfd-8b14fdb4b53f	8	5749718	7336299	1701	-0.0249
e6d38cbe-34c8-4f08-8cfd-8b14fdb4b53f	8	7357089	7380497	19	0.5098
e6d38cbe-34c8-4f08-8cfd-8b14fdb4b53f	8	7396819	7890177	26	0.0136
e6d38cbe-34c8-4f08-8cfd-8b14fdb4b53f	8	7919608	7941868	4	-1.0797
e6d38cbe-34c8-4f08-8cfd-8b14fdb4b53f	8	7974123	12376708	3253	-0.0183
e6d38cbe-34c8-4f08-8cfd-8b14fdb4b53f	8	12376742	12545544	29	-0.5153
e6d38cbe-34c8-4f08-8cfd-8b14fdb4b53f	8	12545655	13791602	1116	-0.0348
e6d38cbe-34c8-4f08-8cfd-8b14fdb4b53f	8	13791634	13795675	6	-1.0021
e6d38cbe-34c8-4f08-8cfd-8b14fdb4b53f	8	13796043	31728937	13832	-0.0248
e6d38cbe-34c8-4f08-8cfd-8b14fdb4b53f	8	31729312	31731262	2	-1.7323
e6d38cbe-34c8-4f08-8cfd-8b14fdb4b53f	8	31733491	38430945	3972	-0.0217
e6d38cbe-34c8-4f08-8cfd-8b14fdb4b53f	8	38432841	38432991	3	1.2085
e6d38cbe-34c8-4f08-8cfd-8b14fdb4b53f	8	38433569	40324598	1156	-0.0172
e6d38cbe-34c8-4f08-8cfd-8b14fdb4b53f	8	40326278	40331992	34	-0.9555
e6d38cbe-34c8-4f08-8cfd-8b14fdb4b53f	8	40335391	40914477	451	-0.0374
e6d38cbe-34c8-4f08-8cfd-8b14fdb4b53f	8	40920333	40920952	2	-2.4531
e6d38cbe-34c8-4f08-8cfd-8b14fdb4b53f	8	40926161	47905121	2248	-0.0199
e6d38cbe-34c8-4f08-8cfd-8b14fdb4b53f	8	47908549	47933982	13	-0.687
e6d38cbe-34c8-4f08-8cfd-8b14fdb4b53f	8	47936409	67924329	12428	-0.0258
e6d38cbe-34c8-4f08-8cfd-8b14fdb4b53f	8	67925926	67926153	3	-1.2237
e6d38cbe-34c8-4f08-8cfd-8b14fdb4b53f	8	67927012	90963243	13843	-0.0107
e6d38cbe-34c8-4f08-8cfd-8b14fdb4b53f	8	90964076	90965779	3	-1.114
e6d38cbe-34c8-4f08-8cfd-8b14fdb4b53f	8	90972922	94046786	1757	-0.023
e6d38cbe-34c8-4f08-8cfd-8b14fdb4b53f	8	94046868	94049929	4	-0.8841
e6d38cbe-34c8-4f08-8cfd-8b14fdb4b53f	8	94053036	102104702	5134	-0.0213
e6d38cbe-34c8-4f08-8cfd-8b14fdb4b53f	8	102106569	102106697	2	-2.0997
e6d38cbe-34c8-4f08-8cfd-8b14fdb4b53f	8	102108427	111279265	5467	-0.017
e6d38cbe-34c8-4f08-8cfd-8b14fdb4b53f	8	111282050	111282441	5	-0.8793
e6d38cbe-34c8-4f08-8cfd-8b14fdb4b53f	8	111282809	111283031	5	-2.8947
e6d38cbe-34c8-4f08-8cfd-8b14fdb4b53f	8	111288052	114973339	2078	-0.0107
e6d38cbe-34c8-4f08-8cfd-8b14fdb4b53f	8	114974604	114974673	2	-1.88
e6d38cbe-34c8-4f08-8cfd-8b14fdb4b53f	8	114974949	141406880	19272	-0.0234
e6d38cbe-34c8-4f08-8cfd-8b14fdb4b53f	8	141412629	142610477	664	-0.1153
e6d38cbe-34c8-4f08-8cfd-8b14fdb4b53f	8	142616206	143622987	369	-0.0165
e6d38cbe-34c8-4f08-8cfd-8b14fdb4b53f	8	143623027	143624851	7	-2.4725
e6d38cbe-34c8-4f08-8cfd-8b14fdb4b53f	8	143636819	145072769	501	-0.0483
e6d38cbe-34c8-4f08-8cfd-8b14fdb4b53f	9	46587	216720	26	0.4544
e6d38cbe-34c8-4f08-8cfd-8b14fdb4b53f	9	216837	672786	625	0.7788
e6d38cbe-34c8-4f08-8cfd-8b14fdb4b53f	9	672895	676175	8	-0.3584
e6d38cbe-34c8-4f08-8cfd-8b14fdb4b53f	9	676278	3055604	2603	0.7589
e6d38cbe-34c8-4f08-8cfd-8b14fdb4b53f	9	3060199	3107487	45	1.0884
e6d38cbe-34c8-4f08-8cfd-8b14fdb4b53f	9	3112978	5079156	1938	0.7875
e6d38cbe-34c8-4f08-8cfd-8b14fdb4b53f	9	5081416	5081766	8	-0.2285
e6d38cbe-34c8-4f08-8cfd-8b14fdb4b53f	9	5081852	9265382	3593	0.7687
e6d38cbe-34c8-4f08-8cfd-8b14fdb4b53f	9	9265499	10523295	1219	0.6504
e6d38cbe-34c8-4f08-8cfd-8b14fdb4b53f	9	10523383	10524041	3	-1.0837
e6d38cbe-34c8-4f08-8cfd-8b14fdb4b53f	9	10524292	11837288	1076	0.6694
e6d38cbe-34c8-4f08-8cfd-8b14fdb4b53f	9	11837596	11837866	3	-0.6089
e6d38cbe-34c8-4f08-8cfd-8b14fdb4b53f	9	11839399	17635578	4736	0.6391
e6d38cbe-34c8-4f08-8cfd-8b14fdb4b53f	9	17636339	17636676	7	-0.181
e6d38cbe-34c8-4f08-8cfd-8b14fdb4b53f	9	17641130	22492890	3951	0.6389
e6d38cbe-34c8-4f08-8cfd-8b14fdb4b53f	9	22501914	22502700	2	2.0835
e6d38cbe-34c8-4f08-8cfd-8b14fdb4b53f	9	22509341	23361807	580	0.6473
e6d38cbe-34c8-4f08-8cfd-8b14fdb4b53f	9	23363117	23373486	8	-2.2215
e6d38cbe-34c8-4f08-8cfd-8b14fdb4b53f	9	23378490	39135456	10706	0.6471
e6d38cbe-34c8-4f08-8cfd-8b14fdb4b53f	9	39138018	42042339	151	0.3981
e6d38cbe-34c8-4f08-8cfd-8b14fdb4b53f	9	42046831	42179276	18	1.2414
e6d38cbe-34c8-4f08-8cfd-8b14fdb4b53f	9	42202227	61405110	72	0.5288
e6d38cbe-34c8-4f08-8cfd-8b14fdb4b53f	9	61520021	61647899	30	-0.0244
e6d38cbe-34c8-4f08-8cfd-8b14fdb4b53f	9	61665362	63580418	38	0.4324
e6d38cbe-34c8-4f08-8cfd-8b14fdb4b53f	9	63590317	63590322	3	2.1758
e6d38cbe-34c8-4f08-8cfd-8b14fdb4b53f	9	63590323	68328914	128	0.4423
e6d38cbe-34c8-4f08-8cfd-8b14fdb4b53f	9	68335112	77155482	6504	0.6181
e6d38cbe-34c8-4f08-8cfd-8b14fdb4b53f	9	77155594	77162488	28	1.4823
e6d38cbe-34c8-4f08-8cfd-8b14fdb4b53f	9	77171212	110262162	23370	0.6139
e6d38cbe-34c8-4f08-8cfd-8b14fdb4b53f	9	110262509	110265889	2	-2.9861
e6d38cbe-34c8-4f08-8cfd-8b14fdb4b53f	9	110270151	117225120	5300	0.6223
e6d38cbe-34c8-4f08-8cfd-8b14fdb4b53f	9	117225335	117226128	2	-1.2638
e6d38cbe-34c8-4f08-8cfd-8b14fdb4b53f	9	117226219	118959635	1392	0.6003
e6d38cbe-34c8-4f08-8cfd-8b14fdb4b53f	9	118961713	118961737	2	-1.017
e6d38cbe-34c8-4f08-8cfd-8b14fdb4b53f	9	118962481	123311401	3002	0.6175
e6d38cbe-34c8-4f08-8cfd-8b14fdb4b53f	9	123311551	123322484	4	-0.6091
e6d38cbe-34c8-4f08-8cfd-8b14fdb4b53f	9	123322842	138106837	8245	0.6252
e6d38cbe-34c8-4f08-8cfd-8b14fdb4b53f	9	138107414	138123971	41	0.2395
e6d38cbe-34c8-4f08-8cfd-8b14fdb4b53f	9	138124041	138200944	20	0.5441
e6d38cbe-34c8-4f08-8cfd-8b14fdb4b53f	10	45792	4248622	3575	-0.0489
e6d38cbe-34c8-4f08-8cfd-8b14fdb4b53f	10	4248646	4248732	2	1.729
e6d38cbe-34c8-4f08-8cfd-8b14fdb4b53f	10	4248824	19354270	12415	-0.047
e6d38cbe-34c8-4f08-8cfd-8b14fdb4b53f	10	19355754	19356310	5	-1.1192
e6d38cbe-34c8-4f08-8cfd-8b14fdb4b53f	10	19357178	24086334	3193	-0.0526
e6d38cbe-34c8-4f08-8cfd-8b14fdb4b53f	10	24088745	24089125	11	1.0331
e6d38cbe-34c8-4f08-8cfd-8b14fdb4b53f	10	24089979	37166217	9111	-0.0463
e6d38cbe-34c8-4f08-8cfd-8b14fdb4b53f	10	37172220	37178686	2	-2.0655
e6d38cbe-34c8-4f08-8cfd-8b14fdb4b53f	10	37190486	46261512	3238	-0.0421
e6d38cbe-34c8-4f08-8cfd-8b14fdb4b53f	10	46261540	46560525	138	-0.2474
e6d38cbe-34c8-4f08-8cfd-8b14fdb4b53f	10	46606240	48523157	578	-0.038
e6d38cbe-34c8-4f08-8cfd-8b14fdb4b53f	10	48524930	48524943	2	-1.877
e6d38cbe-34c8-4f08-8cfd-8b14fdb4b53f	10	48525216	52077245	2552	-0.0421
e6d38cbe-34c8-4f08-8cfd-8b14fdb4b53f	10	52077531	52091776	19	-0.7694
e6d38cbe-34c8-4f08-8cfd-8b14fdb4b53f	10	52096614	122818080	48033	-0.0403
e6d38cbe-34c8-4f08-8cfd-8b14fdb4b53f	10	122818241	122818365	2	-2.1356
e6d38cbe-34c8-4f08-8cfd-8b14fdb4b53f	10	122819819	133654968	7728	-0.0532
e6d38cbe-34c8-4f08-8cfd-8b14fdb4b53f	11	198510	5454457	2913	-0.0526
e6d38cbe-34c8-4f08-8cfd-8b14fdb4b53f	11	5454482	5483631	40	0.3426
e6d38cbe-34c8-4f08-8cfd-8b14fdb4b53f	11	5483830	5769733	287	-0.0532
e6d38cbe-34c8-4f08-8cfd-8b14fdb4b53f	11	5772211	5788108	25	0.3333
e6d38cbe-34c8-4f08-8cfd-8b14fdb4b53f	11	5788231	6086560	238	-0.0377
e6d38cbe-34c8-4f08-8cfd-8b14fdb4b53f	11	6087039	6100864	8	0.7351
e6d38cbe-34c8-4f08-8cfd-8b14fdb4b53f	11	6101273	18929959	9167	-0.0449
e6d38cbe-34c8-4f08-8cfd-8b14fdb4b53f	11	18930146	18940375	31	-0.4643
e6d38cbe-34c8-4f08-8cfd-8b14fdb4b53f	11	18940441	25706884	5364	-0.0488
e6d38cbe-34c8-4f08-8cfd-8b14fdb4b53f	11	25706899	25707066	3	-1.5676
e6d38cbe-34c8-4f08-8cfd-8b14fdb4b53f	11	25710364	27651574	1447	-0.0442
e6d38cbe-34c8-4f08-8cfd-8b14fdb4b53f	11	27655494	28041670	236	0.3463
e6d38cbe-34c8-4f08-8cfd-8b14fdb4b53f	11	28044682	28257257	85	-0.0562
e6d38cbe-34c8-4f08-8cfd-8b14fdb4b53f	11	28261966	28294367	21	-0.6646
e6d38cbe-34c8-4f08-8cfd-8b14fdb4b53f	11	28300659	49737304	13865	-0.0428
e6d38cbe-34c8-4f08-8cfd-8b14fdb4b53f	11	49738003	49739136	6	-1.126
e6d38cbe-34c8-4f08-8cfd-8b14fdb4b53f	11	49744609	55609022	731	-0.0539
e6d38cbe-34c8-4f08-8cfd-8b14fdb4b53f	11	55609035	55685058	48	0.4828
e6d38cbe-34c8-4f08-8cfd-8b14fdb4b53f	11	55685501	80256460	13259	-0.0436
e6d38cbe-34c8-4f08-8cfd-8b14fdb4b53f	11	80256469	80256520	3	-2.7775
e6d38cbe-34c8-4f08-8cfd-8b14fdb4b53f	11	80256642	82351577	1717	-0.0297
e6d38cbe-34c8-4f08-8cfd-8b14fdb4b53f	11	82354126	82354281	2	-1.6833
e6d38cbe-34c8-4f08-8cfd-8b14fdb4b53f	11	82359182	82532020	116	-0.0476
e6d38cbe-34c8-4f08-8cfd-8b14fdb4b53f	11	82533262	82533458	2	-2.0274
e6d38cbe-34c8-4f08-8cfd-8b14fdb4b53f	11	82540008	93943071	7551	-0.0348
e6d38cbe-34c8-4f08-8cfd-8b14fdb4b53f	11	93943086	93943102	2	-1.4547
e6d38cbe-34c8-4f08-8cfd-8b14fdb4b53f	11	93943456	127065382	23455	-0.0405
e6d38cbe-34c8-4f08-8cfd-8b14fdb4b53f	11	127066539	127066661	3	-1.6521
e6d38cbe-34c8-4f08-8cfd-8b14fdb4b53f	11	127068441	135074876	6164	-0.0582
e6d38cbe-34c8-4f08-8cfd-8b14fdb4b53f	12	51460	4279366	2889	0.4059
e6d38cbe-34c8-4f08-8cfd-8b14fdb4b53f	12	4279989	4280040	4	-1.2118
e6d38cbe-34c8-4f08-8cfd-8b14fdb4b53f	12	4280183	6131193	1647	0.3997
e6d38cbe-34c8-4f08-8cfd-8b14fdb4b53f	12	6136399	6136426	2	-1.1393
e6d38cbe-34c8-4f08-8cfd-8b14fdb4b53f	12	6139799	6911804	379	0.4297
e6d38cbe-34c8-4f08-8cfd-8b14fdb4b53f	12	6912921	6920703	5	-0.3489
e6d38cbe-34c8-4f08-8cfd-8b14fdb4b53f	12	6920902	8289689	634	0.4175
e6d38cbe-34c8-4f08-8cfd-8b14fdb4b53f	12	8296516	8296621	2	2.0567
e6d38cbe-34c8-4f08-8cfd-8b14fdb4b53f	12	8300870	8404097	35	0.3242
e6d38cbe-34c8-4f08-8cfd-8b14fdb4b53f	12	8405892	8432076	18	-0.0691
e6d38cbe-34c8-4f08-8cfd-8b14fdb4b53f	12	8442298	10427861	1214	0.4037
e6d38cbe-34c8-4f08-8cfd-8b14fdb4b53f	12	10430768	10443207	5	-0.4155
e6d38cbe-34c8-4f08-8cfd-8b14fdb4b53f	12	10446203	11068125	401	0.4029
e6d38cbe-34c8-4f08-8cfd-8b14fdb4b53f	12	11070111	11088933	9	-1.4203
e6d38cbe-34c8-4f08-8cfd-8b14fdb4b53f	12	11099275	13178235	1543	0.4024
e6d38cbe-34c8-4f08-8cfd-8b14fdb4b53f	12	13178404	13182206	4	-0.7491
e6d38cbe-34c8-4f08-8cfd-8b14fdb4b53f	12	13183433	33140973	13981	0.3963
e6d38cbe-34c8-4f08-8cfd-8b14fdb4b53f	12	33141564	33154440	34	0.0378
e6d38cbe-34c8-4f08-8cfd-8b14fdb4b53f	12	33155426	33227031	43	0.4109
e6d38cbe-34c8-4f08-8cfd-8b14fdb4b53f	12	33232895	33246118	8	-0.5791
e6d38cbe-34c8-4f08-8cfd-8b14fdb4b53f	12	33246152	34097761	531	0.4126
e6d38cbe-34c8-4f08-8cfd-8b14fdb4b53f	12	34103774	34111154	9	-0.8953
e6d38cbe-34c8-4f08-8cfd-8b14fdb4b53f	12	34122447	58074548	11991	0.405
e6d38cbe-34c8-4f08-8cfd-8b14fdb4b53f	12	58074861	58075565	9	-0.3244
e6d38cbe-34c8-4f08-8cfd-8b14fdb4b53f	12	58075799	86030957	17951	0.4063
e6d38cbe-34c8-4f08-8cfd-8b14fdb4b53f	12	86035018	86038765	3	-1.006
e6d38cbe-34c8-4f08-8cfd-8b14fdb4b53f	12	86044650	90097892	2278	0.406
e6d38cbe-34c8-4f08-8cfd-8b14fdb4b53f	12	90097910	90098297	6	-0.4036
e6d38cbe-34c8-4f08-8cfd-8b14fdb4b53f	12	90099780	101945887	8057	0.406
e6d38cbe-34c8-4f08-8cfd-8b14fdb4b53f	12	101947094	101948341	4	-0.8043
e6d38cbe-34c8-4f08-8cfd-8b14fdb4b53f	12	101949174	104300975	1527	0.3924
e6d38cbe-34c8-4f08-8cfd-8b14fdb4b53f	12	104303324	104303536	2	-1.7971
e6d38cbe-34c8-4f08-8cfd-8b14fdb4b53f	12	104304425	104361365	27	0.3945
e6d38cbe-34c8-4f08-8cfd-8b14fdb4b53f	12	104361465	104364519	4	-0.4679
e6d38cbe-34c8-4f08-8cfd-8b14fdb4b53f	12	104368627	106833210	1870	0.3992
e6d38cbe-34c8-4f08-8cfd-8b14fdb4b53f	12	106835927	106836700	3	-0.9529
e6d38cbe-34c8-4f08-8cfd-8b14fdb4b53f	12	106837550	131636170	17124	0.3941
e6d38cbe-34c8-4f08-8cfd-8b14fdb4b53f	12	131648039	131648790	13	-0.4118
e6d38cbe-34c8-4f08-8cfd-8b14fdb4b53f	12	131657925	133201603	559	0.3924
e6d38cbe-34c8-4f08-8cfd-8b14fdb4b53f	13	18452809	23058737	2856	0.0169
e6d38cbe-34c8-4f08-8cfd-8b14fdb4b53f	13	23058767	23059376	9	-0.692
e6d38cbe-34c8-4f08-8cfd-8b14fdb4b53f	13	23064056	46344868	16731	0.0216
e6d38cbe-34c8-4f08-8cfd-8b14fdb4b53f	13	46345016	57176962	6406	-0.0771
e6d38cbe-34c8-4f08-8cfd-8b14fdb4b53f	13	57184136	57204246	34	-0.9032
e6d38cbe-34c8-4f08-8cfd-8b14fdb4b53f	13	57215580	57428308	137	-0.0972
e6d38cbe-34c8-4f08-8cfd-8b14fdb4b53f	13	57429432	62787059	3154	0.0194
e6d38cbe-34c8-4f08-8cfd-8b14fdb4b53f	13	62799534	65711364	1687	-0.5948
e6d38cbe-34c8-4f08-8cfd-8b14fdb4b53f	13	65712821	71902850	4001	0.0179
e6d38cbe-34c8-4f08-8cfd-8b14fdb4b53f	13	71903417	71906418	4	1.139
e6d38cbe-34c8-4f08-8cfd-8b14fdb4b53f	13	71906467	82304403	7104	0.0208
e6d38cbe-34c8-4f08-8cfd-8b14fdb4b53f	13	82307274	85041123	1772	-0.5834
e6d38cbe-34c8-4f08-8cfd-8b14fdb4b53f	13	85041868	96703719	7313	0.0079
e6d38cbe-34c8-4f08-8cfd-8b14fdb4b53f	13	96706793	96706897	2	-1.7842
e6d38cbe-34c8-4f08-8cfd-8b14fdb4b53f	13	96707989	114342922	12890	0.0193
e6d38cbe-34c8-4f08-8cfd-8b14fdb4b53f	14	18239283	19134873	34	-0.0881
e6d38cbe-34c8-4f08-8cfd-8b14fdb4b53f	14	19138115	19637253	25	0.7285
e6d38cbe-34c8-4f08-8cfd-8b14fdb4b53f	14	19650668	19954424	107	1.3258
e6d38cbe-34c8-4f08-8cfd-8b14fdb4b53f	14	19955213	106877229	55215	-0.0337
e6d38cbe-34c8-4f08-8cfd-8b14fdb4b53f	15	19811075	20001686	44	-0.0496
e6d38cbe-34c8-4f08-8cfd-8b14fdb4b53f	15	20011702	20665162	103	0.4571
e6d38cbe-34c8-4f08-8cfd-8b14fdb4b53f	15	20668932	21417107	27	-0.1326
e6d38cbe-34c8-4f08-8cfd-8b14fdb4b53f	15	21975606	21999319	3	2.6293
e6d38cbe-34c8-4f08-8cfd-8b14fdb4b53f	15	22003073	22299523	28	0.6054
e6d38cbe-34c8-4f08-8cfd-8b14fdb4b53f	15	22385639	22584747	9	-0.2664
e6d38cbe-34c8-4f08-8cfd-8b14fdb4b53f	15	22590285	24311527	942	-0.735
e6d38cbe-34c8-4f08-8cfd-8b14fdb4b53f	15	24311894	24424598	40	0.063
e6d38cbe-34c8-4f08-8cfd-8b14fdb4b53f	15	24429604	24482084	36	-0.596
e6d38cbe-34c8-4f08-8cfd-8b14fdb4b53f	15	24485848	24537522	25	0.1297
e6d38cbe-34c8-4f08-8cfd-8b14fdb4b53f	15	24542531	30252720	3565	-0.7439
e6d38cbe-34c8-4f08-8cfd-8b14fdb4b53f	15	30253290	30269364	4	-2.6149
e6d38cbe-34c8-4f08-8cfd-8b14fdb4b53f	15	30281107	47796295	10664	-0.713
e6d38cbe-34c8-4f08-8cfd-8b14fdb4b53f	15	47797738	49497216	1039	-0.0364
e6d38cbe-34c8-4f08-8cfd-8b14fdb4b53f	15	49497767	49502651	2	1.6054
e6d38cbe-34c8-4f08-8cfd-8b14fdb4b53f	15	49504867	81421674	20421	-0.038
e6d38cbe-34c8-4f08-8cfd-8b14fdb4b53f	15	81422876	81423842	2	-1.5233
e6d38cbe-34c8-4f08-8cfd-8b14fdb4b53f	15	81424717	92222525	7081	-0.0431
e6d38cbe-34c8-4f08-8cfd-8b14fdb4b53f	15	92222644	92223064	3	1.3853
e6d38cbe-34c8-4f08-8cfd-8b14fdb4b53f	15	92223528	101880399	7407	-0.0456
e6d38cbe-34c8-4f08-8cfd-8b14fdb4b53f	15	101880604	101928837	11	-0.6254
e6d38cbe-34c8-4f08-8cfd-8b14fdb4b53f	16	10777	6132614	3309	-0.0538
e6d38cbe-34c8-4f08-8cfd-8b14fdb4b53f	16	6133266	6198359	63	0.33
e6d38cbe-34c8-4f08-8cfd-8b14fdb4b53f	16	6200849	6402795	247	-0.0585
e6d38cbe-34c8-4f08-8cfd-8b14fdb4b53f	16	6406290	6429030	30	-0.8047
e6d38cbe-34c8-4f08-8cfd-8b14fdb4b53f	16	6431457	6485176	62	-2.4934
e6d38cbe-34c8-4f08-8cfd-8b14fdb4b53f	16	6488985	6533487	63	-0.7261
e6d38cbe-34c8-4f08-8cfd-8b14fdb4b53f	16	6535645	6562736	41	-0.099
e6d38cbe-34c8-4f08-8cfd-8b14fdb4b53f	16	6563248	6649354	125	-0.7961
e6d38cbe-34c8-4f08-8cfd-8b14fdb4b53f	16	6652006	6742418	135	-0.0488
e6d38cbe-34c8-4f08-8cfd-8b14fdb4b53f	16	6743649	6841497	118	-0.7171
e6d38cbe-34c8-4f08-8cfd-8b14fdb4b53f	16	6842506	14895982	6908	-0.0572
e6d38cbe-34c8-4f08-8cfd-8b14fdb4b53f	16	14954911	15022400	52	-0.968
e6d38cbe-34c8-4f08-8cfd-8b14fdb4b53f	16	15031584	35225230	8994	-0.055
e6d38cbe-34c8-4f08-8cfd-8b14fdb4b53f	16	35225338	35521195	168	0.4702
e6d38cbe-34c8-4f08-8cfd-8b14fdb4b53f	16	35522700	55191171	6075	-0.0601
e6d38cbe-34c8-4f08-8cfd-8b14fdb4b53f	16	55193627	55197424	6	-0.9366
e6d38cbe-34c8-4f08-8cfd-8b14fdb4b53f	16	55197828	55761136	512	-0.056
e6d38cbe-34c8-4f08-8cfd-8b14fdb4b53f	16	55762477	55762682	4	-1.0041
e6d38cbe-34c8-4f08-8cfd-8b14fdb4b53f	16	55764310	55764867	3	2.6574
e6d38cbe-34c8-4f08-8cfd-8b14fdb4b53f	16	55770436	70105639	8763	-0.054
e6d38cbe-34c8-4f08-8cfd-8b14fdb4b53f	16	70117657	70164453	14	-0.7159
e6d38cbe-34c8-4f08-8cfd-8b14fdb4b53f	16	70164493	78902209	6266	-0.0551
e6d38cbe-34c8-4f08-8cfd-8b14fdb4b53f	16	78905621	78944380	45	-0.7614
e6d38cbe-34c8-4f08-8cfd-8b14fdb4b53f	16	78945259	90096867	9820	-0.0655
e6d38cbe-34c8-4f08-8cfd-8b14fdb4b53f	17	150733	16750987	10467	-0.045
e6d38cbe-34c8-4f08-8cfd-8b14fdb4b53f	17	16754017	16838214	13	-0.6452
e6d38cbe-34c8-4f08-8cfd-8b14fdb4b53f	17	16838470	18455635	908	-0.0524
e6d38cbe-34c8-4f08-8cfd-8b14fdb4b53f	17	18458372	18550123	22	0.8393
e6d38cbe-34c8-4f08-8cfd-8b14fdb4b53f	17	18561272	22311652	1308	-0.0391
e6d38cbe-34c8-4f08-8cfd-8b14fdb4b53f	17	22316315	22322017	7	-1.0215
e6d38cbe-34c8-4f08-8cfd-8b14fdb4b53f	17	22323408	36109735	5523	-0.0522
e6d38cbe-34c8-4f08-8cfd-8b14fdb4b53f	17	36112585	36208249	36	0.4132
e6d38cbe-34c8-4f08-8cfd-8b14fdb4b53f	17	36460442	41266762	2522	-0.0478
e6d38cbe-34c8-4f08-8cfd-8b14fdb4b53f	17	41266774	41266838	4	1.0121
e6d38cbe-34c8-4f08-8cfd-8b14fdb4b53f	17	41266851	46089238	2521	-0.0348
e6d38cbe-34c8-4f08-8cfd-8b14fdb4b53f	17	46089854	46707312	129	-0.2605
e6d38cbe-34c8-4f08-8cfd-8b14fdb4b53f	17	46707616	83091923	21543	-0.0444
e6d38cbe-34c8-4f08-8cfd-8b14fdb4b53f	18	48133	32392434	17465	0.4454
e6d38cbe-34c8-4f08-8cfd-8b14fdb4b53f	18	32392761	32401065	11	-0.217
e6d38cbe-34c8-4f08-8cfd-8b14fdb4b53f	18	32402540	40678763	5293	0.4401
e6d38cbe-34c8-4f08-8cfd-8b14fdb4b53f	18	40680456	40689848	22	-0.4033
e6d38cbe-34c8-4f08-8cfd-8b14fdb4b53f	18	40690108	53677765	8905	0.443
e6d38cbe-34c8-4f08-8cfd-8b14fdb4b53f	18	53680839	53681183	2	-4.0628
e6d38cbe-34c8-4f08-8cfd-8b14fdb4b53f	18	53683207	80257174	19017	0.4443
e6d38cbe-34c8-4f08-8cfd-8b14fdb4b53f	19	90910	3305832	888	-0.0542
e6d38cbe-34c8-4f08-8cfd-8b14fdb4b53f	19	3308078	3308098	2	-1.8677
e6d38cbe-34c8-4f08-8cfd-8b14fdb4b53f	19	3319720	7573889	1703	-0.0353
e6d38cbe-34c8-4f08-8cfd-8b14fdb4b53f	19	7575570	7575731	2	-1.6344
e6d38cbe-34c8-4f08-8cfd-8b14fdb4b53f	19	7588332	35167825	13912	-0.0366
e6d38cbe-34c8-4f08-8cfd-8b14fdb4b53f	19	35172871	35173089	5	-1.3294
e6d38cbe-34c8-4f08-8cfd-8b14fdb4b53f	19	35173140	35358420	169	-0.0443
e6d38cbe-34c8-4f08-8cfd-8b14fdb4b53f	19	35364451	35370946	21	-2.4535
e6d38cbe-34c8-4f08-8cfd-8b14fdb4b53f	19	35375842	58586487	12373	-0.0353
e6d38cbe-34c8-4f08-8cfd-8b14fdb4b53f	20	80664	1580305	1199	-0.0158
e6d38cbe-34c8-4f08-8cfd-8b14fdb4b53f	20	1580353	1613203	41	0.7998
e6d38cbe-34c8-4f08-8cfd-8b14fdb4b53f	20	1613247	8680567	5280	-0.0282
e6d38cbe-34c8-4f08-8cfd-8b14fdb4b53f	20	8680704	8681199	2	-1.5906
e6d38cbe-34c8-4f08-8cfd-8b14fdb4b53f	20	8684934	14637902	4507	-0.0296
e6d38cbe-34c8-4f08-8cfd-8b14fdb4b53f	20	14641289	14842826	175	-0.6743
e6d38cbe-34c8-4f08-8cfd-8b14fdb4b53f	20	14843047	15064279	204	-1.9952
e6d38cbe-34c8-4f08-8cfd-8b14fdb4b53f	20	15064440	15212428	131	-0.7727
e6d38cbe-34c8-4f08-8cfd-8b14fdb4b53f	20	15217244	24282014	7348	-0.0402
e6d38cbe-34c8-4f08-8cfd-8b14fdb4b53f	20	24285015	24303665	14	-0.5287
e6d38cbe-34c8-4f08-8cfd-8b14fdb4b53f	20	24304209	33633942	2384	-0.0304
e6d38cbe-34c8-4f08-8cfd-8b14fdb4b53f	20	33635694	33648815	8	-0.9437
e6d38cbe-34c8-4f08-8cfd-8b14fdb4b53f	20	33654045	64282468	21045	-0.034
e6d38cbe-34c8-4f08-8cfd-8b14fdb4b53f	20	64284215	64324800	7	-1.105
e6d38cbe-34c8-4f08-8cfd-8b14fdb4b53f	21	10354168	13583316	268	-0.3282
e6d38cbe-34c8-4f08-8cfd-8b14fdb4b53f	21	13612103	31864142	13138	-0.5023
e6d38cbe-34c8-4f08-8cfd-8b14fdb4b53f	21	31865670	31867735	3	-2.51
e6d38cbe-34c8-4f08-8cfd-8b14fdb4b53f	21	31879236	46677045	10406	-0.5279
e6d38cbe-34c8-4f08-8cfd-8b14fdb4b53f	22	15294547	23929505	4379	-0.0682
e6d38cbe-34c8-4f08-8cfd-8b14fdb4b53f	22	23929558	23987520	15	-0.5909
e6d38cbe-34c8-4f08-8cfd-8b14fdb4b53f	22	23988078	23990739	4	-2.1864
e6d38cbe-34c8-4f08-8cfd-8b14fdb4b53f	22	23995113	24685371	352	-0.0494
e6d38cbe-34c8-4f08-8cfd-8b14fdb4b53f	22	24686148	24686567	3	-1.7718
e6d38cbe-34c8-4f08-8cfd-8b14fdb4b53f	22	24691707	40397256	11184	-0.0516
e6d38cbe-34c8-4f08-8cfd-8b14fdb4b53f	22	40398586	40398816	2	-3.5153
e6d38cbe-34c8-4f08-8cfd-8b14fdb4b53f	22	40401668	50796027	7310	-0.0571
e6d38cbe-34c8-4f08-8cfd-8b14fdb4b53f	X	251810	7943599	4007	0.1278
e6d38cbe-34c8-4f08-8cfd-8b14fdb4b53f	X	7943978	7944004	2	-1.4721
e6d38cbe-34c8-4f08-8cfd-8b14fdb4b53f	X	7944746	19442472	7707	0.1541
e6d38cbe-34c8-4f08-8cfd-8b14fdb4b53f	X	19448185	19450600	2	-2.6115
e6d38cbe-34c8-4f08-8cfd-8b14fdb4b53f	X	19454127	22497833	1695	0.1633
e6d38cbe-34c8-4f08-8cfd-8b14fdb4b53f	X	22498223	22498824	4	-1.2402
e6d38cbe-34c8-4f08-8cfd-8b14fdb4b53f	X	22500950	22621504	99	0.1426
e6d38cbe-34c8-4f08-8cfd-8b14fdb4b53f	X	22623671	22625091	2	-1.4975
e6d38cbe-34c8-4f08-8cfd-8b14fdb4b53f	X	22625508	62876917	19939	0.1564
e6d38cbe-34c8-4f08-8cfd-8b14fdb4b53f	X	62887125	94164611	14964	-0.0525
e6d38cbe-34c8-4f08-8cfd-8b14fdb4b53f	X	94168196	94168224	2	-2.9121
e6d38cbe-34c8-4f08-8cfd-8b14fdb4b53f	X	94169802	155952689	35198	-0.0702
e6d38cbe-34c8-4f08-8cfd-8b14fdb4b53f	Y	2782397	6233384	784	-3.0045
e6d38cbe-34c8-4f08-8cfd-8b14fdb4b53f	Y	6249869	25169825	5677	-3.4266
e6d38cbe-34c8-4f08-8cfd-8b14fdb4b53f	Y	25472063	56872112	179	-3.093
