GDC_Aliquot	Chromosome	Start	End	Copy_Number	Major_Copy_Number	Minor_Copy_Number
ec13a142-1b20-484b-8b5c-c3dfa79966f9	chr1	62920	6314996	4	3	1
ec13a142-1b20-484b-8b5c-c3dfa79966f9	chr1	6318032	6967547	3	3	0
ec13a142-1b20-484b-8b5c-c3dfa79966f9	chr1	6968087	14911366	3	2	1
ec13a142-1b20-484b-8b5c-c3dfa79966f9	chr1	14911559	15080764	2	2	0
ec13a142-1b20-484b-8b5c-c3dfa79966f9	chr1	15082660	31216669	3	2	1
ec13a142-1b20-484b-8b5c-c3dfa79966f9	chr1	31218014	31596465	3	3	0
ec13a142-1b20-484b-8b5c-c3dfa79966f9	chr1	31596750	34965683	4	3	1
ec13a142-1b20-484b-8b5c-c3dfa79966f9	chr1	34966242	36128572	4	4	0
ec13a142-1b20-484b-8b5c-c3dfa79966f9	chr1	36128969	36706165	4	3	1
ec13a142-1b20-484b-8b5c-c3dfa79966f9	chr1	36707795	36932576	3	3	0
ec13a142-1b20-484b-8b5c-c3dfa79966f9	chr1	36932617	43065860	3	2	1
ec13a142-1b20-484b-8b5c-c3dfa79966f9	chr1	43067161	43216815	4	4	0
ec13a142-1b20-484b-8b5c-c3dfa79966f9	chr1	43216986	83740261	3	2	1
ec13a142-1b20-484b-8b5c-c3dfa79966f9	chr1	83741404	83754754	7	4	3
ec13a142-1b20-484b-8b5c-c3dfa79966f9	chr1	83755048	88055733	3	2	1
ec13a142-1b20-484b-8b5c-c3dfa79966f9	chr1	88056005	88492409	3	3	0
ec13a142-1b20-484b-8b5c-c3dfa79966f9	chr1	88493114	91452171	3	2	1
ec13a142-1b20-484b-8b5c-c3dfa79966f9	chr1	91453668	91454053	0	0	0
ec13a142-1b20-484b-8b5c-c3dfa79966f9	chr1	91454225	94280926	3	2	1
ec13a142-1b20-484b-8b5c-c3dfa79966f9	chr1	94281797	94584121	3	3	0
ec13a142-1b20-484b-8b5c-c3dfa79966f9	chr1	94584300	115080795	3	2	1
ec13a142-1b20-484b-8b5c-c3dfa79966f9	chr1	115081240	115085609	0	0	0
ec13a142-1b20-484b-8b5c-c3dfa79966f9	chr1	115090660	119802257	3	2	1
ec13a142-1b20-484b-8b5c-c3dfa79966f9	chr1	119802277	121705338	3	3	0
ec13a142-1b20-484b-8b5c-c3dfa79966f9	chr1	143541857	147763487	5	3	2
ec13a142-1b20-484b-8b5c-c3dfa79966f9	chr1	147765456	150237772	4	3	1
ec13a142-1b20-484b-8b5c-c3dfa79966f9	chr1	150238190	152496610	5	3	2
ec13a142-1b20-484b-8b5c-c3dfa79966f9	chr1	152499001	153195743	5	4	1
ec13a142-1b20-484b-8b5c-c3dfa79966f9	chr1	153198462	155249218	5	3	2
ec13a142-1b20-484b-8b5c-c3dfa79966f9	chr1	155260831	156726976	4	3	1
ec13a142-1b20-484b-8b5c-c3dfa79966f9	chr1	156727264	157110875	3	3	0
ec13a142-1b20-484b-8b5c-c3dfa79966f9	chr1	157113750	159305225	3	2	1
ec13a142-1b20-484b-8b5c-c3dfa79966f9	chr1	159305469	159741019	3	3	0
ec13a142-1b20-484b-8b5c-c3dfa79966f9	chr1	159741778	161715801	4	2	2
ec13a142-1b20-484b-8b5c-c3dfa79966f9	chr1	161715989	161997497	3	3	0
ec13a142-1b20-484b-8b5c-c3dfa79966f9	chr1	161998978	165371846	3	2	1
ec13a142-1b20-484b-8b5c-c3dfa79966f9	chr1	165372346	165711049	3	3	0
ec13a142-1b20-484b-8b5c-c3dfa79966f9	chr1	165711509	167095766	4	2	2
ec13a142-1b20-484b-8b5c-c3dfa79966f9	chr1	167096959	167187816	4	4	0
ec13a142-1b20-484b-8b5c-c3dfa79966f9	chr1	167190257	173922963	3	2	1
ec13a142-1b20-484b-8b5c-c3dfa79966f9	chr1	173923522	175123704	4	2	2
ec13a142-1b20-484b-8b5c-c3dfa79966f9	chr1	175132858	175454441	5	4	1
ec13a142-1b20-484b-8b5c-c3dfa79966f9	chr1	175455261	175886532	5	3	2
ec13a142-1b20-484b-8b5c-c3dfa79966f9	chr1	175891316	176597181	4	3	1
ec13a142-1b20-484b-8b5c-c3dfa79966f9	chr1	176597214	176869744	5	3	2
ec13a142-1b20-484b-8b5c-c3dfa79966f9	chr1	176870923	181354204	3	2	1
ec13a142-1b20-484b-8b5c-c3dfa79966f9	chr1	181358341	181660482	3	3	0
ec13a142-1b20-484b-8b5c-c3dfa79966f9	chr1	181662112	184970425	3	2	1
ec13a142-1b20-484b-8b5c-c3dfa79966f9	chr1	184972888	186699999	4	3	1
ec13a142-1b20-484b-8b5c-c3dfa79966f9	chr1	186700123	192309860	3	2	1
ec13a142-1b20-484b-8b5c-c3dfa79966f9	chr1	192312022	192554677	3	3	0
ec13a142-1b20-484b-8b5c-c3dfa79966f9	chr1	192554919	192827110	2	1	1
ec13a142-1b20-484b-8b5c-c3dfa79966f9	chr1	192827321	193065400	1	1	0
ec13a142-1b20-484b-8b5c-c3dfa79966f9	chr1	193068451	197341617	3	2	1
ec13a142-1b20-484b-8b5c-c3dfa79966f9	chr1	197341647	198029917	3	3	0
ec13a142-1b20-484b-8b5c-c3dfa79966f9	chr1	198030196	198653699	3	2	1
ec13a142-1b20-484b-8b5c-c3dfa79966f9	chr1	198653893	199586593	3	3	0
ec13a142-1b20-484b-8b5c-c3dfa79966f9	chr1	199587748	214790804	3	2	1
ec13a142-1b20-484b-8b5c-c3dfa79966f9	chr1	214791758	214836089	6	3	3
ec13a142-1b20-484b-8b5c-c3dfa79966f9	chr1	214836633	215795732	4	4	0
ec13a142-1b20-484b-8b5c-c3dfa79966f9	chr1	215797548	230522613	3	2	1
ec13a142-1b20-484b-8b5c-c3dfa79966f9	chr1	230531087	230755527	3	3	0
ec13a142-1b20-484b-8b5c-c3dfa79966f9	chr1	230755587	248686073	3	2	1
ec13a142-1b20-484b-8b5c-c3dfa79966f9	chr1	248686496	248930189	3	3	0
ec13a142-1b20-484b-8b5c-c3dfa79966f9	chr2	12784	19592125	3	2	1
ec13a142-1b20-484b-8b5c-c3dfa79966f9	chr2	19592796	19861988	3	3	0
ec13a142-1b20-484b-8b5c-c3dfa79966f9	chr2	19862282	21256914	4	2	2
ec13a142-1b20-484b-8b5c-c3dfa79966f9	chr2	21259377	21903168	3	3	0
ec13a142-1b20-484b-8b5c-c3dfa79966f9	chr2	21916058	23414744	3	2	1
ec13a142-1b20-484b-8b5c-c3dfa79966f9	chr2	23418185	23601547	3	3	0
ec13a142-1b20-484b-8b5c-c3dfa79966f9	chr2	23601749	52731315	3	2	1
ec13a142-1b20-484b-8b5c-c3dfa79966f9	chr2	52733227	53131067	3	3	0
ec13a142-1b20-484b-8b5c-c3dfa79966f9	chr2	53131167	68779589	3	2	1
ec13a142-1b20-484b-8b5c-c3dfa79966f9	chr2	68779606	68818026	5	3	2
ec13a142-1b20-484b-8b5c-c3dfa79966f9	chr2	68818124	69960406	3	2	1
ec13a142-1b20-484b-8b5c-c3dfa79966f9	chr2	69961544	70514253	3	3	0
ec13a142-1b20-484b-8b5c-c3dfa79966f9	chr2	70514962	72292352	3	2	1
ec13a142-1b20-484b-8b5c-c3dfa79966f9	chr2	72295889	73250378	3	3	0
ec13a142-1b20-484b-8b5c-c3dfa79966f9	chr2	73251349	77191177	4	3	1
ec13a142-1b20-484b-8b5c-c3dfa79966f9	chr2	77191935	77689933	3	2	1
ec13a142-1b20-484b-8b5c-c3dfa79966f9	chr2	77690171	78728668	4	4	0
ec13a142-1b20-484b-8b5c-c3dfa79966f9	chr2	78734563	98354428	4	2	2
ec13a142-1b20-484b-8b5c-c3dfa79966f9	chr2	98354938	100695647	5	4	1
ec13a142-1b20-484b-8b5c-c3dfa79966f9	chr2	100696006	100764110	4	3	1
ec13a142-1b20-484b-8b5c-c3dfa79966f9	chr2	100764261	101092382	6	4	2
ec13a142-1b20-484b-8b5c-c3dfa79966f9	chr2	101093335	107169560	5	4	1
ec13a142-1b20-484b-8b5c-c3dfa79966f9	chr2	107170059	112755289	5	5	0
ec13a142-1b20-484b-8b5c-c3dfa79966f9	chr2	112755503	115373461	5	4	1
ec13a142-1b20-484b-8b5c-c3dfa79966f9	chr2	115374858	116367752	4	4	0
ec13a142-1b20-484b-8b5c-c3dfa79966f9	chr2	116368702	130808567	5	4	1
ec13a142-1b20-484b-8b5c-c3dfa79966f9	chr2	130810410	131649585	5	5	0
ec13a142-1b20-484b-8b5c-c3dfa79966f9	chr2	131653413	145881812	4	3	1
ec13a142-1b20-484b-8b5c-c3dfa79966f9	chr2	145882171	146104517	4	4	0
ec13a142-1b20-484b-8b5c-c3dfa79966f9	chr2	146106836	146109366	0	0	0
ec13a142-1b20-484b-8b5c-c3dfa79966f9	chr2	146120238	146258138	5	5	0
ec13a142-1b20-484b-8b5c-c3dfa79966f9	chr2	146258736	166345160	5	4	1
ec13a142-1b20-484b-8b5c-c3dfa79966f9	chr2	166347993	167638484	5	5	0
ec13a142-1b20-484b-8b5c-c3dfa79966f9	chr2	167641351	182340849	4	3	1
ec13a142-1b20-484b-8b5c-c3dfa79966f9	chr2	182341518	182654839	5	5	0
ec13a142-1b20-484b-8b5c-c3dfa79966f9	chr2	182654977	188851608	5	4	1
ec13a142-1b20-484b-8b5c-c3dfa79966f9	chr2	188853980	189488121	4	4	0
ec13a142-1b20-484b-8b5c-c3dfa79966f9	chr2	189489044	192171513	4	3	1
ec13a142-1b20-484b-8b5c-c3dfa79966f9	chr2	192172908	193294499	4	4	0
ec13a142-1b20-484b-8b5c-c3dfa79966f9	chr2	193295242	195049982	4	3	1
ec13a142-1b20-484b-8b5c-c3dfa79966f9	chr2	195050152	195465627	5	5	0
ec13a142-1b20-484b-8b5c-c3dfa79966f9	chr2	195467140	198826108	4	3	1
ec13a142-1b20-484b-8b5c-c3dfa79966f9	chr2	198826407	199901742	5	5	0
ec13a142-1b20-484b-8b5c-c3dfa79966f9	chr2	199901922	204201785	5	4	1
ec13a142-1b20-484b-8b5c-c3dfa79966f9	chr2	204202786	205192890	4	4	0
ec13a142-1b20-484b-8b5c-c3dfa79966f9	chr2	205192925	206991641	5	4	1
ec13a142-1b20-484b-8b5c-c3dfa79966f9	chr2	206992113	214538202	4	3	1
ec13a142-1b20-484b-8b5c-c3dfa79966f9	chr2	214538540	214903879	4	4	0
ec13a142-1b20-484b-8b5c-c3dfa79966f9	chr2	214907621	242147305	5	4	1
ec13a142-1b20-484b-8b5c-c3dfa79966f9	chr3	20930	3209374	2	1	1
ec13a142-1b20-484b-8b5c-c3dfa79966f9	chr3	3215206	3515197	2	2	0
ec13a142-1b20-484b-8b5c-c3dfa79966f9	chr3	3515225	4560550	2	1	1
ec13a142-1b20-484b-8b5c-c3dfa79966f9	chr3	4560814	4566909	0	0	0
ec13a142-1b20-484b-8b5c-c3dfa79966f9	chr3	4567964	5248117	2	1	1
ec13a142-1b20-484b-8b5c-c3dfa79966f9	chr3	5248765	5392659	2	2	0
ec13a142-1b20-484b-8b5c-c3dfa79966f9	chr3	5392850	6442028	2	1	1
ec13a142-1b20-484b-8b5c-c3dfa79966f9	chr3	6444905	6699180	2	2	0
ec13a142-1b20-484b-8b5c-c3dfa79966f9	chr3	6699281	9067593	2	1	1
ec13a142-1b20-484b-8b5c-c3dfa79966f9	chr3	9067984	9285603	2	2	0
ec13a142-1b20-484b-8b5c-c3dfa79966f9	chr3	9285980	11985235	2	1	1
ec13a142-1b20-484b-8b5c-c3dfa79966f9	chr3	11989220	12156497	2	2	0
ec13a142-1b20-484b-8b5c-c3dfa79966f9	chr3	12158942	14427690	2	1	1
ec13a142-1b20-484b-8b5c-c3dfa79966f9	chr3	14428196	14511486	3	2	1
ec13a142-1b20-484b-8b5c-c3dfa79966f9	chr3	14513708	20389440	2	1	1
ec13a142-1b20-484b-8b5c-c3dfa79966f9	chr3	20390052	20427466	2	2	0
ec13a142-1b20-484b-8b5c-c3dfa79966f9	chr3	20435584	25086007	2	1	1
ec13a142-1b20-484b-8b5c-c3dfa79966f9	chr3	25086198	25263091	2	2	0
ec13a142-1b20-484b-8b5c-c3dfa79966f9	chr3	25268820	25439187	2	1	1
ec13a142-1b20-484b-8b5c-c3dfa79966f9	chr3	25439269	25587685	2	2	0
ec13a142-1b20-484b-8b5c-c3dfa79966f9	chr3	25587698	31130711	2	1	1
ec13a142-1b20-484b-8b5c-c3dfa79966f9	chr3	31131679	31469797	2	2	0
ec13a142-1b20-484b-8b5c-c3dfa79966f9	chr3	31470199	38306360	2	1	1
ec13a142-1b20-484b-8b5c-c3dfa79966f9	chr3	38307252	38309139	6	3	3
ec13a142-1b20-484b-8b5c-c3dfa79966f9	chr3	38310645	41091930	2	1	1
ec13a142-1b20-484b-8b5c-c3dfa79966f9	chr3	41092094	41613451	2	2	0
ec13a142-1b20-484b-8b5c-c3dfa79966f9	chr3	41613732	46709192	2	1	1
ec13a142-1b20-484b-8b5c-c3dfa79966f9	chr3	46713488	47943691	2	2	0
ec13a142-1b20-484b-8b5c-c3dfa79966f9	chr3	47943871	54604297	2	1	1
ec13a142-1b20-484b-8b5c-c3dfa79966f9	chr3	54604520	54781862	2	2	0
ec13a142-1b20-484b-8b5c-c3dfa79966f9	chr3	54782015	55245536	2	1	1
ec13a142-1b20-484b-8b5c-c3dfa79966f9	chr3	55246387	55470702	2	2	0
ec13a142-1b20-484b-8b5c-c3dfa79966f9	chr3	55472462	58291774	2	1	1
ec13a142-1b20-484b-8b5c-c3dfa79966f9	chr3	58291994	58579663	2	2	0
ec13a142-1b20-484b-8b5c-c3dfa79966f9	chr3	58580265	60393802	2	1	1
ec13a142-1b20-484b-8b5c-c3dfa79966f9	chr3	60394131	60709032	1	1	0
ec13a142-1b20-484b-8b5c-c3dfa79966f9	chr3	60715873	60735158	2	1	1
ec13a142-1b20-484b-8b5c-c3dfa79966f9	chr3	60735192	61253415	1	1	0
ec13a142-1b20-484b-8b5c-c3dfa79966f9	chr3	61253536	67387412	2	1	1
ec13a142-1b20-484b-8b5c-c3dfa79966f9	chr3	67387830	67981210	2	2	0
ec13a142-1b20-484b-8b5c-c3dfa79966f9	chr3	67981416	68304806	2	1	1
ec13a142-1b20-484b-8b5c-c3dfa79966f9	chr3	68305735	68560879	2	2	0
ec13a142-1b20-484b-8b5c-c3dfa79966f9	chr3	68563926	74911987	2	1	1
ec13a142-1b20-484b-8b5c-c3dfa79966f9	chr3	74917544	75953057	2	2	0
ec13a142-1b20-484b-8b5c-c3dfa79966f9	chr3	75953885	84715140	2	1	1
ec13a142-1b20-484b-8b5c-c3dfa79966f9	chr3	84718176	85245896	2	2	0
ec13a142-1b20-484b-8b5c-c3dfa79966f9	chr3	85248043	86738239	2	1	1
ec13a142-1b20-484b-8b5c-c3dfa79966f9	chr3	86740999	88620949	4	3	1
ec13a142-1b20-484b-8b5c-c3dfa79966f9	chr3	88625455	123403937	3	2	1
ec13a142-1b20-484b-8b5c-c3dfa79966f9	chr3	123407066	124320724	3	3	0
ec13a142-1b20-484b-8b5c-c3dfa79966f9	chr3	124320929	174756727	3	2	1
ec13a142-1b20-484b-8b5c-c3dfa79966f9	chr3	174761246	175175508	2	2	0
ec13a142-1b20-484b-8b5c-c3dfa79966f9	chr3	175175562	175199339	0	0	0
ec13a142-1b20-484b-8b5c-c3dfa79966f9	chr3	175199450	181499316	4	3	1
ec13a142-1b20-484b-8b5c-c3dfa79966f9	chr3	181499458	198169247	3	2	1
ec13a142-1b20-484b-8b5c-c3dfa79966f9	chr4	68929	9789088	3	2	1
ec13a142-1b20-484b-8b5c-c3dfa79966f9	chr4	9789891	10208766	3	3	0
ec13a142-1b20-484b-8b5c-c3dfa79966f9	chr4	10212536	10229874	0	0	0
ec13a142-1b20-484b-8b5c-c3dfa79966f9	chr4	10232590	10408146	3	3	0
ec13a142-1b20-484b-8b5c-c3dfa79966f9	chr4	10408567	20686988	3	2	1
ec13a142-1b20-484b-8b5c-c3dfa79966f9	chr4	20687108	21387745	3	3	0
ec13a142-1b20-484b-8b5c-c3dfa79966f9	chr4	21388806	24240730	3	2	1
ec13a142-1b20-484b-8b5c-c3dfa79966f9	chr4	24240823	24442618	4	4	0
ec13a142-1b20-484b-8b5c-c3dfa79966f9	chr4	24443162	27960521	3	2	1
ec13a142-1b20-484b-8b5c-c3dfa79966f9	chr4	27962492	28245630	3	3	0
ec13a142-1b20-484b-8b5c-c3dfa79966f9	chr4	28245765	32800731	3	2	1
ec13a142-1b20-484b-8b5c-c3dfa79966f9	chr4	32802372	34784878	3	3	0
ec13a142-1b20-484b-8b5c-c3dfa79966f9	chr4	34785333	34823103	0	0	0
ec13a142-1b20-484b-8b5c-c3dfa79966f9	chr4	34828250	34846782	3	3	0
ec13a142-1b20-484b-8b5c-c3dfa79966f9	chr4	34847342	53923206	3	2	1
ec13a142-1b20-484b-8b5c-c3dfa79966f9	chr4	53925297	54526663	3	3	0
ec13a142-1b20-484b-8b5c-c3dfa79966f9	chr4	54539495	57881674	4	3	1
ec13a142-1b20-484b-8b5c-c3dfa79966f9	chr4	57883876	58511315	3	3	0
ec13a142-1b20-484b-8b5c-c3dfa79966f9	chr4	58517864	82626350	3	2	1
ec13a142-1b20-484b-8b5c-c3dfa79966f9	chr4	82626431	82720673	4	4	0
ec13a142-1b20-484b-8b5c-c3dfa79966f9	chr4	82723539	90366001	3	2	1
ec13a142-1b20-484b-8b5c-c3dfa79966f9	chr4	90366053	91027810	2	1	1
ec13a142-1b20-484b-8b5c-c3dfa79966f9	chr4	91027848	91159021	0	0	0
ec13a142-1b20-484b-8b5c-c3dfa79966f9	chr4	91159466	106621903	3	2	1
ec13a142-1b20-484b-8b5c-c3dfa79966f9	chr4	106623344	107038467	3	3	0
ec13a142-1b20-484b-8b5c-c3dfa79966f9	chr4	107040808	113991249	3	2	1
ec13a142-1b20-484b-8b5c-c3dfa79966f9	chr4	113994329	114367414	3	3	0
ec13a142-1b20-484b-8b5c-c3dfa79966f9	chr4	114368048	124520126	3	2	1
ec13a142-1b20-484b-8b5c-c3dfa79966f9	chr4	124523283	125223132	3	3	0
ec13a142-1b20-484b-8b5c-c3dfa79966f9	chr4	125223824	142532294	3	2	1
ec13a142-1b20-484b-8b5c-c3dfa79966f9	chr4	142532629	143460926	3	3	0
ec13a142-1b20-484b-8b5c-c3dfa79966f9	chr4	143461867	144595632	3	2	1
ec13a142-1b20-484b-8b5c-c3dfa79966f9	chr4	144596426	145297044	3	3	0
ec13a142-1b20-484b-8b5c-c3dfa79966f9	chr4	145299057	151868241	3	2	1
ec13a142-1b20-484b-8b5c-c3dfa79966f9	chr4	151868634	152042081	3	3	0
ec13a142-1b20-484b-8b5c-c3dfa79966f9	chr4	152044092	152192136	3	2	1
ec13a142-1b20-484b-8b5c-c3dfa79966f9	chr4	152192574	152787147	3	3	0
ec13a142-1b20-484b-8b5c-c3dfa79966f9	chr4	152795365	170594848	3	2	1
ec13a142-1b20-484b-8b5c-c3dfa79966f9	chr4	170595258	171111344	3	3	0
ec13a142-1b20-484b-8b5c-c3dfa79966f9	chr4	171111633	176398906	3	2	1
ec13a142-1b20-484b-8b5c-c3dfa79966f9	chr4	176403100	176607448	4	4	0
ec13a142-1b20-484b-8b5c-c3dfa79966f9	chr4	176609338	176700518	4	2	2
ec13a142-1b20-484b-8b5c-c3dfa79966f9	chr4	176700557	176983525	3	3	0
ec13a142-1b20-484b-8b5c-c3dfa79966f9	chr4	176986302	180494408	2	1	1
ec13a142-1b20-484b-8b5c-c3dfa79966f9	chr4	180498105	189405320	1	1	0
ec13a142-1b20-484b-8b5c-c3dfa79966f9	chr4	189408730	190106768	5	4	1
ec13a142-1b20-484b-8b5c-c3dfa79966f9	chr5	15532	232854	2	2	0
ec13a142-1b20-484b-8b5c-c3dfa79966f9	chr5	233073	8212002	2	1	1
ec13a142-1b20-484b-8b5c-c3dfa79966f9	chr5	8213399	8444854	2	2	0
ec13a142-1b20-484b-8b5c-c3dfa79966f9	chr5	8445847	10031030	2	1	1
ec13a142-1b20-484b-8b5c-c3dfa79966f9	chr5	10031337	10233405	2	2	0
ec13a142-1b20-484b-8b5c-c3dfa79966f9	chr5	10233876	11399848	2	1	1
ec13a142-1b20-484b-8b5c-c3dfa79966f9	chr5	11400356	12756730	2	2	0
ec13a142-1b20-484b-8b5c-c3dfa79966f9	chr5	12762419	14526746	2	1	1
ec13a142-1b20-484b-8b5c-c3dfa79966f9	chr5	14534509	16045352	3	2	1
ec13a142-1b20-484b-8b5c-c3dfa79966f9	chr5	16046169	16408875	2	2	0
ec13a142-1b20-484b-8b5c-c3dfa79966f9	chr5	16409149	16920758	2	1	1
ec13a142-1b20-484b-8b5c-c3dfa79966f9	chr5	16921385	16994450	4	2	2
ec13a142-1b20-484b-8b5c-c3dfa79966f9	chr5	16994552	21321035	2	1	1
ec13a142-1b20-484b-8b5c-c3dfa79966f9	chr5	21321123	31318272	4	3	1
ec13a142-1b20-484b-8b5c-c3dfa79966f9	chr5	31318965	31379026	3	2	1
ec13a142-1b20-484b-8b5c-c3dfa79966f9	chr5	31381223	35310875	4	3	1
ec13a142-1b20-484b-8b5c-c3dfa79966f9	chr5	35312485	35692673	4	4	0
ec13a142-1b20-484b-8b5c-c3dfa79966f9	chr5	35698128	45520744	4	2	2
ec13a142-1b20-484b-8b5c-c3dfa79966f9	chr5	45521102	59811031	3	2	1
ec13a142-1b20-484b-8b5c-c3dfa79966f9	chr5	59811995	60242401	1	1	0
ec13a142-1b20-484b-8b5c-c3dfa79966f9	chr5	60245858	73816818	3	2	1
ec13a142-1b20-484b-8b5c-c3dfa79966f9	chr5	73817907	75629370	5	3	2
ec13a142-1b20-484b-8b5c-c3dfa79966f9	chr5	75630324	79763725	3	2	1
ec13a142-1b20-484b-8b5c-c3dfa79966f9	chr5	79763964	80671310	3	3	0
ec13a142-1b20-484b-8b5c-c3dfa79966f9	chr5	80671443	81924368	3	2	1
ec13a142-1b20-484b-8b5c-c3dfa79966f9	chr5	81932546	82680595	3	3	0
ec13a142-1b20-484b-8b5c-c3dfa79966f9	chr5	82681509	85353628	3	2	1
ec13a142-1b20-484b-8b5c-c3dfa79966f9	chr5	85354411	90359002	1	1	0
ec13a142-1b20-484b-8b5c-c3dfa79966f9	chr5	90367242	94657892	3	2	1
ec13a142-1b20-484b-8b5c-c3dfa79966f9	chr5	94659884	104493264	4	3	1
ec13a142-1b20-484b-8b5c-c3dfa79966f9	chr5	104493510	107041756	3	2	1
ec13a142-1b20-484b-8b5c-c3dfa79966f9	chr5	107043405	108728980	4	3	1
ec13a142-1b20-484b-8b5c-c3dfa79966f9	chr5	108729413	111480148	3	2	1
ec13a142-1b20-484b-8b5c-c3dfa79966f9	chr5	111483697	120447302	4	3	1
ec13a142-1b20-484b-8b5c-c3dfa79966f9	chr5	120447401	121225220	3	2	1
ec13a142-1b20-484b-8b5c-c3dfa79966f9	chr5	121226197	164339680	4	3	1
ec13a142-1b20-484b-8b5c-c3dfa79966f9	chr5	164340612	164424821	5	5	0
ec13a142-1b20-484b-8b5c-c3dfa79966f9	chr5	164425093	171268493	4	3	1
ec13a142-1b20-484b-8b5c-c3dfa79966f9	chr5	171271464	171841100	3	2	1
ec13a142-1b20-484b-8b5c-c3dfa79966f9	chr5	171841776	172042912	3	3	0
ec13a142-1b20-484b-8b5c-c3dfa79966f9	chr5	172043041	174839142	3	2	1
ec13a142-1b20-484b-8b5c-c3dfa79966f9	chr5	174839199	181363319	4	3	1
ec13a142-1b20-484b-8b5c-c3dfa79966f9	chr6	149661	4605598	3	2	1
ec13a142-1b20-484b-8b5c-c3dfa79966f9	chr6	4606138	4685479	4	4	0
ec13a142-1b20-484b-8b5c-c3dfa79966f9	chr6	4687244	6346529	3	2	1
ec13a142-1b20-484b-8b5c-c3dfa79966f9	chr6	6346733	6731030	3	3	0
ec13a142-1b20-484b-8b5c-c3dfa79966f9	chr6	6731373	14499395	3	2	1
ec13a142-1b20-484b-8b5c-c3dfa79966f9	chr6	14499437	15690596	4	3	1
ec13a142-1b20-484b-8b5c-c3dfa79966f9	chr6	15695748	24099237	3	2	1
ec13a142-1b20-484b-8b5c-c3dfa79966f9	chr6	24099540	24537637	3	3	0
ec13a142-1b20-484b-8b5c-c3dfa79966f9	chr6	24537885	32614426	3	2	1
ec13a142-1b20-484b-8b5c-c3dfa79966f9	chr6	32619131	32745322	2	2	0
ec13a142-1b20-484b-8b5c-c3dfa79966f9	chr6	32745490	35982548	3	2	1
ec13a142-1b20-484b-8b5c-c3dfa79966f9	chr6	35985859	36787891	3	3	0
ec13a142-1b20-484b-8b5c-c3dfa79966f9	chr6	36789406	40815280	3	2	1
ec13a142-1b20-484b-8b5c-c3dfa79966f9	chr6	40815740	41353481	3	3	0
ec13a142-1b20-484b-8b5c-c3dfa79966f9	chr6	41354268	44664933	4	3	1
ec13a142-1b20-484b-8b5c-c3dfa79966f9	chr6	44667851	45430420	3	3	0
ec13a142-1b20-484b-8b5c-c3dfa79966f9	chr6	45430794	52185988	3	2	1
ec13a142-1b20-484b-8b5c-c3dfa79966f9	chr6	52186311	52261262	3	3	0
ec13a142-1b20-484b-8b5c-c3dfa79966f9	chr6	52261907	60356762	3	2	1
ec13a142-1b20-484b-8b5c-c3dfa79966f9	chr6	60358041	65650767	2	1	1
ec13a142-1b20-484b-8b5c-c3dfa79966f9	chr6	65653712	65942486	2	2	0
ec13a142-1b20-484b-8b5c-c3dfa79966f9	chr6	65943726	69995325	2	1	1
ec13a142-1b20-484b-8b5c-c3dfa79966f9	chr6	69995980	70350136	2	2	0
ec13a142-1b20-484b-8b5c-c3dfa79966f9	chr6	70350447	71756206	2	1	1
ec13a142-1b20-484b-8b5c-c3dfa79966f9	chr6	71756341	72483034	2	2	0
ec13a142-1b20-484b-8b5c-c3dfa79966f9	chr6	72483449	84398038	3	2	1
ec13a142-1b20-484b-8b5c-c3dfa79966f9	chr6	84398164	84866062	3	3	0
ec13a142-1b20-484b-8b5c-c3dfa79966f9	chr6	84866201	112597328	3	2	1
ec13a142-1b20-484b-8b5c-c3dfa79966f9	chr6	112597452	112894602	3	3	0
ec13a142-1b20-484b-8b5c-c3dfa79966f9	chr6	112895210	114275634	3	2	1
ec13a142-1b20-484b-8b5c-c3dfa79966f9	chr6	114276011	114675913	3	3	0
ec13a142-1b20-484b-8b5c-c3dfa79966f9	chr6	114677323	118161176	3	2	1
ec13a142-1b20-484b-8b5c-c3dfa79966f9	chr6	118161358	118701128	3	3	0
ec13a142-1b20-484b-8b5c-c3dfa79966f9	chr6	118701463	128532069	3	2	1
ec13a142-1b20-484b-8b5c-c3dfa79966f9	chr6	128535360	129291479	3	3	0
ec13a142-1b20-484b-8b5c-c3dfa79966f9	chr6	129296656	133043424	3	2	1
ec13a142-1b20-484b-8b5c-c3dfa79966f9	chr6	133053487	133832545	3	3	0
ec13a142-1b20-484b-8b5c-c3dfa79966f9	chr6	133833857	144173979	3	2	1
ec13a142-1b20-484b-8b5c-c3dfa79966f9	chr6	144174106	145079097	3	3	0
ec13a142-1b20-484b-8b5c-c3dfa79966f9	chr6	145082050	145265864	4	2	2
ec13a142-1b20-484b-8b5c-c3dfa79966f9	chr6	145266937	146081076	3	3	0
ec13a142-1b20-484b-8b5c-c3dfa79966f9	chr6	146085181	161716480	3	2	1
ec13a142-1b20-484b-8b5c-c3dfa79966f9	chr6	161718091	161965512	2	1	1
ec13a142-1b20-484b-8b5c-c3dfa79966f9	chr6	161966034	162184678	2	2	0
ec13a142-1b20-484b-8b5c-c3dfa79966f9	chr6	162184953	162416490	1	1	0
ec13a142-1b20-484b-8b5c-c3dfa79966f9	chr6	162417193	162545500	3	3	0
ec13a142-1b20-484b-8b5c-c3dfa79966f9	chr6	162545682	169549226	3	2	1
ec13a142-1b20-484b-8b5c-c3dfa79966f9	chr6	169549677	170741917	4	3	1
ec13a142-1b20-484b-8b5c-c3dfa79966f9	chr7	43259	17620944	6	3	3
ec13a142-1b20-484b-8b5c-c3dfa79966f9	chr7	17621432	18291668	6	4	2
ec13a142-1b20-484b-8b5c-c3dfa79966f9	chr7	18291781	21452411	5	3	2
ec13a142-1b20-484b-8b5c-c3dfa79966f9	chr7	21453689	21673454	7	6	1
ec13a142-1b20-484b-8b5c-c3dfa79966f9	chr7	21675686	27308268	6	3	3
ec13a142-1b20-484b-8b5c-c3dfa79966f9	chr7	27310589	27892688	5	4	1
ec13a142-1b20-484b-8b5c-c3dfa79966f9	chr7	27894943	32206390	6	3	3
ec13a142-1b20-484b-8b5c-c3dfa79966f9	chr7	32209298	32341567	6	5	1
ec13a142-1b20-484b-8b5c-c3dfa79966f9	chr7	32341945	35358012	6	3	3
ec13a142-1b20-484b-8b5c-c3dfa79966f9	chr7	35358037	35371085	2	1	1
ec13a142-1b20-484b-8b5c-c3dfa79966f9	chr7	35372431	35487627	5	3	2
ec13a142-1b20-484b-8b5c-c3dfa79966f9	chr7	35490462	35896672	6	5	1
ec13a142-1b20-484b-8b5c-c3dfa79966f9	chr7	35898686	38317474	5	3	2
ec13a142-1b20-484b-8b5c-c3dfa79966f9	chr7	38317544	38578471	6	5	1
ec13a142-1b20-484b-8b5c-c3dfa79966f9	chr7	38579748	66813220	6	3	3
ec13a142-1b20-484b-8b5c-c3dfa79966f9	chr7	66814300	68726819	4	3	1
ec13a142-1b20-484b-8b5c-c3dfa79966f9	chr7	68728417	110057464	3	2	1
ec13a142-1b20-484b-8b5c-c3dfa79966f9	chr7	110058685	110922282	1	1	0
ec13a142-1b20-484b-8b5c-c3dfa79966f9	chr7	110922748	121458226	3	2	1
ec13a142-1b20-484b-8b5c-c3dfa79966f9	chr7	121458965	121473071	2	1	1
ec13a142-1b20-484b-8b5c-c3dfa79966f9	chr7	121474518	121484438	7	4	3
ec13a142-1b20-484b-8b5c-c3dfa79966f9	chr7	121486002	151608578	3	2	1
ec13a142-1b20-484b-8b5c-c3dfa79966f9	chr7	151608608	151704337	2	1	1
ec13a142-1b20-484b-8b5c-c3dfa79966f9	chr7	151705414	153649644	4	3	1
ec13a142-1b20-484b-8b5c-c3dfa79966f9	chr7	153651573	159334314	3	2	1
ec13a142-1b20-484b-8b5c-c3dfa79966f9	chr8	81254	2035028	2	2	0
ec13a142-1b20-484b-8b5c-c3dfa79966f9	chr8	2035440	2503902	3	2	1
ec13a142-1b20-484b-8b5c-c3dfa79966f9	chr8	2509220	12693626	2	2	0
ec13a142-1b20-484b-8b5c-c3dfa79966f9	chr8	12694109	12697234	5	4	1
ec13a142-1b20-484b-8b5c-c3dfa79966f9	chr8	12698533	14282544	2	2	0
ec13a142-1b20-484b-8b5c-c3dfa79966f9	chr8	14284639	14292784	0	0	0
ec13a142-1b20-484b-8b5c-c3dfa79966f9	chr8	14293973	36354260	2	2	0
ec13a142-1b20-484b-8b5c-c3dfa79966f9	chr8	36355024	37615393	6	4	2
ec13a142-1b20-484b-8b5c-c3dfa79966f9	chr8	37615552	38978147	4	2	2
ec13a142-1b20-484b-8b5c-c3dfa79966f9	chr8	38978372	40597897	3	2	1
ec13a142-1b20-484b-8b5c-c3dfa79966f9	chr8	40598675	40844524	4	2	2
ec13a142-1b20-484b-8b5c-c3dfa79966f9	chr8	40845848	42606739	5	3	2
ec13a142-1b20-484b-8b5c-c3dfa79966f9	chr8	42611399	48422188	5	4	1
ec13a142-1b20-484b-8b5c-c3dfa79966f9	chr8	48425493	61529187	3	3	0
ec13a142-1b20-484b-8b5c-c3dfa79966f9	chr8	61530337	69152771	4	3	1
ec13a142-1b20-484b-8b5c-c3dfa79966f9	chr8	69153124	69165560	9	5	4
ec13a142-1b20-484b-8b5c-c3dfa79966f9	chr8	69166138	69765093	4	3	1
ec13a142-1b20-484b-8b5c-c3dfa79966f9	chr8	69766800	73219288	5	3	2
ec13a142-1b20-484b-8b5c-c3dfa79966f9	chr8	73224455	73777820	4	3	1
ec13a142-1b20-484b-8b5c-c3dfa79966f9	chr8	73781514	74522916	6	3	3
ec13a142-1b20-484b-8b5c-c3dfa79966f9	chr8	74530815	75010920	8	7	1
ec13a142-1b20-484b-8b5c-c3dfa79966f9	chr8	75011000	76822127	9	6	3
ec13a142-1b20-484b-8b5c-c3dfa79966f9	chr8	76823903	76907621	9	7	2
ec13a142-1b20-484b-8b5c-c3dfa79966f9	chr8	76910847	77195798	8	4	4
ec13a142-1b20-484b-8b5c-c3dfa79966f9	chr8	77198057	78335195	5	3	2
ec13a142-1b20-484b-8b5c-c3dfa79966f9	chr8	78335431	79803530	7	4	3
ec13a142-1b20-484b-8b5c-c3dfa79966f9	chr8	79809670	83149306	6	3	3
ec13a142-1b20-484b-8b5c-c3dfa79966f9	chr8	83149688	84556466	4	3	1
ec13a142-1b20-484b-8b5c-c3dfa79966f9	chr8	84556480	89131841	3	3	0
ec13a142-1b20-484b-8b5c-c3dfa79966f9	chr8	89132265	89890083	1	1	0
ec13a142-1b20-484b-8b5c-c3dfa79966f9	chr8	89893163	94774987	3	3	0
ec13a142-1b20-484b-8b5c-c3dfa79966f9	chr8	94777392	97388427	5	3	2
ec13a142-1b20-484b-8b5c-c3dfa79966f9	chr8	97389010	98367031	6	4	2
ec13a142-1b20-484b-8b5c-c3dfa79966f9	chr8	98367357	102480465	5	3	2
ec13a142-1b20-484b-8b5c-c3dfa79966f9	chr8	102484327	103432781	4	3	1
ec13a142-1b20-484b-8b5c-c3dfa79966f9	chr8	103439813	104469477	5	3	2
ec13a142-1b20-484b-8b5c-c3dfa79966f9	chr8	104469695	106147302	9	6	3
ec13a142-1b20-484b-8b5c-c3dfa79966f9	chr8	106150442	106777154	11	8	3
ec13a142-1b20-484b-8b5c-c3dfa79966f9	chr8	106777343	106942753	9	6	3
ec13a142-1b20-484b-8b5c-c3dfa79966f9	chr8	106942987	107910944	9	7	2
ec13a142-1b20-484b-8b5c-c3dfa79966f9	chr8	107911110	109647972	9	6	3
ec13a142-1b20-484b-8b5c-c3dfa79966f9	chr8	109648429	111595033	7	5	2
ec13a142-1b20-484b-8b5c-c3dfa79966f9	chr8	111602376	112580819	7	6	1
ec13a142-1b20-484b-8b5c-c3dfa79966f9	chr8	112581710	113045051	8	4	4
ec13a142-1b20-484b-8b5c-c3dfa79966f9	chr8	113048419	120558415	6	3	3
ec13a142-1b20-484b-8b5c-c3dfa79966f9	chr8	120558955	120892335	5	4	1
ec13a142-1b20-484b-8b5c-c3dfa79966f9	chr8	120896187	123110274	6	3	3
ec13a142-1b20-484b-8b5c-c3dfa79966f9	chr8	123112619	124406538	11	8	3
ec13a142-1b20-484b-8b5c-c3dfa79966f9	chr8	124406614	124588562	13	11	2
ec13a142-1b20-484b-8b5c-c3dfa79966f9	chr8	124588577	126239117	11	8	3
ec13a142-1b20-484b-8b5c-c3dfa79966f9	chr8	126240785	129127700	6	3	3
ec13a142-1b20-484b-8b5c-c3dfa79966f9	chr8	129130432	145072769	3	3	0
ec13a142-1b20-484b-8b5c-c3dfa79966f9	chr9	46587	1709308	3	2	1
ec13a142-1b20-484b-8b5c-c3dfa79966f9	chr9	1709363	1717425	1	1	0
ec13a142-1b20-484b-8b5c-c3dfa79966f9	chr9	1717960	11316494	3	2	1
ec13a142-1b20-484b-8b5c-c3dfa79966f9	chr9	11316701	11952693	4	4	0
ec13a142-1b20-484b-8b5c-c3dfa79966f9	chr9	11952722	31249991	3	2	1
ec13a142-1b20-484b-8b5c-c3dfa79966f9	chr9	31251592	31860797	3	3	0
ec13a142-1b20-484b-8b5c-c3dfa79966f9	chr9	31860842	32612170	3	2	1
ec13a142-1b20-484b-8b5c-c3dfa79966f9	chr9	32612746	32930329	3	3	0
ec13a142-1b20-484b-8b5c-c3dfa79966f9	chr9	32930632	41741113	3	2	1
ec13a142-1b20-484b-8b5c-c3dfa79966f9	chr9	60863881	61629689	0	0	0
ec13a142-1b20-484b-8b5c-c3dfa79966f9	chr9	61633080	70529271	3	2	1
ec13a142-1b20-484b-8b5c-c3dfa79966f9	chr9	70529974	71394814	3	3	0
ec13a142-1b20-484b-8b5c-c3dfa79966f9	chr9	71397543	96394875	3	2	1
ec13a142-1b20-484b-8b5c-c3dfa79966f9	chr9	96399230	97447726	4	4	0
ec13a142-1b20-484b-8b5c-c3dfa79966f9	chr9	97448147	103317412	3	2	1
ec13a142-1b20-484b-8b5c-c3dfa79966f9	chr9	103318738	103739142	3	3	0
ec13a142-1b20-484b-8b5c-c3dfa79966f9	chr9	103739248	110962066	3	2	1
ec13a142-1b20-484b-8b5c-c3dfa79966f9	chr9	110962445	110979640	1	1	0
ec13a142-1b20-484b-8b5c-c3dfa79966f9	chr9	110980024	113797908	3	2	1
ec13a142-1b20-484b-8b5c-c3dfa79966f9	chr9	113801995	114174580	3	3	0
ec13a142-1b20-484b-8b5c-c3dfa79966f9	chr9	114174625	138200944	3	2	1
ec13a142-1b20-484b-8b5c-c3dfa79966f9	chr10	45792	1125794	4	4	0
ec13a142-1b20-484b-8b5c-c3dfa79966f9	chr10	1125883	3461264	3	3	0
ec13a142-1b20-484b-8b5c-c3dfa79966f9	chr10	3462519	6455460	4	3	1
ec13a142-1b20-484b-8b5c-c3dfa79966f9	chr10	6456761	6927295	3	2	1
ec13a142-1b20-484b-8b5c-c3dfa79966f9	chr10	6927316	9337377	2	2	0
ec13a142-1b20-484b-8b5c-c3dfa79966f9	chr10	9338973	13830101	3	2	1
ec13a142-1b20-484b-8b5c-c3dfa79966f9	chr10	13830170	13833739	0	0	0
ec13a142-1b20-484b-8b5c-c3dfa79966f9	chr10	13834469	19217904	3	2	1
ec13a142-1b20-484b-8b5c-c3dfa79966f9	chr10	19220440	24649478	2	2	0
ec13a142-1b20-484b-8b5c-c3dfa79966f9	chr10	24650736	27374675	3	2	1
ec13a142-1b20-484b-8b5c-c3dfa79966f9	chr10	27378432	27526427	3	3	0
ec13a142-1b20-484b-8b5c-c3dfa79966f9	chr10	27531281	27626881	4	3	1
ec13a142-1b20-484b-8b5c-c3dfa79966f9	chr10	27628107	27659118	6	4	2
ec13a142-1b20-484b-8b5c-c3dfa79966f9	chr10	27659300	29489138	2	2	0
ec13a142-1b20-484b-8b5c-c3dfa79966f9	chr10	29490270	29964106	4	2	2
ec13a142-1b20-484b-8b5c-c3dfa79966f9	chr10	29965775	29989510	2	1	1
ec13a142-1b20-484b-8b5c-c3dfa79966f9	chr10	29989619	44739610	3	2	1
ec13a142-1b20-484b-8b5c-c3dfa79966f9	chr10	44739758	47559596	2	2	0
ec13a142-1b20-484b-8b5c-c3dfa79966f9	chr10	47627616	53445295	3	2	1
ec13a142-1b20-484b-8b5c-c3dfa79966f9	chr10	53447468	53788043	3	3	0
ec13a142-1b20-484b-8b5c-c3dfa79966f9	chr10	53788561	61377425	3	2	1
ec13a142-1b20-484b-8b5c-c3dfa79966f9	chr10	61378225	61788341	3	3	0
ec13a142-1b20-484b-8b5c-c3dfa79966f9	chr10	61792465	64969545	3	2	1
ec13a142-1b20-484b-8b5c-c3dfa79966f9	chr10	64969588	65492228	4	2	2
ec13a142-1b20-484b-8b5c-c3dfa79966f9	chr10	65492376	65498127	0	0	0
ec13a142-1b20-484b-8b5c-c3dfa79966f9	chr10	65498582	66319590	3	2	1
ec13a142-1b20-484b-8b5c-c3dfa79966f9	chr10	66321053	66349580	0	0	0
ec13a142-1b20-484b-8b5c-c3dfa79966f9	chr10	66362774	69863038	3	2	1
ec13a142-1b20-484b-8b5c-c3dfa79966f9	chr10	69863175	70352677	4	4	0
ec13a142-1b20-484b-8b5c-c3dfa79966f9	chr10	70353805	72122059	4	3	1
ec13a142-1b20-484b-8b5c-c3dfa79966f9	chr10	72122779	73664626	3	3	0
ec13a142-1b20-484b-8b5c-c3dfa79966f9	chr10	73664907	77682826	4	2	2
ec13a142-1b20-484b-8b5c-c3dfa79966f9	chr10	77685259	78144585	4	4	0
ec13a142-1b20-484b-8b5c-c3dfa79966f9	chr10	78147924	87584410	4	2	2
ec13a142-1b20-484b-8b5c-c3dfa79966f9	chr10	87586719	90939759	3	2	1
ec13a142-1b20-484b-8b5c-c3dfa79966f9	chr10	90939799	104551239	4	2	2
ec13a142-1b20-484b-8b5c-c3dfa79966f9	chr10	104551552	105753379	3	3	0
ec13a142-1b20-484b-8b5c-c3dfa79966f9	chr10	105757320	108588779	3	2	1
ec13a142-1b20-484b-8b5c-c3dfa79966f9	chr10	108591704	108616707	2	1	1
ec13a142-1b20-484b-8b5c-c3dfa79966f9	chr10	108617062	108854827	4	2	2
ec13a142-1b20-484b-8b5c-c3dfa79966f9	chr10	108855324	109383096	3	3	0
ec13a142-1b20-484b-8b5c-c3dfa79966f9	chr10	109383414	133654968	3	2	1
ec13a142-1b20-484b-8b5c-c3dfa79966f9	chr11	198510	3894682	4	3	1
ec13a142-1b20-484b-8b5c-c3dfa79966f9	chr11	3901498	4210649	3	3	0
ec13a142-1b20-484b-8b5c-c3dfa79966f9	chr11	4210905	4648984	3	2	1
ec13a142-1b20-484b-8b5c-c3dfa79966f9	chr11	4649391	8692568	2	2	0
ec13a142-1b20-484b-8b5c-c3dfa79966f9	chr11	8692778	30744416	3	2	1
ec13a142-1b20-484b-8b5c-c3dfa79966f9	chr11	30745126	30766059	7	5	2
ec13a142-1b20-484b-8b5c-c3dfa79966f9	chr11	30769810	31621057	3	3	0
ec13a142-1b20-484b-8b5c-c3dfa79966f9	chr11	31621980	37962916	3	2	1
ec13a142-1b20-484b-8b5c-c3dfa79966f9	chr11	37963833	40039887	3	3	0
ec13a142-1b20-484b-8b5c-c3dfa79966f9	chr11	40043900	49949601	3	2	1
ec13a142-1b20-484b-8b5c-c3dfa79966f9	chr11	49955815	56083055	2	2	0
ec13a142-1b20-484b-8b5c-c3dfa79966f9	chr11	56083211	59928612	4	2	2
ec13a142-1b20-484b-8b5c-c3dfa79966f9	chr11	59929324	60293748	3	3	0
ec13a142-1b20-484b-8b5c-c3dfa79966f9	chr11	60302314	60513109	3	2	1
ec13a142-1b20-484b-8b5c-c3dfa79966f9	chr11	60516359	61344930	3	3	0
ec13a142-1b20-484b-8b5c-c3dfa79966f9	chr11	61346817	70346954	4	3	1
ec13a142-1b20-484b-8b5c-c3dfa79966f9	chr11	70349872	75704776	5	4	1
ec13a142-1b20-484b-8b5c-c3dfa79966f9	chr11	75704895	76275110	5	5	0
ec13a142-1b20-484b-8b5c-c3dfa79966f9	chr11	76281546	78875295	5	4	1
ec13a142-1b20-484b-8b5c-c3dfa79966f9	chr11	78875534	94662703	4	4	0
ec13a142-1b20-484b-8b5c-c3dfa79966f9	chr11	94663399	95710167	5	4	1
ec13a142-1b20-484b-8b5c-c3dfa79966f9	chr11	95717414	101499108	4	4	0
ec13a142-1b20-484b-8b5c-c3dfa79966f9	chr11	101499253	101502783	7	7	0
ec13a142-1b20-484b-8b5c-c3dfa79966f9	chr11	101505961	112967018	4	4	0
ec13a142-1b20-484b-8b5c-c3dfa79966f9	chr11	112967156	112978206	1	1	0
ec13a142-1b20-484b-8b5c-c3dfa79966f9	chr11	112978609	117791671	4	4	0
ec13a142-1b20-484b-8b5c-c3dfa79966f9	chr11	117791924	117805135	1	1	0
ec13a142-1b20-484b-8b5c-c3dfa79966f9	chr11	117807828	135074876	4	4	0
ec13a142-1b20-484b-8b5c-c3dfa79966f9	chr12	51460	1072600	8	7	1
ec13a142-1b20-484b-8b5c-c3dfa79966f9	chr12	1074470	1328574	5	4	1
ec13a142-1b20-484b-8b5c-c3dfa79966f9	chr12	1328861	2440422	7	6	1
ec13a142-1b20-484b-8b5c-c3dfa79966f9	chr12	2440713	2880176	6	5	1
ec13a142-1b20-484b-8b5c-c3dfa79966f9	chr12	2883891	4700215	12	11	1
ec13a142-1b20-484b-8b5c-c3dfa79966f9	chr12	4700322	4760762	5	3	2
ec13a142-1b20-484b-8b5c-c3dfa79966f9	chr12	4762289	7635324	2	1	1
ec13a142-1b20-484b-8b5c-c3dfa79966f9	chr12	7635564	9477960	3	2	1
ec13a142-1b20-484b-8b5c-c3dfa79966f9	chr12	9481274	9575696	0	0	0
ec13a142-1b20-484b-8b5c-c3dfa79966f9	chr12	9582373	9744838	3	2	1
ec13a142-1b20-484b-8b5c-c3dfa79966f9	chr12	9744969	25441896	2	1	1
ec13a142-1b20-484b-8b5c-c3dfa79966f9	chr12	25442396	25843393	2	2	0
ec13a142-1b20-484b-8b5c-c3dfa79966f9	chr12	25844858	32310952	2	1	1
ec13a142-1b20-484b-8b5c-c3dfa79966f9	chr12	32322488	33446397	2	2	0
ec13a142-1b20-484b-8b5c-c3dfa79966f9	chr12	33447119	47760371	2	1	1
ec13a142-1b20-484b-8b5c-c3dfa79966f9	chr12	47762431	52526630	3	2	1
ec13a142-1b20-484b-8b5c-c3dfa79966f9	chr12	52527431	52534131	5	3	2
ec13a142-1b20-484b-8b5c-c3dfa79966f9	chr12	52534709	52558895	2	1	1
ec13a142-1b20-484b-8b5c-c3dfa79966f9	chr12	52560213	52686829	2	2	0
ec13a142-1b20-484b-8b5c-c3dfa79966f9	chr12	52687294	58971557	2	1	1
ec13a142-1b20-484b-8b5c-c3dfa79966f9	chr12	58973712	59314331	2	2	0
ec13a142-1b20-484b-8b5c-c3dfa79966f9	chr12	59314863	79079653	2	1	1
ec13a142-1b20-484b-8b5c-c3dfa79966f9	chr12	79080668	79400810	1	1	0
ec13a142-1b20-484b-8b5c-c3dfa79966f9	chr12	79400878	94753706	2	1	1
ec13a142-1b20-484b-8b5c-c3dfa79966f9	chr12	94754602	94844551	2	2	0
ec13a142-1b20-484b-8b5c-c3dfa79966f9	chr12	94845229	114041294	2	1	1
ec13a142-1b20-484b-8b5c-c3dfa79966f9	chr12	114041932	114363550	2	2	0
ec13a142-1b20-484b-8b5c-c3dfa79966f9	chr12	114365882	133201603	2	1	1
ec13a142-1b20-484b-8b5c-c3dfa79966f9	chr13	18452809	19020961	8	7	1
ec13a142-1b20-484b-8b5c-c3dfa79966f9	chr13	19021251	19030298	16	15	1
ec13a142-1b20-484b-8b5c-c3dfa79966f9	chr13	19030345	24680060	8	7	1
ec13a142-1b20-484b-8b5c-c3dfa79966f9	chr13	24684706	25472920	8	8	0
ec13a142-1b20-484b-8b5c-c3dfa79966f9	chr13	25473005	43989375	8	7	1
ec13a142-1b20-484b-8b5c-c3dfa79966f9	chr13	43989812	44715717	8	8	0
ec13a142-1b20-484b-8b5c-c3dfa79966f9	chr13	44718792	47334099	9	8	1
ec13a142-1b20-484b-8b5c-c3dfa79966f9	chr13	47334241	49734597	11	10	1
ec13a142-1b20-484b-8b5c-c3dfa79966f9	chr13	49735069	83167087	9	8	1
ec13a142-1b20-484b-8b5c-c3dfa79966f9	chr13	83167278	83169863	20	18	2
ec13a142-1b20-484b-8b5c-c3dfa79966f9	chr13	83175387	85716284	9	8	1
ec13a142-1b20-484b-8b5c-c3dfa79966f9	chr13	85716420	86377555	8	8	0
ec13a142-1b20-484b-8b5c-c3dfa79966f9	chr13	86377610	93778832	8	7	1
ec13a142-1b20-484b-8b5c-c3dfa79966f9	chr13	93782811	93799635	4	4	0
ec13a142-1b20-484b-8b5c-c3dfa79966f9	chr13	93803715	95648533	9	8	1
ec13a142-1b20-484b-8b5c-c3dfa79966f9	chr13	95648618	96560225	9	9	0
ec13a142-1b20-484b-8b5c-c3dfa79966f9	chr13	96563340	105689562	8	7	1
ec13a142-1b20-484b-8b5c-c3dfa79966f9	chr13	105691586	105832891	10	10	0
ec13a142-1b20-484b-8b5c-c3dfa79966f9	chr13	105832961	114342922	9	8	1
ec13a142-1b20-484b-8b5c-c3dfa79966f9	chr14	18239283	20155663	3	2	1
ec13a142-1b20-484b-8b5c-c3dfa79966f9	chr14	20157069	44339085	2	1	1
ec13a142-1b20-484b-8b5c-c3dfa79966f9	chr14	44344656	44458791	4	3	1
ec13a142-1b20-484b-8b5c-c3dfa79966f9	chr14	44465304	45074715	2	1	1
ec13a142-1b20-484b-8b5c-c3dfa79966f9	chr14	45078572	46645159	3	2	1
ec13a142-1b20-484b-8b5c-c3dfa79966f9	chr14	46645937	53615490	2	1	1
ec13a142-1b20-484b-8b5c-c3dfa79966f9	chr14	53616594	54422939	1	1	0
ec13a142-1b20-484b-8b5c-c3dfa79966f9	chr14	54425968	58346641	3	2	1
ec13a142-1b20-484b-8b5c-c3dfa79966f9	chr14	58355211	58421684	2	2	0
ec13a142-1b20-484b-8b5c-c3dfa79966f9	chr14	58423136	60334436	1	1	0
ec13a142-1b20-484b-8b5c-c3dfa79966f9	chr14	60336750	63202724	2	1	1
ec13a142-1b20-484b-8b5c-c3dfa79966f9	chr14	63202929	64119888	2	2	0
ec13a142-1b20-484b-8b5c-c3dfa79966f9	chr14	64122239	66428516	2	1	1
ec13a142-1b20-484b-8b5c-c3dfa79966f9	chr14	66429006	68122831	2	2	0
ec13a142-1b20-484b-8b5c-c3dfa79966f9	chr14	68129118	68211027	2	1	1
ec13a142-1b20-484b-8b5c-c3dfa79966f9	chr14	68212408	68417974	3	2	1
ec13a142-1b20-484b-8b5c-c3dfa79966f9	chr14	68420851	68665547	2	1	1
ec13a142-1b20-484b-8b5c-c3dfa79966f9	chr14	68668750	68741986	2	2	0
ec13a142-1b20-484b-8b5c-c3dfa79966f9	chr14	68743342	74324059	2	1	1
ec13a142-1b20-484b-8b5c-c3dfa79966f9	chr14	74331877	74899744	2	2	0
ec13a142-1b20-484b-8b5c-c3dfa79966f9	chr14	74902163	78986094	2	1	1
ec13a142-1b20-484b-8b5c-c3dfa79966f9	chr14	78987102	79247254	2	2	0
ec13a142-1b20-484b-8b5c-c3dfa79966f9	chr14	79249508	86871554	2	1	1
ec13a142-1b20-484b-8b5c-c3dfa79966f9	chr14	86872146	87276782	2	2	0
ec13a142-1b20-484b-8b5c-c3dfa79966f9	chr14	87277067	106877229	2	1	1
ec13a142-1b20-484b-8b5c-c3dfa79966f9	chr15	19811075	22300068	2	2	0
ec13a142-1b20-484b-8b5c-c3dfa79966f9	chr15	23396367	36357119	2	1	1
ec13a142-1b20-484b-8b5c-c3dfa79966f9	chr15	36362396	36790314	2	2	0
ec13a142-1b20-484b-8b5c-c3dfa79966f9	chr15	36790457	49873987	2	1	1
ec13a142-1b20-484b-8b5c-c3dfa79966f9	chr15	49875431	50243431	2	2	0
ec13a142-1b20-484b-8b5c-c3dfa79966f9	chr15	50243674	51171705	2	1	1
ec13a142-1b20-484b-8b5c-c3dfa79966f9	chr15	51171990	51257681	2	2	0
ec13a142-1b20-484b-8b5c-c3dfa79966f9	chr15	51258884	60222564	2	1	1
ec13a142-1b20-484b-8b5c-c3dfa79966f9	chr15	60224546	60817674	1	1	0
ec13a142-1b20-484b-8b5c-c3dfa79966f9	chr15	60818690	63887705	2	1	1
ec13a142-1b20-484b-8b5c-c3dfa79966f9	chr15	63888684	63897659	0	0	0
ec13a142-1b20-484b-8b5c-c3dfa79966f9	chr15	63900540	71856871	2	1	1
ec13a142-1b20-484b-8b5c-c3dfa79966f9	chr15	71859019	73088426	2	2	0
ec13a142-1b20-484b-8b5c-c3dfa79966f9	chr15	73090663	79554564	2	1	1
ec13a142-1b20-484b-8b5c-c3dfa79966f9	chr15	79554701	79656387	2	2	0
ec13a142-1b20-484b-8b5c-c3dfa79966f9	chr15	79656647	81196998	2	1	1
ec13a142-1b20-484b-8b5c-c3dfa79966f9	chr15	81198450	81835917	2	2	0
ec13a142-1b20-484b-8b5c-c3dfa79966f9	chr15	81836538	92334260	2	1	1
ec13a142-1b20-484b-8b5c-c3dfa79966f9	chr15	92334427	92842941	2	2	0
ec13a142-1b20-484b-8b5c-c3dfa79966f9	chr15	92843533	101928837	2	1	1
ec13a142-1b20-484b-8b5c-c3dfa79966f9	chr16	10777	4341732	2	1	1
ec13a142-1b20-484b-8b5c-c3dfa79966f9	chr16	4345240	4985022	2	2	0
ec13a142-1b20-484b-8b5c-c3dfa79966f9	chr16	4985038	5416153	2	1	1
ec13a142-1b20-484b-8b5c-c3dfa79966f9	chr16	5416182	5617481	3	2	1
ec13a142-1b20-484b-8b5c-c3dfa79966f9	chr16	5619597	5731939	3	3	0
ec13a142-1b20-484b-8b5c-c3dfa79966f9	chr16	5732838	6532313	3	2	1
ec13a142-1b20-484b-8b5c-c3dfa79966f9	chr16	6532545	6623066	1	1	0
ec13a142-1b20-484b-8b5c-c3dfa79966f9	chr16	6623351	8989510	2	1	1
ec13a142-1b20-484b-8b5c-c3dfa79966f9	chr16	8991891	9224411	3	2	1
ec13a142-1b20-484b-8b5c-c3dfa79966f9	chr16	9224909	9243447	6	3	3
ec13a142-1b20-484b-8b5c-c3dfa79966f9	chr16	9243583	10203951	3	2	1
ec13a142-1b20-484b-8b5c-c3dfa79966f9	chr16	10204675	10603387	4	3	1
ec13a142-1b20-484b-8b5c-c3dfa79966f9	chr16	10603578	14559988	5	4	1
ec13a142-1b20-484b-8b5c-c3dfa79966f9	chr16	14561956	16011625	3	2	1
ec13a142-1b20-484b-8b5c-c3dfa79966f9	chr16	16012108	17610331	5	4	1
ec13a142-1b20-484b-8b5c-c3dfa79966f9	chr16	17611723	19088485	3	2	1
ec13a142-1b20-484b-8b5c-c3dfa79966f9	chr16	19097325	24025698	2	1	1
ec13a142-1b20-484b-8b5c-c3dfa79966f9	chr16	24026795	27048754	3	2	1
ec13a142-1b20-484b-8b5c-c3dfa79966f9	chr16	27057005	36048855	4	3	1
ec13a142-1b20-484b-8b5c-c3dfa79966f9	chr16	46441986	55193627	3	2	1
ec13a142-1b20-484b-8b5c-c3dfa79966f9	chr16	55193702	55502124	3	3	0
ec13a142-1b20-484b-8b5c-c3dfa79966f9	chr16	55502851	57035109	3	2	1
ec13a142-1b20-484b-8b5c-c3dfa79966f9	chr16	57035738	59010687	4	3	1
ec13a142-1b20-484b-8b5c-c3dfa79966f9	chr16	59010932	59471364	4	4	0
ec13a142-1b20-484b-8b5c-c3dfa79966f9	chr16	59475138	80122800	4	2	2
ec13a142-1b20-484b-8b5c-c3dfa79966f9	chr16	80122883	80132169	1	1	0
ec13a142-1b20-484b-8b5c-c3dfa79966f9	chr16	80132707	86353282	3	2	1
ec13a142-1b20-484b-8b5c-c3dfa79966f9	chr16	86353462	86417263	3	3	0
ec13a142-1b20-484b-8b5c-c3dfa79966f9	chr16	86418390	90096867	3	2	1
ec13a142-1b20-484b-8b5c-c3dfa79966f9	chr17	150733	4742769	3	3	0
ec13a142-1b20-484b-8b5c-c3dfa79966f9	chr17	4743185	22191101	2	2	0
ec13a142-1b20-484b-8b5c-c3dfa79966f9	chr17	22191121	36074358	3	2	1
ec13a142-1b20-484b-8b5c-c3dfa79966f9	chr17	36074558	36748518	3	3	0
ec13a142-1b20-484b-8b5c-c3dfa79966f9	chr17	36749398	39707669	3	2	1
ec13a142-1b20-484b-8b5c-c3dfa79966f9	chr17	39711492	40121215	4	4	0
ec13a142-1b20-484b-8b5c-c3dfa79966f9	chr17	40126946	41266838	3	2	1
ec13a142-1b20-484b-8b5c-c3dfa79966f9	chr17	41266851	41274279	0	0	0
ec13a142-1b20-484b-8b5c-c3dfa79966f9	chr17	41276472	55518154	4	3	1
ec13a142-1b20-484b-8b5c-c3dfa79966f9	chr17	55519037	56038301	3	3	0
ec13a142-1b20-484b-8b5c-c3dfa79966f9	chr17	56038404	63572684	4	2	2
ec13a142-1b20-484b-8b5c-c3dfa79966f9	chr17	63573104	64282167	3	3	0
ec13a142-1b20-484b-8b5c-c3dfa79966f9	chr17	64286156	70396383	3	2	1
ec13a142-1b20-484b-8b5c-c3dfa79966f9	chr17	70396453	70837751	3	3	0
ec13a142-1b20-484b-8b5c-c3dfa79966f9	chr17	70839879	80549699	4	2	2
ec13a142-1b20-484b-8b5c-c3dfa79966f9	chr17	80550292	80789982	3	3	0
ec13a142-1b20-484b-8b5c-c3dfa79966f9	chr17	80791419	83091923	3	2	1
ec13a142-1b20-484b-8b5c-c3dfa79966f9	chr18	48133	80257174	2	2	0
ec13a142-1b20-484b-8b5c-c3dfa79966f9	chr19	90910	9850893	2	2	0
ec13a142-1b20-484b-8b5c-c3dfa79966f9	chr19	9851384	11388646	4	3	1
ec13a142-1b20-484b-8b5c-c3dfa79966f9	chr19	11390564	12370255	3	3	0
ec13a142-1b20-484b-8b5c-c3dfa79966f9	chr19	12371342	14541705	5	3	2
ec13a142-1b20-484b-8b5c-c3dfa79966f9	chr19	14542665	16537421	4	3	1
ec13a142-1b20-484b-8b5c-c3dfa79966f9	chr19	16545211	23188721	3	3	0
ec13a142-1b20-484b-8b5c-c3dfa79966f9	chr19	23189047	23263083	4	3	1
ec13a142-1b20-484b-8b5c-c3dfa79966f9	chr19	23263986	24000494	4	4	0
ec13a142-1b20-484b-8b5c-c3dfa79966f9	chr19	24004849	29576154	5	3	2
ec13a142-1b20-484b-8b5c-c3dfa79966f9	chr19	29576905	29594238	2	1	1
ec13a142-1b20-484b-8b5c-c3dfa79966f9	chr19	29599257	31508257	5	3	2
ec13a142-1b20-484b-8b5c-c3dfa79966f9	chr19	31508563	31857447	5	4	1
ec13a142-1b20-484b-8b5c-c3dfa79966f9	chr19	31860021	32927360	10	8	2
ec13a142-1b20-484b-8b5c-c3dfa79966f9	chr19	32928654	33384941	10	7	3
ec13a142-1b20-484b-8b5c-c3dfa79966f9	chr19	33385488	33398463	4	3	1
ec13a142-1b20-484b-8b5c-c3dfa79966f9	chr19	33399389	35333678	7	5	2
ec13a142-1b20-484b-8b5c-c3dfa79966f9	chr19	35334302	36847962	6	3	3
ec13a142-1b20-484b-8b5c-c3dfa79966f9	chr19	36848064	58586487	4	3	1
ec13a142-1b20-484b-8b5c-c3dfa79966f9	chr20	80664	2540764	4	2	2
ec13a142-1b20-484b-8b5c-c3dfa79966f9	chr20	2541418	2786736	4	3	1
ec13a142-1b20-484b-8b5c-c3dfa79966f9	chr20	2786974	4329543	5	3	2
ec13a142-1b20-484b-8b5c-c3dfa79966f9	chr20	4331506	4352780	1	1	0
ec13a142-1b20-484b-8b5c-c3dfa79966f9	chr20	4353684	11276443	4	2	2
ec13a142-1b20-484b-8b5c-c3dfa79966f9	chr20	11276582	11938817	4	3	1
ec13a142-1b20-484b-8b5c-c3dfa79966f9	chr20	11939170	14653018	4	2	2
ec13a142-1b20-484b-8b5c-c3dfa79966f9	chr20	14653714	15331123	0	0	0
ec13a142-1b20-484b-8b5c-c3dfa79966f9	chr20	15331136	15514914	3	2	1
ec13a142-1b20-484b-8b5c-c3dfa79966f9	chr20	15515663	18083476	5	3	2
ec13a142-1b20-484b-8b5c-c3dfa79966f9	chr20	18084628	20374413	6	3	3
ec13a142-1b20-484b-8b5c-c3dfa79966f9	chr20	20375638	20761346	6	5	1
ec13a142-1b20-484b-8b5c-c3dfa79966f9	chr20	20762313	21076181	5	3	2
ec13a142-1b20-484b-8b5c-c3dfa79966f9	chr20	21076269	21789173	6	4	2
ec13a142-1b20-484b-8b5c-c3dfa79966f9	chr20	21791187	22325605	6	3	3
ec13a142-1b20-484b-8b5c-c3dfa79966f9	chr20	22325688	22790726	6	4	2
ec13a142-1b20-484b-8b5c-c3dfa79966f9	chr20	22791372	25107043	6	3	3
ec13a142-1b20-484b-8b5c-c3dfa79966f9	chr20	25107469	30290746	6	4	2
ec13a142-1b20-484b-8b5c-c3dfa79966f9	chr20	30293217	42176184	6	3	3
ec13a142-1b20-484b-8b5c-c3dfa79966f9	chr20	42176367	43089283	6	4	2
ec13a142-1b20-484b-8b5c-c3dfa79966f9	chr20	43089876	43444817	5	4	1
ec13a142-1b20-484b-8b5c-c3dfa79966f9	chr20	43444965	54802214	6	3	3
ec13a142-1b20-484b-8b5c-c3dfa79966f9	chr20	54802827	55470458	5	4	1
ec13a142-1b20-484b-8b5c-c3dfa79966f9	chr20	55471244	64324800	6	3	3
ec13a142-1b20-484b-8b5c-c3dfa79966f9	chr21	12973348	13827209	3	3	0
ec13a142-1b20-484b-8b5c-c3dfa79966f9	chr21	13830677	23401539	3	2	1
ec13a142-1b20-484b-8b5c-c3dfa79966f9	chr21	23404440	24141127	3	3	0
ec13a142-1b20-484b-8b5c-c3dfa79966f9	chr21	24141458	29475793	3	2	1
ec13a142-1b20-484b-8b5c-c3dfa79966f9	chr21	29476048	29920647	3	3	0
ec13a142-1b20-484b-8b5c-c3dfa79966f9	chr21	29920903	46677045	3	2	1
ec13a142-1b20-484b-8b5c-c3dfa79966f9	chr22	16392123	17824868	2	2	0
ec13a142-1b20-484b-8b5c-c3dfa79966f9	chr22	17826053	17834855	4	4	0
ec13a142-1b20-484b-8b5c-c3dfa79966f9	chr22	17836197	42633886	2	2	0
ec13a142-1b20-484b-8b5c-c3dfa79966f9	chr22	42638854	42688151	1	1	0
ec13a142-1b20-484b-8b5c-c3dfa79966f9	chr22	42690167	45428156	2	2	0
ec13a142-1b20-484b-8b5c-c3dfa79966f9	chr22	45429741	45485346	1	1	0
ec13a142-1b20-484b-8b5c-c3dfa79966f9	chr22	45485434	50796027	2	2	0
ec13a142-1b20-484b-8b5c-c3dfa79966f9	chrX	251810	6978834	4	2	2
ec13a142-1b20-484b-8b5c-c3dfa79966f9	chrX	6979529	7686247	3	3	0
ec13a142-1b20-484b-8b5c-c3dfa79966f9	chrX	7686725	9469663	3	2	1
ec13a142-1b20-484b-8b5c-c3dfa79966f9	chrX	9469960	9482538	9	5	4
ec13a142-1b20-484b-8b5c-c3dfa79966f9	chrX	9483294	11546928	4	3	1
ec13a142-1b20-484b-8b5c-c3dfa79966f9	chrX	11547335	14251882	3	2	1
ec13a142-1b20-484b-8b5c-c3dfa79966f9	chrX	14258714	15062119	3	3	0
ec13a142-1b20-484b-8b5c-c3dfa79966f9	chrX	15063005	16188430	3	2	1
ec13a142-1b20-484b-8b5c-c3dfa79966f9	chrX	16188907	16203250	1	1	0
ec13a142-1b20-484b-8b5c-c3dfa79966f9	chrX	16203601	22210217	4	3	1
ec13a142-1b20-484b-8b5c-c3dfa79966f9	chrX	22211128	23619908	3	2	1
ec13a142-1b20-484b-8b5c-c3dfa79966f9	chrX	23620044	24580907	4	3	1
ec13a142-1b20-484b-8b5c-c3dfa79966f9	chrX	24583822	47482486	3	2	1
ec13a142-1b20-484b-8b5c-c3dfa79966f9	chrX	47483855	47942684	3	3	0
ec13a142-1b20-484b-8b5c-c3dfa79966f9	chrX	47943469	57623980	4	3	1
ec13a142-1b20-484b-8b5c-c3dfa79966f9	chrX	57638024	58262074	4	4	0
ec13a142-1b20-484b-8b5c-c3dfa79966f9	chrX	58271694	63487096	4	3	1
ec13a142-1b20-484b-8b5c-c3dfa79966f9	chrX	63490478	67702442	4	4	0
ec13a142-1b20-484b-8b5c-c3dfa79966f9	chrX	67709274	74361298	4	2	2
ec13a142-1b20-484b-8b5c-c3dfa79966f9	chrX	74363877	78084943	4	4	0
ec13a142-1b20-484b-8b5c-c3dfa79966f9	chrX	78093101	79324516	3	2	1
ec13a142-1b20-484b-8b5c-c3dfa79966f9	chrX	79324542	79524291	3	3	0
ec13a142-1b20-484b-8b5c-c3dfa79966f9	chrX	79528992	84538558	4	2	2
ec13a142-1b20-484b-8b5c-c3dfa79966f9	chrX	84539416	87691664	4	3	1
ec13a142-1b20-484b-8b5c-c3dfa79966f9	chrX	87692567	88264121	4	4	0
ec13a142-1b20-484b-8b5c-c3dfa79966f9	chrX	88264812	95141627	4	3	1
ec13a142-1b20-484b-8b5c-c3dfa79966f9	chrX	95141864	95158595	9	6	3
ec13a142-1b20-484b-8b5c-c3dfa79966f9	chrX	95159272	99197703	4	3	1
ec13a142-1b20-484b-8b5c-c3dfa79966f9	chrX	99198105	100834063	4	4	0
ec13a142-1b20-484b-8b5c-c3dfa79966f9	chrX	100835458	102020755	4	3	1
ec13a142-1b20-484b-8b5c-c3dfa79966f9	chrX	102021361	102030833	6	3	3
ec13a142-1b20-484b-8b5c-c3dfa79966f9	chrX	102030982	108248829	4	3	1
ec13a142-1b20-484b-8b5c-c3dfa79966f9	chrX	108253662	109538660	4	4	0
ec13a142-1b20-484b-8b5c-c3dfa79966f9	chrX	109542839	110858014	4	3	1
ec13a142-1b20-484b-8b5c-c3dfa79966f9	chrX	110858721	112080547	4	4	0
ec13a142-1b20-484b-8b5c-c3dfa79966f9	chrX	112080699	112783620	4	3	1
ec13a142-1b20-484b-8b5c-c3dfa79966f9	chrX	112784308	113865669	4	4	0
ec13a142-1b20-484b-8b5c-c3dfa79966f9	chrX	113868974	146419613	4	3	1
ec13a142-1b20-484b-8b5c-c3dfa79966f9	chrX	146420555	146425167	1	1	0
ec13a142-1b20-484b-8b5c-c3dfa79966f9	chrX	146425305	153947365	4	3	1
ec13a142-1b20-484b-8b5c-c3dfa79966f9	chrX	153955513	156004181	4	4	0
ec13a142-1b20-484b-8b5c-c3dfa79966f9	chrY	2782397	56872112	0	0	0
