GDC_Aliquot	Chromosome	Start	End	Num_Probes	Segment_Mean
4143be85-ca59-40c6-a441-a0c796c36f55	1	62920	259926	16	-0.9417
4143be85-ca59-40c6-a441-a0c796c36f55	1	266187	1972273	311	-0.1322
4143be85-ca59-40c6-a441-a0c796c36f55	1	1977223	16773735	8363	-0.3637
4143be85-ca59-40c6-a441-a0c796c36f55	1	16774382	16934716	56	-0.8956
4143be85-ca59-40c6-a441-a0c796c36f55	1	16934753	49666993	18736	-0.3539
4143be85-ca59-40c6-a441-a0c796c36f55	1	49667335	49989027	116	-0.6875
4143be85-ca59-40c6-a441-a0c796c36f55	1	49991165	55595396	3247	-0.3466
4143be85-ca59-40c6-a441-a0c796c36f55	1	55595458	59086809	2837	-0.4101
4143be85-ca59-40c6-a441-a0c796c36f55	1	59087032	60511630	932	-0.3347
4143be85-ca59-40c6-a441-a0c796c36f55	1	60517529	60519714	5	-1.4273
4143be85-ca59-40c6-a441-a0c796c36f55	1	60521393	61974089	1109	-0.3644
4143be85-ca59-40c6-a441-a0c796c36f55	1	61976059	61980253	13	0.3091
4143be85-ca59-40c6-a441-a0c796c36f55	1	61980375	72297687	7025	-0.382
4143be85-ca59-40c6-a441-a0c796c36f55	1	72302735	72345465	48	0.6952
4143be85-ca59-40c6-a441-a0c796c36f55	1	72346221	72576492	140	-0.4593
4143be85-ca59-40c6-a441-a0c796c36f55	1	72576677	72576834	2	-2.4405
4143be85-ca59-40c6-a441-a0c796c36f55	1	72579369	76554715	2531	-0.4007
4143be85-ca59-40c6-a441-a0c796c36f55	1	76554805	76555118	3	-2.2543
4143be85-ca59-40c6-a441-a0c796c36f55	1	76557105	83650829	4577	-0.405
4143be85-ca59-40c6-a441-a0c796c36f55	1	83651293	96384917	8349	-0.3602
4143be85-ca59-40c6-a441-a0c796c36f55	1	96386798	105476583	5336	-0.3949
4143be85-ca59-40c6-a441-a0c796c36f55	1	105476614	105479753	16	-2.0168
4143be85-ca59-40c6-a441-a0c796c36f55	1	105481433	109684893	2635	-0.3811
4143be85-ca59-40c6-a441-a0c796c36f55	1	109690352	109697556	13	1.2957
4143be85-ca59-40c6-a441-a0c796c36f55	1	109702376	112147704	1949	-0.3896
4143be85-ca59-40c6-a441-a0c796c36f55	1	112153343	112154390	18	-1.7571
4143be85-ca59-40c6-a441-a0c796c36f55	1	112154552	112163334	8	-0.9646
4143be85-ca59-40c6-a441-a0c796c36f55	1	112163438	143629230	5203	-0.3565
4143be85-ca59-40c6-a441-a0c796c36f55	1	143629549	143748012	46	-0.0427
4143be85-ca59-40c6-a441-a0c796c36f55	1	143748074	143760271	20	0.5321
4143be85-ca59-40c6-a441-a0c796c36f55	1	143762042	144503864	25	0.0014
4143be85-ca59-40c6-a441-a0c796c36f55	1	144932423	145837889	71	0.7181
4143be85-ca59-40c6-a441-a0c796c36f55	1	145837994	152582700	2228	0.2331
4143be85-ca59-40c6-a441-a0c796c36f55	1	152583051	152614118	36	1.315
4143be85-ca59-40c6-a441-a0c796c36f55	1	152618018	152789447	168	0.2007
4143be85-ca59-40c6-a441-a0c796c36f55	1	152789463	152796224	36	0.8151
4143be85-ca59-40c6-a441-a0c796c36f55	1	152801429	189053842	24307	0.1809
4143be85-ca59-40c6-a441-a0c796c36f55	1	189058092	189063349	8	-1.1478
4143be85-ca59-40c6-a441-a0c796c36f55	1	189065103	196742057	5149	0.1547
4143be85-ca59-40c6-a441-a0c796c36f55	1	196745692	196859741	73	0.5217
4143be85-ca59-40c6-a441-a0c796c36f55	1	196859808	209897717	8777	0.1916
4143be85-ca59-40c6-a441-a0c796c36f55	1	209908268	209910639	3	-2.0279
4143be85-ca59-40c6-a441-a0c796c36f55	1	209913207	246218807	25436	0.1725
4143be85-ca59-40c6-a441-a0c796c36f55	1	246219655	247232635	614	0.2887
4143be85-ca59-40c6-a441-a0c796c36f55	1	247232935	248930189	975	0.1698
4143be85-ca59-40c6-a441-a0c796c36f55	2	12784	8397677	6622	0.0591
4143be85-ca59-40c6-a441-a0c796c36f55	2	8397819	11454093	2100	0.1299
4143be85-ca59-40c6-a441-a0c796c36f55	2	11455036	11458160	2	-1.2689
4143be85-ca59-40c6-a441-a0c796c36f55	2	11458799	11944600	343	0.1322
4143be85-ca59-40c6-a441-a0c796c36f55	2	11944799	14205667	1656	0.0406
4143be85-ca59-40c6-a441-a0c796c36f55	2	14208790	14217565	19	-0.4874
4143be85-ca59-40c6-a441-a0c796c36f55	2	14217917	18655579	3399	0.0656
4143be85-ca59-40c6-a441-a0c796c36f55	2	18661791	18993223	220	-0.1879
4143be85-ca59-40c6-a441-a0c796c36f55	2	18994051	50046929	20998	0.0963
4143be85-ca59-40c6-a441-a0c796c36f55	2	50049922	52173018	1538	0.0194
4143be85-ca59-40c6-a441-a0c796c36f55	2	52186348	52356952	111	-1.0546
4143be85-ca59-40c6-a441-a0c796c36f55	2	52358148	52527330	131	0.038
4143be85-ca59-40c6-a441-a0c796c36f55	2	52527342	52527743	6	-1.8576
4143be85-ca59-40c6-a441-a0c796c36f55	2	52531615	52560811	34	-0.247
4143be85-ca59-40c6-a441-a0c796c36f55	2	52563002	53962675	1099	0.0647
4143be85-ca59-40c6-a441-a0c796c36f55	2	53964878	54197464	136	0.2451
4143be85-ca59-40c6-a441-a0c796c36f55	2	54200997	54207604	5	0.9418
4143be85-ca59-40c6-a441-a0c796c36f55	2	54207695	55130829	785	0.1463
4143be85-ca59-40c6-a441-a0c796c36f55	2	55132019	77637494	14217	0.081
4143be85-ca59-40c6-a441-a0c796c36f55	2	77641398	77690171	20	-0.5344
4143be85-ca59-40c6-a441-a0c796c36f55	2	77690767	77762338	46	0.1555
4143be85-ca59-40c6-a441-a0c796c36f55	2	77762419	78356214	399	-0.2025
4143be85-ca59-40c6-a441-a0c796c36f55	2	78357546	83580246	3381	0.0667
4143be85-ca59-40c6-a441-a0c796c36f55	2	83582066	86934730	1899	0.136
4143be85-ca59-40c6-a441-a0c796c36f55	2	86945604	101193616	4052	0.0838
4143be85-ca59-40c6-a441-a0c796c36f55	2	101196995	101259118	27	0.5249
4143be85-ca59-40c6-a441-a0c796c36f55	2	101260877	127084748	15724	0.0817
4143be85-ca59-40c6-a441-a0c796c36f55	2	127084830	128992549	1127	0.1137
4143be85-ca59-40c6-a441-a0c796c36f55	2	128993249	146104517	10341	0.0579
4143be85-ca59-40c6-a441-a0c796c36f55	2	146106836	146109366	24	0.9805
4143be85-ca59-40c6-a441-a0c796c36f55	2	146120238	193823021	28862	0.088
4143be85-ca59-40c6-a441-a0c796c36f55	2	193825580	193829074	2	3.3644
4143be85-ca59-40c6-a441-a0c796c36f55	2	193837590	212316597	11151	0.0941
4143be85-ca59-40c6-a441-a0c796c36f55	2	212321824	212325660	15	-1.1686
4143be85-ca59-40c6-a441-a0c796c36f55	2	212325966	212326694	7	-0.1733
4143be85-ca59-40c6-a441-a0c796c36f55	2	212327001	212327101	3	-1.1476
4143be85-ca59-40c6-a441-a0c796c36f55	2	212327402	239127934	17376	0.0852
4143be85-ca59-40c6-a441-a0c796c36f55	2	239128638	241237850	1287	0.0206
4143be85-ca59-40c6-a441-a0c796c36f55	2	241245341	242147305	351	0.1009
4143be85-ca59-40c6-a441-a0c796c36f55	3	20930	182919	153	-0.1974
4143be85-ca59-40c6-a441-a0c796c36f55	3	188339	190956	3	-3.8319
4143be85-ca59-40c6-a441-a0c796c36f55	3	191117	2118422	1725	-0.1725
4143be85-ca59-40c6-a441-a0c796c36f55	3	2118788	21690622	14355	-0.0375
4143be85-ca59-40c6-a441-a0c796c36f55	3	21691453	22039030	364	-0.2052
4143be85-ca59-40c6-a441-a0c796c36f55	3	22039090	59832611	23818	-0.0231
4143be85-ca59-40c6-a441-a0c796c36f55	3	59832628	59934983	113	-0.4068
4143be85-ca59-40c6-a441-a0c796c36f55	3	59935186	60031073	155	-0.7254
4143be85-ca59-40c6-a441-a0c796c36f55	3	60032600	60228154	244	-0.466
4143be85-ca59-40c6-a441-a0c796c36f55	3	60228639	68697013	6857	-0.0385
4143be85-ca59-40c6-a441-a0c796c36f55	3	68697108	68698262	14	-1.7219
4143be85-ca59-40c6-a441-a0c796c36f55	3	68699607	84053071	9608	-0.0361
4143be85-ca59-40c6-a441-a0c796c36f55	3	84056282	84057015	2	-1.7907
4143be85-ca59-40c6-a441-a0c796c36f55	3	84061816	84585468	255	-0.0329
4143be85-ca59-40c6-a441-a0c796c36f55	3	84586092	86928318	1350	0.3026
4143be85-ca59-40c6-a441-a0c796c36f55	3	86930641	99205206	4685	0.4131
4143be85-ca59-40c6-a441-a0c796c36f55	3	99205642	99230470	44	-0.1529
4143be85-ca59-40c6-a441-a0c796c36f55	3	99230577	103229870	2224	0.4488
4143be85-ca59-40c6-a441-a0c796c36f55	3	103229908	103266649	20	-0.018
4143be85-ca59-40c6-a441-a0c796c36f55	3	103267382	106840175	2309	0.4095
4143be85-ca59-40c6-a441-a0c796c36f55	3	106842132	125747704	11697	0.4427
4143be85-ca59-40c6-a441-a0c796c36f55	3	125750578	129177570	2070	0.4059
4143be85-ca59-40c6-a441-a0c796c36f55	3	129182336	129255001	25	0.8268
4143be85-ca59-40c6-a441-a0c796c36f55	3	129256275	130044016	362	0.4498
4143be85-ca59-40c6-a441-a0c796c36f55	3	130044855	130087393	38	-1.6402
4143be85-ca59-40c6-a441-a0c796c36f55	3	130088081	132270486	1436	0.4034
4143be85-ca59-40c6-a441-a0c796c36f55	3	132270503	132276840	5	1.4295
4143be85-ca59-40c6-a441-a0c796c36f55	3	132281633	150610845	11316	0.4291
4143be85-ca59-40c6-a441-a0c796c36f55	3	150613774	150616975	5	-0.5366
4143be85-ca59-40c6-a441-a0c796c36f55	3	150617237	162807070	7520	0.4218
4143be85-ca59-40c6-a441-a0c796c36f55	3	162810842	162822702	10	-0.6227
4143be85-ca59-40c6-a441-a0c796c36f55	3	162827928	162906109	46	0.9208
4143be85-ca59-40c6-a441-a0c796c36f55	3	162908192	162908207	2	-0.6702
4143be85-ca59-40c6-a441-a0c796c36f55	3	162908784	162908815	2	-3.0854
4143be85-ca59-40c6-a441-a0c796c36f55	3	162910826	167157781	2385	0.3991
4143be85-ca59-40c6-a441-a0c796c36f55	3	167158271	173522845	3972	0.4646
4143be85-ca59-40c6-a441-a0c796c36f55	3	173529689	173582403	24	0.9175
4143be85-ca59-40c6-a441-a0c796c36f55	3	173583028	173604458	27	0.5305
4143be85-ca59-40c6-a441-a0c796c36f55	3	173604554	173810406	148	0.2143
4143be85-ca59-40c6-a441-a0c796c36f55	3	173811775	175489383	1213	0.4179
4143be85-ca59-40c6-a441-a0c796c36f55	3	175493801	175661116	124	-0.1609
4143be85-ca59-40c6-a441-a0c796c36f55	3	175666140	176029158	180	0.3759
4143be85-ca59-40c6-a441-a0c796c36f55	3	176032059	178276944	1395	0.464
4143be85-ca59-40c6-a441-a0c796c36f55	3	178278652	182275919	2302	0.3957
4143be85-ca59-40c6-a441-a0c796c36f55	3	182285136	185793096	1917	0.4852
4143be85-ca59-40c6-a441-a0c796c36f55	3	185793686	193160113	5478	0.422
4143be85-ca59-40c6-a441-a0c796c36f55	3	193160173	193168646	20	1.2485
4143be85-ca59-40c6-a441-a0c796c36f55	3	193168669	198169131	2691	0.4794
4143be85-ca59-40c6-a441-a0c796c36f55	3	198169146	198169247	2	-0.9034
4143be85-ca59-40c6-a441-a0c796c36f55	4	68929	9455251	5152	-0.1786
4143be85-ca59-40c6-a441-a0c796c36f55	4	9459504	9477699	6	1.339
4143be85-ca59-40c6-a441-a0c796c36f55	4	9484440	10208766	540	-0.1691
4143be85-ca59-40c6-a441-a0c796c36f55	4	10212536	10233644	36	-1.6831
4143be85-ca59-40c6-a441-a0c796c36f55	4	10234518	16550325	4985	-0.1845
4143be85-ca59-40c6-a441-a0c796c36f55	4	16550526	17929704	1021	0.0802
4143be85-ca59-40c6-a441-a0c796c36f55	4	17937368	19393916	930	-0.1782
4143be85-ca59-40c6-a441-a0c796c36f55	4	19401958	19575352	110	-0.5044
4143be85-ca59-40c6-a441-a0c796c36f55	4	19576684	25594195	4182	-0.1728
4143be85-ca59-40c6-a441-a0c796c36f55	4	25597835	28089544	1604	-0.5419
4143be85-ca59-40c6-a441-a0c796c36f55	4	28090577	34795534	4149	-0.1946
4143be85-ca59-40c6-a441-a0c796c36f55	4	34795546	34823103	25	0.4222
4143be85-ca59-40c6-a441-a0c796c36f55	4	34828250	42882371	5344	-0.1605
4143be85-ca59-40c6-a441-a0c796c36f55	4	42887848	45530976	1599	-0.2663
4143be85-ca59-40c6-a441-a0c796c36f55	4	45531381	49214614	2031	-0.1525
4143be85-ca59-40c6-a441-a0c796c36f55	4	49289175	49289338	2	-2.3268
4143be85-ca59-40c6-a441-a0c796c36f55	4	49295203	60553073	5763	-0.1901
4143be85-ca59-40c6-a441-a0c796c36f55	4	60553251	60562011	6	-1.2367
4143be85-ca59-40c6-a441-a0c796c36f55	4	60562265	63828222	1811	-0.1973
4143be85-ca59-40c6-a441-a0c796c36f55	4	63831751	63839810	16	0.4128
4143be85-ca59-40c6-a441-a0c796c36f55	4	63839893	68354665	2862	-0.1919
4143be85-ca59-40c6-a441-a0c796c36f55	4	68361130	68395346	7	1.4632
4143be85-ca59-40c6-a441-a0c796c36f55	4	68416487	68422424	5	-1.6857
4143be85-ca59-40c6-a441-a0c796c36f55	4	68429081	69523998	556	-0.1658
4143be85-ca59-40c6-a441-a0c796c36f55	4	69524143	69525061	2	-3.1021
4143be85-ca59-40c6-a441-a0c796c36f55	4	69526170	77641229	5162	-0.1512
4143be85-ca59-40c6-a441-a0c796c36f55	4	77641419	77949391	140	0.1571
4143be85-ca59-40c6-a441-a0c796c36f55	4	77950744	114254167	21916	-0.1696
4143be85-ca59-40c6-a441-a0c796c36f55	4	114254188	114258499	18	0.6206
4143be85-ca59-40c6-a441-a0c796c36f55	4	114260238	124718085	6216	-0.1648
4143be85-ca59-40c6-a441-a0c796c36f55	4	124718121	125236327	338	-0.201
4143be85-ca59-40c6-a441-a0c796c36f55	4	125237250	125239473	5	-1.3852
4143be85-ca59-40c6-a441-a0c796c36f55	4	125240533	137171085	6683	-0.2113
4143be85-ca59-40c6-a441-a0c796c36f55	4	137171266	137172260	13	-0.8549
4143be85-ca59-40c6-a441-a0c796c36f55	4	137173804	137670089	372	-0.2058
4143be85-ca59-40c6-a441-a0c796c36f55	4	137670227	160958989	14339	-0.173
4143be85-ca59-40c6-a441-a0c796c36f55	4	160959045	160963195	13	-1.1949
4143be85-ca59-40c6-a441-a0c796c36f55	4	160963211	161251254	218	-0.3343
4143be85-ca59-40c6-a441-a0c796c36f55	4	161254386	171448195	6451	-0.1757
4143be85-ca59-40c6-a441-a0c796c36f55	4	171453733	171456307	9	0.5926
4143be85-ca59-40c6-a441-a0c796c36f55	4	171456559	175105354	2130	-0.1731
4143be85-ca59-40c6-a441-a0c796c36f55	4	175105813	182802632	5530	-0.2235
4143be85-ca59-40c6-a441-a0c796c36f55	4	182807984	188545227	3929	-0.1501
4143be85-ca59-40c6-a441-a0c796c36f55	4	188545305	189383113	615	-0.2803
4143be85-ca59-40c6-a441-a0c796c36f55	4	189383721	190106768	285	-0.1691
4143be85-ca59-40c6-a441-a0c796c36f55	5	15532	698390	309	0.3578
4143be85-ca59-40c6-a441-a0c796c36f55	5	717264	779766	25	1.3742
4143be85-ca59-40c6-a441-a0c796c36f55	5	800724	1928775	611	0.3602
4143be85-ca59-40c6-a441-a0c796c36f55	5	1930253	6269826	4013	0.2089
4143be85-ca59-40c6-a441-a0c796c36f55	5	6271419	6272713	2	-1.5846
4143be85-ca59-40c6-a441-a0c796c36f55	5	6272891	7872910	1297	0.2333
4143be85-ca59-40c6-a441-a0c796c36f55	5	7875021	12800777	3935	0.2676
4143be85-ca59-40c6-a441-a0c796c36f55	5	12815668	12838421	14	-1.5355
4143be85-ca59-40c6-a441-a0c796c36f55	5	12849089	17815684	3325	0.2933
4143be85-ca59-40c6-a441-a0c796c36f55	5	17827436	30783625	7639	0.2319
4143be85-ca59-40c6-a441-a0c796c36f55	5	30785554	58025819	14582	0.2694
4143be85-ca59-40c6-a441-a0c796c36f55	5	58030200	58057758	40	-0.4612
4143be85-ca59-40c6-a441-a0c796c36f55	5	58063821	63346171	3468	0.2697
4143be85-ca59-40c6-a441-a0c796c36f55	5	63346338	63998870	369	0.1566
4143be85-ca59-40c6-a441-a0c796c36f55	5	63999607	95224254	17544	0.2667
4143be85-ca59-40c6-a441-a0c796c36f55	5	95230466	97716232	1538	-0.5982
4143be85-ca59-40c6-a441-a0c796c36f55	5	97718790	97763980	33	-1.2543
4143be85-ca59-40c6-a441-a0c796c36f55	5	97777698	129767328	20772	-0.6178
4143be85-ca59-40c6-a441-a0c796c36f55	5	129771444	129798874	9	0.0088
4143be85-ca59-40c6-a441-a0c796c36f55	5	129799784	138472734	5214	0.2781
4143be85-ca59-40c6-a441-a0c796c36f55	5	138474502	138481105	17	-0.285
4143be85-ca59-40c6-a441-a0c796c36f55	5	138481268	151496313	8104	0.2766
4143be85-ca59-40c6-a441-a0c796c36f55	5	151496371	171901843	14239	0.2464
4143be85-ca59-40c6-a441-a0c796c36f55	5	171902149	172184128	192	0.4615
4143be85-ca59-40c6-a441-a0c796c36f55	5	172184423	176033084	2835	0.2588
4143be85-ca59-40c6-a441-a0c796c36f55	5	176038686	176050177	5	-0.8017
4143be85-ca59-40c6-a441-a0c796c36f55	5	176097194	177771448	720	0.2837
4143be85-ca59-40c6-a441-a0c796c36f55	5	177800550	177805604	3	2.7797
4143be85-ca59-40c6-a441-a0c796c36f55	5	177827964	180945168	1794	0.2541
4143be85-ca59-40c6-a441-a0c796c36f55	5	180947484	180991103	21	-0.2882
4143be85-ca59-40c6-a441-a0c796c36f55	5	181006225	181363319	170	0.3842
4143be85-ca59-40c6-a441-a0c796c36f55	6	149661	257353	102	-0.0357
4143be85-ca59-40c6-a441-a0c796c36f55	6	258265	294837	22	-1.0561
4143be85-ca59-40c6-a441-a0c796c36f55	6	302306	389319	89	-0.2697
4143be85-ca59-40c6-a441-a0c796c36f55	6	389630	10815112	8322	0.028
4143be85-ca59-40c6-a441-a0c796c36f55	6	10816673	10816918	2	-3.2326
4143be85-ca59-40c6-a441-a0c796c36f55	6	10817272	29875657	13121	0.0231
4143be85-ca59-40c6-a441-a0c796c36f55	6	29876257	29882603	11	-1.0981
4143be85-ca59-40c6-a441-a0c796c36f55	6	29903859	31309909	659	0.065
4143be85-ca59-40c6-a441-a0c796c36f55	6	31313046	31328674	12	1.3878
4143be85-ca59-40c6-a441-a0c796c36f55	6	31342147	32224306	344	0.1794
4143be85-ca59-40c6-a441-a0c796c36f55	6	32224659	32641650	213	0.0881
4143be85-ca59-40c6-a441-a0c796c36f55	6	32656527	32658841	6	-0.9437
4143be85-ca59-40c6-a441-a0c796c36f55	6	32682835	40299757	4853	0.044
4143be85-ca59-40c6-a441-a0c796c36f55	6	40300295	40300561	2	-1.8263
4143be85-ca59-40c6-a441-a0c796c36f55	6	40300768	58096364	10927	0.042
4143be85-ca59-40c6-a441-a0c796c36f55	6	58099774	58100791	4	-2.2403
4143be85-ca59-40c6-a441-a0c796c36f55	6	58106296	61811425	671	-0.0608
4143be85-ca59-40c6-a441-a0c796c36f55	6	61813251	61821315	4	-1.9182
4143be85-ca59-40c6-a441-a0c796c36f55	6	61823500	70763935	5584	0.0346
4143be85-ca59-40c6-a441-a0c796c36f55	6	70765327	70765599	2	-2.6293
4143be85-ca59-40c6-a441-a0c796c36f55	6	70765652	76726815	3822	0.0276
4143be85-ca59-40c6-a441-a0c796c36f55	6	76730151	76742729	17	-3.8872
4143be85-ca59-40c6-a441-a0c796c36f55	6	76742924	76743040	4	-1.113
4143be85-ca59-40c6-a441-a0c796c36f55	6	76751356	78253172	977	-0.004
4143be85-ca59-40c6-a441-a0c796c36f55	6	78259348	78329517	112	-1.5918
4143be85-ca59-40c6-a441-a0c796c36f55	6	78331916	78665459	233	-0.0199
4143be85-ca59-40c6-a441-a0c796c36f55	6	78667053	89705608	6858	0.0368
4143be85-ca59-40c6-a441-a0c796c36f55	6	89706287	94522503	3304	-0.0133
4143be85-ca59-40c6-a441-a0c796c36f55	6	94524381	94524789	2	-3.5152
4143be85-ca59-40c6-a441-a0c796c36f55	6	94531718	102117543	4392	0.0062
4143be85-ca59-40c6-a441-a0c796c36f55	6	102119924	102148152	11	-0.7116
4143be85-ca59-40c6-a441-a0c796c36f55	6	102149727	103286954	669	-0.0028
4143be85-ca59-40c6-a441-a0c796c36f55	6	103290101	103311850	40	0.6017
4143be85-ca59-40c6-a441-a0c796c36f55	6	103311950	123504270	12232	0.0242
4143be85-ca59-40c6-a441-a0c796c36f55	6	123505428	123508419	3	-1.5594
4143be85-ca59-40c6-a441-a0c796c36f55	6	123508452	125861617	1660	0.0012
4143be85-ca59-40c6-a441-a0c796c36f55	6	125862546	125865630	3	-1.9271
4143be85-ca59-40c6-a441-a0c796c36f55	6	125867747	132272341	3978	0.0477
4143be85-ca59-40c6-a441-a0c796c36f55	6	132277466	134911119	1874	-0.0115
4143be85-ca59-40c6-a441-a0c796c36f55	6	134916020	137657707	1959	0.0525
4143be85-ca59-40c6-a441-a0c796c36f55	6	137658461	137658834	3	-1.8463
4143be85-ca59-40c6-a441-a0c796c36f55	6	137658970	139517529	1220	0.0468
4143be85-ca59-40c6-a441-a0c796c36f55	6	139517838	139578158	36	0.6886
4143be85-ca59-40c6-a441-a0c796c36f55	6	139583755	161989100	15044	0.0223
4143be85-ca59-40c6-a441-a0c796c36f55	6	161989321	162028090	36	-0.2433
4143be85-ca59-40c6-a441-a0c796c36f55	6	162030888	162044672	20	-0.7235
4143be85-ca59-40c6-a441-a0c796c36f55	6	162045027	162111198	81	-0.3115
4143be85-ca59-40c6-a441-a0c796c36f55	6	162111485	162329060	174	-0.0467
4143be85-ca59-40c6-a441-a0c796c36f55	6	162330649	162649299	260	-0.3089
4143be85-ca59-40c6-a441-a0c796c36f55	6	162649785	167147219	3461	-0.0047
4143be85-ca59-40c6-a441-a0c796c36f55	6	167147930	168748875	860	0.1169
4143be85-ca59-40c6-a441-a0c796c36f55	6	168752830	170741917	1265	-0.0051
4143be85-ca59-40c6-a441-a0c796c36f55	7	43355	873118	217	0.3017
4143be85-ca59-40c6-a441-a0c796c36f55	7	879502	1263425	153	0.4713
4143be85-ca59-40c6-a441-a0c796c36f55	7	1271601	3060219	788	0.3015
4143be85-ca59-40c6-a441-a0c796c36f55	7	3061204	4331125	1094	0.2368
4143be85-ca59-40c6-a441-a0c796c36f55	7	4331138	8967667	3000	0.3088
4143be85-ca59-40c6-a441-a0c796c36f55	7	8970565	9033257	66	-0.0181
4143be85-ca59-40c6-a441-a0c796c36f55	7	9033475	9065141	29	0.3152
4143be85-ca59-40c6-a441-a0c796c36f55	7	9065396	9065942	3	-2.2968
4143be85-ca59-40c6-a441-a0c796c36f55	7	9074105	13427367	3399	0.2711
4143be85-ca59-40c6-a441-a0c796c36f55	7	13429310	13431384	5	-0.7094
4143be85-ca59-40c6-a441-a0c796c36f55	7	13434369	18812884	4324	0.2958
4143be85-ca59-40c6-a441-a0c796c36f55	7	18813835	19638846	898	0.1893
4143be85-ca59-40c6-a441-a0c796c36f55	7	19641896	22395161	2080	0.2992
4143be85-ca59-40c6-a441-a0c796c36f55	7	22395853	22396868	2	-2.7076
4143be85-ca59-40c6-a441-a0c796c36f55	7	22399135	38271122	11315	0.3009
4143be85-ca59-40c6-a441-a0c796c36f55	7	38271497	38317124	83	0.8821
4143be85-ca59-40c6-a441-a0c796c36f55	7	38317144	38347842	30	0.5419
4143be85-ca59-40c6-a441-a0c796c36f55	7	38351764	38356875	4	1.3634
4143be85-ca59-40c6-a441-a0c796c36f55	7	38361356	41626182	2165	0.3078
4143be85-ca59-40c6-a441-a0c796c36f55	7	41630146	42753166	826	0.2086
4143be85-ca59-40c6-a441-a0c796c36f55	7	42753418	51523887	5875	0.2842
4143be85-ca59-40c6-a441-a0c796c36f55	7	51527893	51531012	2	-1.3985
4143be85-ca59-40c6-a441-a0c796c36f55	7	51537348	65483073	5319	0.2784
4143be85-ca59-40c6-a441-a0c796c36f55	7	65485980	67634233	804	0.1182
4143be85-ca59-40c6-a441-a0c796c36f55	7	67640086	72060393	2894	0.0494
4143be85-ca59-40c6-a441-a0c796c36f55	7	72064363	78140309	2202	0.1162
4143be85-ca59-40c6-a441-a0c796c36f55	7	78140423	78704870	514	0.306
4143be85-ca59-40c6-a441-a0c796c36f55	7	78707256	84639270	4098	0.0947
4143be85-ca59-40c6-a441-a0c796c36f55	7	84639516	84856747	122	0.3229
4143be85-ca59-40c6-a441-a0c796c36f55	7	84860325	85589787	416	0.0669
4143be85-ca59-40c6-a441-a0c796c36f55	7	85590279	85845358	138	0.3044
4143be85-ca59-40c6-a441-a0c796c36f55	7	85847017	87303449	843	0.099
4143be85-ca59-40c6-a441-a0c796c36f55	7	87311487	87317572	3	-1.6797
4143be85-ca59-40c6-a441-a0c796c36f55	7	87318911	88452512	599	0.09
4143be85-ca59-40c6-a441-a0c796c36f55	7	88454812	89018381	428	0.2158
4143be85-ca59-40c6-a441-a0c796c36f55	7	89018544	91578827	1725	0.0741
4143be85-ca59-40c6-a441-a0c796c36f55	7	91589569	91589648	2	-2.404
4143be85-ca59-40c6-a441-a0c796c36f55	7	91589817	95738758	2563	0.0874
4143be85-ca59-40c6-a441-a0c796c36f55	7	95741268	95742137	2	-1.503
4143be85-ca59-40c6-a441-a0c796c36f55	7	95749978	99757299	2257	0.1097
4143be85-ca59-40c6-a441-a0c796c36f55	7	99759683	101517777	652	0.3508
4143be85-ca59-40c6-a441-a0c796c36f55	7	101518256	107676730	3563	0.1005
4143be85-ca59-40c6-a441-a0c796c36f55	7	107676755	108230917	410	0.3558
4143be85-ca59-40c6-a441-a0c796c36f55	7	108231401	112315942	2721	0.078
4143be85-ca59-40c6-a441-a0c796c36f55	7	112316992	112462862	85	0.382
4143be85-ca59-40c6-a441-a0c796c36f55	7	112463000	113169084	431	0.107
4143be85-ca59-40c6-a441-a0c796c36f55	7	113169132	113710759	270	0.333
4143be85-ca59-40c6-a441-a0c796c36f55	7	113714966	121975954	4874	0.0936
4143be85-ca59-40c6-a441-a0c796c36f55	7	121978279	122316164	171	0.3236
4143be85-ca59-40c6-a441-a0c796c36f55	7	122321042	122639981	182	0.1035
4143be85-ca59-40c6-a441-a0c796c36f55	7	122645756	122936419	190	0.324
4143be85-ca59-40c6-a441-a0c796c36f55	7	122939824	125994648	1870	0.1061
4143be85-ca59-40c6-a441-a0c796c36f55	7	125995196	126121594	107	0.2841
4143be85-ca59-40c6-a441-a0c796c36f55	7	126124157	126124688	2	-1.4061
4143be85-ca59-40c6-a441-a0c796c36f55	7	126128177	126404920	182	0.371
4143be85-ca59-40c6-a441-a0c796c36f55	7	126405428	126406827	18	-0.7208
4143be85-ca59-40c6-a441-a0c796c36f55	7	126412712	128247912	1219	0.3124
4143be85-ca59-40c6-a441-a0c796c36f55	7	128248636	128720943	242	0.148
4143be85-ca59-40c6-a441-a0c796c36f55	7	128721302	134100442	3235	0.0761
4143be85-ca59-40c6-a441-a0c796c36f55	7	134100458	134111088	27	-0.3565
4143be85-ca59-40c6-a441-a0c796c36f55	7	134113300	137939951	2655	0.0697
4143be85-ca59-40c6-a441-a0c796c36f55	7	137940476	142084696	2562	0.125
4143be85-ca59-40c6-a441-a0c796c36f55	7	142087330	142092108	16	0.649
4143be85-ca59-40c6-a441-a0c796c36f55	7	142092307	142457805	290	0.171
4143be85-ca59-40c6-a441-a0c796c36f55	7	142458120	142754721	132	0.3192
4143be85-ca59-40c6-a441-a0c796c36f55	7	142756299	142804157	29	0.8223
4143be85-ca59-40c6-a441-a0c796c36f55	7	142804972	143875193	486	0.3345
4143be85-ca59-40c6-a441-a0c796c36f55	7	143877688	155671335	7609	0.0814
4143be85-ca59-40c6-a441-a0c796c36f55	7	155673169	155674244	2	1.891
4143be85-ca59-40c6-a441-a0c796c36f55	7	155676942	159334314	2317	0.1038
4143be85-ca59-40c6-a441-a0c796c36f55	8	81254	208062	4	0.3583
4143be85-ca59-40c6-a441-a0c796c36f55	8	212672	6246894	6725	-0.3227
4143be85-ca59-40c6-a441-a0c796c36f55	8	6247091	6330816	127	-0.0382
4143be85-ca59-40c6-a441-a0c796c36f55	8	6330949	7153553	861	-0.2723
4143be85-ca59-40c6-a441-a0c796c36f55	8	7155402	7930192	60	-0.7576
4143be85-ca59-40c6-a441-a0c796c36f55	8	7941868	8120649	13	0.2213
4143be85-ca59-40c6-a441-a0c796c36f55	8	8132772	11973191	3193	-0.2828
4143be85-ca59-40c6-a441-a0c796c36f55	8	11973316	12139586	36	0.0436
4143be85-ca59-40c6-a441-a0c796c36f55	8	12142800	16970748	4039	-0.339
4143be85-ca59-40c6-a441-a0c796c36f55	8	16972287	19359141	2222	-0.2536
4143be85-ca59-40c6-a441-a0c796c36f55	8	19359397	21403211	1788	-0.336
4143be85-ca59-40c6-a441-a0c796c36f55	8	21406467	31274483	6681	-0.287
4143be85-ca59-40c6-a441-a0c796c36f55	8	31275334	36991506	3474	-0.3245
4143be85-ca59-40c6-a441-a0c796c36f55	8	36992428	39368830	1285	-0.257
4143be85-ca59-40c6-a441-a0c796c36f55	8	39372664	39529446	62	0.7445
4143be85-ca59-40c6-a441-a0c796c36f55	8	39530780	46007651	2590	-0.3113
4143be85-ca59-40c6-a441-a0c796c36f55	8	46010698	56670210	6250	0.2301
4143be85-ca59-40c6-a441-a0c796c36f55	8	56676178	58770383	1480	0.1707
4143be85-ca59-40c6-a441-a0c796c36f55	8	58770842	89244861	18269	0.2246
4143be85-ca59-40c6-a441-a0c796c36f55	8	89245872	89256976	11	-0.2458
4143be85-ca59-40c6-a441-a0c796c36f55	8	89262903	89306505	33	-0.6541
4143be85-ca59-40c6-a441-a0c796c36f55	8	89306585	89373311	76	-0.3184
4143be85-ca59-40c6-a441-a0c796c36f55	8	89379257	93398542	2323	0.209
4143be85-ca59-40c6-a441-a0c796c36f55	8	93399653	96346196	2002	0.2587
4143be85-ca59-40c6-a441-a0c796c36f55	8	96346475	97446607	721	0.1704
4143be85-ca59-40c6-a441-a0c796c36f55	8	97448470	103452937	3592	0.2527
4143be85-ca59-40c6-a441-a0c796c36f55	8	103453450	117742754	8516	0.2025
4143be85-ca59-40c6-a441-a0c796c36f55	8	117743156	128021626	7225	0.2501
4143be85-ca59-40c6-a441-a0c796c36f55	8	128023578	140613553	9846	0.2033
4143be85-ca59-40c6-a441-a0c796c36f55	8	140619100	141679017	625	0.382
4143be85-ca59-40c6-a441-a0c796c36f55	8	141679125	144177593	1010	0.2642
4143be85-ca59-40c6-a441-a0c796c36f55	8	144182542	145072769	355	0.3835
4143be85-ca59-40c6-a441-a0c796c36f55	9	46587	6630121	6302	0.0859
4143be85-ca59-40c6-a441-a0c796c36f55	9	6630357	6775119	121	0.362
4143be85-ca59-40c6-a441-a0c796c36f55	9	6784144	8178098	1459	0.0887
4143be85-ca59-40c6-a441-a0c796c36f55	9	8179592	8180123	3	-1.4037
4143be85-ca59-40c6-a441-a0c796c36f55	9	8182214	9874677	1556	0.1215
4143be85-ca59-40c6-a441-a0c796c36f55	9	9876564	9966210	106	-0.0412
4143be85-ca59-40c6-a441-a0c796c36f55	9	9966431	9966962	5	1.1709
4143be85-ca59-40c6-a441-a0c796c36f55	9	9967114	12400136	2039	0.0475
4143be85-ca59-40c6-a441-a0c796c36f55	9	12406286	23361807	8832	0.1119
4143be85-ca59-40c6-a441-a0c796c36f55	9	23363117	23373486	8	-2.5871
4143be85-ca59-40c6-a441-a0c796c36f55	9	23378490	24503818	795	0.0818
4143be85-ca59-40c6-a441-a0c796c36f55	9	24504127	24512807	11	-0.7092
4143be85-ca59-40c6-a441-a0c796c36f55	9	24514392	28572235	3142	0.0816
4143be85-ca59-40c6-a441-a0c796c36f55	9	28572282	28982156	327	-0.0589
4143be85-ca59-40c6-a441-a0c796c36f55	9	28982220	61405110	6673	0.0933
4143be85-ca59-40c6-a441-a0c796c36f55	9	61520021	61647899	30	-1.4917
4143be85-ca59-40c6-a441-a0c796c36f55	9	61665362	131383392	44463	0.0983
4143be85-ca59-40c6-a441-a0c796c36f55	9	131385539	131390317	5	-1.5713
4143be85-ca59-40c6-a441-a0c796c36f55	9	131396628	137358495	3220	0.1048
4143be85-ca59-40c6-a441-a0c796c36f55	9	137361190	137361381	3	1.5909
4143be85-ca59-40c6-a441-a0c796c36f55	9	137378551	138200944	407	0.1381
4143be85-ca59-40c6-a441-a0c796c36f55	10	45792	4248622	3576	-0.1686
4143be85-ca59-40c6-a441-a0c796c36f55	10	4248646	4248732	2	2.3111
4143be85-ca59-40c6-a441-a0c796c36f55	10	4251879	6257883	1696	-0.1319
4143be85-ca59-40c6-a441-a0c796c36f55	10	6257979	8597130	2158	-0.203
4143be85-ca59-40c6-a441-a0c796c36f55	10	8597149	8597574	3	-1.7989
4143be85-ca59-40c6-a441-a0c796c36f55	10	8601729	11604983	2464	-0.2045
4143be85-ca59-40c6-a441-a0c796c36f55	10	11607909	13008005	1010	-0.137
4143be85-ca59-40c6-a441-a0c796c36f55	10	13008023	13008170	4	-1.7397
4143be85-ca59-40c6-a441-a0c796c36f55	10	13008428	24043015	8253	-0.1841
4143be85-ca59-40c6-a441-a0c796c36f55	10	24045678	24045706	2	-2.3409
4143be85-ca59-40c6-a441-a0c796c36f55	10	24045915	24086334	22	-0.1811
4143be85-ca59-40c6-a441-a0c796c36f55	10	24088745	24089979	12	1.114
4143be85-ca59-40c6-a441-a0c796c36f55	10	24090022	42190201	9888	-0.1704
4143be85-ca59-40c6-a441-a0c796c36f55	10	42194724	42211528	4	-1.5016
4143be85-ca59-40c6-a441-a0c796c36f55	10	42222439	46522571	2572	-0.1734
4143be85-ca59-40c6-a441-a0c796c36f55	10	46525652	46526280	14	0.55
4143be85-ca59-40c6-a441-a0c796c36f55	10	46526920	46708121	33	-0.3416
4143be85-ca59-40c6-a441-a0c796c36f55	10	46708198	46810571	6	-1.2773
4143be85-ca59-40c6-a441-a0c796c36f55	10	46836986	54854985	5287	-0.183
4143be85-ca59-40c6-a441-a0c796c36f55	10	54855464	56019022	771	-0.2922
4143be85-ca59-40c6-a441-a0c796c36f55	10	56022546	57396680	1028	-0.181
4143be85-ca59-40c6-a441-a0c796c36f55	10	57397619	57397641	2	-2.1272
4143be85-ca59-40c6-a441-a0c796c36f55	10	57398269	59604357	1571	-0.1486
4143be85-ca59-40c6-a441-a0c796c36f55	10	59604372	59605506	7	-2.1858
4143be85-ca59-40c6-a441-a0c796c36f55	10	59605724	60535072	771	-0.1526
4143be85-ca59-40c6-a441-a0c796c36f55	10	60538384	60540993	4	-1.3021
4143be85-ca59-40c6-a441-a0c796c36f55	10	60546114	65548193	3249	-0.1636
4143be85-ca59-40c6-a441-a0c796c36f55	10	65548259	65554672	24	-0.9981
4143be85-ca59-40c6-a441-a0c796c36f55	10	65554688	67124531	1205	-0.2058
4143be85-ca59-40c6-a441-a0c796c36f55	10	67127569	74590425	4386	-0.1429
4143be85-ca59-40c6-a441-a0c796c36f55	10	74592688	83570318	6373	-0.1883
4143be85-ca59-40c6-a441-a0c796c36f55	10	83570688	104223903	12886	-0.147
4143be85-ca59-40c6-a441-a0c796c36f55	10	104224963	109084997	3669	-0.1972
4143be85-ca59-40c6-a441-a0c796c36f55	10	109098814	115638145	4467	-0.1458
4143be85-ca59-40c6-a441-a0c796c36f55	10	115638685	133654968	13229	-0.1848
4143be85-ca59-40c6-a441-a0c796c36f55	11	198510	1628657	489	0.1261
4143be85-ca59-40c6-a441-a0c796c36f55	11	1628817	1635897	8	0.7618
4143be85-ca59-40c6-a441-a0c796c36f55	11	1638078	4251928	1254	0.1144
4143be85-ca59-40c6-a441-a0c796c36f55	11	4254774	4946420	669	0.0237
4143be85-ca59-40c6-a441-a0c796c36f55	11	4947280	4953934	26	0.973
4143be85-ca59-40c6-a441-a0c796c36f55	11	4954445	5761746	780	0.0626
4143be85-ca59-40c6-a441-a0c796c36f55	11	5761822	5797091	45	-0.2131
4143be85-ca59-40c6-a441-a0c796c36f55	11	5798299	6050501	201	0.0887
4143be85-ca59-40c6-a441-a0c796c36f55	11	6053770	6100864	40	-0.3202
4143be85-ca59-40c6-a441-a0c796c36f55	11	6101273	11295512	3732	0.0992
4143be85-ca59-40c6-a441-a0c796c36f55	11	11295806	11297036	7	-0.7629
4143be85-ca59-40c6-a441-a0c796c36f55	11	11297374	18919309	5422	0.0969
4143be85-ca59-40c6-a441-a0c796c36f55	11	18919323	18939631	36	1.2382
4143be85-ca59-40c6-a441-a0c796c36f55	11	18939734	18940375	9	0.661
4143be85-ca59-40c6-a441-a0c796c36f55	11	18940441	36957953	13327	0.0857
4143be85-ca59-40c6-a441-a0c796c36f55	11	36958355	43025919	4039	0.0459
4143be85-ca59-40c6-a441-a0c796c36f55	11	43026042	49737435	3667	0.1063
4143be85-ca59-40c6-a441-a0c796c36f55	11	49738003	49738504	5	-1.3268
4143be85-ca59-40c6-a441-a0c796c36f55	11	49739136	55198132	518	0.1094
4143be85-ca59-40c6-a441-a0c796c36f55	11	55202385	55909423	419	-0.0844
4143be85-ca59-40c6-a441-a0c796c36f55	11	55910834	64785474	4955	0.1047
4143be85-ca59-40c6-a441-a0c796c36f55	11	64786671	65830672	387	0.2762
4143be85-ca59-40c6-a441-a0c796c36f55	11	65830903	68307527	949	0.1346
4143be85-ca59-40c6-a441-a0c796c36f55	11	68310060	68548196	88	-0.105
4143be85-ca59-40c6-a441-a0c796c36f55	11	68554019	78283565	5200	0.111
4143be85-ca59-40c6-a441-a0c796c36f55	11	78284097	92083177	9540	0.0769
4143be85-ca59-40c6-a441-a0c796c36f55	11	92083437	92103159	37	-0.3111
4143be85-ca59-40c6-a441-a0c796c36f55	11	92103839	101042832	6638	0.0775
4143be85-ca59-40c6-a441-a0c796c36f55	11	101042963	103383087	1698	0.1404
4143be85-ca59-40c6-a441-a0c796c36f55	11	103383829	107359993	2717	0.0784
4143be85-ca59-40c6-a441-a0c796c36f55	11	107367930	107381636	8	0.9077
4143be85-ca59-40c6-a441-a0c796c36f55	11	107386439	125205483	12355	0.0897
4143be85-ca59-40c6-a441-a0c796c36f55	11	125205555	125218440	30	-0.9049
4143be85-ca59-40c6-a441-a0c796c36f55	11	125218461	128975260	3009	0.0639
4143be85-ca59-40c6-a441-a0c796c36f55	11	128975863	130575378	951	0.1394
4143be85-ca59-40c6-a441-a0c796c36f55	11	130582575	135074876	3578	0.0591
4143be85-ca59-40c6-a441-a0c796c36f55	12	51460	760032	418	-0.0897
4143be85-ca59-40c6-a441-a0c796c36f55	12	760097	764778	15	-1.6111
4143be85-ca59-40c6-a441-a0c796c36f55	12	764863	1838027	619	-0.1177
4143be85-ca59-40c6-a441-a0c796c36f55	12	1840885	1874616	35	-0.8898
4143be85-ca59-40c6-a441-a0c796c36f55	12	1875990	9481274	5084	-0.1619
4143be85-ca59-40c6-a441-a0c796c36f55	12	9485313	9562969	22	-1.9328
4143be85-ca59-40c6-a441-a0c796c36f55	12	9575696	11066824	1036	-0.1914
4143be85-ca59-40c6-a441-a0c796c36f55	12	11068125	11088689	9	0.9923
4143be85-ca59-40c6-a441-a0c796c36f55	12	11088933	20926283	6643	-0.1394
4143be85-ca59-40c6-a441-a0c796c36f55	12	20926661	20926963	2	-3.2634
4143be85-ca59-40c6-a441-a0c796c36f55	12	20937609	33233822	8966	-0.1653
4143be85-ca59-40c6-a441-a0c796c36f55	12	33235894	33242207	4	-3.9563
4143be85-ca59-40c6-a441-a0c796c36f55	12	33242483	40778567	2498	-0.1589
4143be85-ca59-40c6-a441-a0c796c36f55	12	40779964	40780208	2	-1.948
4143be85-ca59-40c6-a441-a0c796c36f55	12	40781713	42705822	1330	-0.1841
4143be85-ca59-40c6-a441-a0c796c36f55	12	42705962	43344680	438	-0.2919
4143be85-ca59-40c6-a441-a0c796c36f55	12	43345446	45506042	1270	-0.1751
4143be85-ca59-40c6-a441-a0c796c36f55	12	45510655	45515754	4	-2.2535
4143be85-ca59-40c6-a441-a0c796c36f55	12	45519509	83451885	23411	-0.1578
4143be85-ca59-40c6-a441-a0c796c36f55	12	83453065	83463995	10	-1.9971
4143be85-ca59-40c6-a441-a0c796c36f55	12	83466146	83769408	188	-0.1866
4143be85-ca59-40c6-a441-a0c796c36f55	12	83769511	83769569	2	-2.4496
4143be85-ca59-40c6-a441-a0c796c36f55	12	83771462	125874031	27181	-0.1655
4143be85-ca59-40c6-a441-a0c796c36f55	12	125874536	129972419	3679	-0.2167
4143be85-ca59-40c6-a441-a0c796c36f55	12	129974692	130297461	308	-0.0957
4143be85-ca59-40c6-a441-a0c796c36f55	12	130297938	132578752	1387	-0.1844
4143be85-ca59-40c6-a441-a0c796c36f55	12	132584760	133201603	274	-0.0552
4143be85-ca59-40c6-a441-a0c796c36f55	13	18452809	19199374	329	0.2713
4143be85-ca59-40c6-a441-a0c796c36f55	13	19202953	19203130	2	-1.2116
4143be85-ca59-40c6-a441-a0c796c36f55	13	19207320	19412332	131	0.2574
4143be85-ca59-40c6-a441-a0c796c36f55	13	19413896	19547319	70	0.3711
4143be85-ca59-40c6-a441-a0c796c36f55	13	19549755	19549770	2	2.01
4143be85-ca59-40c6-a441-a0c796c36f55	13	19550361	20635373	636	0.4157
4143be85-ca59-40c6-a441-a0c796c36f55	13	20635498	21321896	403	0.2932
4143be85-ca59-40c6-a441-a0c796c36f55	13	21322180	21322360	2	2.0963
4143be85-ca59-40c6-a441-a0c796c36f55	13	21322617	23058721	1284	0.2549
4143be85-ca59-40c6-a441-a0c796c36f55	13	23058737	23064056	11	-0.7524
4143be85-ca59-40c6-a441-a0c796c36f55	13	23064071	23606231	410	0.2702
4143be85-ca59-40c6-a441-a0c796c36f55	13	23608360	24735512	936	0.371
4143be85-ca59-40c6-a441-a0c796c36f55	13	24736162	37496998	9269	0.2751
4143be85-ca59-40c6-a441-a0c796c36f55	13	37497899	37510620	16	1.2512
4143be85-ca59-40c6-a441-a0c796c36f55	13	37514193	57189399	12537	0.2825
4143be85-ca59-40c6-a441-a0c796c36f55	13	57189617	57204234	23	-0.3107
4143be85-ca59-40c6-a441-a0c796c36f55	13	57204246	62232848	3025	0.2735
4143be85-ca59-40c6-a441-a0c796c36f55	13	62235141	62235349	3	-1.3181
4143be85-ca59-40c6-a441-a0c796c36f55	13	62243960	63993976	986	0.2533
4143be85-ca59-40c6-a441-a0c796c36f55	13	63999101	64421817	238	0.0899
4143be85-ca59-40c6-a441-a0c796c36f55	13	64422561	65614081	672	0.2807
4143be85-ca59-40c6-a441-a0c796c36f55	13	65615526	65627042	5	-0.731
4143be85-ca59-40c6-a441-a0c796c36f55	13	65628232	71425715	3798	0.2582
4143be85-ca59-40c6-a441-a0c796c36f55	13	71425830	73851846	1700	0.3375
4143be85-ca59-40c6-a441-a0c796c36f55	13	73852195	105153555	21111	0.2734
4143be85-ca59-40c6-a441-a0c796c36f55	13	105154449	105157604	8	-0.8786
4143be85-ca59-40c6-a441-a0c796c36f55	13	105158266	105663858	385	0.2113
4143be85-ca59-40c6-a441-a0c796c36f55	13	105664476	105664629	4	-1.0873
4143be85-ca59-40c6-a441-a0c796c36f55	13	105667023	112809302	5473	0.2818
4143be85-ca59-40c6-a441-a0c796c36f55	13	112809600	113081740	152	0.4518
4143be85-ca59-40c6-a441-a0c796c36f55	13	113081812	114342922	534	0.3013
4143be85-ca59-40c6-a441-a0c796c36f55	14	18239283	19078442	32	0.1038
4143be85-ca59-40c6-a441-a0c796c36f55	14	19110634	19958545	140	-0.3707
4143be85-ca59-40c6-a441-a0c796c36f55	14	19958583	21858683	1255	0.1408
4143be85-ca59-40c6-a441-a0c796c36f55	14	21859138	21859885	3	-1.8944
4143be85-ca59-40c6-a441-a0c796c36f55	14	21860089	21980315	134	0.1899
4143be85-ca59-40c6-a441-a0c796c36f55	14	21981850	22147594	149	0.4268
4143be85-ca59-40c6-a441-a0c796c36f55	14	22148431	22490482	274	0.6741
4143be85-ca59-40c6-a441-a0c796c36f55	14	22490565	22530591	59	0.4359
4143be85-ca59-40c6-a441-a0c796c36f55	14	22530607	22884857	230	0.2848
4143be85-ca59-40c6-a441-a0c796c36f55	14	22891235	25147837	1407	0.1572
4143be85-ca59-40c6-a441-a0c796c36f55	14	25149495	26314697	825	0.1086
4143be85-ca59-40c6-a441-a0c796c36f55	14	26314707	26314712	6	1.1655
4143be85-ca59-40c6-a441-a0c796c36f55	14	26315707	39078508	7965	0.1006
4143be85-ca59-40c6-a441-a0c796c36f55	14	39082305	40033056	492	-0.1444
4143be85-ca59-40c6-a441-a0c796c36f55	14	40035087	40043041	6	-1.1351
4143be85-ca59-40c6-a441-a0c796c36f55	14	40046851	40069317	19	-0.1536
4143be85-ca59-40c6-a441-a0c796c36f55	14	40069685	40072606	3	-1.3843
4143be85-ca59-40c6-a441-a0c796c36f55	14	40073332	40427293	233	-0.1269
4143be85-ca59-40c6-a441-a0c796c36f55	14	40430676	40435574	6	-1.6949
4143be85-ca59-40c6-a441-a0c796c36f55	14	40436598	40775455	222	-0.1868
4143be85-ca59-40c6-a441-a0c796c36f55	14	40775877	41009901	181	0.0711
4143be85-ca59-40c6-a441-a0c796c36f55	14	41010025	41016228	4	-0.8798
4143be85-ca59-40c6-a441-a0c796c36f55	14	41016235	41138431	115	0.0141
4143be85-ca59-40c6-a441-a0c796c36f55	14	41139155	41200899	17	-0.5464
4143be85-ca59-40c6-a441-a0c796c36f55	14	41207137	45363140	2422	0.065
4143be85-ca59-40c6-a441-a0c796c36f55	14	45364938	45881968	285	-0.1829
4143be85-ca59-40c6-a441-a0c796c36f55	14	45883663	46402212	303	0.047
4143be85-ca59-40c6-a441-a0c796c36f55	14	46402980	46943612	336	-0.1584
4143be85-ca59-40c6-a441-a0c796c36f55	14	46948385	46952197	8	-1.444
4143be85-ca59-40c6-a441-a0c796c36f55	14	46953246	49621529	1614	-0.18
4143be85-ca59-40c6-a441-a0c796c36f55	14	49625610	53006631	2198	0.1091
4143be85-ca59-40c6-a441-a0c796c36f55	14	53013329	53684624	457	-0.2077
4143be85-ca59-40c6-a441-a0c796c36f55	14	53684967	56006331	1576	-0.1354
4143be85-ca59-40c6-a441-a0c796c36f55	14	56006527	56375738	336	-0.2192
4143be85-ca59-40c6-a441-a0c796c36f55	14	56375890	56487969	93	0.0251
4143be85-ca59-40c6-a441-a0c796c36f55	14	56488111	63426126	4481	-0.1889
4143be85-ca59-40c6-a441-a0c796c36f55	14	63430561	70876614	4600	-0.1411
4143be85-ca59-40c6-a441-a0c796c36f55	14	70877033	76556690	3561	0.1168
4143be85-ca59-40c6-a441-a0c796c36f55	14	76556890	78293773	1267	-0.1306
4143be85-ca59-40c6-a441-a0c796c36f55	14	78294141	87938216	6461	-0.207
4143be85-ca59-40c6-a441-a0c796c36f55	14	87938445	87939588	2	-2.1428
4143be85-ca59-40c6-a441-a0c796c36f55	14	87941652	88094954	114	-0.1598
4143be85-ca59-40c6-a441-a0c796c36f55	14	88101573	88108760	4	-1.2646
4143be85-ca59-40c6-a441-a0c796c36f55	14	88109798	88466309	236	-0.2012
4143be85-ca59-40c6-a441-a0c796c36f55	14	88467016	92064169	2183	-0.1498
4143be85-ca59-40c6-a441-a0c796c36f55	14	92064207	94259561	1454	0.0929
4143be85-ca59-40c6-a441-a0c796c36f55	14	94260025	97174385	2298	-0.1453
4143be85-ca59-40c6-a441-a0c796c36f55	14	97174487	98556765	1152	-0.2485
4143be85-ca59-40c6-a441-a0c796c36f55	14	98556845	102903616	2646	-0.1633
4143be85-ca59-40c6-a441-a0c796c36f55	14	102906613	105014630	869	0.1222
4143be85-ca59-40c6-a441-a0c796c36f55	14	105014849	106321086	384	-0.1792
4143be85-ca59-40c6-a441-a0c796c36f55	14	106340102	106346129	7	1.2151
4143be85-ca59-40c6-a441-a0c796c36f55	14	106360014	106462183	79	0.1313
4143be85-ca59-40c6-a441-a0c796c36f55	14	106462724	106719325	123	-0.1888
4143be85-ca59-40c6-a441-a0c796c36f55	14	106769689	106877229	72	0.0787
4143be85-ca59-40c6-a441-a0c796c36f55	15	19811075	20056983	50	-0.0781
4143be85-ca59-40c6-a441-a0c796c36f55	15	20059033	20421755	79	0.3205
4143be85-ca59-40c6-a441-a0c796c36f55	15	20422239	21975606	47	-0.2099
4143be85-ca59-40c6-a441-a0c796c36f55	15	21997003	22483983	35	0.5644
4143be85-ca59-40c6-a441-a0c796c36f55	15	22572323	22813674	63	-0.2817
4143be85-ca59-40c6-a441-a0c796c36f55	15	22813706	23396367	248	0.0051
4143be85-ca59-40c6-a441-a0c796c36f55	15	23398898	24162829	562	-0.1672
4143be85-ca59-40c6-a441-a0c796c36f55	15	24163054	24422282	110	-0.4223
4143be85-ca59-40c6-a441-a0c796c36f55	15	24424509	30252720	3642	-0.1803
4143be85-ca59-40c6-a441-a0c796c36f55	15	30253290	30281121	6	-1.8839
4143be85-ca59-40c6-a441-a0c796c36f55	15	30284526	30628421	21	-0.6718
4143be85-ca59-40c6-a441-a0c796c36f55	15	30633402	33462880	1818	-0.1398
4143be85-ca59-40c6-a441-a0c796c36f55	15	33465639	33465945	3	-1.4519
4143be85-ca59-40c6-a441-a0c796c36f55	15	33467915	33712404	254	-0.1682
4143be85-ca59-40c6-a441-a0c796c36f55	15	33715178	33715209	2	-2.0898
4143be85-ca59-40c6-a441-a0c796c36f55	15	33715226	34434988	488	-0.1432
4143be85-ca59-40c6-a441-a0c796c36f55	15	34435421	34526116	60	-1.1967
4143be85-ca59-40c6-a441-a0c796c36f55	15	34570058	101928837	44057	-0.1531
4143be85-ca59-40c6-a441-a0c796c36f55	16	10777	2012064	738	0.4956
4143be85-ca59-40c6-a441-a0c796c36f55	16	2013825	5557889	1885	0.283
4143be85-ca59-40c6-a441-a0c796c36f55	16	5558088	5558150	2	-1.4405
4143be85-ca59-40c6-a441-a0c796c36f55	16	5558336	6305865	872	0.2545
4143be85-ca59-40c6-a441-a0c796c36f55	16	6306186	6547698	306	0.1245
4143be85-ca59-40c6-a441-a0c796c36f55	16	6550671	6877911	439	-0.6437
4143be85-ca59-40c6-a441-a0c796c36f55	16	6878069	7903596	1299	0.2214
4143be85-ca59-40c6-a441-a0c796c36f55	16	7904968	7911784	6	-0.8291
4143be85-ca59-40c6-a441-a0c796c36f55	16	7912446	8453220	542	0.2793
4143be85-ca59-40c6-a441-a0c796c36f55	16	8459212	8467230	7	-0.3668
4143be85-ca59-40c6-a441-a0c796c36f55	16	8470364	8849420	318	0.2855
4143be85-ca59-40c6-a441-a0c796c36f55	16	8849794	9212810	236	0.4302
4143be85-ca59-40c6-a441-a0c796c36f55	16	9214224	10175341	1015	0.2537
4143be85-ca59-40c6-a441-a0c796c36f55	16	10176457	13034451	2223	0.4444
4143be85-ca59-40c6-a441-a0c796c36f55	16	13034542	13687670	547	0.2733
4143be85-ca59-40c6-a441-a0c796c36f55	16	13688321	15022400	729	0.4534
4143be85-ca59-40c6-a441-a0c796c36f55	16	15031584	16541191	600	0.5849
4143be85-ca59-40c6-a441-a0c796c36f55	16	16541758	21521901	2629	0.2851
4143be85-ca59-40c6-a441-a0c796c36f55	16	21522983	22665544	433	0.4254
4143be85-ca59-40c6-a441-a0c796c36f55	16	22668748	24294784	1098	0.2521
4143be85-ca59-40c6-a441-a0c796c36f55	16	24294836	28812606	2980	0.4473
4143be85-ca59-40c6-a441-a0c796c36f55	16	28813331	28813550	2	-1.307
4143be85-ca59-40c6-a441-a0c796c36f55	16	28814284	29265473	147	0.514
4143be85-ca59-40c6-a441-a0c796c36f55	16	29268429	30676408	370	0.6016
4143be85-ca59-40c6-a441-a0c796c36f55	16	30676468	30960121	104	0.4926
4143be85-ca59-40c6-a441-a0c796c36f55	16	30960489	35225230	640	0.2854
4143be85-ca59-40c6-a441-a0c796c36f55	16	35225338	35505641	163	0.0642
4143be85-ca59-40c6-a441-a0c796c36f55	16	35511822	55762598	6607	0.2551
4143be85-ca59-40c6-a441-a0c796c36f55	16	55762663	55808442	21	-0.4887
4143be85-ca59-40c6-a441-a0c796c36f55	16	55808470	60712709	3065	0.2644
4143be85-ca59-40c6-a441-a0c796c36f55	16	60713911	65870537	3534	0.2201
4143be85-ca59-40c6-a441-a0c796c36f55	16	65871104	68180237	1219	0.2965
4143be85-ca59-40c6-a441-a0c796c36f55	16	68182828	69650038	739	0.3278
4143be85-ca59-40c6-a441-a0c796c36f55	16	69650500	70031360	178	0.5165
4143be85-ca59-40c6-a441-a0c796c36f55	16	70041806	71037724	313	0.387
4143be85-ca59-40c6-a441-a0c796c36f55	16	71060273	71894947	411	0.2747
4143be85-ca59-40c6-a441-a0c796c36f55	16	71909399	71909679	2	-0.8017
4143be85-ca59-40c6-a441-a0c796c36f55	16	71913212	72053111	89	0.3201
4143be85-ca59-40c6-a441-a0c796c36f55	16	72077041	72088582	12	-0.7943
4143be85-ca59-40c6-a441-a0c796c36f55	16	72097668	75413760	2099	0.2626
4143be85-ca59-40c6-a441-a0c796c36f55	16	75414055	76632991	948	0.4358
4143be85-ca59-40c6-a441-a0c796c36f55	16	76635593	78337711	1671	0.2454
4143be85-ca59-40c6-a441-a0c796c36f55	16	78338543	78350868	16	1.1109
4143be85-ca59-40c6-a441-a0c796c36f55	16	78351104	80892431	2978	0.2168
4143be85-ca59-40c6-a441-a0c796c36f55	16	80892969	81132380	231	0.2959
4143be85-ca59-40c6-a441-a0c796c36f55	16	81134677	81229428	106	0.4956
4143be85-ca59-40c6-a441-a0c796c36f55	16	81230572	82062265	717	0.294
4143be85-ca59-40c6-a441-a0c796c36f55	16	82062294	82863244	934	0.1996
4143be85-ca59-40c6-a441-a0c796c36f55	16	82863289	83236109	448	0.4045
4143be85-ca59-40c6-a441-a0c796c36f55	16	83237606	84001611	926	0.2362
4143be85-ca59-40c6-a441-a0c796c36f55	16	84004115	84903681	809	0.4067
4143be85-ca59-40c6-a441-a0c796c36f55	16	84906410	88542082	2799	0.2629
4143be85-ca59-40c6-a441-a0c796c36f55	16	88542118	90096867	673	0.4097
4143be85-ca59-40c6-a441-a0c796c36f55	17	150733	1991061	872	-0.3898
4143be85-ca59-40c6-a441-a0c796c36f55	17	1991657	16750987	9601	-0.4836
4143be85-ca59-40c6-a441-a0c796c36f55	17	16754017	16838214	13	-1.2772
4143be85-ca59-40c6-a441-a0c796c36f55	17	16838470	18347213	854	-0.5223
4143be85-ca59-40c6-a441-a0c796c36f55	17	18347747	18413799	48	-0.3258
4143be85-ca59-40c6-a441-a0c796c36f55	17	18413867	18571332	32	0.366
4143be85-ca59-40c6-a441-a0c796c36f55	17	18592992	22736323	1474	-0.4735
4143be85-ca59-40c6-a441-a0c796c36f55	17	26943491	30545607	1690	0.1478
4143be85-ca59-40c6-a441-a0c796c36f55	17	30546009	30547842	2	-1.5058
4143be85-ca59-40c6-a441-a0c796c36f55	17	30549800	33236887	1420	0.1354
4143be85-ca59-40c6-a441-a0c796c36f55	17	33238015	37671401	3095	0.0783
4143be85-ca59-40c6-a441-a0c796c36f55	17	37672422	37773129	97	0.1936
4143be85-ca59-40c6-a441-a0c796c36f55	17	37775480	37775573	2	-1.4427
4143be85-ca59-40c6-a441-a0c796c36f55	17	37775854	41266838	1619	0.1399
4143be85-ca59-40c6-a441-a0c796c36f55	17	41266851	41274279	19	1.4773
4143be85-ca59-40c6-a441-a0c796c36f55	17	41276472	45984220	2423	0.1494
4143be85-ca59-40c6-a441-a0c796c36f55	17	45984501	46717868	222	0.3696
4143be85-ca59-40c6-a441-a0c796c36f55	17	46717906	52769855	3488	0.1345
4143be85-ca59-40c6-a441-a0c796c36f55	17	52770276	53756143	632	0.0165
4143be85-ca59-40c6-a441-a0c796c36f55	17	53762042	55897657	1501	-0.1771
4143be85-ca59-40c6-a441-a0c796c36f55	17	55898260	71043190	8981	0.1162
4143be85-ca59-40c6-a441-a0c796c36f55	17	71043942	71044734	3	-1.9886
4143be85-ca59-40c6-a441-a0c796c36f55	17	71046796	83091923	6952	0.1411
4143be85-ca59-40c6-a441-a0c796c36f55	18	48133	66060309	40283	-0.5005
4143be85-ca59-40c6-a441-a0c796c36f55	18	66060363	66061104	10	-1.9195
4143be85-ca59-40c6-a441-a0c796c36f55	18	66065502	80257174	10413	-0.5299
4143be85-ca59-40c6-a441-a0c796c36f55	19	90910	20411294	8923	-0.1059
4143be85-ca59-40c6-a441-a0c796c36f55	19	20411336	20538428	73	-1.1934
4143be85-ca59-40c6-a441-a0c796c36f55	19	20538656	24324370	2163	-0.1284
4143be85-ca59-40c6-a441-a0c796c36f55	19	24399775	27348002	15	0.4097
4143be85-ca59-40c6-a441-a0c796c36f55	19	27372681	28156313	371	-0.1535
4143be85-ca59-40c6-a441-a0c796c36f55	19	28156664	28158716	4	-1.1552
4143be85-ca59-40c6-a441-a0c796c36f55	19	28161537	30077139	1512	-0.1685
4143be85-ca59-40c6-a441-a0c796c36f55	19	30081849	30496197	289	-0.2838
4143be85-ca59-40c6-a441-a0c796c36f55	19	30497812	31620635	850	-0.3693
4143be85-ca59-40c6-a441-a0c796c36f55	19	31621125	35358420	2509	-0.2626
4143be85-ca59-40c6-a441-a0c796c36f55	19	35364451	35370946	21	-1.8156
4143be85-ca59-40c6-a441-a0c796c36f55	19	35375842	38704644	1668	-0.2826
4143be85-ca59-40c6-a441-a0c796c36f55	19	38705445	50873363	5843	-0.1122
4143be85-ca59-40c6-a441-a0c796c36f55	19	50877194	50880094	2	-1.9424
4143be85-ca59-40c6-a441-a0c796c36f55	19	50880924	51639362	517	-0.1867
4143be85-ca59-40c6-a441-a0c796c36f55	19	51639677	51644944	9	-1.1044
4143be85-ca59-40c6-a441-a0c796c36f55	19	51651652	52692949	702	-0.1769
4143be85-ca59-40c6-a441-a0c796c36f55	19	52694031	56350563	2223	-0.0984
4143be85-ca59-40c6-a441-a0c796c36f55	19	56350649	58586487	1411	-0.1757
4143be85-ca59-40c6-a441-a0c796c36f55	20	80664	1581021	1205	0.6937
4143be85-ca59-40c6-a441-a0c796c36f55	20	1586808	1617460	41	-0.0425
4143be85-ca59-40c6-a441-a0c796c36f55	20	1617690	3717849	1513	0.6429
4143be85-ca59-40c6-a441-a0c796c36f55	20	3720485	4206914	294	0.8041
4143be85-ca59-40c6-a441-a0c796c36f55	20	4207035	5448017	1001	0.6601
4143be85-ca59-40c6-a441-a0c796c36f55	20	5448148	5768848	192	0.8338
4143be85-ca59-40c6-a441-a0c796c36f55	20	5769416	14599436	6771	0.6656
4143be85-ca59-40c6-a441-a0c796c36f55	20	14602611	14737550	96	0.2314
4143be85-ca59-40c6-a441-a0c796c36f55	20	14737930	14888669	146	-0.1776
4143be85-ca59-40c6-a441-a0c796c36f55	20	14889229	15037640	133	-0.5388
4143be85-ca59-40c6-a441-a0c796c36f55	20	15037976	15113320	79	-1.0652
4143be85-ca59-40c6-a441-a0c796c36f55	20	15114622	15188051	70	-0.6624
4143be85-ca59-40c6-a441-a0c796c36f55	20	15189060	15240136	31	-0.1635
4143be85-ca59-40c6-a441-a0c796c36f55	20	15240191	15509226	241	0.2617
4143be85-ca59-40c6-a441-a0c796c36f55	20	15510115	16027993	524	0.4783
4143be85-ca59-40c6-a441-a0c796c36f55	20	16028612	16681573	656	0.6745
4143be85-ca59-40c6-a441-a0c796c36f55	20	16682100	16687127	13	-0.5683
4143be85-ca59-40c6-a441-a0c796c36f55	20	16689232	30185676	7017	0.6725
4143be85-ca59-40c6-a441-a0c796c36f55	20	30193847	30271154	15	-0.5017
4143be85-ca59-40c6-a441-a0c796c36f55	20	30293217	39230977	4227	0.6872
4143be85-ca59-40c6-a441-a0c796c36f55	20	39232096	43543472	3308	0.6306
4143be85-ca59-40c6-a441-a0c796c36f55	20	43544534	46144927	1651	0.7026
4143be85-ca59-40c6-a441-a0c796c36f55	20	46144972	48813791	2023	0.6458
4143be85-ca59-40c6-a441-a0c796c36f55	20	48816262	50165997	774	0.7218
4143be85-ca59-40c6-a441-a0c796c36f55	20	50175182	50176256	2	2.0734
4143be85-ca59-40c6-a441-a0c796c36f55	20	50178380	50545958	309	0.6834
4143be85-ca59-40c6-a441-a0c796c36f55	20	50545981	50546005	2	-0.8645
4143be85-ca59-40c6-a441-a0c796c36f55	20	50546040	54028329	2565	0.6811
4143be85-ca59-40c6-a441-a0c796c36f55	20	54031269	54042112	37	0.0562
4143be85-ca59-40c6-a441-a0c796c36f55	20	54046035	54191351	170	0.7416
4143be85-ca59-40c6-a441-a0c796c36f55	20	54191421	54191523	2	-0.7653
4143be85-ca59-40c6-a441-a0c796c36f55	20	54192240	60007167	4555	0.6733
4143be85-ca59-40c6-a441-a0c796c36f55	20	60007602	61740212	1612	0.6167
4143be85-ca59-40c6-a441-a0c796c36f55	20	61740650	63526293	784	0.692
4143be85-ca59-40c6-a441-a0c796c36f55	20	63526406	63972569	157	0.8632
4143be85-ca59-40c6-a441-a0c796c36f55	20	63976826	64281110	168	0.7101
4143be85-ca59-40c6-a441-a0c796c36f55	20	64282468	64324800	8	0.32
4143be85-ca59-40c6-a441-a0c796c36f55	21	10354168	10541081	34	-0.1627
4143be85-ca59-40c6-a441-a0c796c36f55	21	10544664	12992210	55	0.2108
4143be85-ca59-40c6-a441-a0c796c36f55	21	12996806	18587047	3404	-0.1765
4143be85-ca59-40c6-a441-a0c796c36f55	21	18590143	27190635	6648	-0.2291
4143be85-ca59-40c6-a441-a0c796c36f55	21	27190704	46677045	13721	-0.1835
4143be85-ca59-40c6-a441-a0c796c36f55	22	15294547	18141598	1109	-0.133
4143be85-ca59-40c6-a441-a0c796c36f55	22	18142004	22168470	2118	-0.0506
4143be85-ca59-40c6-a441-a0c796c36f55	22	22168878	22804590	426	-0.1535
4143be85-ca59-40c6-a441-a0c796c36f55	22	22807132	22809055	2	-1.9864
4143be85-ca59-40c6-a441-a0c796c36f55	22	22809248	44737460	15154	-0.1418
4143be85-ca59-40c6-a441-a0c796c36f55	22	44739926	44740755	3	-4.1386
4143be85-ca59-40c6-a441-a0c796c36f55	22	44741026	46428066	1100	-0.1238
4143be85-ca59-40c6-a441-a0c796c36f55	22	46428990	49087133	2340	-0.1907
4143be85-ca59-40c6-a441-a0c796c36f55	22	49087151	50796027	1028	-0.0835
4143be85-ca59-40c6-a441-a0c796c36f55	X	251810	738433	78	-0.0949
4143be85-ca59-40c6-a441-a0c796c36f55	X	876695	3193506	308	0.2237
4143be85-ca59-40c6-a441-a0c796c36f55	X	3193687	3216573	25	0.0082
4143be85-ca59-40c6-a441-a0c796c36f55	X	3217253	3217826	2	-1.6299
4143be85-ca59-40c6-a441-a0c796c36f55	X	3221913	4044953	416	0.1063
4143be85-ca59-40c6-a441-a0c796c36f55	X	4046076	4954916	796	-0.2915
4143be85-ca59-40c6-a441-a0c796c36f55	X	4958331	5785597	709	0.0698
4143be85-ca59-40c6-a441-a0c796c36f55	X	5788866	5793196	3	-1.7863
4143be85-ca59-40c6-a441-a0c796c36f55	X	5794092	6046401	249	0.063
4143be85-ca59-40c6-a441-a0c796c36f55	X	6046675	6438161	305	-0.2798
4143be85-ca59-40c6-a441-a0c796c36f55	X	6438695	6438902	2	-2.4697
4143be85-ca59-40c6-a441-a0c796c36f55	X	6439823	6469247	17	-0.292
4143be85-ca59-40c6-a441-a0c796c36f55	X	6469253	11254594	3457	0.076
4143be85-ca59-40c6-a441-a0c796c36f55	X	11256726	11369055	71	-0.2527
4143be85-ca59-40c6-a441-a0c796c36f55	X	11369479	11436023	38	0.0418
4143be85-ca59-40c6-a441-a0c796c36f55	X	11436464	11480053	28	-0.2815
4143be85-ca59-40c6-a441-a0c796c36f55	X	11481270	12883841	1211	0.0938
4143be85-ca59-40c6-a441-a0c796c36f55	X	12886326	23208204	6307	-0.2382
4143be85-ca59-40c6-a441-a0c796c36f55	X	23209134	23209272	2	2.4247
4143be85-ca59-40c6-a441-a0c796c36f55	X	23209796	27564711	2779	-0.2276
4143be85-ca59-40c6-a441-a0c796c36f55	X	27565370	27565822	2	-2.3806
4143be85-ca59-40c6-a441-a0c796c36f55	X	27568368	32672857	3432	-0.2378
4143be85-ca59-40c6-a441-a0c796c36f55	X	32673211	32673580	2	-2.584
4143be85-ca59-40c6-a441-a0c796c36f55	X	32677328	34364846	1224	-0.2753
4143be85-ca59-40c6-a441-a0c796c36f55	X	34365103	58444374	11922	0.0822
4143be85-ca59-40c6-a441-a0c796c36f55	X	58446873	62802319	46	0.5737
4143be85-ca59-40c6-a441-a0c796c36f55	X	62831001	90871970	13441	0.0817
4143be85-ca59-40c6-a441-a0c796c36f55	X	90873594	90877819	3	-1.9999
4143be85-ca59-40c6-a441-a0c796c36f55	X	90881339	95523300	2327	0.0442
4143be85-ca59-40c6-a441-a0c796c36f55	X	95523863	132323301	20464	0.0796
4143be85-ca59-40c6-a441-a0c796c36f55	X	132328427	141900659	5311	0.0466
4143be85-ca59-40c6-a441-a0c796c36f55	X	141900923	141900968	2	-1.9658
4143be85-ca59-40c6-a441-a0c796c36f55	X	141901694	151124426	6289	0.0537
4143be85-ca59-40c6-a441-a0c796c36f55	X	151125462	151126987	2	-2.7043
4143be85-ca59-40c6-a441-a0c796c36f55	X	151128083	152827602	1038	0.0657
4143be85-ca59-40c6-a441-a0c796c36f55	X	152833409	153043324	196	0.2425
4143be85-ca59-40c6-a441-a0c796c36f55	X	153043857	155952689	1129	0.1092
4143be85-ca59-40c6-a441-a0c796c36f55	Y	2782397	6249869	785	-2.8731
4143be85-ca59-40c6-a441-a0c796c36f55	Y	6252391	22913244	5654	-3.226
4143be85-ca59-40c6-a441-a0c796c36f55	Y	23013519	56872112	201	-2.8142
