GDC_Aliquot	Chromosome	Start	End	Copy_Number	Major_Copy_Number	Minor_Copy_Number
23c092fe-16e1-4bff-aff6-0c54e4e88ffa	chr1	61735	48929337	2	2	0
23c092fe-16e1-4bff-aff6-0c54e4e88ffa	chr1	48930148	49719807	1	1	0
23c092fe-16e1-4bff-aff6-0c54e4e88ffa	chr1	49725259	50972693	3	3	0
23c092fe-16e1-4bff-aff6-0c54e4e88ffa	chr1	50973481	112449259	2	2	0
23c092fe-16e1-4bff-aff6-0c54e4e88ffa	chr1	112452243	113008291	3	2	1
23c092fe-16e1-4bff-aff6-0c54e4e88ffa	chr1	113008600	115936131	2	2	0
23c092fe-16e1-4bff-aff6-0c54e4e88ffa	chr1	115938777	248930189	3	2	1
23c092fe-16e1-4bff-aff6-0c54e4e88ffa	chr2	12784	91593997	2	1	1
23c092fe-16e1-4bff-aff6-0c54e4e88ffa	chr2	91598972	141398611	3	2	1
23c092fe-16e1-4bff-aff6-0c54e4e88ffa	chr2	141399827	141561073	2	1	1
23c092fe-16e1-4bff-aff6-0c54e4e88ffa	chr2	141561502	163980254	3	2	1
23c092fe-16e1-4bff-aff6-0c54e4e88ffa	chr2	163981123	178413208	2	1	1
23c092fe-16e1-4bff-aff6-0c54e4e88ffa	chr2	178414111	182301269	3	2	1
23c092fe-16e1-4bff-aff6-0c54e4e88ffa	chr2	182302164	182669842	2	2	0
23c092fe-16e1-4bff-aff6-0c54e4e88ffa	chr2	182672672	204869243	3	2	1
23c092fe-16e1-4bff-aff6-0c54e4e88ffa	chr2	204869364	205452484	2	2	0
23c092fe-16e1-4bff-aff6-0c54e4e88ffa	chr2	205453869	242147305	3	2	1
23c092fe-16e1-4bff-aff6-0c54e4e88ffa	chr3	18667	3954414	2	2	0
23c092fe-16e1-4bff-aff6-0c54e4e88ffa	chr3	3955088	4210595	1	1	0
23c092fe-16e1-4bff-aff6-0c54e4e88ffa	chr3	4211349	60304285	2	2	0
23c092fe-16e1-4bff-aff6-0c54e4e88ffa	chr3	60306327	60551037	0	0	0
23c092fe-16e1-4bff-aff6-0c54e4e88ffa	chr3	60551663	61111721	2	2	0
23c092fe-16e1-4bff-aff6-0c54e4e88ffa	chr3	61112491	61224725	1	1	0
23c092fe-16e1-4bff-aff6-0c54e4e88ffa	chr3	61224739	78775982	2	2	0
23c092fe-16e1-4bff-aff6-0c54e4e88ffa	chr3	78780603	88311891	1	1	0
23c092fe-16e1-4bff-aff6-0c54e4e88ffa	chr3	88312989	174962519	2	2	0
23c092fe-16e1-4bff-aff6-0c54e4e88ffa	chr3	174963457	175154111	1	1	0
23c092fe-16e1-4bff-aff6-0c54e4e88ffa	chr3	175163075	198169247	2	2	0
23c092fe-16e1-4bff-aff6-0c54e4e88ffa	chr4	12281	1111676	3	2	1
23c092fe-16e1-4bff-aff6-0c54e4e88ffa	chr4	1116386	41365072	2	1	1
23c092fe-16e1-4bff-aff6-0c54e4e88ffa	chr4	41365884	41541984	1	1	0
23c092fe-16e1-4bff-aff6-0c54e4e88ffa	chr4	41543503	90656861	2	1	1
23c092fe-16e1-4bff-aff6-0c54e4e88ffa	chr4	90659161	90923960	1	1	0
23c092fe-16e1-4bff-aff6-0c54e4e88ffa	chr4	90927303	91027935	0	0	0
23c092fe-16e1-4bff-aff6-0c54e4e88ffa	chr4	91028014	91498434	1	1	0
23c092fe-16e1-4bff-aff6-0c54e4e88ffa	chr4	91501609	190106768	2	1	1
23c092fe-16e1-4bff-aff6-0c54e4e88ffa	chr5	15532	181363319	2	1	1
23c092fe-16e1-4bff-aff6-0c54e4e88ffa	chr6	149661	30094281	5	4	1
23c092fe-16e1-4bff-aff6-0c54e4e88ffa	chr6	30095591	36067733	3	2	1
23c092fe-16e1-4bff-aff6-0c54e4e88ffa	chr6	36071376	170741917	2	1	1
23c092fe-16e1-4bff-aff6-0c54e4e88ffa	chr7	43259	2995575	5	5	0
23c092fe-16e1-4bff-aff6-0c54e4e88ffa	chr7	2995638	57377539	7	6	1
23c092fe-16e1-4bff-aff6-0c54e4e88ffa	chr7	57378345	68825272	5	4	1
23c092fe-16e1-4bff-aff6-0c54e4e88ffa	chr7	68825751	70067261	7	6	1
23c092fe-16e1-4bff-aff6-0c54e4e88ffa	chr7	70074154	85287407	2	1	1
23c092fe-16e1-4bff-aff6-0c54e4e88ffa	chr7	85298742	85931691	5	4	1
23c092fe-16e1-4bff-aff6-0c54e4e88ffa	chr7	85934059	86699467	7	6	1
23c092fe-16e1-4bff-aff6-0c54e4e88ffa	chr7	86699866	109686398	2	1	1
23c092fe-16e1-4bff-aff6-0c54e4e88ffa	chr7	109686516	110421351	3	2	1
23c092fe-16e1-4bff-aff6-0c54e4e88ffa	chr7	110421475	133018436	2	1	1
23c092fe-16e1-4bff-aff6-0c54e4e88ffa	chr7	133020770	159334314	3	2	1
23c092fe-16e1-4bff-aff6-0c54e4e88ffa	chr8	81254	43931659	1	1	0
23c092fe-16e1-4bff-aff6-0c54e4e88ffa	chr8	43968905	74288445	3	2	1
23c092fe-16e1-4bff-aff6-0c54e4e88ffa	chr8	74288679	99034841	5	4	1
23c092fe-16e1-4bff-aff6-0c54e4e88ffa	chr8	99035027	99491819	3	3	0
23c092fe-16e1-4bff-aff6-0c54e4e88ffa	chr8	99492993	141211692	5	4	1
23c092fe-16e1-4bff-aff6-0c54e4e88ffa	chr8	141211775	145072769	4	3	1
23c092fe-16e1-4bff-aff6-0c54e4e88ffa	chr9	46587	15919013	2	1	1
23c092fe-16e1-4bff-aff6-0c54e4e88ffa	chr9	15919179	15980322	1	1	0
23c092fe-16e1-4bff-aff6-0c54e4e88ffa	chr9	15994242	20940645	2	1	1
23c092fe-16e1-4bff-aff6-0c54e4e88ffa	chr9	20941183	22861228	3	2	1
23c092fe-16e1-4bff-aff6-0c54e4e88ffa	chr9	22863950	68777960	2	1	1
23c092fe-16e1-4bff-aff6-0c54e4e88ffa	chr9	68777975	69081791	1	1	0
23c092fe-16e1-4bff-aff6-0c54e4e88ffa	chr9	69082165	133723375	2	1	1
23c092fe-16e1-4bff-aff6-0c54e4e88ffa	chr9	133725093	138200944	3	2	1
23c092fe-16e1-4bff-aff6-0c54e4e88ffa	chr10	26823	51320512	2	2	0
23c092fe-16e1-4bff-aff6-0c54e4e88ffa	chr10	51320649	51865323	1	1	0
23c092fe-16e1-4bff-aff6-0c54e4e88ffa	chr10	51867812	51895368	0	0	0
23c092fe-16e1-4bff-aff6-0c54e4e88ffa	chr10	51897888	112947646	2	2	0
23c092fe-16e1-4bff-aff6-0c54e4e88ffa	chr10	112952224	113151685	1	1	0
23c092fe-16e1-4bff-aff6-0c54e4e88ffa	chr10	113151851	133769379	2	2	0
23c092fe-16e1-4bff-aff6-0c54e4e88ffa	chr11	198572	90526235	3	2	1
23c092fe-16e1-4bff-aff6-0c54e4e88ffa	chr11	90531060	90612761	2	2	0
23c092fe-16e1-4bff-aff6-0c54e4e88ffa	chr11	90613455	131746793	3	2	1
23c092fe-16e1-4bff-aff6-0c54e4e88ffa	chr11	131746857	133738509	7	6	1
23c092fe-16e1-4bff-aff6-0c54e4e88ffa	chr11	133738535	134868991	4	3	1
23c092fe-16e1-4bff-aff6-0c54e4e88ffa	chr11	134869255	135074876	5	4	1
23c092fe-16e1-4bff-aff6-0c54e4e88ffa	chr12	51460	133201603	2	1	1
23c092fe-16e1-4bff-aff6-0c54e4e88ffa	chr13	18452809	23604395	3	2	1
23c092fe-16e1-4bff-aff6-0c54e4e88ffa	chr13	23605314	23778081	2	1	1
23c092fe-16e1-4bff-aff6-0c54e4e88ffa	chr13	23779053	24031661	17	16	1
23c092fe-16e1-4bff-aff6-0c54e4e88ffa	chr13	24039867	27558318	3	2	1
23c092fe-16e1-4bff-aff6-0c54e4e88ffa	chr13	27573751	27984543	20	20	0
23c092fe-16e1-4bff-aff6-0c54e4e88ffa	chr13	27988764	38743036	3	2	1
23c092fe-16e1-4bff-aff6-0c54e4e88ffa	chr13	38748811	39082300	17	16	1
23c092fe-16e1-4bff-aff6-0c54e4e88ffa	chr13	39087522	52776525	3	2	1
23c092fe-16e1-4bff-aff6-0c54e4e88ffa	chr13	52778745	54482295	5	4	1
23c092fe-16e1-4bff-aff6-0c54e4e88ffa	chr13	54488693	70051285	3	2	1
23c092fe-16e1-4bff-aff6-0c54e4e88ffa	chr13	70054702	70062174	22	14	8
23c092fe-16e1-4bff-aff6-0c54e4e88ffa	chr13	70064075	70083542	15	12	3
23c092fe-16e1-4bff-aff6-0c54e4e88ffa	chr13	70084348	70823712	4	3	1
23c092fe-16e1-4bff-aff6-0c54e4e88ffa	chr13	70824052	73782981	5	3	2
23c092fe-16e1-4bff-aff6-0c54e4e88ffa	chr13	73790782	75764830	3	2	1
23c092fe-16e1-4bff-aff6-0c54e4e88ffa	chr13	75769776	75828959	2	2	0
23c092fe-16e1-4bff-aff6-0c54e4e88ffa	chr13	75832784	114342922	3	2	1
23c092fe-16e1-4bff-aff6-0c54e4e88ffa	chr14	18225647	39744598	2	1	1
23c092fe-16e1-4bff-aff6-0c54e4e88ffa	chr14	39745671	39878842	1	1	0
23c092fe-16e1-4bff-aff6-0c54e4e88ffa	chr14	39880158	80607439	2	1	1
23c092fe-16e1-4bff-aff6-0c54e4e88ffa	chr14	80607730	80804727	1	1	0
23c092fe-16e1-4bff-aff6-0c54e4e88ffa	chr14	80805854	106877229	2	1	1
23c092fe-16e1-4bff-aff6-0c54e4e88ffa	chr15	19811075	48665400	1	1	0
23c092fe-16e1-4bff-aff6-0c54e4e88ffa	chr15	48665645	101928837	2	2	0
23c092fe-16e1-4bff-aff6-0c54e4e88ffa	chr16	10777	5376314	2	1	1
23c092fe-16e1-4bff-aff6-0c54e4e88ffa	chr16	5377238	6113022	1	1	0
23c092fe-16e1-4bff-aff6-0c54e4e88ffa	chr16	6113123	6875780	2	1	1
23c092fe-16e1-4bff-aff6-0c54e4e88ffa	chr16	6876260	6919294	1	1	0
23c092fe-16e1-4bff-aff6-0c54e4e88ffa	chr16	6919670	6974870	0	0	0
23c092fe-16e1-4bff-aff6-0c54e4e88ffa	chr16	6975027	7096429	1	1	0
23c092fe-16e1-4bff-aff6-0c54e4e88ffa	chr16	7096476	25622236	2	1	1
23c092fe-16e1-4bff-aff6-0c54e4e88ffa	chr16	25623495	90221127	3	2	1
23c092fe-16e1-4bff-aff6-0c54e4e88ffa	chr17	150733	19457898	1	1	0
23c092fe-16e1-4bff-aff6-0c54e4e88ffa	chr17	19461648	83090856	2	1	1
23c092fe-16e1-4bff-aff6-0c54e4e88ffa	chr18	48133	1104006	2	1	1
23c092fe-16e1-4bff-aff6-0c54e4e88ffa	chr18	1104084	15402409	1	1	0
23c092fe-16e1-4bff-aff6-0c54e4e88ffa	chr18	20949392	37059128	2	1	1
23c092fe-16e1-4bff-aff6-0c54e4e88ffa	chr18	37060506	39340684	1	1	0
23c092fe-16e1-4bff-aff6-0c54e4e88ffa	chr18	39340772	50391568	2	1	1
23c092fe-16e1-4bff-aff6-0c54e4e88ffa	chr18	50392166	80257174	1	1	0
23c092fe-16e1-4bff-aff6-0c54e4e88ffa	chr19	90910	58586487	3	2	1
23c092fe-16e1-4bff-aff6-0c54e4e88ffa	chr20	80664	14497261	4	3	1
23c092fe-16e1-4bff-aff6-0c54e4e88ffa	chr20	14497569	14566050	2	2	0
23c092fe-16e1-4bff-aff6-0c54e4e88ffa	chr20	14571109	15035620	1	1	0
23c092fe-16e1-4bff-aff6-0c54e4e88ffa	chr20	15037640	15256406	2	2	0
23c092fe-16e1-4bff-aff6-0c54e4e88ffa	chr20	15256565	15510183	4	2	2
23c092fe-16e1-4bff-aff6-0c54e4e88ffa	chr20	15510749	15732061	3	2	1
23c092fe-16e1-4bff-aff6-0c54e4e88ffa	chr20	15734316	62046948	5	3	2
23c092fe-16e1-4bff-aff6-0c54e4e88ffa	chr20	62047761	64324800	4	3	1
23c092fe-16e1-4bff-aff6-0c54e4e88ffa	chr21	10336543	38931924	3	2	1
23c092fe-16e1-4bff-aff6-0c54e4e88ffa	chr21	38935301	38994094	2	2	0
23c092fe-16e1-4bff-aff6-0c54e4e88ffa	chr21	38995174	46677045	3	2	1
23c092fe-16e1-4bff-aff6-0c54e4e88ffa	chr22	15294545	22625891	3	2	1
23c092fe-16e1-4bff-aff6-0c54e4e88ffa	chr22	22627668	27389734	2	1	1
23c092fe-16e1-4bff-aff6-0c54e4e88ffa	chr22	27395929	39659649	3	2	1
23c092fe-16e1-4bff-aff6-0c54e4e88ffa	chr22	39659891	50796027	2	1	1
23c092fe-16e1-4bff-aff6-0c54e4e88ffa	chrX	251810	6761068	2	2	0
23c092fe-16e1-4bff-aff6-0c54e4e88ffa	chrX	6761069	7226410	1	1	0
23c092fe-16e1-4bff-aff6-0c54e4e88ffa	chrX	7226489	28875873	2	2	0
23c092fe-16e1-4bff-aff6-0c54e4e88ffa	chrX	28876317	29124410	3	3	0
23c092fe-16e1-4bff-aff6-0c54e4e88ffa	chrX	29130907	32943668	2	2	0
23c092fe-16e1-4bff-aff6-0c54e4e88ffa	chrX	32943753	33121618	3	3	0
23c092fe-16e1-4bff-aff6-0c54e4e88ffa	chrX	33122739	99902573	2	2	0
23c092fe-16e1-4bff-aff6-0c54e4e88ffa	chrX	99907481	100072716	3	3	0
23c092fe-16e1-4bff-aff6-0c54e4e88ffa	chrX	100072973	116398211	2	2	0
23c092fe-16e1-4bff-aff6-0c54e4e88ffa	chrX	116398550	116508188	3	3	0
23c092fe-16e1-4bff-aff6-0c54e4e88ffa	chrX	116508663	156004181	2	2	0
