GDC_Aliquot	Chromosome	Start	End	Copy_Number	Major_Copy_Number	Minor_Copy_Number
d6a1586d-e573-4cc7-8814-96c4222c229e	chr1	61735	248930189	4	2	2
d6a1586d-e573-4cc7-8814-96c4222c229e	chr2	12784	242147305	4	2	2
d6a1586d-e573-4cc7-8814-96c4222c229e	chr3	18667	60232609	4	2	2
d6a1586d-e573-4cc7-8814-96c4222c229e	chr3	60232706	60414747	1	1	0
d6a1586d-e573-4cc7-8814-96c4222c229e	chr3	60414988	60477147	0	0	0
d6a1586d-e573-4cc7-8814-96c4222c229e	chr3	60478343	60707127	1	1	0
d6a1586d-e573-4cc7-8814-96c4222c229e	chr3	60707165	165090291	4	2	2
d6a1586d-e573-4cc7-8814-96c4222c229e	chr3	165091157	166891017	2	2	0
d6a1586d-e573-4cc7-8814-96c4222c229e	chr3	166895316	179557442	4	2	2
d6a1586d-e573-4cc7-8814-96c4222c229e	chr3	179558176	180994964	2	2	0
d6a1586d-e573-4cc7-8814-96c4222c229e	chr3	180996519	189642489	4	2	2
d6a1586d-e573-4cc7-8814-96c4222c229e	chr3	189642965	189755891	2	2	0
d6a1586d-e573-4cc7-8814-96c4222c229e	chr3	189757765	198169247	4	2	2
d6a1586d-e573-4cc7-8814-96c4222c229e	chr4	12281	190106768	4	2	2
d6a1586d-e573-4cc7-8814-96c4222c229e	chr5	15532	59206516	4	2	2
d6a1586d-e573-4cc7-8814-96c4222c229e	chr5	59206587	59714871	2	2	0
d6a1586d-e573-4cc7-8814-96c4222c229e	chr5	59715681	181363319	4	2	2
d6a1586d-e573-4cc7-8814-96c4222c229e	chr6	149661	61217238	4	2	2
d6a1586d-e573-4cc7-8814-96c4222c229e	chr6	61217312	170741917	6	4	2
d6a1586d-e573-4cc7-8814-96c4222c229e	chr7	43259	111054551	4	2	2
d6a1586d-e573-4cc7-8814-96c4222c229e	chr7	111060467	111255184	1	1	0
d6a1586d-e573-4cc7-8814-96c4222c229e	chr7	111256146	159334314	4	2	2
d6a1586d-e573-4cc7-8814-96c4222c229e	chr8	81254	145072769	4	2	2
d6a1586d-e573-4cc7-8814-96c4222c229e	chr9	46587	138200944	4	2	2
d6a1586d-e573-4cc7-8814-96c4222c229e	chr10	26823	43573489	4	2	2
d6a1586d-e573-4cc7-8814-96c4222c229e	chr10	43575306	133769379	4	4	0
d6a1586d-e573-4cc7-8814-96c4222c229e	chr11	198572	135074876	4	2	2
d6a1586d-e573-4cc7-8814-96c4222c229e	chr12	51460	133201603	4	2	2
d6a1586d-e573-4cc7-8814-96c4222c229e	chr13	18452809	114342922	4	2	2
d6a1586d-e573-4cc7-8814-96c4222c229e	chr14	18225647	106877229	4	2	2
d6a1586d-e573-4cc7-8814-96c4222c229e	chr15	19811075	101928837	4	2	2
d6a1586d-e573-4cc7-8814-96c4222c229e	chr16	10777	5208259	4	2	2
d6a1586d-e573-4cc7-8814-96c4222c229e	chr16	5214398	5723287	2	2	0
d6a1586d-e573-4cc7-8814-96c4222c229e	chr16	5723739	6292051	4	2	2
d6a1586d-e573-4cc7-8814-96c4222c229e	chr16	6292311	6597081	2	2	0
d6a1586d-e573-4cc7-8814-96c4222c229e	chr16	6598397	6894188	4	2	2
d6a1586d-e573-4cc7-8814-96c4222c229e	chr16	6898174	7157179	2	2	0
d6a1586d-e573-4cc7-8814-96c4222c229e	chr16	7157571	78474168	4	2	2
d6a1586d-e573-4cc7-8814-96c4222c229e	chr16	78474404	78973978	1	1	0
d6a1586d-e573-4cc7-8814-96c4222c229e	chr16	78975099	90221127	3	2	1
d6a1586d-e573-4cc7-8814-96c4222c229e	chr17	150733	1822453	5	3	2
d6a1586d-e573-4cc7-8814-96c4222c229e	chr17	1824926	83090856	4	2	2
d6a1586d-e573-4cc7-8814-96c4222c229e	chr18	48133	80257174	4	2	2
d6a1586d-e573-4cc7-8814-96c4222c229e	chr19	90910	58586487	4	2	2
d6a1586d-e573-4cc7-8814-96c4222c229e	chr20	80664	14739892	4	2	2
d6a1586d-e573-4cc7-8814-96c4222c229e	chr20	14740481	14933242	1	1	0
d6a1586d-e573-4cc7-8814-96c4222c229e	chr20	14934063	64324800	4	2	2
d6a1586d-e573-4cc7-8814-96c4222c229e	chr21	10336543	46677045	4	2	2
d6a1586d-e573-4cc7-8814-96c4222c229e	chr22	15294545	50796027	4	2	2
d6a1586d-e573-4cc7-8814-96c4222c229e	chrX	251810	34243159	4	2	2
d6a1586d-e573-4cc7-8814-96c4222c229e	chrX	34243209	34991181	6	4	2
d6a1586d-e573-4cc7-8814-96c4222c229e	chrX	34991494	156004181	4	2	2
