GDC_Aliquot	Chromosome	Start	End	Num_Probes	Segment_Mean
32ee6483-60b3-4d89-8b3f-9c6974faae49	1	3301765	7492401	2736	-0.0108
32ee6483-60b3-4d89-8b3f-9c6974faae49	1	7492530	7494922	2	-1.3951
32ee6483-60b3-4d89-8b3f-9c6974faae49	1	7511538	17904041	5164	0.0023
32ee6483-60b3-4d89-8b3f-9c6974faae49	1	17906080	17906665	2	-1.2528
32ee6483-60b3-4d89-8b3f-9c6974faae49	1	17910125	151449307	60795	0.0024
32ee6483-60b3-4d89-8b3f-9c6974faae49	1	151449329	151451456	2	-1.2753
32ee6483-60b3-4d89-8b3f-9c6974faae49	1	151456129	247650984	61099	0.0035
32ee6483-60b3-4d89-8b3f-9c6974faae49	2	480597	241537572	132256	-0.0008
32ee6483-60b3-4d89-8b3f-9c6974faae49	3	2170634	151717160	83455	0.0046
32ee6483-60b3-4d89-8b3f-9c6974faae49	3	151721014	151724849	4	-1.0228
32ee6483-60b3-4d89-8b3f-9c6974faae49	3	151724935	197812401	23762	0.0042
32ee6483-60b3-4d89-8b3f-9c6974faae49	4	1059384	187842528	103537	0.0014
32ee6483-60b3-4d89-8b3f-9c6974faae49	5	913983	109698476	57711	-0.0005
32ee6483-60b3-4d89-8b3f-9c6974faae49	5	109700365	109700533	2	-1.6787
32ee6483-60b3-4d89-8b3f-9c6974faae49	5	109703479	180934240	43454	0.0032
32ee6483-60b3-4d89-8b3f-9c6974faae49	6	1011760	93074067	52060	0.002
32ee6483-60b3-4d89-8b3f-9c6974faae49	6	93075818	93076675	2	1.2739
32ee6483-60b3-4d89-8b3f-9c6974faae49	6	93076844	159650812	39552	0.001
32ee6483-60b3-4d89-8b3f-9c6974faae49	6	159653386	159653413	2	-1.2734
32ee6483-60b3-4d89-8b3f-9c6974faae49	6	159654671	170596889	5584	-0.003
32ee6483-60b3-4d89-8b3f-9c6974faae49	7	664936	158592540	81975	0.0014
32ee6483-60b3-4d89-8b3f-9c6974faae49	8	667625	118169498	65664	0
32ee6483-60b3-4d89-8b3f-9c6974faae49	8	118170051	118178272	7	-0.9485
32ee6483-60b3-4d89-8b3f-9c6974faae49	8	118180908	126891521	5916	0.0098
32ee6483-60b3-4d89-8b3f-9c6974faae49	8	126892380	126892615	2	-1.1861
32ee6483-60b3-4d89-8b3f-9c6974faae49	8	126892869	144182542	10677	-0.0001
32ee6483-60b3-4d89-8b3f-9c6974faae49	9	789794	138044505	68507	0.0036
32ee6483-60b3-4d89-8b3f-9c6974faae49	10	366509	43029180	26577	-0.0015
32ee6483-60b3-4d89-8b3f-9c6974faae49	10	43029253	43030294	2	-1.4808
32ee6483-60b3-4d89-8b3f-9c6974faae49	10	43030575	133411599	54736	0.003
32ee6483-60b3-4d89-8b3f-9c6974faae49	11	456012	134272740	77605	0.0036
32ee6483-60b3-4d89-8b3f-9c6974faae49	12	780472	132605822	74380	-0.0011
32ee6483-60b3-4d89-8b3f-9c6974faae49	13	18874255	85273297	38549	-0.0004
32ee6483-60b3-4d89-8b3f-9c6974faae49	13	85273866	85274155	4	-1.044
32ee6483-60b3-4d89-8b3f-9c6974faae49	13	85275996	109684826	16008	-0.0021
32ee6483-60b3-4d89-8b3f-9c6974faae49	13	109686135	109686566	2	-1.199
32ee6483-60b3-4d89-8b3f-9c6974faae49	13	109689344	114226675	2456	-0.0074
32ee6483-60b3-4d89-8b3f-9c6974faae49	14	20033191	59274633	21655	0.006
32ee6483-60b3-4d89-8b3f-9c6974faae49	14	59275709	59281038	3	-1.0645
32ee6483-60b3-4d89-8b3f-9c6974faae49	14	59281245	105533894	28149	0.0036
32ee6483-60b3-4d89-8b3f-9c6974faae49	15	23437561	32902802	3524	-0.0077
32ee6483-60b3-4d89-8b3f-9c6974faae49	15	32903826	32904160	4	-0.8613
32ee6483-60b3-4d89-8b3f-9c6974faae49	15	32906050	101344124	41275	0.0022
32ee6483-60b3-4d89-8b3f-9c6974faae49	16	603333	89317317	41229	0.0023
32ee6483-60b3-4d89-8b3f-9c6974faae49	17	1074619	10584994	4947	-0.0067
32ee6483-60b3-4d89-8b3f-9c6974faae49	17	10588809	10604364	12	0.5797
32ee6483-60b3-4d89-8b3f-9c6974faae49	17	10605911	82959812	32335	0.0008
32ee6483-60b3-4d89-8b3f-9c6974faae49	18	326691	55048501	29389	0.0025
32ee6483-60b3-4d89-8b3f-9c6974faae49	18	55049461	55049849	2	-1.9026
32ee6483-60b3-4d89-8b3f-9c6974faae49	18	55050333	79349796	13592	0.0023
32ee6483-60b3-4d89-8b3f-9c6974faae49	19	283868	5633227	1407	-0.023
32ee6483-60b3-4d89-8b3f-9c6974faae49	19	5633867	5636353	3	-1.5567
32ee6483-60b3-4d89-8b3f-9c6974faae49	19	5637877	58370362	22752	-0.0025
32ee6483-60b3-4d89-8b3f-9c6974faae49	20	472817	9384594	5358	0.0048
32ee6483-60b3-4d89-8b3f-9c6974faae49	20	9384732	9388326	2	-1.0454
32ee6483-60b3-4d89-8b3f-9c6974faae49	20	9389584	15657593	4122	0.0082
32ee6483-60b3-4d89-8b3f-9c6974faae49	20	15658267	15658318	2	-1.495
32ee6483-60b3-4d89-8b3f-9c6974faae49	20	15658601	63588502	28083	0.0007
32ee6483-60b3-4d89-8b3f-9c6974faae49	21	13974127	46262057	20608	-0.0021
32ee6483-60b3-4d89-8b3f-9c6974faae49	22	16934932	47340268	15767	0.0008
32ee6483-60b3-4d89-8b3f-9c6974faae49	22	47342611	47356361	7	-0.7408
32ee6483-60b3-4d89-8b3f-9c6974faae49	22	47356532	48940621	1319	-0.018
32ee6483-60b3-4d89-8b3f-9c6974faae49	X	3236359	121393567	48545	0.0104
32ee6483-60b3-4d89-8b3f-9c6974faae49	X	121393877	121394121	2	-4.2682
32ee6483-60b3-4d89-8b3f-9c6974faae49	X	121396280	150492140	13738	0.0147
32ee6483-60b3-4d89-8b3f-9c6974faae49	X	150495298	150496135	2	-4.548
32ee6483-60b3-4d89-8b3f-9c6974faae49	X	150496485	155677414	1636	-0.0108
