GDC_Aliquot	Chromosome	Start	End	Copy_Number	Major_Copy_Number	Minor_Copy_Number
56dcd313-6aca-40a2-ba19-b8e49c637ea2	chr1	62920	1807280	3	2	1
56dcd313-6aca-40a2-ba19-b8e49c637ea2	chr1	1809802	3595777	4	3	1
56dcd313-6aca-40a2-ba19-b8e49c637ea2	chr1	3595952	4117838	5	4	1
56dcd313-6aca-40a2-ba19-b8e49c637ea2	chr1	4118243	5061003	4	3	1
56dcd313-6aca-40a2-ba19-b8e49c637ea2	chr1	5061344	5416633	3	2	1
56dcd313-6aca-40a2-ba19-b8e49c637ea2	chr1	5418527	7154592	4	3	1
56dcd313-6aca-40a2-ba19-b8e49c637ea2	chr1	7156339	9207469	5	4	1
56dcd313-6aca-40a2-ba19-b8e49c637ea2	chr1	9207528	19340987	3	2	1
56dcd313-6aca-40a2-ba19-b8e49c637ea2	chr1	19341058	22807499	2	1	1
56dcd313-6aca-40a2-ba19-b8e49c637ea2	chr1	22811138	22849809	1	1	0
56dcd313-6aca-40a2-ba19-b8e49c637ea2	chr1	22850247	26198199	2	1	1
56dcd313-6aca-40a2-ba19-b8e49c637ea2	chr1	26198215	39729902	1	1	0
56dcd313-6aca-40a2-ba19-b8e49c637ea2	chr1	39731119	40515558	2	1	1
56dcd313-6aca-40a2-ba19-b8e49c637ea2	chr1	40515869	43526161	3	2	1
56dcd313-6aca-40a2-ba19-b8e49c637ea2	chr1	43527222	46571886	2	1	1
56dcd313-6aca-40a2-ba19-b8e49c637ea2	chr1	46573251	48880771	3	2	1
56dcd313-6aca-40a2-ba19-b8e49c637ea2	chr1	48881156	49174693	2	1	1
56dcd313-6aca-40a2-ba19-b8e49c637ea2	chr1	49177026	49620775	1	1	0
56dcd313-6aca-40a2-ba19-b8e49c637ea2	chr1	49621362	50461491	3	2	1
56dcd313-6aca-40a2-ba19-b8e49c637ea2	chr1	50462230	56026064	2	1	1
56dcd313-6aca-40a2-ba19-b8e49c637ea2	chr1	56028346	61911606	1	1	0
56dcd313-6aca-40a2-ba19-b8e49c637ea2	chr1	61913657	62149973	0	0	0
56dcd313-6aca-40a2-ba19-b8e49c637ea2	chr1	62150012	69535348	1	1	0
56dcd313-6aca-40a2-ba19-b8e49c637ea2	chr1	69536766	69898647	2	1	1
56dcd313-6aca-40a2-ba19-b8e49c637ea2	chr1	69901535	73037101	1	1	0
56dcd313-6aca-40a2-ba19-b8e49c637ea2	chr1	73037383	73178276	2	2	0
56dcd313-6aca-40a2-ba19-b8e49c637ea2	chr1	73178987	76269846	1	1	0
56dcd313-6aca-40a2-ba19-b8e49c637ea2	chr1	76273458	76336096	0	0	0
56dcd313-6aca-40a2-ba19-b8e49c637ea2	chr1	76337364	81135579	1	1	0
56dcd313-6aca-40a2-ba19-b8e49c637ea2	chr1	81137042	81826048	2	1	1
56dcd313-6aca-40a2-ba19-b8e49c637ea2	chr1	81832471	83410152	1	1	0
56dcd313-6aca-40a2-ba19-b8e49c637ea2	chr1	83414102	83596444	2	1	1
56dcd313-6aca-40a2-ba19-b8e49c637ea2	chr1	83596502	84167314	3	2	1
56dcd313-6aca-40a2-ba19-b8e49c637ea2	chr1	84172715	88932177	1	1	0
56dcd313-6aca-40a2-ba19-b8e49c637ea2	chr1	88933720	89092358	2	2	0
56dcd313-6aca-40a2-ba19-b8e49c637ea2	chr1	89092420	89092420	1	1	0
56dcd313-6aca-40a2-ba19-b8e49c637ea2	chr1	89093877	90690133	2	1	1
56dcd313-6aca-40a2-ba19-b8e49c637ea2	chr1	90690278	91581155	3	2	1
56dcd313-6aca-40a2-ba19-b8e49c637ea2	chr1	91582453	228841050	2	1	1
56dcd313-6aca-40a2-ba19-b8e49c637ea2	chr1	228841427	229164068	1	1	0
56dcd313-6aca-40a2-ba19-b8e49c637ea2	chr1	229164827	248930189	2	1	1
56dcd313-6aca-40a2-ba19-b8e49c637ea2	chr2	12784	3766835	1	1	0
56dcd313-6aca-40a2-ba19-b8e49c637ea2	chr2	3767024	5142691	2	1	1
56dcd313-6aca-40a2-ba19-b8e49c637ea2	chr2	5151003	6946626	1	1	0
56dcd313-6aca-40a2-ba19-b8e49c637ea2	chr2	6947651	7422591	2	1	1
56dcd313-6aca-40a2-ba19-b8e49c637ea2	chr2	7423530	9877491	1	1	0
56dcd313-6aca-40a2-ba19-b8e49c637ea2	chr2	9889148	10090550	2	1	1
56dcd313-6aca-40a2-ba19-b8e49c637ea2	chr2	10092274	12862611	1	1	0
56dcd313-6aca-40a2-ba19-b8e49c637ea2	chr2	12878207	12933436	2	1	1
56dcd313-6aca-40a2-ba19-b8e49c637ea2	chr2	12933467	13956999	1	1	0
56dcd313-6aca-40a2-ba19-b8e49c637ea2	chr2	13957180	14030299	2	2	0
56dcd313-6aca-40a2-ba19-b8e49c637ea2	chr2	14030333	14030333	3	3	0
56dcd313-6aca-40a2-ba19-b8e49c637ea2	chr2	14031168	16759530	2	1	1
56dcd313-6aca-40a2-ba19-b8e49c637ea2	chr2	16762035	18352192	1	1	0
56dcd313-6aca-40a2-ba19-b8e49c637ea2	chr2	18352608	19984184	2	1	1
56dcd313-6aca-40a2-ba19-b8e49c637ea2	chr2	19996426	20484559	1	1	0
56dcd313-6aca-40a2-ba19-b8e49c637ea2	chr2	20484896	20556457	2	1	1
56dcd313-6aca-40a2-ba19-b8e49c637ea2	chr2	20556742	20759784	1	1	0
56dcd313-6aca-40a2-ba19-b8e49c637ea2	chr2	20763538	33501470	2	1	1
56dcd313-6aca-40a2-ba19-b8e49c637ea2	chr2	33501543	36352923	1	1	0
56dcd313-6aca-40a2-ba19-b8e49c637ea2	chr2	36353141	39501290	2	1	1
56dcd313-6aca-40a2-ba19-b8e49c637ea2	chr2	39506709	39523807	2	2	0
56dcd313-6aca-40a2-ba19-b8e49c637ea2	chr2	39523888	39527052	4	3	1
56dcd313-6aca-40a2-ba19-b8e49c637ea2	chr2	39527088	41762666	1	1	0
56dcd313-6aca-40a2-ba19-b8e49c637ea2	chr2	41762924	72394336	2	1	1
56dcd313-6aca-40a2-ba19-b8e49c637ea2	chr2	72397137	72678576	1	1	0
56dcd313-6aca-40a2-ba19-b8e49c637ea2	chr2	72678896	76698773	2	1	1
56dcd313-6aca-40a2-ba19-b8e49c637ea2	chr2	76701007	76722438	4	2	2
56dcd313-6aca-40a2-ba19-b8e49c637ea2	chr2	76729368	78079781	2	1	1
56dcd313-6aca-40a2-ba19-b8e49c637ea2	chr2	78082772	78134898	1	1	0
56dcd313-6aca-40a2-ba19-b8e49c637ea2	chr2	78137935	132736477	2	1	1
56dcd313-6aca-40a2-ba19-b8e49c637ea2	chr2	132737116	148072133	1	1	0
56dcd313-6aca-40a2-ba19-b8e49c637ea2	chr2	148081978	148156434	0	0	0
56dcd313-6aca-40a2-ba19-b8e49c637ea2	chr2	148156920	154370165	1	1	0
56dcd313-6aca-40a2-ba19-b8e49c637ea2	chr2	154375897	154401022	2	2	0
56dcd313-6aca-40a2-ba19-b8e49c637ea2	chr2	154405807	167699321	1	1	0
56dcd313-6aca-40a2-ba19-b8e49c637ea2	chr2	167702162	186025395	2	1	1
56dcd313-6aca-40a2-ba19-b8e49c637ea2	chr2	186031467	186277279	1	1	0
56dcd313-6aca-40a2-ba19-b8e49c637ea2	chr2	186279906	196324211	2	1	1
56dcd313-6aca-40a2-ba19-b8e49c637ea2	chr2	196324457	196344184	4	3	1
56dcd313-6aca-40a2-ba19-b8e49c637ea2	chr2	196345216	196452578	3	2	1
56dcd313-6aca-40a2-ba19-b8e49c637ea2	chr2	196452637	212988075	2	1	1
56dcd313-6aca-40a2-ba19-b8e49c637ea2	chr2	212992308	213011563	1	1	0
56dcd313-6aca-40a2-ba19-b8e49c637ea2	chr2	213012351	241780750	2	1	1
56dcd313-6aca-40a2-ba19-b8e49c637ea2	chr2	241786337	242147305	1	1	0
56dcd313-6aca-40a2-ba19-b8e49c637ea2	chr3	20930	16253487	2	1	1
56dcd313-6aca-40a2-ba19-b8e49c637ea2	chr3	16253758	16260284	1	1	0
56dcd313-6aca-40a2-ba19-b8e49c637ea2	chr3	16260702	46624928	2	1	1
56dcd313-6aca-40a2-ba19-b8e49c637ea2	chr3	46625303	50074729	1	1	0
56dcd313-6aca-40a2-ba19-b8e49c637ea2	chr3	50075314	59787106	2	1	1
56dcd313-6aca-40a2-ba19-b8e49c637ea2	chr3	59787334	59907806	1	1	0
56dcd313-6aca-40a2-ba19-b8e49c637ea2	chr3	59908219	60401049	2	1	1
56dcd313-6aca-40a2-ba19-b8e49c637ea2	chr3	60401097	60735667	1	1	0
56dcd313-6aca-40a2-ba19-b8e49c637ea2	chr3	60736045	60798654	0	0	0
56dcd313-6aca-40a2-ba19-b8e49c637ea2	chr3	60799583	61274343	1	1	0
56dcd313-6aca-40a2-ba19-b8e49c637ea2	chr3	61276475	175270348	2	1	1
56dcd313-6aca-40a2-ba19-b8e49c637ea2	chr3	175272975	175759881	1	1	0
56dcd313-6aca-40a2-ba19-b8e49c637ea2	chr3	175764012	177031649	2	1	1
56dcd313-6aca-40a2-ba19-b8e49c637ea2	chr3	177038640	177134704	1	1	0
56dcd313-6aca-40a2-ba19-b8e49c637ea2	chr3	177136268	198169247	2	1	1
56dcd313-6aca-40a2-ba19-b8e49c637ea2	chr4	68929	7317065	2	1	1
56dcd313-6aca-40a2-ba19-b8e49c637ea2	chr4	7317225	7327940	1	1	0
56dcd313-6aca-40a2-ba19-b8e49c637ea2	chr4	7331425	24046568	2	1	1
56dcd313-6aca-40a2-ba19-b8e49c637ea2	chr4	24047650	24069422	3	2	1
56dcd313-6aca-40a2-ba19-b8e49c637ea2	chr4	24069510	168579870	2	1	1
56dcd313-6aca-40a2-ba19-b8e49c637ea2	chr4	168580589	168623410	1	1	0
56dcd313-6aca-40a2-ba19-b8e49c637ea2	chr4	168623534	190106768	2	1	1
56dcd313-6aca-40a2-ba19-b8e49c637ea2	chr5	15532	59053085	2	1	1
56dcd313-6aca-40a2-ba19-b8e49c637ea2	chr5	59054389	59290261	1	1	0
56dcd313-6aca-40a2-ba19-b8e49c637ea2	chr5	59291858	60169157	2	1	1
56dcd313-6aca-40a2-ba19-b8e49c637ea2	chr5	60171984	60331748	0	0	0
56dcd313-6aca-40a2-ba19-b8e49c637ea2	chr5	60338349	93396363	2	1	1
56dcd313-6aca-40a2-ba19-b8e49c637ea2	chr5	93398765	134902373	1	1	0
56dcd313-6aca-40a2-ba19-b8e49c637ea2	chr5	134911165	181363319	2	1	1
56dcd313-6aca-40a2-ba19-b8e49c637ea2	chr6	149661	1907976	3	3	0
56dcd313-6aca-40a2-ba19-b8e49c637ea2	chr6	1909106	22567834	1	1	0
56dcd313-6aca-40a2-ba19-b8e49c637ea2	chr6	22568028	45003000	3	3	0
56dcd313-6aca-40a2-ba19-b8e49c637ea2	chr6	45003718	45206768	2	2	0
56dcd313-6aca-40a2-ba19-b8e49c637ea2	chr6	45208803	49007660	3	3	0
56dcd313-6aca-40a2-ba19-b8e49c637ea2	chr6	49008568	57401712	1	1	0
56dcd313-6aca-40a2-ba19-b8e49c637ea2	chr6	57421163	76726815	3	3	0
56dcd313-6aca-40a2-ba19-b8e49c637ea2	chr6	76730151	76772459	1	1	0
56dcd313-6aca-40a2-ba19-b8e49c637ea2	chr6	76772597	78224960	3	3	0
56dcd313-6aca-40a2-ba19-b8e49c637ea2	chr6	78225040	78331916	0	0	0
56dcd313-6aca-40a2-ba19-b8e49c637ea2	chr6	78332002	84226645	3	3	0
56dcd313-6aca-40a2-ba19-b8e49c637ea2	chr6	84228589	85279721	8	8	0
56dcd313-6aca-40a2-ba19-b8e49c637ea2	chr6	85286218	86942761	1	1	0
56dcd313-6aca-40a2-ba19-b8e49c637ea2	chr6	86942942	103286950	2	2	0
56dcd313-6aca-40a2-ba19-b8e49c637ea2	chr6	103286954	103314186	4	4	0
56dcd313-6aca-40a2-ba19-b8e49c637ea2	chr6	103317795	148102235	2	2	0
56dcd313-6aca-40a2-ba19-b8e49c637ea2	chr6	148102317	148151923	3	3	0
56dcd313-6aca-40a2-ba19-b8e49c637ea2	chr6	148152291	148155450	1	1	0
56dcd313-6aca-40a2-ba19-b8e49c637ea2	chr6	148155612	162243137	2	2	0
56dcd313-6aca-40a2-ba19-b8e49c637ea2	chr6	162243225	162732341	1	1	0
56dcd313-6aca-40a2-ba19-b8e49c637ea2	chr6	162734419	170741917	2	2	0
56dcd313-6aca-40a2-ba19-b8e49c637ea2	chr7	43259	31077205	4	3	1
56dcd313-6aca-40a2-ba19-b8e49c637ea2	chr7	31078119	31774837	3	3	0
56dcd313-6aca-40a2-ba19-b8e49c637ea2	chr7	31783267	51308874	4	3	1
56dcd313-6aca-40a2-ba19-b8e49c637ea2	chr7	51309229	53983808	5	4	1
56dcd313-6aca-40a2-ba19-b8e49c637ea2	chr7	53984172	57607585	4	3	1
56dcd313-6aca-40a2-ba19-b8e49c637ea2	chr7	57607633	63974899	3	2	1
56dcd313-6aca-40a2-ba19-b8e49c637ea2	chr7	63974918	99800547	2	1	1
56dcd313-6aca-40a2-ba19-b8e49c637ea2	chr7	99817782	100413147	1	1	0
56dcd313-6aca-40a2-ba19-b8e49c637ea2	chr7	100418193	127002867	2	1	1
56dcd313-6aca-40a2-ba19-b8e49c637ea2	chr7	127008002	127081143	1	1	0
56dcd313-6aca-40a2-ba19-b8e49c637ea2	chr7	127081767	137319697	2	1	1
56dcd313-6aca-40a2-ba19-b8e49c637ea2	chr7	137321061	137740025	3	2	1
56dcd313-6aca-40a2-ba19-b8e49c637ea2	chr7	137740457	159334314	2	1	1
56dcd313-6aca-40a2-ba19-b8e49c637ea2	chr8	81254	30245518	1	1	0
56dcd313-6aca-40a2-ba19-b8e49c637ea2	chr8	30245711	35970296	2	1	1
56dcd313-6aca-40a2-ba19-b8e49c637ea2	chr8	35973528	36098596	4	2	2
56dcd313-6aca-40a2-ba19-b8e49c637ea2	chr8	36098638	36628337	2	1	1
56dcd313-6aca-40a2-ba19-b8e49c637ea2	chr8	36629312	37124212	3	2	1
56dcd313-6aca-40a2-ba19-b8e49c637ea2	chr8	37126327	38428834	2	1	1
56dcd313-6aca-40a2-ba19-b8e49c637ea2	chr8	38430693	39429608	3	2	1
56dcd313-6aca-40a2-ba19-b8e49c637ea2	chr8	39430113	39529446	0	0	0
56dcd313-6aca-40a2-ba19-b8e49c637ea2	chr8	39530780	41562100	3	2	1
56dcd313-6aca-40a2-ba19-b8e49c637ea2	chr8	41568954	43925152	2	1	1
56dcd313-6aca-40a2-ba19-b8e49c637ea2	chr8	43928841	87684611	4	3	1
56dcd313-6aca-40a2-ba19-b8e49c637ea2	chr8	87684637	88089819	3	2	1
56dcd313-6aca-40a2-ba19-b8e49c637ea2	chr8	88093387	89189524	4	3	1
56dcd313-6aca-40a2-ba19-b8e49c637ea2	chr8	89190212	89386731	3	3	0
56dcd313-6aca-40a2-ba19-b8e49c637ea2	chr8	89392363	89658138	3	2	1
56dcd313-6aca-40a2-ba19-b8e49c637ea2	chr8	89659082	145072769	4	3	1
56dcd313-6aca-40a2-ba19-b8e49c637ea2	chr9	46587	1726699	2	1	1
56dcd313-6aca-40a2-ba19-b8e49c637ea2	chr9	1726775	1742582	1	1	0
56dcd313-6aca-40a2-ba19-b8e49c637ea2	chr9	1743056	23117289	2	1	1
56dcd313-6aca-40a2-ba19-b8e49c637ea2	chr9	23118262	23410598	1	1	0
56dcd313-6aca-40a2-ba19-b8e49c637ea2	chr9	23418574	138200944	2	1	1
56dcd313-6aca-40a2-ba19-b8e49c637ea2	chr10	45792	51177368	2	1	1
56dcd313-6aca-40a2-ba19-b8e49c637ea2	chr10	51178106	51606376	1	1	0
56dcd313-6aca-40a2-ba19-b8e49c637ea2	chr10	51606420	74231883	2	1	1
56dcd313-6aca-40a2-ba19-b8e49c637ea2	chr10	74236558	74502050	1	1	0
56dcd313-6aca-40a2-ba19-b8e49c637ea2	chr10	74507765	133654968	2	1	1
56dcd313-6aca-40a2-ba19-b8e49c637ea2	chr11	198510	69997924	2	1	1
56dcd313-6aca-40a2-ba19-b8e49c637ea2	chr11	69998007	70003258	1	1	0
56dcd313-6aca-40a2-ba19-b8e49c637ea2	chr11	70003328	135074876	2	1	1
56dcd313-6aca-40a2-ba19-b8e49c637ea2	chr12	51460	42782731	2	1	1
56dcd313-6aca-40a2-ba19-b8e49c637ea2	chr12	42787027	45638134	3	2	1
56dcd313-6aca-40a2-ba19-b8e49c637ea2	chr12	45640647	133201603	2	1	1
56dcd313-6aca-40a2-ba19-b8e49c637ea2	chr13	18452809	22050013	2	2	0
56dcd313-6aca-40a2-ba19-b8e49c637ea2	chr13	22050347	22124366	1	1	0
56dcd313-6aca-40a2-ba19-b8e49c637ea2	chr13	22129391	114342922	2	2	0
56dcd313-6aca-40a2-ba19-b8e49c637ea2	chr14	18239283	79521446	2	1	1
56dcd313-6aca-40a2-ba19-b8e49c637ea2	chr14	79521522	79777980	1	1	0
56dcd313-6aca-40a2-ba19-b8e49c637ea2	chr14	79780224	106877229	2	1	1
56dcd313-6aca-40a2-ba19-b8e49c637ea2	chr15	19811075	45943616	2	1	1
56dcd313-6aca-40a2-ba19-b8e49c637ea2	chr15	45943633	45950393	1	1	0
56dcd313-6aca-40a2-ba19-b8e49c637ea2	chr15	45950456	91464315	2	1	1
56dcd313-6aca-40a2-ba19-b8e49c637ea2	chr15	91464567	91635330	1	1	0
56dcd313-6aca-40a2-ba19-b8e49c637ea2	chr15	91638201	101928837	2	1	1
56dcd313-6aca-40a2-ba19-b8e49c637ea2	chr16	10777	6743932	2	1	1
56dcd313-6aca-40a2-ba19-b8e49c637ea2	chr16	6746803	6764458	1	1	0
56dcd313-6aca-40a2-ba19-b8e49c637ea2	chr16	6765337	7454847	2	1	1
56dcd313-6aca-40a2-ba19-b8e49c637ea2	chr16	7454852	7458782	1	1	0
56dcd313-6aca-40a2-ba19-b8e49c637ea2	chr16	7462847	78584034	2	1	1
56dcd313-6aca-40a2-ba19-b8e49c637ea2	chr16	78587476	78645636	1	1	0
56dcd313-6aca-40a2-ba19-b8e49c637ea2	chr16	78647689	82688932	2	1	1
56dcd313-6aca-40a2-ba19-b8e49c637ea2	chr16	82688950	83811183	1	1	0
56dcd313-6aca-40a2-ba19-b8e49c637ea2	chr16	83811664	90096867	2	1	1
56dcd313-6aca-40a2-ba19-b8e49c637ea2	chr17	150733	11651278	1	1	0
56dcd313-6aca-40a2-ba19-b8e49c637ea2	chr17	11666151	12145027	0	0	0
56dcd313-6aca-40a2-ba19-b8e49c637ea2	chr17	12145718	22194534	1	1	0
56dcd313-6aca-40a2-ba19-b8e49c637ea2	chr17	22195366	26943491	2	2	0
56dcd313-6aca-40a2-ba19-b8e49c637ea2	chr17	26943774	36700860	2	1	1
56dcd313-6aca-40a2-ba19-b8e49c637ea2	chr17	36700930	36725133	1	1	0
56dcd313-6aca-40a2-ba19-b8e49c637ea2	chr17	36725564	37549384	2	1	1
56dcd313-6aca-40a2-ba19-b8e49c637ea2	chr17	37550633	60686487	2	2	0
56dcd313-6aca-40a2-ba19-b8e49c637ea2	chr17	60689098	61091813	0	0	0
56dcd313-6aca-40a2-ba19-b8e49c637ea2	chr17	61094092	72402197	2	2	0
56dcd313-6aca-40a2-ba19-b8e49c637ea2	chr17	72404025	72552817	0	0	0
56dcd313-6aca-40a2-ba19-b8e49c637ea2	chr17	72558163	83091923	2	2	0
56dcd313-6aca-40a2-ba19-b8e49c637ea2	chr18	48133	24912085	1	1	0
56dcd313-6aca-40a2-ba19-b8e49c637ea2	chr18	24912401	28414312	0	0	0
56dcd313-6aca-40a2-ba19-b8e49c637ea2	chr18	28416403	80257174	1	1	0
56dcd313-6aca-40a2-ba19-b8e49c637ea2	chr19	90910	58586487	2	1	1
56dcd313-6aca-40a2-ba19-b8e49c637ea2	chr20	80664	6283946	3	2	1
56dcd313-6aca-40a2-ba19-b8e49c637ea2	chr20	6285213	8080207	4	3	1
56dcd313-6aca-40a2-ba19-b8e49c637ea2	chr20	8081410	14779398	3	2	1
56dcd313-6aca-40a2-ba19-b8e49c637ea2	chr20	14780815	15082568	1	1	0
56dcd313-6aca-40a2-ba19-b8e49c637ea2	chr20	15083268	15089403	2	1	1
56dcd313-6aca-40a2-ba19-b8e49c637ea2	chr20	15090053	15350176	3	2	1
56dcd313-6aca-40a2-ba19-b8e49c637ea2	chr20	15350225	15645894	2	2	0
56dcd313-6aca-40a2-ba19-b8e49c637ea2	chr20	15656595	64324800	3	2	1
56dcd313-6aca-40a2-ba19-b8e49c637ea2	chr21	12973348	46677045	2	1	1
56dcd313-6aca-40a2-ba19-b8e49c637ea2	chr22	16392123	50796027	2	1	1
56dcd313-6aca-40a2-ba19-b8e49c637ea2	chrX	251810	490407	1	1	0
56dcd313-6aca-40a2-ba19-b8e49c637ea2	chrX	507629	554401	3	3	0
56dcd313-6aca-40a2-ba19-b8e49c637ea2	chrX	554558	1420810	2	2	0
56dcd313-6aca-40a2-ba19-b8e49c637ea2	chrX	1420939	1478856	1	1	0
56dcd313-6aca-40a2-ba19-b8e49c637ea2	chrX	1479705	6793786	2	2	0
56dcd313-6aca-40a2-ba19-b8e49c637ea2	chrX	6795655	7320258	1	1	0
56dcd313-6aca-40a2-ba19-b8e49c637ea2	chrX	7321341	156004181	2	2	0
56dcd313-6aca-40a2-ba19-b8e49c637ea2	chrY	2782397	56872112	0	0	0
