GDC_Aliquot	Chromosome	Start	End	Copy_Number	Major_Copy_Number	Minor_Copy_Number
422fa025-16c8-482a-9691-8f97c7bde5ec	chr1	62920	30048724	4	2	2
422fa025-16c8-482a-9691-8f97c7bde5ec	chr1	30049453	30058066	2	1	1
422fa025-16c8-482a-9691-8f97c7bde5ec	chr1	30058192	248930189	4	2	2
422fa025-16c8-482a-9691-8f97c7bde5ec	chr2	12784	50279146	4	2	2
422fa025-16c8-482a-9691-8f97c7bde5ec	chr2	50279199	50303282	2	1	1
422fa025-16c8-482a-9691-8f97c7bde5ec	chr2	50303458	102482381	4	2	2
422fa025-16c8-482a-9691-8f97c7bde5ec	chr2	102482412	102487740	1	1	0
422fa025-16c8-482a-9691-8f97c7bde5ec	chr2	102487829	141490983	4	2	2
422fa025-16c8-482a-9691-8f97c7bde5ec	chr2	141491311	141576305	2	2	0
422fa025-16c8-482a-9691-8f97c7bde5ec	chr2	141576790	154079391	4	2	2
422fa025-16c8-482a-9691-8f97c7bde5ec	chr2	154080967	154412156	5	3	2
422fa025-16c8-482a-9691-8f97c7bde5ec	chr2	154415877	158536445	4	2	2
422fa025-16c8-482a-9691-8f97c7bde5ec	chr2	158536660	159108354	5	3	2
422fa025-16c8-482a-9691-8f97c7bde5ec	chr2	159108648	166647835	4	2	2
422fa025-16c8-482a-9691-8f97c7bde5ec	chr2	166649519	166710784	2	1	1
422fa025-16c8-482a-9691-8f97c7bde5ec	chr2	166710919	242147305	4	2	2
422fa025-16c8-482a-9691-8f97c7bde5ec	chr3	20930	15766280	4	2	2
422fa025-16c8-482a-9691-8f97c7bde5ec	chr3	15768802	16701204	3	2	1
422fa025-16c8-482a-9691-8f97c7bde5ec	chr3	16701233	21944976	4	2	2
422fa025-16c8-482a-9691-8f97c7bde5ec	chr3	21949340	21979237	2	1	1
422fa025-16c8-482a-9691-8f97c7bde5ec	chr3	21979633	45691023	4	2	2
422fa025-16c8-482a-9691-8f97c7bde5ec	chr3	45691938	45699406	2	1	1
422fa025-16c8-482a-9691-8f97c7bde5ec	chr3	45708230	60251119	4	2	2
422fa025-16c8-482a-9691-8f97c7bde5ec	chr3	60251249	60421077	1	1	0
422fa025-16c8-482a-9691-8f97c7bde5ec	chr3	60422614	60518527	3	2	1
422fa025-16c8-482a-9691-8f97c7bde5ec	chr3	60519271	60550936	2	2	0
422fa025-16c8-482a-9691-8f97c7bde5ec	chr3	60551037	60590476	3	2	1
422fa025-16c8-482a-9691-8f97c7bde5ec	chr3	60591036	60624851	2	2	0
422fa025-16c8-482a-9691-8f97c7bde5ec	chr3	60625583	60719457	4	2	2
422fa025-16c8-482a-9691-8f97c7bde5ec	chr3	60723255	60757246	1	1	0
422fa025-16c8-482a-9691-8f97c7bde5ec	chr3	60757325	146538692	4	2	2
422fa025-16c8-482a-9691-8f97c7bde5ec	chr3	146539520	146543154	1	1	0
422fa025-16c8-482a-9691-8f97c7bde5ec	chr3	146543248	198169247	4	2	2
422fa025-16c8-482a-9691-8f97c7bde5ec	chr4	68929	188876462	4	2	2
422fa025-16c8-482a-9691-8f97c7bde5ec	chr4	188877626	188886512	1	1	0
422fa025-16c8-482a-9691-8f97c7bde5ec	chr4	188888539	190106768	4	2	2
422fa025-16c8-482a-9691-8f97c7bde5ec	chr5	15532	9981436	4	2	2
422fa025-16c8-482a-9691-8f97c7bde5ec	chr5	9982419	9997519	1	1	0
422fa025-16c8-482a-9691-8f97c7bde5ec	chr5	9997673	41288150	4	2	2
422fa025-16c8-482a-9691-8f97c7bde5ec	chr5	41288200	42068172	3	2	1
422fa025-16c8-482a-9691-8f97c7bde5ec	chr5	42071605	90068502	4	2	2
422fa025-16c8-482a-9691-8f97c7bde5ec	chr5	90079262	90105601	3	2	1
422fa025-16c8-482a-9691-8f97c7bde5ec	chr5	90107083	107944679	4	2	2
422fa025-16c8-482a-9691-8f97c7bde5ec	chr5	107945920	107963219	7	4	3
422fa025-16c8-482a-9691-8f97c7bde5ec	chr5	107967319	167208543	4	2	2
422fa025-16c8-482a-9691-8f97c7bde5ec	chr5	167208626	167232128	2	1	1
422fa025-16c8-482a-9691-8f97c7bde5ec	chr5	167232823	181363319	4	2	2
422fa025-16c8-482a-9691-8f97c7bde5ec	chr6	149661	162050181	4	2	2
422fa025-16c8-482a-9691-8f97c7bde5ec	chr6	162053199	162301236	1	1	0
422fa025-16c8-482a-9691-8f97c7bde5ec	chr6	162303672	170741917	4	2	2
422fa025-16c8-482a-9691-8f97c7bde5ec	chr7	43259	11565763	5	3	2
422fa025-16c8-482a-9691-8f97c7bde5ec	chr7	11565881	85565359	6	3	3
422fa025-16c8-482a-9691-8f97c7bde5ec	chr7	85569985	95279856	5	3	2
422fa025-16c8-482a-9691-8f97c7bde5ec	chr7	95280183	95319259	7	4	3
422fa025-16c8-482a-9691-8f97c7bde5ec	chr7	95319314	108023764	6	3	3
422fa025-16c8-482a-9691-8f97c7bde5ec	chr7	108024342	108093368	8	4	4
422fa025-16c8-482a-9691-8f97c7bde5ec	chr7	108093548	109793741	6	3	3
422fa025-16c8-482a-9691-8f97c7bde5ec	chr7	109797035	109813853	0	0	0
422fa025-16c8-482a-9691-8f97c7bde5ec	chr7	109813925	154802196	5	3	2
422fa025-16c8-482a-9691-8f97c7bde5ec	chr7	154806231	154817083	2	1	1
422fa025-16c8-482a-9691-8f97c7bde5ec	chr7	154817347	159334314	5	3	2
422fa025-16c8-482a-9691-8f97c7bde5ec	chr8	81254	36933818	2	2	0
422fa025-16c8-482a-9691-8f97c7bde5ec	chr8	36936726	38310849	5	3	2
422fa025-16c8-482a-9691-8f97c7bde5ec	chr8	38313003	38598560	15	12	3
422fa025-16c8-482a-9691-8f97c7bde5ec	chr8	38599587	38977750	5	3	2
422fa025-16c8-482a-9691-8f97c7bde5ec	chr8	38977827	39295608	8	6	2
422fa025-16c8-482a-9691-8f97c7bde5ec	chr8	39298441	40310751	11	9	2
422fa025-16c8-482a-9691-8f97c7bde5ec	chr8	40314381	41903565	6	4	2
422fa025-16c8-482a-9691-8f97c7bde5ec	chr8	41904289	42800191	2	2	0
422fa025-16c8-482a-9691-8f97c7bde5ec	chr8	42800292	46613954	7	5	2
422fa025-16c8-482a-9691-8f97c7bde5ec	chr8	46615926	67631495	9	7	2
422fa025-16c8-482a-9691-8f97c7bde5ec	chr8	67631798	67637971	1	1	0
422fa025-16c8-482a-9691-8f97c7bde5ec	chr8	67644593	74173035	9	7	2
422fa025-16c8-482a-9691-8f97c7bde5ec	chr8	74174970	74200423	5	4	1
422fa025-16c8-482a-9691-8f97c7bde5ec	chr8	74200535	117039065	9	7	2
422fa025-16c8-482a-9691-8f97c7bde5ec	chr8	117041081	127556305	10	8	2
422fa025-16c8-482a-9691-8f97c7bde5ec	chr8	127556764	145072769	9	7	2
422fa025-16c8-482a-9691-8f97c7bde5ec	chr9	46587	25793615	4	2	2
422fa025-16c8-482a-9691-8f97c7bde5ec	chr9	25800531	26037976	2	1	1
422fa025-16c8-482a-9691-8f97c7bde5ec	chr9	26049350	78755547	4	2	2
422fa025-16c8-482a-9691-8f97c7bde5ec	chr9	78755639	78760777	2	1	1
422fa025-16c8-482a-9691-8f97c7bde5ec	chr9	78760992	138200944	4	2	2
422fa025-16c8-482a-9691-8f97c7bde5ec	chr10	45792	49093029	4	2	2
422fa025-16c8-482a-9691-8f97c7bde5ec	chr10	49093620	49109733	1	1	0
422fa025-16c8-482a-9691-8f97c7bde5ec	chr10	49110439	130146915	4	2	2
422fa025-16c8-482a-9691-8f97c7bde5ec	chr10	130147081	130165054	6	3	3
422fa025-16c8-482a-9691-8f97c7bde5ec	chr10	130168089	133473760	4	2	2
422fa025-16c8-482a-9691-8f97c7bde5ec	chr10	133473812	133654968	7	5	2
422fa025-16c8-482a-9691-8f97c7bde5ec	chr11	198510	2872708	4	2	2
422fa025-16c8-482a-9691-8f97c7bde5ec	chr11	2873222	3440411	2	2	0
422fa025-16c8-482a-9691-8f97c7bde5ec	chr11	3452995	7456447	4	2	2
422fa025-16c8-482a-9691-8f97c7bde5ec	chr11	7456809	7468209	9	5	4
422fa025-16c8-482a-9691-8f97c7bde5ec	chr11	7468588	69996715	4	2	2
422fa025-16c8-482a-9691-8f97c7bde5ec	chr11	69997744	70003258	1	1	0
422fa025-16c8-482a-9691-8f97c7bde5ec	chr11	70003328	80538689	4	2	2
422fa025-16c8-482a-9691-8f97c7bde5ec	chr11	80539974	80826293	1	1	0
422fa025-16c8-482a-9691-8f97c7bde5ec	chr11	80826533	80903734	5	3	2
422fa025-16c8-482a-9691-8f97c7bde5ec	chr11	80904623	80981498	2	2	0
422fa025-16c8-482a-9691-8f97c7bde5ec	chr11	80991406	81047140	4	2	2
422fa025-16c8-482a-9691-8f97c7bde5ec	chr11	81050182	81217766	1	1	0
422fa025-16c8-482a-9691-8f97c7bde5ec	chr11	81221699	93058934	4	2	2
422fa025-16c8-482a-9691-8f97c7bde5ec	chr11	93058949	93161281	3	2	1
422fa025-16c8-482a-9691-8f97c7bde5ec	chr11	93164464	131247102	4	2	2
422fa025-16c8-482a-9691-8f97c7bde5ec	chr11	131247199	131253037	7	4	3
422fa025-16c8-482a-9691-8f97c7bde5ec	chr11	131262803	135074876	4	2	2
422fa025-16c8-482a-9691-8f97c7bde5ec	chr12	51460	114643600	5	3	2
422fa025-16c8-482a-9691-8f97c7bde5ec	chr12	114649466	115810211	6	3	3
422fa025-16c8-482a-9691-8f97c7bde5ec	chr12	115810243	133201603	5	3	2
422fa025-16c8-482a-9691-8f97c7bde5ec	chr13	18452809	19304466	11	9	2
422fa025-16c8-482a-9691-8f97c7bde5ec	chr13	19306836	35576015	12	10	2
422fa025-16c8-482a-9691-8f97c7bde5ec	chr13	35579164	36108929	8	6	2
422fa025-16c8-482a-9691-8f97c7bde5ec	chr13	36109131	105931095	12	10	2
422fa025-16c8-482a-9691-8f97c7bde5ec	chr13	105931524	106793792	14	12	2
422fa025-16c8-482a-9691-8f97c7bde5ec	chr13	106793931	114342922	12	10	2
422fa025-16c8-482a-9691-8f97c7bde5ec	chr14	18239283	106877229	2	2	0
422fa025-16c8-482a-9691-8f97c7bde5ec	chr15	19811075	54845008	4	2	2
422fa025-16c8-482a-9691-8f97c7bde5ec	chr15	54845408	54858124	1	1	0
422fa025-16c8-482a-9691-8f97c7bde5ec	chr15	54858222	101928837	4	2	2
422fa025-16c8-482a-9691-8f97c7bde5ec	chr16	10777	36048855	5	3	2
422fa025-16c8-482a-9691-8f97c7bde5ec	chr16	46441986	55761136	4	2	2
422fa025-16c8-482a-9691-8f97c7bde5ec	chr16	55762477	55788532	0	0	0
422fa025-16c8-482a-9691-8f97c7bde5ec	chr16	55808442	78848543	4	2	2
422fa025-16c8-482a-9691-8f97c7bde5ec	chr16	78848753	78906370	2	2	0
422fa025-16c8-482a-9691-8f97c7bde5ec	chr16	78906507	80539127	5	3	2
422fa025-16c8-482a-9691-8f97c7bde5ec	chr16	80539314	90096867	4	2	2
422fa025-16c8-482a-9691-8f97c7bde5ec	chr17	150733	26943491	2	2	0
422fa025-16c8-482a-9691-8f97c7bde5ec	chr17	26943774	70803987	7	5	2
422fa025-16c8-482a-9691-8f97c7bde5ec	chr17	70804055	71267871	9	6	3
422fa025-16c8-482a-9691-8f97c7bde5ec	chr17	71268772	73629337	7	5	2
422fa025-16c8-482a-9691-8f97c7bde5ec	chr17	73629781	83091923	6	4	2
422fa025-16c8-482a-9691-8f97c7bde5ec	chr18	48133	4305968	4	2	2
422fa025-16c8-482a-9691-8f97c7bde5ec	chr18	4308100	5521808	3	2	1
422fa025-16c8-482a-9691-8f97c7bde5ec	chr18	5521935	6602285	4	2	2
422fa025-16c8-482a-9691-8f97c7bde5ec	chr18	6603955	6818151	3	2	1
422fa025-16c8-482a-9691-8f97c7bde5ec	chr18	6818627	76617704	4	2	2
422fa025-16c8-482a-9691-8f97c7bde5ec	chr18	76618715	76623290	2	1	1
422fa025-16c8-482a-9691-8f97c7bde5ec	chr18	76623397	80257174	4	2	2
422fa025-16c8-482a-9691-8f97c7bde5ec	chr19	90910	22554269	4	2	2
422fa025-16c8-482a-9691-8f97c7bde5ec	chr19	22554392	22588000	2	1	1
422fa025-16c8-482a-9691-8f97c7bde5ec	chr19	22589113	58586487	4	2	2
422fa025-16c8-482a-9691-8f97c7bde5ec	chr20	80664	21553296	5	3	2
422fa025-16c8-482a-9691-8f97c7bde5ec	chr20	21554332	21843554	9	7	2
422fa025-16c8-482a-9691-8f97c7bde5ec	chr20	21843644	23093581	9	5	4
422fa025-16c8-482a-9691-8f97c7bde5ec	chr20	23093738	33312969	11	8	3
422fa025-16c8-482a-9691-8f97c7bde5ec	chr20	33316866	33337811	4	3	1
422fa025-16c8-482a-9691-8f97c7bde5ec	chr20	33337979	51622006	10	7	3
422fa025-16c8-482a-9691-8f97c7bde5ec	chr20	51623216	52130172	8	4	4
422fa025-16c8-482a-9691-8f97c7bde5ec	chr20	52132531	55027488	13	10	3
422fa025-16c8-482a-9691-8f97c7bde5ec	chr20	55027828	55257542	9	5	4
422fa025-16c8-482a-9691-8f97c7bde5ec	chr20	55257762	55646667	11	8	3
422fa025-16c8-482a-9691-8f97c7bde5ec	chr20	55649005	55950158	7	4	3
422fa025-16c8-482a-9691-8f97c7bde5ec	chr20	55950936	64324800	13	10	3
422fa025-16c8-482a-9691-8f97c7bde5ec	chr21	12973348	46677045	4	2	2
422fa025-16c8-482a-9691-8f97c7bde5ec	chr22	16392123	32178696	4	2	2
422fa025-16c8-482a-9691-8f97c7bde5ec	chr22	32179162	32196133	1	1	0
422fa025-16c8-482a-9691-8f97c7bde5ec	chr22	32196403	50796027	4	2	2
422fa025-16c8-482a-9691-8f97c7bde5ec	chrX	251810	55441051	3	2	1
422fa025-16c8-482a-9691-8f97c7bde5ec	chrX	55441080	63640790	4	2	2
422fa025-16c8-482a-9691-8f97c7bde5ec	chrX	63643123	72137219	5	4	1
422fa025-16c8-482a-9691-8f97c7bde5ec	chrX	72137717	72161541	7	6	1
422fa025-16c8-482a-9691-8f97c7bde5ec	chrX	72161687	102020755	5	4	1
422fa025-16c8-482a-9691-8f97c7bde5ec	chrX	102021361	102030833	8	6	2
422fa025-16c8-482a-9691-8f97c7bde5ec	chrX	102030982	117085186	5	4	1
422fa025-16c8-482a-9691-8f97c7bde5ec	chrX	117088295	117452940	4	3	1
422fa025-16c8-482a-9691-8f97c7bde5ec	chrX	117455483	125105222	5	4	1
422fa025-16c8-482a-9691-8f97c7bde5ec	chrX	125105505	127951522	4	3	1
422fa025-16c8-482a-9691-8f97c7bde5ec	chrX	127951911	134998107	5	4	1
422fa025-16c8-482a-9691-8f97c7bde5ec	chrX	134998123	135087585	7	6	1
422fa025-16c8-482a-9691-8f97c7bde5ec	chrX	135087795	156004181	5	4	1
422fa025-16c8-482a-9691-8f97c7bde5ec	chrY	2782397	26653788	0	0	0
422fa025-16c8-482a-9691-8f97c7bde5ec	chrY	56872112	56872112	1	1	0
