GDC_Aliquot	Chromosome	Start	End	Num_Probes	Segment_Mean
c1627bec-7f00-4dd2-b430-123390367177	1	62920	86341	11	0.7654
c1627bec-7f00-4dd2-b430-123390367177	1	98588	10307151	5141	-0.0388
c1627bec-7f00-4dd2-b430-123390367177	1	10307286	10321730	21	-0.725
c1627bec-7f00-4dd2-b430-123390367177	1	10321821	16037445	3245	-0.03
c1627bec-7f00-4dd2-b430-123390367177	1	16041638	16052921	6	0.7858
c1627bec-7f00-4dd2-b430-123390367177	1	16063071	16494124	200	0.0006
c1627bec-7f00-4dd2-b430-123390367177	1	16504088	16679281	38	-0.369
c1627bec-7f00-4dd2-b430-123390367177	1	16679483	22170210	3525	-0.021
c1627bec-7f00-4dd2-b430-123390367177	1	22175223	22177779	3	-1.0741
c1627bec-7f00-4dd2-b430-123390367177	1	22180930	25301974	1827	-0.0126
c1627bec-7f00-4dd2-b430-123390367177	1	25318693	25336819	7	0.7599
c1627bec-7f00-4dd2-b430-123390367177	1	25336853	72280850	28703	-0.0184
c1627bec-7f00-4dd2-b430-123390367177	1	72280864	72357136	73	0.2261
c1627bec-7f00-4dd2-b430-123390367177	1	72357153	72549991	113	-0.0324
c1627bec-7f00-4dd2-b430-123390367177	1	72550689	72552840	2	1.3355
c1627bec-7f00-4dd2-b430-123390367177	1	72556765	105763866	21040	-0.0271
c1627bec-7f00-4dd2-b430-123390367177	1	105766516	105773232	7	-0.8064
c1627bec-7f00-4dd2-b430-123390367177	1	105778334	108951525	2073	-0.0233
c1627bec-7f00-4dd2-b430-123390367177	1	108954232	108966416	19	-0.7103
c1627bec-7f00-4dd2-b430-123390367177	1	108966674	110805407	1153	-0.0082
c1627bec-7f00-4dd2-b430-123390367177	1	110810668	110817923	9	-0.6121
c1627bec-7f00-4dd2-b430-123390367177	1	110820818	110833598	14	0.0475
c1627bec-7f00-4dd2-b430-123390367177	1	110834746	110845604	39	-0.487
c1627bec-7f00-4dd2-b430-123390367177	1	110849445	112153465	1077	-0.0289
c1627bec-7f00-4dd2-b430-123390367177	1	112153571	112154591	20	0.4035
c1627bec-7f00-4dd2-b430-123390367177	1	112154619	152583051	7599	-0.0145
c1627bec-7f00-4dd2-b430-123390367177	1	152583230	152614118	35	1.101
c1627bec-7f00-4dd2-b430-123390367177	1	152618018	152619477	9	0.0202
c1627bec-7f00-4dd2-b430-123390367177	1	152619503	152619944	5	-0.6782
c1627bec-7f00-4dd2-b430-123390367177	1	152620051	152784330	151	-0.0048
c1627bec-7f00-4dd2-b430-123390367177	1	152785214	152796224	39	-0.3876
c1627bec-7f00-4dd2-b430-123390367177	1	152801429	155219369	1343	-0.0065
c1627bec-7f00-4dd2-b430-123390367177	1	155219754	155231273	10	0.938
c1627bec-7f00-4dd2-b430-123390367177	1	155241876	174827267	13449	-0.0068
c1627bec-7f00-4dd2-b430-123390367177	1	174827418	174832996	22	-0.5045
c1627bec-7f00-4dd2-b430-123390367177	1	174833014	196745692	14624	-0.0061
c1627bec-7f00-4dd2-b430-123390367177	1	196745743	196832720	59	-0.4745
c1627bec-7f00-4dd2-b430-123390367177	1	196843377	248572774	35609	-0.0132
c1627bec-7f00-4dd2-b430-123390367177	1	248574146	248633912	33	-0.6351
c1627bec-7f00-4dd2-b430-123390367177	1	248645563	248930189	141	-0.0543
c1627bec-7f00-4dd2-b430-123390367177	2	12784	4158097	2987	-0.0328
c1627bec-7f00-4dd2-b430-123390367177	2	4166274	4176429	42	-0.612
c1627bec-7f00-4dd2-b430-123390367177	2	4182472	35356629	21614	-0.0178
c1627bec-7f00-4dd2-b430-123390367177	2	35356931	35390609	50	-0.8639
c1627bec-7f00-4dd2-b430-123390367177	2	35396850	52531652	12405	-0.0139
c1627bec-7f00-4dd2-b430-123390367177	2	52531677	52554404	30	0.4254
c1627bec-7f00-4dd2-b430-123390367177	2	52560811	87207015	21992	-0.0163
c1627bec-7f00-4dd2-b430-123390367177	2	87207066	87295819	30	-0.573
c1627bec-7f00-4dd2-b430-123390367177	2	87299357	100707884	3644	-0.0366
c1627bec-7f00-4dd2-b430-123390367177	2	100707920	101024937	252	-0.2839
c1627bec-7f00-4dd2-b430-123390367177	2	101026381	114628878	7875	-0.0133
c1627bec-7f00-4dd2-b430-123390367177	2	114629270	114645637	19	-0.7831
c1627bec-7f00-4dd2-b430-123390367177	2	114645655	130036283	9848	-0.0197
c1627bec-7f00-4dd2-b430-123390367177	2	130036310	130116915	13	-0.7297
c1627bec-7f00-4dd2-b430-123390367177	2	130117303	131458124	424	-0.0637
c1627bec-7f00-4dd2-b430-123390367177	2	131464435	131468795	3	-1.8945
c1627bec-7f00-4dd2-b430-123390367177	2	131472229	146106861	9089	-0.0235
c1627bec-7f00-4dd2-b430-123390367177	2	146106875	146109366	22	0.5892
c1627bec-7f00-4dd2-b430-123390367177	2	146120238	185117250	24047	-0.0145
c1627bec-7f00-4dd2-b430-123390367177	2	185118456	185953888	402	0.0808
c1627bec-7f00-4dd2-b430-123390367177	2	185954016	188259504	1256	-0.0146
c1627bec-7f00-4dd2-b430-123390367177	2	188262203	188264331	2	-2.1371
c1627bec-7f00-4dd2-b430-123390367177	2	188264452	188420530	54	-0.0421
c1627bec-7f00-4dd2-b430-123390367177	2	188422109	188423828	2	-1.3365
c1627bec-7f00-4dd2-b430-123390367177	2	188426618	202428289	8006	-0.0069
c1627bec-7f00-4dd2-b430-123390367177	2	202428368	202447478	42	-0.7183
c1627bec-7f00-4dd2-b430-123390367177	2	202448759	242147305	25195	-0.0173
c1627bec-7f00-4dd2-b430-123390367177	3	20930	822942	656	0.0244
c1627bec-7f00-4dd2-b430-123390367177	3	824254	825176	2	-1.6405
c1627bec-7f00-4dd2-b430-123390367177	3	825606	1875292	1013	0.011
c1627bec-7f00-4dd2-b430-123390367177	3	1876465	1881281	6	-1.2689
c1627bec-7f00-4dd2-b430-123390367177	3	1883380	27072782	18682	-0.0133
c1627bec-7f00-4dd2-b430-123390367177	3	27076956	27084106	20	-0.5456
c1627bec-7f00-4dd2-b430-123390367177	3	27084161	28598162	918	-0.0368
c1627bec-7f00-4dd2-b430-123390367177	3	28600794	28601434	2	-1.284
c1627bec-7f00-4dd2-b430-123390367177	3	28605965	36091859	5038	-0.0077
c1627bec-7f00-4dd2-b430-123390367177	3	36092975	36094217	3	-1.5277
c1627bec-7f00-4dd2-b430-123390367177	3	36094469	46008216	6330	-0.0114
c1627bec-7f00-4dd2-b430-123390367177	3	46008344	46010221	2	-2.5405
c1627bec-7f00-4dd2-b430-123390367177	3	46010251	46380554	229	-0.0476
c1627bec-7f00-4dd2-b430-123390367177	3	46380801	46380896	4	-0.84
c1627bec-7f00-4dd2-b430-123390367177	3	46381266	46751887	248	-0.0001
c1627bec-7f00-4dd2-b430-123390367177	3	46760327	46808099	40	-2.2888
c1627bec-7f00-4dd2-b430-123390367177	3	46817989	130067443	49195	-0.0162
c1627bec-7f00-4dd2-b430-123390367177	3	130067531	130079938	25	0.5453
c1627bec-7f00-4dd2-b430-123390367177	3	130080170	154775592	15390	-0.0153
c1627bec-7f00-4dd2-b430-123390367177	3	154777163	154778164	5	-1.6563
c1627bec-7f00-4dd2-b430-123390367177	3	154778302	162795304	4858	-0.0166
c1627bec-7f00-4dd2-b430-123390367177	3	162795361	162879345	47	0.6647
c1627bec-7f00-4dd2-b430-123390367177	3	162879443	162996729	92	0.0572
c1627bec-7f00-4dd2-b430-123390367177	3	162999939	163001774	2	-2.3603
c1627bec-7f00-4dd2-b430-123390367177	3	163008371	163421963	240	-0.044
c1627bec-7f00-4dd2-b430-123390367177	3	163438181	165331163	1007	-0.2464
c1627bec-7f00-4dd2-b430-123390367177	3	165333407	175399860	6374	-0.0059
c1627bec-7f00-4dd2-b430-123390367177	3	175400322	175729683	220	0.147
c1627bec-7f00-4dd2-b430-123390367177	3	175731038	193160173	11240	-0.0131
c1627bec-7f00-4dd2-b430-123390367177	3	193160256	193165114	18	1.1912
c1627bec-7f00-4dd2-b430-123390367177	3	193168646	195559056	1483	-0.0127
c1627bec-7f00-4dd2-b430-123390367177	3	195656271	195747892	44	-0.6707
c1627bec-7f00-4dd2-b430-123390367177	3	195751823	195973611	81	0.0026
c1627bec-7f00-4dd2-b430-123390367177	3	195974244	195982791	4	-1.1685
c1627bec-7f00-4dd2-b430-123390367177	3	195991894	198169247	1079	-0.0112
c1627bec-7f00-4dd2-b430-123390367177	4	68929	8722817	5091	-0.0266
c1627bec-7f00-4dd2-b430-123390367177	4	9370577	9455251	59	0.6358
c1627bec-7f00-4dd2-b430-123390367177	4	9459504	9477560	5	-1.431
c1627bec-7f00-4dd2-b430-123390367177	4	9477699	9858352	162	-0.0716
c1627bec-7f00-4dd2-b430-123390367177	4	9862603	9863418	2	1.4043
c1627bec-7f00-4dd2-b430-123390367177	4	9865878	10208766	373	-0.0389
c1627bec-7f00-4dd2-b430-123390367177	4	10221792	10229874	28	-1.6216
c1627bec-7f00-4dd2-b430-123390367177	4	10232590	10243331	15	-0.4859
c1627bec-7f00-4dd2-b430-123390367177	4	10244274	20558970	7577	-0.0222
c1627bec-7f00-4dd2-b430-123390367177	4	20559065	20566943	38	-0.7703
c1627bec-7f00-4dd2-b430-123390367177	4	20567066	48088584	17692	-0.0217
c1627bec-7f00-4dd2-b430-123390367177	4	48089206	49214614	645	0.0667
c1627bec-7f00-4dd2-b430-123390367177	4	49289175	49588316	10	-1.202
c1627bec-7f00-4dd2-b430-123390367177	4	49588585	68352434	10442	-0.0255
c1627bec-7f00-4dd2-b430-123390367177	4	68354665	68878709	192	0.3222
c1627bec-7f00-4dd2-b430-123390367177	4	68880076	69257792	213	0.0385
c1627bec-7f00-4dd2-b430-123390367177	4	69261926	69366304	55	-0.7022
c1627bec-7f00-4dd2-b430-123390367177	4	69366406	114252544	27303	-0.0202
c1627bec-7f00-4dd2-b430-123390367177	4	114254167	114261019	23	0.6509
c1627bec-7f00-4dd2-b430-123390367177	4	114263073	155664314	24516	-0.0203
c1627bec-7f00-4dd2-b430-123390367177	4	155672936	155676843	16	-0.79
c1627bec-7f00-4dd2-b430-123390367177	4	155680783	155958067	234	-0.013
c1627bec-7f00-4dd2-b430-123390367177	4	155958172	155959563	14	-0.5534
c1627bec-7f00-4dd2-b430-123390367177	4	155959729	160939779	3128	-0.0113
c1627bec-7f00-4dd2-b430-123390367177	4	160942741	160942976	2	-1.1861
c1627bec-7f00-4dd2-b430-123390367177	4	160943196	160958989	25	0.0527
c1627bec-7f00-4dd2-b430-123390367177	4	160959045	160963756	18	-0.5925
c1627bec-7f00-4dd2-b430-123390367177	4	160963767	171448195	6664	-0.0153
c1627bec-7f00-4dd2-b430-123390367177	4	171453733	171456559	10	1.1567
c1627bec-7f00-4dd2-b430-123390367177	4	171456573	172066777	399	-0.0227
c1627bec-7f00-4dd2-b430-123390367177	4	172067997	172068382	12	-1.7593
c1627bec-7f00-4dd2-b430-123390367177	4	172074828	177127866	2943	-0.0316
c1627bec-7f00-4dd2-b430-123390367177	4	177131837	177135695	5	-0.8896
c1627bec-7f00-4dd2-b430-123390367177	4	177139252	180209402	2163	-0.0222
c1627bec-7f00-4dd2-b430-123390367177	4	180215918	180225002	10	-0.8796
c1627bec-7f00-4dd2-b430-123390367177	4	180225071	185690397	3997	-0.0251
c1627bec-7f00-4dd2-b430-123390367177	4	185690509	185691436	3	-1.5502
c1627bec-7f00-4dd2-b430-123390367177	4	185691578	188299749	1801	0.0016
c1627bec-7f00-4dd2-b430-123390367177	4	188300076	188300104	2	-1.1201
c1627bec-7f00-4dd2-b430-123390367177	4	188300206	188300285	4	1.5022
c1627bec-7f00-4dd2-b430-123390367177	4	188301659	190106768	1141	-0.0049
c1627bec-7f00-4dd2-b430-123390367177	5	15532	46191782	30621	-0.0211
c1627bec-7f00-4dd2-b430-123390367177	5	46195781	46199333	4	-1.5185
c1627bec-7f00-4dd2-b430-123390367177	5	46209197	46251204	13	0.1699
c1627bec-7f00-4dd2-b430-123390367177	5	46270906	46273400	8	0.8503
c1627bec-7f00-4dd2-b430-123390367177	5	46278110	82122944	19295	-0.0157
c1627bec-7f00-4dd2-b430-123390367177	5	82123459	82123471	2	-2.1417
c1627bec-7f00-4dd2-b430-123390367177	5	82131663	181363319	62834	-0.0197
c1627bec-7f00-4dd2-b430-123390367177	6	149661	294837	123	-0.0683
c1627bec-7f00-4dd2-b430-123390367177	6	302306	384546	83	-0.3256
c1627bec-7f00-4dd2-b430-123390367177	6	385687	29869295	21422	-0.0201
c1627bec-7f00-4dd2-b430-123390367177	6	29869410	29881490	16	-1.1543
c1627bec-7f00-4dd2-b430-123390367177	6	29882419	32463775	1168	-0.0477
c1627bec-7f00-4dd2-b430-123390367177	6	32481273	32486746	5	-1.159
c1627bec-7f00-4dd2-b430-123390367177	6	32488906	32559507	19	-0.0656
c1627bec-7f00-4dd2-b430-123390367177	6	32562367	32605994	10	-0.751
c1627bec-7f00-4dd2-b430-123390367177	6	32606237	33970222	832	-0.0231
c1627bec-7f00-4dd2-b430-123390367177	6	33970966	33974928	7	-1.1431
c1627bec-7f00-4dd2-b430-123390367177	6	33976809	54066477	12882	-0.0108
c1627bec-7f00-4dd2-b430-123390367177	6	54066582	54067057	4	1.7779
c1627bec-7f00-4dd2-b430-123390367177	6	54070550	78262451	13164	-0.0174
c1627bec-7f00-4dd2-b430-123390367177	6	78262749	78336944	111	0.2679
c1627bec-7f00-4dd2-b430-123390367177	6	78341897	92864624	9214	-0.0171
c1627bec-7f00-4dd2-b430-123390367177	6	92866148	92868912	31	-0.8617
c1627bec-7f00-4dd2-b430-123390367177	6	92873205	93761296	639	-0.0306
c1627bec-7f00-4dd2-b430-123390367177	6	93761322	94970302	785	0.0859
c1627bec-7f00-4dd2-b430-123390367177	6	95386776	103286954	4784	-0.0211
c1627bec-7f00-4dd2-b430-123390367177	6	103290101	103317795	47	0.5014
c1627bec-7f00-4dd2-b430-123390367177	6	103317836	170741917	44131	-0.0193
c1627bec-7f00-4dd2-b430-123390367177	7	43355	54305455	38460	0.1952
c1627bec-7f00-4dd2-b430-123390367177	7	54318812	54318824	6	1.9521
c1627bec-7f00-4dd2-b430-123390367177	7	54325795	56740072	1577	0.1943
c1627bec-7f00-4dd2-b430-123390367177	7	56740418	56899337	35	-0.1318
c1627bec-7f00-4dd2-b430-123390367177	7	56908389	65371569	1503	0.1268
c1627bec-7f00-4dd2-b430-123390367177	7	65371617	65383207	10	-0.1949
c1627bec-7f00-4dd2-b430-123390367177	7	65389815	67225584	625	0.1866
c1627bec-7f00-4dd2-b430-123390367177	7	67230121	67233947	2	-1.564
c1627bec-7f00-4dd2-b430-123390367177	7	67234797	70955452	2372	0.1755
c1627bec-7f00-4dd2-b430-123390367177	7	70958264	70961155	2	1.9537
c1627bec-7f00-4dd2-b430-123390367177	7	70963257	88604439	9784	0.1861
c1627bec-7f00-4dd2-b430-123390367177	7	88606729	90617885	1336	0.2512
c1627bec-7f00-4dd2-b430-123390367177	7	90620140	108157173	10085	0.1882
c1627bec-7f00-4dd2-b430-123390367177	7	108157243	108198323	48	0.451
c1627bec-7f00-4dd2-b430-123390367177	7	108198875	126405502	11105	0.1949
c1627bec-7f00-4dd2-b430-123390367177	7	126405597	126406561	10	-0.8093
c1627bec-7f00-4dd2-b430-123390367177	7	126406822	134100424	4697	0.1836
c1627bec-7f00-4dd2-b430-123390367177	7	134100442	134113314	30	-1.5586
c1627bec-7f00-4dd2-b430-123390367177	7	134113356	136760995	1846	0.1795
c1627bec-7f00-4dd2-b430-123390367177	7	136763089	136772391	6	-0.6448
c1627bec-7f00-4dd2-b430-123390367177	7	136773403	142070260	3346	0.1866
c1627bec-7f00-4dd2-b430-123390367177	7	142070569	142070732	3	-1.1707
c1627bec-7f00-4dd2-b430-123390367177	7	142070827	144176859	1227	0.1825
c1627bec-7f00-4dd2-b430-123390367177	7	144199159	144336758	14	-0.7576
c1627bec-7f00-4dd2-b430-123390367177	7	144343967	154636288	6439	0.1788
c1627bec-7f00-4dd2-b430-123390367177	7	154636466	154636708	2	-1.5138
c1627bec-7f00-4dd2-b430-123390367177	7	154637850	159334314	3199	0.1839
c1627bec-7f00-4dd2-b430-123390367177	8	81254	4239997	3907	-0.2653
c1627bec-7f00-4dd2-b430-123390367177	8	4241072	4244036	11	-1.0846
c1627bec-7f00-4dd2-b430-123390367177	8	4244343	7056566	3749	-0.2495
c1627bec-7f00-4dd2-b430-123390367177	8	7057124	7455757	72	-0.9179
c1627bec-7f00-4dd2-b430-123390367177	8	7457047	7598502	9	-0.4296
c1627bec-7f00-4dd2-b430-123390367177	8	7775900	8132772	26	0.3388
c1627bec-7f00-4dd2-b430-123390367177	8	8139659	12374772	3229	-0.2589
c1627bec-7f00-4dd2-b430-123390367177	8	12374907	12454103	28	-0.7491
c1627bec-7f00-4dd2-b430-123390367177	8	12470324	23745516	9422	-0.2578
c1627bec-7f00-4dd2-b430-123390367177	8	23746166	23746918	2	-1.8892
c1627bec-7f00-4dd2-b430-123390367177	8	23747075	25117007	975	-0.2479
c1627bec-7f00-4dd2-b430-123390367177	8	25117062	25126818	24	0.4001
c1627bec-7f00-4dd2-b430-123390367177	8	25133589	32828250	5428	-0.2655
c1627bec-7f00-4dd2-b430-123390367177	8	32829101	32830895	4	1.8622
c1627bec-7f00-4dd2-b430-123390367177	8	32834588	36449925	1997	-0.2577
c1627bec-7f00-4dd2-b430-123390367177	8	36455210	36505639	32	-0.7208
c1627bec-7f00-4dd2-b430-123390367177	8	36506091	39393968	1549	-0.2531
c1627bec-7f00-4dd2-b430-123390367177	8	39398542	39529446	53	-0.6312
c1627bec-7f00-4dd2-b430-123390367177	8	39530780	41723089	1566	-0.2638
c1627bec-7f00-4dd2-b430-123390367177	8	41727713	41774412	43	1.1027
c1627bec-7f00-4dd2-b430-123390367177	8	41774494	54296370	5645	0.4841
c1627bec-7f00-4dd2-b430-123390367177	8	54296488	54298328	6	-0.6597
c1627bec-7f00-4dd2-b430-123390367177	8	54298558	59317134	3464	0.4827
c1627bec-7f00-4dd2-b430-123390367177	8	59322615	59322719	2	-0.9376
c1627bec-7f00-4dd2-b430-123390367177	8	59326335	62121701	1809	0.5108
c1627bec-7f00-4dd2-b430-123390367177	8	62122706	62127142	2	-0.8756
c1627bec-7f00-4dd2-b430-123390367177	8	62127192	67635325	2991	0.489
c1627bec-7f00-4dd2-b430-123390367177	8	67635382	67636342	12	0.0054
c1627bec-7f00-4dd2-b430-123390367177	8	67636412	70742000	2009	0.4845
c1627bec-7f00-4dd2-b430-123390367177	8	70742264	82062544	7021	0.3943
c1627bec-7f00-4dd2-b430-123390367177	8	82064007	82065763	2	-1.134
c1627bec-7f00-4dd2-b430-123390367177	8	82074103	85627292	1988	0.372
c1627bec-7f00-4dd2-b430-123390367177	8	85627455	85645184	10	-0.4192
c1627bec-7f00-4dd2-b430-123390367177	8	85828731	100829984	8988	0.3855
c1627bec-7f00-4dd2-b430-123390367177	8	100831079	100833741	2	-1.3877
c1627bec-7f00-4dd2-b430-123390367177	8	100837984	101608462	581	0.4006
c1627bec-7f00-4dd2-b430-123390367177	8	101608476	101613442	7	-0.5414
c1627bec-7f00-4dd2-b430-123390367177	8	101613484	102040149	319	0.4344
c1627bec-7f00-4dd2-b430-123390367177	8	102040655	102040911	4	1.1522
c1627bec-7f00-4dd2-b430-123390367177	8	102041063	106840278	2877	0.3873
c1627bec-7f00-4dd2-b430-123390367177	8	106846291	106850534	21	0.0023
c1627bec-7f00-4dd2-b430-123390367177	8	106850573	142049218	24408	0.3878
c1627bec-7f00-4dd2-b430-123390367177	8	142049377	142074624	15	-0.1251
c1627bec-7f00-4dd2-b430-123390367177	8	142075216	145072769	1113	0.3608
c1627bec-7f00-4dd2-b430-123390367177	9	46587	512080	392	0.0744
c1627bec-7f00-4dd2-b430-123390367177	9	517715	526772	12	-0.7785
c1627bec-7f00-4dd2-b430-123390367177	9	526887	602903	103	0.0969
c1627bec-7f00-4dd2-b430-123390367177	9	606699	606893	3	-2.3625
c1627bec-7f00-4dd2-b430-123390367177	9	606961	8707144	7843	0.0808
c1627bec-7f00-4dd2-b430-123390367177	9	8708188	8712365	4	-1.2123
c1627bec-7f00-4dd2-b430-123390367177	9	8712601	10744780	1956	0.1075
c1627bec-7f00-4dd2-b430-123390367177	9	10745187	10748798	5	-0.7616
c1627bec-7f00-4dd2-b430-123390367177	9	10749355	11084015	223	0.0483
c1627bec-7f00-4dd2-b430-123390367177	9	11085099	12609706	1177	0.1635
c1627bec-7f00-4dd2-b430-123390367177	9	12610410	15156134	2063	0.0773
c1627bec-7f00-4dd2-b430-123390367177	9	15158905	15159423	4	-0.819
c1627bec-7f00-4dd2-b430-123390367177	9	15159851	17087420	1692	0.0702
c1627bec-7f00-4dd2-b430-123390367177	9	17087621	18057066	830	0.0055
c1627bec-7f00-4dd2-b430-123390367177	9	18057103	23361807	4090	0.0795
c1627bec-7f00-4dd2-b430-123390367177	9	23363117	23373486	8	0.795
c1627bec-7f00-4dd2-b430-123390367177	9	23378490	39272359	10705	0.0824
c1627bec-7f00-4dd2-b430-123390367177	9	39313823	39455364	5	-0.7755
c1627bec-7f00-4dd2-b430-123390367177	9	39455596	39547492	24	0.5661
c1627bec-7f00-4dd2-b430-123390367177	9	39588611	41324519	66	-0.0134
c1627bec-7f00-4dd2-b430-123390367177	9	41324592	41571860	25	-0.5376
c1627bec-7f00-4dd2-b430-123390367177	9	41635766	63580418	176	0.1153
c1627bec-7f00-4dd2-b430-123390367177	9	63590317	63592813	7	1.0618
c1627bec-7f00-4dd2-b430-123390367177	9	63614182	67651028	114	0.0879
c1627bec-7f00-4dd2-b430-123390367177	9	67720642	68406745	26	-0.2543
c1627bec-7f00-4dd2-b430-123390367177	9	68407113	87907679	14184	0.0773
c1627bec-7f00-4dd2-b430-123390367177	9	87939236	87939304	2	-1.7387
c1627bec-7f00-4dd2-b430-123390367177	9	87943042	92163319	3032	0.0748
c1627bec-7f00-4dd2-b430-123390367177	9	92163398	92164905	2	-1.2577
c1627bec-7f00-4dd2-b430-123390367177	9	92164980	103804216	7547	0.0797
c1627bec-7f00-4dd2-b430-123390367177	9	103806415	103807009	2	-3.2395
c1627bec-7f00-4dd2-b430-123390367177	9	103808421	135319522	21979	0.0794
c1627bec-7f00-4dd2-b430-123390367177	9	135322259	135401795	68	-0.2146
c1627bec-7f00-4dd2-b430-123390367177	9	135402232	137358495	631	0.0518
c1627bec-7f00-4dd2-b430-123390367177	9	137361190	137361381	3	1.3383
c1627bec-7f00-4dd2-b430-123390367177	9	137378551	138117912	383	0.0839
c1627bec-7f00-4dd2-b430-123390367177	9	138117932	138138491	13	-0.4633
c1627bec-7f00-4dd2-b430-123390367177	9	138138696	138200944	11	0.1794
c1627bec-7f00-4dd2-b430-123390367177	10	45792	4394981	3766	-0.0163
c1627bec-7f00-4dd2-b430-123390367177	10	4396937	4397494	6	-1.1163
c1627bec-7f00-4dd2-b430-123390367177	10	4401637	25306444	16224	-0.0197
c1627bec-7f00-4dd2-b430-123390367177	10	25308379	25311279	2	-2.1715
c1627bec-7f00-4dd2-b430-123390367177	10	25312104	30957581	4194	-0.0149
c1627bec-7f00-4dd2-b430-123390367177	10	30962405	30962850	11	0.5636
c1627bec-7f00-4dd2-b430-123390367177	10	30962893	45798061	7190	-0.0242
c1627bec-7f00-4dd2-b430-123390367177	10	45798171	46657149	283	-0.1858
c1627bec-7f00-4dd2-b430-123390367177	10	46693480	56107841	6122	-0.0121
c1627bec-7f00-4dd2-b430-123390367177	10	56111995	56113194	2	-2.3548
c1627bec-7f00-4dd2-b430-123390367177	10	56115394	56753095	415	-0.0092
c1627bec-7f00-4dd2-b430-123390367177	10	56756615	56767077	41	-0.7235
c1627bec-7f00-4dd2-b430-123390367177	10	56772992	66275423	6721	-0.0099
c1627bec-7f00-4dd2-b430-123390367177	10	66276133	67513170	832	0.0519
c1627bec-7f00-4dd2-b430-123390367177	10	67513285	114572253	30898	-0.0222
c1627bec-7f00-4dd2-b430-123390367177	10	114572547	114573309	2	-1.6128
c1627bec-7f00-4dd2-b430-123390367177	10	114573652	120116209	3749	-0.0245
c1627bec-7f00-4dd2-b430-123390367177	10	120117970	120139779	24	-0.5202
c1627bec-7f00-4dd2-b430-123390367177	10	120140865	122574497	2192	-0.0156
c1627bec-7f00-4dd2-b430-123390367177	10	122584593	122591497	6	-0.8529
c1627bec-7f00-4dd2-b430-123390367177	10	122597296	130530798	5957	-0.0213
c1627bec-7f00-4dd2-b430-123390367177	10	130530904	133038543	1678	-0.0779
c1627bec-7f00-4dd2-b430-123390367177	10	133054949	133654968	256	-0.0054
c1627bec-7f00-4dd2-b430-123390367177	11	198510	4946021	2413	-0.0263
c1627bec-7f00-4dd2-b430-123390367177	11	4946166	4955027	31	1.1592
c1627bec-7f00-4dd2-b430-123390367177	11	4955042	89741663	51895	-0.0161
c1627bec-7f00-4dd2-b430-123390367177	11	89754781	89796439	5	-1.3525
c1627bec-7f00-4dd2-b430-123390367177	11	89802300	90833345	561	-0.0231
c1627bec-7f00-4dd2-b430-123390367177	11	90835019	90837870	4	-3.1038
c1627bec-7f00-4dd2-b430-123390367177	11	90838996	90848544	7	-0.3881
c1627bec-7f00-4dd2-b430-123390367177	11	90848747	93061643	1601	-0.0262
c1627bec-7f00-4dd2-b430-123390367177	11	93061974	93520145	313	0.0662
c1627bec-7f00-4dd2-b430-123390367177	11	93520737	93964792	333	-0.0194
c1627bec-7f00-4dd2-b430-123390367177	11	93964894	93968422	8	-4.8668
c1627bec-7f00-4dd2-b430-123390367177	11	93971294	107359993	9658	-0.0204
c1627bec-7f00-4dd2-b430-123390367177	11	107367930	107368402	7	1.3084
c1627bec-7f00-4dd2-b430-123390367177	11	107381636	135074876	19903	-0.0256
c1627bec-7f00-4dd2-b430-123390367177	12	51460	1591785	899	-0.0083
c1627bec-7f00-4dd2-b430-123390367177	12	1600063	1600655	2	-1.5292
c1627bec-7f00-4dd2-b430-123390367177	12	1602453	8404097	4691	-0.0214
c1627bec-7f00-4dd2-b430-123390367177	12	8405892	8423870	15	0.7723
c1627bec-7f00-4dd2-b430-123390367177	12	8428232	9477960	562	-0.046
c1627bec-7f00-4dd2-b430-123390367177	12	9481274	9575696	24	-1.4739
c1627bec-7f00-4dd2-b430-123390367177	12	9582373	11351041	1177	-0.0051
c1627bec-7f00-4dd2-b430-123390367177	12	11351157	11390472	31	-0.7378
c1627bec-7f00-4dd2-b430-123390367177	12	11399258	15535089	3086	-0.0082
c1627bec-7f00-4dd2-b430-123390367177	12	15536484	15536629	2	-1.3463
c1627bec-7f00-4dd2-b430-123390367177	12	15537017	27494808	8093	-0.0191
c1627bec-7f00-4dd2-b430-123390367177	12	27494925	27498429	27	-0.8105
c1627bec-7f00-4dd2-b430-123390367177	12	27504228	33233822	4220	-0.0185
c1627bec-7f00-4dd2-b430-123390367177	12	33235894	33242207	4	-3.3146
c1627bec-7f00-4dd2-b430-123390367177	12	33242483	33926681	453	0.0529
c1627bec-7f00-4dd2-b430-123390367177	12	33936291	37792947	365	-0.1318
c1627bec-7f00-4dd2-b430-123390367177	12	37813240	40435353	1433	-0.0154
c1627bec-7f00-4dd2-b430-123390367177	12	40436117	40436126	2	-1.5423
c1627bec-7f00-4dd2-b430-123390367177	12	40436781	45506042	3276	-0.0137
c1627bec-7f00-4dd2-b430-123390367177	12	45510655	45515754	4	1.4112
c1627bec-7f00-4dd2-b430-123390367177	12	45519509	133201603	56385	-0.02
c1627bec-7f00-4dd2-b430-123390367177	13	18452809	18833025	88	-0.1368
c1627bec-7f00-4dd2-b430-123390367177	13	18833965	18835707	4	-1.3692
c1627bec-7f00-4dd2-b430-123390367177	13	18842946	57184136	25911	-0.0037
c1627bec-7f00-4dd2-b430-123390367177	13	57184155	57204246	33	-2.2316
c1627bec-7f00-4dd2-b430-123390367177	13	57215580	63520147	3718	0.0085
c1627bec-7f00-4dd2-b430-123390367177	13	63520379	64363350	492	0.1105
c1627bec-7f00-4dd2-b430-123390367177	13	64372045	104860535	27068	0.028
c1627bec-7f00-4dd2-b430-123390367177	13	104860593	105755688	708	0.1006
c1627bec-7f00-4dd2-b430-123390367177	13	105756209	105758919	2	-1.4509
c1627bec-7f00-4dd2-b430-123390367177	13	105759032	106885791	921	0.0779
c1627bec-7f00-4dd2-b430-123390367177	13	106885934	114342922	5157	0.0247
c1627bec-7f00-4dd2-b430-123390367177	14	18239283	18693043	25	-0.1886
c1627bec-7f00-4dd2-b430-123390367177	14	18950560	19955213	142	-0.5201
c1627bec-7f00-4dd2-b430-123390367177	14	19956767	20697320	565	-0.0012
c1627bec-7f00-4dd2-b430-123390367177	14	20698068	20707933	6	-0.8653
c1627bec-7f00-4dd2-b430-123390367177	14	20710239	20888988	143	-0.0178
c1627bec-7f00-4dd2-b430-123390367177	14	20893877	20952929	24	-0.8514
c1627bec-7f00-4dd2-b430-123390367177	14	20956559	22623202	1221	-0.029
c1627bec-7f00-4dd2-b430-123390367177	14	22625942	22630225	6	-0.9048
c1627bec-7f00-4dd2-b430-123390367177	14	22630304	23213490	288	-0.0255
c1627bec-7f00-4dd2-b430-123390367177	14	23213679	23214077	2	-1.507
c1627bec-7f00-4dd2-b430-123390367177	14	23216504	47227057	14869	-0.0097
c1627bec-7f00-4dd2-b430-123390367177	14	47238133	47247780	8	-0.7989
c1627bec-7f00-4dd2-b430-123390367177	14	47248244	61361403	9083	-0.0187
c1627bec-7f00-4dd2-b430-123390367177	14	61365142	61372660	6	-0.8572
c1627bec-7f00-4dd2-b430-123390367177	14	61377031	69551330	5190	-0.0114
c1627bec-7f00-4dd2-b430-123390367177	14	69551651	69561830	12	-0.6338
c1627bec-7f00-4dd2-b430-123390367177	14	69566109	105533894	23236	-0.0188
c1627bec-7f00-4dd2-b430-123390367177	14	105537192	106321086	233	-0.1311
c1627bec-7f00-4dd2-b430-123390367177	14	106340102	106364815	10	-0.8497
c1627bec-7f00-4dd2-b430-123390367177	14	106365807	106396870	20	-0.025
c1627bec-7f00-4dd2-b430-123390367177	14	106403147	106418444	8	-0.7431
c1627bec-7f00-4dd2-b430-123390367177	14	106423925	106877229	243	-0.0221
c1627bec-7f00-4dd2-b430-123390367177	15	19811075	20376202	93	-0.0693
c1627bec-7f00-4dd2-b430-123390367177	15	20376309	20380735	3	0.4857
c1627bec-7f00-4dd2-b430-123390367177	15	20380837	20384907	12	1.1732
c1627bec-7f00-4dd2-b430-123390367177	15	20385137	20441322	23	0.5402
c1627bec-7f00-4dd2-b430-123390367177	15	20441432	21053458	28	-0.1595
c1627bec-7f00-4dd2-b430-123390367177	15	21063689	22395047	49	0.4003
c1627bec-7f00-4dd2-b430-123390367177	15	22413894	30314058	4642	-0.0295
c1627bec-7f00-4dd2-b430-123390367177	15	30440076	30515739	9	-0.8049
c1627bec-7f00-4dd2-b430-123390367177	15	30595753	41875287	7430	-0.0064
c1627bec-7f00-4dd2-b430-123390367177	15	41877905	41879264	3	-1.2462
c1627bec-7f00-4dd2-b430-123390367177	15	41883659	45444902	1682	-0.0164
c1627bec-7f00-4dd2-b430-123390367177	15	45445239	45456554	5	-1.4569
c1627bec-7f00-4dd2-b430-123390367177	15	45464885	56498657	7154	-0.0132
c1627bec-7f00-4dd2-b430-123390367177	15	56498682	56508779	21	-0.5278
c1627bec-7f00-4dd2-b430-123390367177	15	56509425	71375388	10027	-0.0045
c1627bec-7f00-4dd2-b430-123390367177	15	71375895	71376173	2	-3.0163
c1627bec-7f00-4dd2-b430-123390367177	15	71376776	76586021	2714	-0.0086
c1627bec-7f00-4dd2-b430-123390367177	15	76598900	76603003	15	0.7579
c1627bec-7f00-4dd2-b430-123390367177	15	76603426	92222525	10184	-0.0161
c1627bec-7f00-4dd2-b430-123390367177	15	92222644	92223064	3	1.4643
c1627bec-7f00-4dd2-b430-123390367177	15	92223528	101928837	7416	-0.0138
c1627bec-7f00-4dd2-b430-123390367177	16	10777	16259309	11737	-0.0241
c1627bec-7f00-4dd2-b430-123390367177	16	16268505	16419422	4	-2.2995
c1627bec-7f00-4dd2-b430-123390367177	16	16419781	18168316	1013	-0.05
c1627bec-7f00-4dd2-b430-123390367177	16	18172683	18192658	2	-2.6572
c1627bec-7f00-4dd2-b430-123390367177	16	18212128	29268429	6283	-0.0188
c1627bec-7f00-4dd2-b430-123390367177	16	29269203	29269734	3	-1.3507
c1627bec-7f00-4dd2-b430-123390367177	16	29270444	31994320	897	-0.0282
c1627bec-7f00-4dd2-b430-123390367177	16	31994695	35082020	114	-0.2643
c1627bec-7f00-4dd2-b430-123390367177	16	35087005	70105639	15623	-0.0158
c1627bec-7f00-4dd2-b430-123390367177	16	70117657	70212022	19	-0.6477
c1627bec-7f00-4dd2-b430-123390367177	16	70212430	74350360	2288	-0.0175
c1627bec-7f00-4dd2-b430-123390367177	16	74363160	74373481	7	-0.6644
c1627bec-7f00-4dd2-b430-123390367177	16	74418138	75490811	621	-0.0228
c1627bec-7f00-4dd2-b430-123390367177	16	75499773	75542100	23	0.4511
c1627bec-7f00-4dd2-b430-123390367177	16	75546219	77731509	1970	-0.0089
c1627bec-7f00-4dd2-b430-123390367177	16	77732387	77732743	2	-1.6291
c1627bec-7f00-4dd2-b430-123390367177	16	77732945	78337711	589	-0.0204
c1627bec-7f00-4dd2-b430-123390367177	16	78338543	78351104	18	0.8423
c1627bec-7f00-4dd2-b430-123390367177	16	78351540	83851709	6215	-0.0162
c1627bec-7f00-4dd2-b430-123390367177	16	83852315	83852717	2	-2.4641
c1627bec-7f00-4dd2-b430-123390367177	16	83854074	90096867	4388	-0.0264
c1627bec-7f00-4dd2-b430-123390367177	17	150733	18461528	11380	-0.2586
c1627bec-7f00-4dd2-b430-123390367177	17	18462631	18523147	13	0.4854
c1627bec-7f00-4dd2-b430-123390367177	17	18529764	19190137	180	-0.2708
c1627bec-7f00-4dd2-b430-123390367177	17	19245973	22195489	1101	0.1727
c1627bec-7f00-4dd2-b430-123390367177	17	22198104	26970669	213	0.0269
c1627bec-7f00-4dd2-b430-123390367177	17	26971285	36075798	5322	0.1795
c1627bec-7f00-4dd2-b430-123390367177	17	36076671	41265456	2584	-0.0135
c1627bec-7f00-4dd2-b430-123390367177	17	41266762	41274279	24	1.0392
c1627bec-7f00-4dd2-b430-123390367177	17	41276472	45454667	2136	-0.0068
c1627bec-7f00-4dd2-b430-123390367177	17	45454943	45577724	16	-0.1138
c1627bec-7f00-4dd2-b430-123390367177	17	45579014	45581105	5	-1.1104
c1627bec-7f00-4dd2-b430-123390367177	17	45582060	46286804	462	-0.1333
c1627bec-7f00-4dd2-b430-123390367177	17	46323701	46446360	4	1.2084
c1627bec-7f00-4dd2-b430-123390367177	17	46569894	47506009	416	0.1913
c1627bec-7f00-4dd2-b430-123390367177	17	47517165	51678014	2241	-0.016
c1627bec-7f00-4dd2-b430-123390367177	17	51678551	51702890	20	-0.0874
c1627bec-7f00-4dd2-b430-123390367177	17	51704000	54502491	1889	-0.2436
c1627bec-7f00-4dd2-b430-123390367177	17	54502513	54502751	2	-1.775
c1627bec-7f00-4dd2-b430-123390367177	17	54502950	58983241	3192	-0.2469
c1627bec-7f00-4dd2-b430-123390367177	17	58992970	60285707	579	-0.0264
c1627bec-7f00-4dd2-b430-123390367177	17	60286230	60895919	311	0.1891
c1627bec-7f00-4dd2-b430-123390367177	17	60901826	71267419	6146	-0.0061
c1627bec-7f00-4dd2-b430-123390367177	17	71267871	75572889	2942	-0.2694
c1627bec-7f00-4dd2-b430-123390367177	17	75576952	78062771	1373	-0.0363
c1627bec-7f00-4dd2-b430-123390367177	17	78064809	79051893	570	0.1354
c1627bec-7f00-4dd2-b430-123390367177	17	79051919	79062349	6	-0.5593
c1627bec-7f00-4dd2-b430-123390367177	17	79062798	83091923	1848	0.1415
c1627bec-7f00-4dd2-b430-123390367177	18	48133	24412228	12233	-0.0149
c1627bec-7f00-4dd2-b430-123390367177	18	24412296	24879596	402	-0.2373
c1627bec-7f00-4dd2-b430-123390367177	18	24879748	30669042	3640	-0.0241
c1627bec-7f00-4dd2-b430-123390367177	18	30679369	40680470	6471	-0.2509
c1627bec-7f00-4dd2-b430-123390367177	18	40680484	40688060	18	0.3525
c1627bec-7f00-4dd2-b430-123390367177	18	40689534	42476974	1220	-0.2545
c1627bec-7f00-4dd2-b430-123390367177	18	42476989	42477802	16	-0.9827
c1627bec-7f00-4dd2-b430-123390367177	18	42478430	67292086	17059	-0.2532
c1627bec-7f00-4dd2-b430-123390367177	18	67292135	67300028	18	-1.1097
c1627bec-7f00-4dd2-b430-123390367177	18	67300481	71387796	2984	-0.2387
c1627bec-7f00-4dd2-b430-123390367177	18	71388121	73633692	1775	-0.1888
c1627bec-7f00-4dd2-b430-123390367177	18	73633741	80257174	4812	-0.2647
c1627bec-7f00-4dd2-b430-123390367177	19	90910	6630907	2100	0.154
c1627bec-7f00-4dd2-b430-123390367177	19	6639604	6649811	13	-1.013
c1627bec-7f00-4dd2-b430-123390367177	19	6654948	14821415	3868	0.1463
c1627bec-7f00-4dd2-b430-123390367177	19	14823079	14845796	25	0.6035
c1627bec-7f00-4dd2-b430-123390367177	19	14846564	15565939	479	0.1668
c1627bec-7f00-4dd2-b430-123390367177	19	15568021	15586386	10	-0.5758
c1627bec-7f00-4dd2-b430-123390367177	19	15590267	15669855	82	0.1719
c1627bec-7f00-4dd2-b430-123390367177	19	15669937	15670227	3	-0.6657
c1627bec-7f00-4dd2-b430-123390367177	19	15670436	15683917	18	0.2051
c1627bec-7f00-4dd2-b430-123390367177	19	15686003	15689919	11	-0.343
c1627bec-7f00-4dd2-b430-123390367177	19	15689942	20563384	2400	0.158
c1627bec-7f00-4dd2-b430-123390367177	19	20576271	20577052	2	1.4109
c1627bec-7f00-4dd2-b430-123390367177	19	20582324	21632117	595	0.1345
c1627bec-7f00-4dd2-b430-123390367177	19	21632838	21639520	6	-0.7676
c1627bec-7f00-4dd2-b430-123390367177	19	21642962	36265950	7540	0.1674
c1627bec-7f00-4dd2-b430-123390367177	19	36267995	36315613	3	-1.271
c1627bec-7f00-4dd2-b430-123390367177	19	36316398	40560555	2197	0.1603
c1627bec-7f00-4dd2-b430-123390367177	19	40563025	40565917	3	1.1397
c1627bec-7f00-4dd2-b430-123390367177	19	40571595	42709707	1026	0.194
c1627bec-7f00-4dd2-b430-123390367177	19	42711176	42944543	89	-0.0286
c1627bec-7f00-4dd2-b430-123390367177	19	42946358	43193181	114	0.1423
c1627bec-7f00-4dd2-b430-123390367177	19	43198881	43252085	22	-0.5896
c1627bec-7f00-4dd2-b430-123390367177	19	43262507	50049637	3278	0.1851
c1627bec-7f00-4dd2-b430-123390367177	19	50055282	50055880	3	-1.26
c1627bec-7f00-4dd2-b430-123390367177	19	50060009	50088867	22	-0.1567
c1627bec-7f00-4dd2-b430-123390367177	19	50090736	51641117	843	0.191
c1627bec-7f00-4dd2-b430-123390367177	19	51641337	51644944	7	-0.6843
c1627bec-7f00-4dd2-b430-123390367177	19	51651652	52815851	787	0.156
c1627bec-7f00-4dd2-b430-123390367177	19	52815906	52824137	2	-1.8915
c1627bec-7f00-4dd2-b430-123390367177	19	52824306	58586487	3546	0.1561
c1627bec-7f00-4dd2-b430-123390367177	20	80664	1580141	1197	-0.037
c1627bec-7f00-4dd2-b430-123390367177	20	1580156	1613247	45	-0.3928
c1627bec-7f00-4dd2-b430-123390367177	20	1617300	4459418	2038	-0.0229
c1627bec-7f00-4dd2-b430-123390367177	20	4465402	4468301	5	-1.0878
c1627bec-7f00-4dd2-b430-123390367177	20	4469019	12854743	6623	-0.0046
c1627bec-7f00-4dd2-b430-123390367177	20	12855739	12866472	9	-0.9473
c1627bec-7f00-4dd2-b430-123390367177	20	12868272	15327324	1713	-0.0122
c1627bec-7f00-4dd2-b430-123390367177	20	15330724	15337332	17	-0.8162
c1627bec-7f00-4dd2-b430-123390367177	20	15341445	26229983	8312	-0.0179
c1627bec-7f00-4dd2-b430-123390367177	20	26239500	31247668	87	-0.2101
c1627bec-7f00-4dd2-b430-123390367177	20	31250815	64324800	22294	-0.0183
c1627bec-7f00-4dd2-b430-123390367177	21	10354168	10427776	12	-0.6116
c1627bec-7f00-4dd2-b430-123390367177	21	10448914	13092058	89	-0.1021
c1627bec-7f00-4dd2-b430-123390367177	21	13095038	13189617	13	-0.732
c1627bec-7f00-4dd2-b430-123390367177	21	13197963	13583316	155	-0.0423
c1627bec-7f00-4dd2-b430-123390367177	21	13612103	13677975	4	-1.3976
c1627bec-7f00-4dd2-b430-123390367177	21	13803967	18683769	3272	-0.0119
c1627bec-7f00-4dd2-b430-123390367177	21	18685360	18708066	26	0.4257
c1627bec-7f00-4dd2-b430-123390367177	21	18708616	45307222	19497	-0.0153
c1627bec-7f00-4dd2-b430-123390367177	21	45308144	45463256	71	-0.2367
c1627bec-7f00-4dd2-b430-123390367177	21	45466796	46677045	708	-0.0575
c1627bec-7f00-4dd2-b430-123390367177	22	15294547	19384622	1411	-0.1684
c1627bec-7f00-4dd2-b430-123390367177	22	19385261	19708302	206	0.2066
c1627bec-7f00-4dd2-b430-123390367177	22	19710606	19881690	113	0.0081
c1627bec-7f00-4dd2-b430-123390367177	22	19881740	20761464	579	0.2311
c1627bec-7f00-4dd2-b430-123390367177	22	20761521	21450322	400	0.446
c1627bec-7f00-4dd2-b430-123390367177	22	21450361	29487265	6015	0.2424
c1627bec-7f00-4dd2-b430-123390367177	22	29487415	29834030	184	0.3995
c1627bec-7f00-4dd2-b430-123390367177	22	29837457	30644152	455	0.5288
c1627bec-7f00-4dd2-b430-123390367177	22	30644418	32021653	775	0.3817
c1627bec-7f00-4dd2-b430-123390367177	22	32021964	32327170	207	0.2275
c1627bec-7f00-4dd2-b430-123390367177	22	32344873	36218264	3280	-0.2598
c1627bec-7f00-4dd2-b430-123390367177	22	36225663	36317486	70	0.2685
c1627bec-7f00-4dd2-b430-123390367177	22	36319792	49054595	8476	-0.2587
c1627bec-7f00-4dd2-b430-123390367177	22	49055062	50796027	1064	-0.3601
c1627bec-7f00-4dd2-b430-123390367177	X	251810	455747	20	-0.0825
c1627bec-7f00-4dd2-b430-123390367177	X	490259	721424	53	-0.4005
c1627bec-7f00-4dd2-b430-123390367177	X	721514	4587289	1282	0.0228
c1627bec-7f00-4dd2-b430-123390367177	X	4587463	4587477	2	-2.1221
c1627bec-7f00-4dd2-b430-123390367177	X	4590176	53802560	29888	0.0191
c1627bec-7f00-4dd2-b430-123390367177	X	53802982	56630035	1264	-0.0468
c1627bec-7f00-4dd2-b430-123390367177	X	56635479	56646272	3	-1.7479
c1627bec-7f00-4dd2-b430-123390367177	X	56652478	66466587	2347	-0.0294
c1627bec-7f00-4dd2-b430-123390367177	X	66475404	66475499	2	-1.6823
c1627bec-7f00-4dd2-b430-123390367177	X	66476201	75138302	3862	-0.0012
c1627bec-7f00-4dd2-b430-123390367177	X	75139854	75158843	16	0.5913
c1627bec-7f00-4dd2-b430-123390367177	X	75159352	94164611	9585	-0.0316
c1627bec-7f00-4dd2-b430-123390367177	X	94168196	94171348	4	-1.823
c1627bec-7f00-4dd2-b430-123390367177	X	94173752	95626028	827	-0.0515
c1627bec-7f00-4dd2-b430-123390367177	X	95626420	132081733	20271	0.0041
c1627bec-7f00-4dd2-b430-123390367177	X	132082426	132082656	2	2.7817
c1627bec-7f00-4dd2-b430-123390367177	X	132083360	155551021	13947	-0.0049
c1627bec-7f00-4dd2-b430-123390367177	X	155553352	155554665	2	-3.1762
c1627bec-7f00-4dd2-b430-123390367177	X	155556117	155952689	97	-0.0376
c1627bec-7f00-4dd2-b430-123390367177	Y	2782397	9306133	2214	-1.0397
c1627bec-7f00-4dd2-b430-123390367177	Y	9311273	9557010	44	-1.3723
c1627bec-7f00-4dd2-b430-123390367177	Y	9557764	20067277	3486	-1.0242
c1627bec-7f00-4dd2-b430-123390367177	Y	20068755	20353082	8	-1.7511
c1627bec-7f00-4dd2-b430-123390367177	Y	20353820	56872112	886	-1.0467
