GDC_Aliquot	Chromosome	Start	End	Num_Probes	Segment_Mean
26a8e4f3-e066-4341-baa3-4b7c5d657b18	1	62920	812759	30	-0.0952
26a8e4f3-e066-4341-baa3-4b7c5d657b18	1	814954	1225863	87	-0.3941
26a8e4f3-e066-4341-baa3-4b7c5d657b18	1	1225878	1225944	2	-1.96
26a8e4f3-e066-4341-baa3-4b7c5d657b18	1	1229813	3558637	738	-0.3899
26a8e4f3-e066-4341-baa3-4b7c5d657b18	1	3563585	4586425	763	-0.294
26a8e4f3-e066-4341-baa3-4b7c5d657b18	1	4586862	4717567	122	-0.4423
26a8e4f3-e066-4341-baa3-4b7c5d657b18	1	4718172	15823420	6581	-0.2427
26a8e4f3-e066-4341-baa3-4b7c5d657b18	1	15827002	15827430	6	-2.3102
26a8e4f3-e066-4341-baa3-4b7c5d657b18	1	15827706	16689764	337	-0.233
26a8e4f3-e066-4341-baa3-4b7c5d657b18	1	16718963	16935737	74	-0.0253
26a8e4f3-e066-4341-baa3-4b7c5d657b18	1	16935752	17159086	145	-0.2289
26a8e4f3-e066-4341-baa3-4b7c5d657b18	1	17159158	19074911	1405	-0.2913
26a8e4f3-e066-4341-baa3-4b7c5d657b18	1	19075474	28722801	5134	-0.2143
26a8e4f3-e066-4341-baa3-4b7c5d657b18	1	28723213	28873816	67	0.1861
26a8e4f3-e066-4341-baa3-4b7c5d657b18	1	28882444	29092448	78	-0.1246
26a8e4f3-e066-4341-baa3-4b7c5d657b18	1	29095376	30938231	1359	-0.2678
26a8e4f3-e066-4341-baa3-4b7c5d657b18	1	30940072	49686657	10538	-0.2146
26a8e4f3-e066-4341-baa3-4b7c5d657b18	1	49688450	53066295	1540	-0.6668
26a8e4f3-e066-4341-baa3-4b7c5d657b18	1	53066863	59227798	4741	-0.7749
26a8e4f3-e066-4341-baa3-4b7c5d657b18	1	59227823	64518121	3671	-0.7253
26a8e4f3-e066-4341-baa3-4b7c5d657b18	1	64518628	72307730	5260	-0.6851
26a8e4f3-e066-4341-baa3-4b7c5d657b18	1	72307746	72309451	2	-3.674
26a8e4f3-e066-4341-baa3-4b7c5d657b18	1	72313397	72346757	39	-1.1608
26a8e4f3-e066-4341-baa3-4b7c5d657b18	1	72351072	94591345	14258	-0.7031
26a8e4f3-e066-4341-baa3-4b7c5d657b18	1	94591457	94646203	63	-1.0923
26a8e4f3-e066-4341-baa3-4b7c5d657b18	1	94647490	109117281	8940	-0.6802
26a8e4f3-e066-4341-baa3-4b7c5d657b18	1	109117336	143928045	7502	-0.7395
26a8e4f3-e066-4341-baa3-4b7c5d657b18	1	143942271	152583051	2316	0.1739
26a8e4f3-e066-4341-baa3-4b7c5d657b18	1	152583230	152614118	35	-0.6515
26a8e4f3-e066-4341-baa3-4b7c5d657b18	1	152618018	152787202	167	0.1585
26a8e4f3-e066-4341-baa3-4b7c5d657b18	1	152789447	152796224	37	-1.3781
26a8e4f3-e066-4341-baa3-4b7c5d657b18	1	152801429	166352787	9060	0.1715
26a8e4f3-e066-4341-baa3-4b7c5d657b18	1	166352801	169247699	2227	0.2018
26a8e4f3-e066-4341-baa3-4b7c5d657b18	1	169264736	169272528	7	0.8681
26a8e4f3-e066-4341-baa3-4b7c5d657b18	1	169273163	174695229	3448	0.1951
26a8e4f3-e066-4341-baa3-4b7c5d657b18	1	174700992	177510740	1852	0.1281
26a8e4f3-e066-4341-baa3-4b7c5d657b18	1	177512957	187580132	6779	0.1707
26a8e4f3-e066-4341-baa3-4b7c5d657b18	1	187583465	187615567	15	-0.5483
26a8e4f3-e066-4341-baa3-4b7c5d657b18	1	187618200	195463129	5248	0.1822
26a8e4f3-e066-4341-baa3-4b7c5d657b18	1	195463501	195576762	68	-0.2222
26a8e4f3-e066-4341-baa3-4b7c5d657b18	1	195578853	196745743	774	0.1687
26a8e4f3-e066-4341-baa3-4b7c5d657b18	1	196758720	199830606	1889	0.2063
26a8e4f3-e066-4341-baa3-4b7c5d657b18	1	199837935	209897717	6961	0.1648
26a8e4f3-e066-4341-baa3-4b7c5d657b18	1	209908268	209910639	3	-2.2201
26a8e4f3-e066-4341-baa3-4b7c5d657b18	1	209913207	222847162	8947	0.1629
26a8e4f3-e066-4341-baa3-4b7c5d657b18	1	222849581	222850262	2	-2.6687
26a8e4f3-e066-4341-baa3-4b7c5d657b18	1	222850427	225266684	1494	0.1617
26a8e4f3-e066-4341-baa3-4b7c5d657b18	1	225266714	225270832	5	0.9444
26a8e4f3-e066-4341-baa3-4b7c5d657b18	1	225271261	228228668	1742	0.1593
26a8e4f3-e066-4341-baa3-4b7c5d657b18	1	228228789	228519977	135	0.0103
26a8e4f3-e066-4341-baa3-4b7c5d657b18	1	228527044	234541991	4552	0.1687
26a8e4f3-e066-4341-baa3-4b7c5d657b18	1	234544104	234560305	7	-0.4652
26a8e4f3-e066-4341-baa3-4b7c5d657b18	1	234560431	239887726	3953	0.1651
26a8e4f3-e066-4341-baa3-4b7c5d657b18	1	239889122	239889304	2	-1.689
26a8e4f3-e066-4341-baa3-4b7c5d657b18	1	239889750	240228440	321	0.0967
26a8e4f3-e066-4341-baa3-4b7c5d657b18	1	240230715	240230839	6	-1.4516
26a8e4f3-e066-4341-baa3-4b7c5d657b18	1	240232805	241861796	1294	0.1155
26a8e4f3-e066-4341-baa3-4b7c5d657b18	1	241861820	243119182	841	0.0559
26a8e4f3-e066-4341-baa3-4b7c5d657b18	1	243129825	246759194	2450	0.1569
26a8e4f3-e066-4341-baa3-4b7c5d657b18	1	246763163	246793626	47	-0.087
26a8e4f3-e066-4341-baa3-4b7c5d657b18	1	246793852	248574146	1055	0.1591
26a8e4f3-e066-4341-baa3-4b7c5d657b18	1	248585893	248633912	32	-0.7411
26a8e4f3-e066-4341-baa3-4b7c5d657b18	1	248645563	248930189	141	0.0688
26a8e4f3-e066-4341-baa3-4b7c5d657b18	2	12784	99260	41	0.1654
26a8e4f3-e066-4341-baa3-4b7c5d657b18	2	99911	7251772	5677	0.2777
26a8e4f3-e066-4341-baa3-4b7c5d657b18	2	7257720	25210497	12666	0.3713
26a8e4f3-e066-4341-baa3-4b7c5d657b18	2	25212420	25507570	147	0.2549
26a8e4f3-e066-4341-baa3-4b7c5d657b18	2	25514318	26262468	326	0.1654
26a8e4f3-e066-4341-baa3-4b7c5d657b18	2	26265786	27497575	592	-0.1128
26a8e4f3-e066-4341-baa3-4b7c5d657b18	2	27497751	28229106	355	-0.0085
26a8e4f3-e066-4341-baa3-4b7c5d657b18	2	28231174	28985273	450	-0.1142
26a8e4f3-e066-4341-baa3-4b7c5d657b18	2	28985657	34466002	3841	0.1564
26a8e4f3-e066-4341-baa3-4b7c5d657b18	2	34474248	34511990	46	0.6228
26a8e4f3-e066-4341-baa3-4b7c5d657b18	2	34512096	35719266	847	0.1911
26a8e4f3-e066-4341-baa3-4b7c5d657b18	2	35719445	35750907	24	-0.1014
26a8e4f3-e066-4341-baa3-4b7c5d657b18	2	35752724	35762850	6	-0.806
26a8e4f3-e066-4341-baa3-4b7c5d657b18	2	35762881	37975359	1746	-0.0653
26a8e4f3-e066-4341-baa3-4b7c5d657b18	2	37976039	40359976	1660	0.1731
26a8e4f3-e066-4341-baa3-4b7c5d657b18	2	40363058	41861007	1263	0.2293
26a8e4f3-e066-4341-baa3-4b7c5d657b18	2	41861667	43874233	1337	0.1834
26a8e4f3-e066-4341-baa3-4b7c5d657b18	2	43874745	48274724	3147	-0.0693
26a8e4f3-e066-4341-baa3-4b7c5d657b18	2	48276931	49310530	701	0.1507
26a8e4f3-e066-4341-baa3-4b7c5d657b18	2	49310656	49311506	2	-1.7027
26a8e4f3-e066-4341-baa3-4b7c5d657b18	2	49314051	54538037	3846	0.1586
26a8e4f3-e066-4341-baa3-4b7c5d657b18	2	54539021	55890705	912	-0.0582
26a8e4f3-e066-4341-baa3-4b7c5d657b18	2	55890911	63629817	4683	0.1632
26a8e4f3-e066-4341-baa3-4b7c5d657b18	2	63630025	86133834	14452	-0.0742
26a8e4f3-e066-4341-baa3-4b7c5d657b18	2	86138484	86878321	396	0.1605
26a8e4f3-e066-4341-baa3-4b7c5d657b18	2	86878530	97537802	1881	0.1097
26a8e4f3-e066-4341-baa3-4b7c5d657b18	2	97540809	97545247	3	-1.0389
26a8e4f3-e066-4341-baa3-4b7c5d657b18	2	97545726	97699900	55	0.0475
26a8e4f3-e066-4341-baa3-4b7c5d657b18	2	97699990	113696303	9341	0.1603
26a8e4f3-e066-4341-baa3-4b7c5d657b18	2	113696452	114830489	753	0.2164
26a8e4f3-e066-4341-baa3-4b7c5d657b18	2	114833667	122719438	4922	0.1467
26a8e4f3-e066-4341-baa3-4b7c5d657b18	2	122722323	122724665	8	-1.0566
26a8e4f3-e066-4341-baa3-4b7c5d657b18	2	122726077	129607049	4488	0.1507
26a8e4f3-e066-4341-baa3-4b7c5d657b18	2	129610515	132761931	1345	0.0813
26a8e4f3-e066-4341-baa3-4b7c5d657b18	2	132766260	133435918	490	0.1645
26a8e4f3-e066-4341-baa3-4b7c5d657b18	2	133436550	133471437	27	-0.3231
26a8e4f3-e066-4341-baa3-4b7c5d657b18	2	133472646	137730530	2817	0.1659
26a8e4f3-e066-4341-baa3-4b7c5d657b18	2	137731957	137737677	2	-1.2172
26a8e4f3-e066-4341-baa3-4b7c5d657b18	2	137738322	141349262	2244	0.1664
26a8e4f3-e066-4341-baa3-4b7c5d657b18	2	141350012	141732138	310	-0.3149
26a8e4f3-e066-4341-baa3-4b7c5d657b18	2	141734632	144282225	1551	0.14
26a8e4f3-e066-4341-baa3-4b7c5d657b18	2	144284969	144336763	22	-0.2558
26a8e4f3-e066-4341-baa3-4b7c5d657b18	2	144337272	146104517	1025	0.1315
26a8e4f3-e066-4341-baa3-4b7c5d657b18	2	146106836	146109366	24	-1.5594
26a8e4f3-e066-4341-baa3-4b7c5d657b18	2	146120238	149063499	1489	0.1412
26a8e4f3-e066-4341-baa3-4b7c5d657b18	2	149063722	151756128	1925	0.1862
26a8e4f3-e066-4341-baa3-4b7c5d657b18	2	151756148	152939554	789	0.122
26a8e4f3-e066-4341-baa3-4b7c5d657b18	2	152940256	152940270	2	-1.7722
26a8e4f3-e066-4341-baa3-4b7c5d657b18	2	152944055	154871134	1185	0.1661
26a8e4f3-e066-4341-baa3-4b7c5d657b18	2	154879068	162982598	4728	0.2122
26a8e4f3-e066-4341-baa3-4b7c5d657b18	2	162991837	164594843	895	0.1761
26a8e4f3-e066-4341-baa3-4b7c5d657b18	2	164595233	203164765	23115	-0.169
26a8e4f3-e066-4341-baa3-4b7c5d657b18	2	203165192	204698864	974	-0.5278
26a8e4f3-e066-4341-baa3-4b7c5d657b18	2	204701832	215753052	7157	-0.1899
26a8e4f3-e066-4341-baa3-4b7c5d657b18	2	215754095	215908044	92	0.1298
26a8e4f3-e066-4341-baa3-4b7c5d657b18	2	215911546	224252108	5476	-0.2315
26a8e4f3-e066-4341-baa3-4b7c5d657b18	2	224252447	229054315	3141	-0.1893
26a8e4f3-e066-4341-baa3-4b7c5d657b18	2	229055562	232429529	1916	-0.2321
26a8e4f3-e066-4341-baa3-4b7c5d657b18	2	232438125	232447215	5	-1.2787
26a8e4f3-e066-4341-baa3-4b7c5d657b18	2	232453368	234605853	1524	-0.2326
26a8e4f3-e066-4341-baa3-4b7c5d657b18	2	234608435	236315779	1162	-0.2995
26a8e4f3-e066-4341-baa3-4b7c5d657b18	2	236318375	236436797	48	-0.1978
26a8e4f3-e066-4341-baa3-4b7c5d657b18	2	236446115	236706295	173	-0.8644
26a8e4f3-e066-4341-baa3-4b7c5d657b18	2	236707574	242147305	3238	-0.2947
26a8e4f3-e066-4341-baa3-4b7c5d657b18	3	20930	4436691	3983	-0.1209
26a8e4f3-e066-4341-baa3-4b7c5d657b18	3	4444307	4467396	21	-0.6323
26a8e4f3-e066-4341-baa3-4b7c5d657b18	3	4469418	5073241	520	-0.1693
26a8e4f3-e066-4341-baa3-4b7c5d657b18	3	5073568	5080944	5	-1.6132
26a8e4f3-e066-4341-baa3-4b7c5d657b18	3	5081780	6600849	1282	-0.1326
26a8e4f3-e066-4341-baa3-4b7c5d657b18	3	6601130	6618787	38	0.1457
26a8e4f3-e066-4341-baa3-4b7c5d657b18	3	6618957	11984305	4141	-0.1711
26a8e4f3-e066-4341-baa3-4b7c5d657b18	3	11985195	12150894	96	-0.0865
26a8e4f3-e066-4341-baa3-4b7c5d657b18	3	12150940	12158942	4	0.4125
26a8e4f3-e066-4341-baa3-4b7c5d657b18	3	12159406	12402820	145	-0.0859
26a8e4f3-e066-4341-baa3-4b7c5d657b18	3	12404969	12562401	115	-0.1838
26a8e4f3-e066-4341-baa3-4b7c5d657b18	3	12562559	12653753	163	-0.066
26a8e4f3-e066-4341-baa3-4b7c5d657b18	3	12653966	37935926	17105	-0.1993
26a8e4f3-e066-4341-baa3-4b7c5d657b18	3	37941181	37945437	16	-1.5691
26a8e4f3-e066-4341-baa3-4b7c5d657b18	3	37945615	46751887	5532	-0.2138
26a8e4f3-e066-4341-baa3-4b7c5d657b18	3	46760327	46807689	39	-1.5218
26a8e4f3-e066-4341-baa3-4b7c5d657b18	3	46808099	53750631	3021	-0.2167
26a8e4f3-e066-4341-baa3-4b7c5d657b18	3	53751376	55798108	1635	-0.2699
26a8e4f3-e066-4341-baa3-4b7c5d657b18	3	55799174	60315341	3123	-0.2086
26a8e4f3-e066-4341-baa3-4b7c5d657b18	3	60317689	60726111	462	-0.7482
26a8e4f3-e066-4341-baa3-4b7c5d657b18	3	60726133	60784837	64	-1.512
26a8e4f3-e066-4341-baa3-4b7c5d657b18	3	60785699	60795013	11	-0.6182
26a8e4f3-e066-4341-baa3-4b7c5d657b18	3	60795146	60799583	6	-0.1156
26a8e4f3-e066-4341-baa3-4b7c5d657b18	3	60802031	60872639	67	-0.5353
26a8e4f3-e066-4341-baa3-4b7c5d657b18	3	60873312	61618227	620	-0.1892
26a8e4f3-e066-4341-baa3-4b7c5d657b18	3	61619975	61687678	70	-0.8009
26a8e4f3-e066-4341-baa3-4b7c5d657b18	3	61690130	68482504	5324	-0.2169
26a8e4f3-e066-4341-baa3-4b7c5d657b18	3	68482591	68483119	2	-1.65
26a8e4f3-e066-4341-baa3-4b7c5d657b18	3	68483695	73759406	3997	-0.2313
26a8e4f3-e066-4341-baa3-4b7c5d657b18	3	73759606	115638233	21983	-0.1898
26a8e4f3-e066-4341-baa3-4b7c5d657b18	3	115645822	116388127	504	-0.2385
26a8e4f3-e066-4341-baa3-4b7c5d657b18	3	116389763	116561041	137	-0.7871
26a8e4f3-e066-4341-baa3-4b7c5d657b18	3	116562561	117101741	462	-1.0582
26a8e4f3-e066-4341-baa3-4b7c5d657b18	3	117103264	117162867	58	-0.6568
26a8e4f3-e066-4341-baa3-4b7c5d657b18	3	117165840	126254815	5535	-0.2262
26a8e4f3-e066-4341-baa3-4b7c5d657b18	3	126257313	127846739	996	-0.3012
26a8e4f3-e066-4341-baa3-4b7c5d657b18	3	127849363	128259812	244	-0.2146
26a8e4f3-e066-4341-baa3-4b7c5d657b18	3	128267630	128661409	251	0.1006
26a8e4f3-e066-4341-baa3-4b7c5d657b18	3	128662406	128695318	17	0.9751
26a8e4f3-e066-4341-baa3-4b7c5d657b18	3	128702323	130067896	629	0.1314
26a8e4f3-e066-4341-baa3-4b7c5d657b18	3	130067910	130079892	22	0.5333
26a8e4f3-e066-4341-baa3-4b7c5d657b18	3	130079938	135267372	3455	0.1466
26a8e4f3-e066-4341-baa3-4b7c5d657b18	3	135268176	135268518	2	-1.4659
26a8e4f3-e066-4341-baa3-4b7c5d657b18	3	135268763	140726491	3208	0.1294
26a8e4f3-e066-4341-baa3-4b7c5d657b18	3	140726695	154775592	8746	0.1753
26a8e4f3-e066-4341-baa3-4b7c5d657b18	3	154777163	154778302	6	-0.935
26a8e4f3-e066-4341-baa3-4b7c5d657b18	3	154781540	156063116	712	0.1487
26a8e4f3-e066-4341-baa3-4b7c5d657b18	3	156075666	156081399	2	-1.4319
26a8e4f3-e066-4341-baa3-4b7c5d657b18	3	156091312	157360140	808	0.1731
26a8e4f3-e066-4341-baa3-4b7c5d657b18	3	157360362	162790480	3338	0.1245
26a8e4f3-e066-4341-baa3-4b7c5d657b18	3	162794869	162910826	73	0.5221
26a8e4f3-e066-4341-baa3-4b7c5d657b18	3	162910855	172271585	5506	0.1553
26a8e4f3-e066-4341-baa3-4b7c5d657b18	3	172273956	172371632	82	-0.2477
26a8e4f3-e066-4341-baa3-4b7c5d657b18	3	172373927	174647848	1510	0.167
26a8e4f3-e066-4341-baa3-4b7c5d657b18	3	174651349	174733208	68	-0.8253
26a8e4f3-e066-4341-baa3-4b7c5d657b18	3	174735451	174986439	159	0.095
26a8e4f3-e066-4341-baa3-4b7c5d657b18	3	174988161	175264943	232	-0.222
26a8e4f3-e066-4341-baa3-4b7c5d657b18	3	175268370	175362822	96	0.1862
26a8e4f3-e066-4341-baa3-4b7c5d657b18	3	175362958	175363437	4	-2.3367
26a8e4f3-e066-4341-baa3-4b7c5d657b18	3	175363536	188922793	8487	0.1274
26a8e4f3-e066-4341-baa3-4b7c5d657b18	3	188926888	193155873	3018	0.3931
26a8e4f3-e066-4341-baa3-4b7c5d657b18	3	193155915	193165114	23	-0.9342
26a8e4f3-e066-4341-baa3-4b7c5d657b18	3	193168646	195558822	1481	0.4039
26a8e4f3-e066-4341-baa3-4b7c5d657b18	3	195559056	195747892	45	-0.6799
26a8e4f3-e066-4341-baa3-4b7c5d657b18	3	195751823	195934662	79	0.2449
26a8e4f3-e066-4341-baa3-4b7c5d657b18	3	195934679	195974292	5	-0.8721
26a8e4f3-e066-4341-baa3-4b7c5d657b18	3	195974457	198107277	1049	0.4065
26a8e4f3-e066-4341-baa3-4b7c5d657b18	3	198107475	198169247	32	0.1843
26a8e4f3-e066-4341-baa3-4b7c5d657b18	4	68929	1790291	627	0.0616
26a8e4f3-e066-4341-baa3-4b7c5d657b18	4	1791556	1796125	2	-1.4271
26a8e4f3-e066-4341-baa3-4b7c5d657b18	4	1796225	10208766	5074	0.0482
26a8e4f3-e066-4341-baa3-4b7c5d657b18	4	10212536	10227684	15	0.6263
26a8e4f3-e066-4341-baa3-4b7c5d657b18	4	10228006	10270469	63	0.1228
26a8e4f3-e066-4341-baa3-4b7c5d657b18	4	10271164	10272578	7	-1.2666
26a8e4f3-e066-4341-baa3-4b7c5d657b18	4	10273002	13037006	2256	0.1134
26a8e4f3-e066-4341-baa3-4b7c5d657b18	4	13037628	13232410	163	-0.2068
26a8e4f3-e066-4341-baa3-4b7c5d657b18	4	13235225	19104251	4274	0.1011
26a8e4f3-e066-4341-baa3-4b7c5d657b18	4	19104311	19122568	16	-0.3472
26a8e4f3-e066-4341-baa3-4b7c5d657b18	4	19122609	20067648	540	0.0853
26a8e4f3-e066-4341-baa3-4b7c5d657b18	4	20068379	20562136	324	-0.2158
26a8e4f3-e066-4341-baa3-4b7c5d657b18	4	20562188	27348292	4728	-0.2719
26a8e4f3-e066-4341-baa3-4b7c5d657b18	4	27349605	34777353	4614	-0.2298
26a8e4f3-e066-4341-baa3-4b7c5d657b18	4	34777382	34828382	47	0.0905
26a8e4f3-e066-4341-baa3-4b7c5d657b18	4	34830196	44963030	6589	-0.2174
26a8e4f3-e066-4341-baa3-4b7c5d657b18	4	44963179	45003835	44	0.1352
26a8e4f3-e066-4341-baa3-4b7c5d657b18	4	45004175	47263802	1194	-0.2028
26a8e4f3-e066-4341-baa3-4b7c5d657b18	4	47265428	49289338	1140	0.1436
26a8e4f3-e066-4341-baa3-4b7c5d657b18	4	49295203	49648089	13	-0.3565
26a8e4f3-e066-4341-baa3-4b7c5d657b18	4	49653346	54142147	1392	0.1039
26a8e4f3-e066-4341-baa3-4b7c5d657b18	4	54145602	54353825	220	-0.6457
26a8e4f3-e066-4341-baa3-4b7c5d657b18	4	54353862	59478772	3436	-0.7658
26a8e4f3-e066-4341-baa3-4b7c5d657b18	4	59478873	63841863	2520	-0.6874
26a8e4f3-e066-4341-baa3-4b7c5d657b18	4	63841887	63842540	7	-1.8337
26a8e4f3-e066-4341-baa3-4b7c5d657b18	4	63850713	69257792	3247	-0.6747
26a8e4f3-e066-4341-baa3-4b7c5d657b18	4	69261926	69366081	54	-1.9782
26a8e4f3-e066-4341-baa3-4b7c5d657b18	4	69366304	74920884	3308	-0.6482
26a8e4f3-e066-4341-baa3-4b7c5d657b18	4	74922077	78721263	2651	-0.7179
26a8e4f3-e066-4341-baa3-4b7c5d657b18	4	78722423	80387028	912	-0.6428
26a8e4f3-e066-4341-baa3-4b7c5d657b18	4	80387755	80388268	2	-3.0833
26a8e4f3-e066-4341-baa3-4b7c5d657b18	4	80388402	90273044	6124	-0.6867
26a8e4f3-e066-4341-baa3-4b7c5d657b18	4	90273052	90303013	27	-1.3852
26a8e4f3-e066-4341-baa3-4b7c5d657b18	4	90303273	90370256	54	-0.6213
26a8e4f3-e066-4341-baa3-4b7c5d657b18	4	90370347	90401496	17	-0.1258
26a8e4f3-e066-4341-baa3-4b7c5d657b18	4	90410086	90741395	167	-0.658
26a8e4f3-e066-4341-baa3-4b7c5d657b18	4	90741800	90851007	75	-1.5014
26a8e4f3-e066-4341-baa3-4b7c5d657b18	4	90851533	96242313	3237	-0.6915
26a8e4f3-e066-4341-baa3-4b7c5d657b18	4	96243731	101911102	3262	-0.2082
26a8e4f3-e066-4341-baa3-4b7c5d657b18	4	101913711	102069982	111	-0.4532
26a8e4f3-e066-4341-baa3-4b7c5d657b18	4	102070210	104435580	1352	-0.1832
26a8e4f3-e066-4341-baa3-4b7c5d657b18	4	104436138	110200685	3402	-0.535
26a8e4f3-e066-4341-baa3-4b7c5d657b18	4	110203627	110203714	2	-2.6911
26a8e4f3-e066-4341-baa3-4b7c5d657b18	4	110203975	113789365	2234	-0.5284
26a8e4f3-e066-4341-baa3-4b7c5d657b18	4	113789571	114099697	228	-0.4714
26a8e4f3-e066-4341-baa3-4b7c5d657b18	4	114104491	114104908	3	-2.0111
26a8e4f3-e066-4341-baa3-4b7c5d657b18	4	114106571	114252456	88	-0.4595
26a8e4f3-e066-4341-baa3-4b7c5d657b18	4	114252472	114263154	30	-0.0787
26a8e4f3-e066-4341-baa3-4b7c5d657b18	4	114263166	116432785	1298	-0.4674
26a8e4f3-e066-4341-baa3-4b7c5d657b18	4	116433282	121347446	3022	-0.5345
26a8e4f3-e066-4341-baa3-4b7c5d657b18	4	121349338	121376218	42	-0.8946
26a8e4f3-e066-4341-baa3-4b7c5d657b18	4	121376396	133719802	6974	-0.5324
26a8e4f3-e066-4341-baa3-4b7c5d657b18	4	133720287	135888812	1145	-0.704
26a8e4f3-e066-4341-baa3-4b7c5d657b18	4	135892109	137444073	1013	-0.5306
26a8e4f3-e066-4341-baa3-4b7c5d657b18	4	137445898	137480416	30	-1.3812
26a8e4f3-e066-4341-baa3-4b7c5d657b18	4	137491606	171448195	21083	-0.5466
26a8e4f3-e066-4341-baa3-4b7c5d657b18	4	171453733	171456625	12	0.4658
26a8e4f3-e066-4341-baa3-4b7c5d657b18	4	171459220	172068149	400	-0.5495
26a8e4f3-e066-4341-baa3-4b7c5d657b18	4	172068222	172068354	6	-2.051
26a8e4f3-e066-4341-baa3-4b7c5d657b18	4	172068368	180641923	5492	-0.5659
26a8e4f3-e066-4341-baa3-4b7c5d657b18	4	180642051	190046094	6558	-0.63
26a8e4f3-e066-4341-baa3-4b7c5d657b18	4	190094046	190106768	4	-0.0804
26a8e4f3-e066-4341-baa3-4b7c5d657b18	5	15532	637175	276	0.1494
26a8e4f3-e066-4341-baa3-4b7c5d657b18	5	642617	731654	43	-0.1295
26a8e4f3-e066-4341-baa3-4b7c5d657b18	5	731776	825538	33	-0.9646
26a8e4f3-e066-4341-baa3-4b7c5d657b18	5	833513	6612351	4884	0.1352
26a8e4f3-e066-4341-baa3-4b7c5d657b18	5	6612540	9264570	2222	0.1838
26a8e4f3-e066-4341-baa3-4b7c5d657b18	5	9268546	9272553	7	-0.9463
26a8e4f3-e066-4341-baa3-4b7c5d657b18	5	9277652	11307095	1770	0.2079
26a8e4f3-e066-4341-baa3-4b7c5d657b18	5	11312291	11341106	36	-0.2898
26a8e4f3-e066-4341-baa3-4b7c5d657b18	5	11344090	15718383	2903	0.236
26a8e4f3-e066-4341-baa3-4b7c5d657b18	5	15719113	15720369	10	-0.2832
26a8e4f3-e066-4341-baa3-4b7c5d657b18	5	15720488	17515692	1192	0.2181
26a8e4f3-e066-4341-baa3-4b7c5d657b18	5	17601444	17607658	8	-1.1498
26a8e4f3-e066-4341-baa3-4b7c5d657b18	5	17608130	21449167	2328	0.2116
26a8e4f3-e066-4341-baa3-4b7c5d657b18	5	21451091	21451889	4	-1.9368
26a8e4f3-e066-4341-baa3-4b7c5d657b18	5	21452329	24195136	1535	0.1974
26a8e4f3-e066-4341-baa3-4b7c5d657b18	5	24195471	27524345	1995	0.2219
26a8e4f3-e066-4341-baa3-4b7c5d657b18	5	27525283	27525880	9	-0.516
26a8e4f3-e066-4341-baa3-4b7c5d657b18	5	27525913	45417588	11148	0.232
26a8e4f3-e066-4341-baa3-4b7c5d657b18	5	45419048	56130562	3958	0.1813
26a8e4f3-e066-4341-baa3-4b7c5d657b18	5	56133634	56135777	2	1.3908
26a8e4f3-e066-4341-baa3-4b7c5d657b18	5	56136078	57995253	1366	0.1913
26a8e4f3-e066-4341-baa3-4b7c5d657b18	5	57995328	58037688	56	-0.015
26a8e4f3-e066-4341-baa3-4b7c5d657b18	5	58037706	59704190	1329	0.1458
26a8e4f3-e066-4341-baa3-4b7c5d657b18	5	59710257	59782214	42	-0.0424
26a8e4f3-e066-4341-baa3-4b7c5d657b18	5	59784316	59880747	72	-0.6953
26a8e4f3-e066-4341-baa3-4b7c5d657b18	5	59884152	60208197	154	-0.3794
26a8e4f3-e066-4341-baa3-4b7c5d657b18	5	60208457	64729555	2623	0.0712
26a8e4f3-e066-4341-baa3-4b7c5d657b18	5	64731208	69110303	2910	0.1251
26a8e4f3-e066-4341-baa3-4b7c5d657b18	5	69110826	85037273	8843	0.0842
26a8e4f3-e066-4341-baa3-4b7c5d657b18	5	85037555	90394520	2830	-0.3355
26a8e4f3-e066-4341-baa3-4b7c5d657b18	5	90397776	90763481	211	-0.9263
26a8e4f3-e066-4341-baa3-4b7c5d657b18	5	90764965	105501704	8522	-0.3153
26a8e4f3-e066-4341-baa3-4b7c5d657b18	5	105506221	116306668	7351	-0.3527
26a8e4f3-e066-4341-baa3-4b7c5d657b18	5	116308072	116887487	517	-0.4397
26a8e4f3-e066-4341-baa3-4b7c5d657b18	5	116887576	118193086	901	-0.3493
26a8e4f3-e066-4341-baa3-4b7c5d657b18	5	118193695	123126083	3165	0.0787
26a8e4f3-e066-4341-baa3-4b7c5d657b18	5	123126128	132848740	5890	0.1121
26a8e4f3-e066-4341-baa3-4b7c5d657b18	5	132851875	135486593	1711	0.0816
26a8e4f3-e066-4341-baa3-4b7c5d657b18	5	135489795	135489993	2	-1.7486
26a8e4f3-e066-4341-baa3-4b7c5d657b18	5	135492523	142914804	4253	0.0767
26a8e4f3-e066-4341-baa3-4b7c5d657b18	5	142918578	148936718	4059	0.1076
26a8e4f3-e066-4341-baa3-4b7c5d657b18	5	148937302	156048095	4885	0.074
26a8e4f3-e066-4341-baa3-4b7c5d657b18	5	156049762	156055719	14	-1.1141
26a8e4f3-e066-4341-baa3-4b7c5d657b18	5	156068240	165537206	6231	0.0677
26a8e4f3-e066-4341-baa3-4b7c5d657b18	5	165538822	166717026	888	-0.367
26a8e4f3-e066-4341-baa3-4b7c5d657b18	5	166720114	166720895	3	-1.6211
26a8e4f3-e066-4341-baa3-4b7c5d657b18	5	166721025	166907093	118	-0.3724
26a8e4f3-e066-4341-baa3-4b7c5d657b18	5	166909158	181363319	9549	0.0351
26a8e4f3-e066-4341-baa3-4b7c5d657b18	6	149661	10924894	8615	0.223
26a8e4f3-e066-4341-baa3-4b7c5d657b18	6	10927089	14708808	2941	0.2595
26a8e4f3-e066-4341-baa3-4b7c5d657b18	6	14709691	16567520	1392	0.2184
26a8e4f3-e066-4341-baa3-4b7c5d657b18	6	16567942	16573304	8	-0.6086
26a8e4f3-e066-4341-baa3-4b7c5d657b18	6	16573676	29869295	8700	0.2284
26a8e4f3-e066-4341-baa3-4b7c5d657b18	6	29869410	29906865	22	-0.7158
26a8e4f3-e066-4341-baa3-4b7c5d657b18	6	29906932	30096785	110	0.2017
26a8e4f3-e066-4341-baa3-4b7c5d657b18	6	30097080	30097542	2	-1.2265
26a8e4f3-e066-4341-baa3-4b7c5d657b18	6	30097639	31309909	545	0.2806
26a8e4f3-e066-4341-baa3-4b7c5d657b18	6	31313046	31328674	12	1.1536
26a8e4f3-e066-4341-baa3-4b7c5d657b18	6	31342147	32486746	503	0.2291
26a8e4f3-e066-4341-baa3-4b7c5d657b18	6	32488906	32606604	33	1.347
26a8e4f3-e066-4341-baa3-4b7c5d657b18	6	32610305	32744005	84	0.5479
26a8e4f3-e066-4341-baa3-4b7c5d657b18	6	32744080	36489359	2127	0.2435
26a8e4f3-e066-4341-baa3-4b7c5d657b18	6	36492959	36600439	46	-0.1277
26a8e4f3-e066-4341-baa3-4b7c5d657b18	6	36602589	36750804	101	0.2726
26a8e4f3-e066-4341-baa3-4b7c5d657b18	6	36751876	36752698	2	-0.8354
26a8e4f3-e066-4341-baa3-4b7c5d657b18	6	36753851	38573708	1224	0.2467
26a8e4f3-e066-4341-baa3-4b7c5d657b18	6	38573860	42100655	2608	0.1949
26a8e4f3-e066-4341-baa3-4b7c5d657b18	6	42100683	48963228	4223	0.2551
26a8e4f3-e066-4341-baa3-4b7c5d657b18	6	48964092	48978926	6	-0.8104
26a8e4f3-e066-4341-baa3-4b7c5d657b18	6	48979553	54066353	3305	0.2539
26a8e4f3-e066-4341-baa3-4b7c5d657b18	6	54066432	54067057	6	1.7118
26a8e4f3-e066-4341-baa3-4b7c5d657b18	6	54070550	56619960	1632	0.3015
26a8e4f3-e066-4341-baa3-4b7c5d657b18	6	56621409	73882509	8759	0.2311
26a8e4f3-e066-4341-baa3-4b7c5d657b18	6	73882741	73887625	8	-2.4074
26a8e4f3-e066-4341-baa3-4b7c5d657b18	6	73891694	76726815	1772	0.2287
26a8e4f3-e066-4341-baa3-4b7c5d657b18	6	76730151	76742665	15	0.7562
26a8e4f3-e066-4341-baa3-4b7c5d657b18	6	76742675	80574999	2530	0.2454
26a8e4f3-e066-4341-baa3-4b7c5d657b18	6	80575042	80579817	28	-0.9468
26a8e4f3-e066-4341-baa3-4b7c5d657b18	6	80584624	85829979	3289	0.2308
26a8e4f3-e066-4341-baa3-4b7c5d657b18	6	85837374	85873032	8	-0.3043
26a8e4f3-e066-4341-baa3-4b7c5d657b18	6	85882644	85992372	56	0.2203
26a8e4f3-e066-4341-baa3-4b7c5d657b18	6	85995537	85996204	3	-1.013
26a8e4f3-e066-4341-baa3-4b7c5d657b18	6	85998530	87505835	890	0.2291
26a8e4f3-e066-4341-baa3-4b7c5d657b18	6	87510482	87777399	156	-0.0899
26a8e4f3-e066-4341-baa3-4b7c5d657b18	6	87777554	88627359	616	0.2636
26a8e4f3-e066-4341-baa3-4b7c5d657b18	6	88629660	104469260	9780	-0.108
26a8e4f3-e066-4341-baa3-4b7c5d657b18	6	104470088	104470558	2	-1.6428
26a8e4f3-e066-4341-baa3-4b7c5d657b18	6	104471022	147529109	27022	-0.085
26a8e4f3-e066-4341-baa3-4b7c5d657b18	6	147530155	147840170	227	-0.2834
26a8e4f3-e066-4341-baa3-4b7c5d657b18	6	147840841	150927097	2224	-0.1122
26a8e4f3-e066-4341-baa3-4b7c5d657b18	6	150927905	161122389	7050	0.2518
26a8e4f3-e066-4341-baa3-4b7c5d657b18	6	161128821	161669949	451	-0.1815
26a8e4f3-e066-4341-baa3-4b7c5d657b18	6	161671261	162045027	354	0.1408
26a8e4f3-e066-4341-baa3-4b7c5d657b18	6	162046822	162213369	163	-0.2326
26a8e4f3-e066-4341-baa3-4b7c5d657b18	6	162214013	162430522	172	-0.6363
26a8e4f3-e066-4341-baa3-4b7c5d657b18	6	162433351	162519206	73	-0.0799
26a8e4f3-e066-4341-baa3-4b7c5d657b18	6	162522029	164739057	1667	0.1714
26a8e4f3-e066-4341-baa3-4b7c5d657b18	6	164740418	167187481	1919	0.2255
26a8e4f3-e066-4341-baa3-4b7c5d657b18	6	167187860	170741917	2108	0.1802
26a8e4f3-e066-4341-baa3-4b7c5d657b18	7	43355	155133	93	0.505
26a8e4f3-e066-4341-baa3-4b7c5d657b18	7	155194	158626	7	-0.2398
26a8e4f3-e066-4341-baa3-4b7c5d657b18	7	161442	183845	19	0.4966
26a8e4f3-e066-4341-baa3-4b7c5d657b18	7	184477	198903	12	0.2136
26a8e4f3-e066-4341-baa3-4b7c5d657b18	7	199503	999140	112	0.6122
26a8e4f3-e066-4341-baa3-4b7c5d657b18	7	999367	1212295	116	0.3078
26a8e4f3-e066-4341-baa3-4b7c5d657b18	7	1212639	1563155	83	0.4956
26a8e4f3-e066-4341-baa3-4b7c5d657b18	7	1564746	3833987	1410	0.593
26a8e4f3-e066-4341-baa3-4b7c5d657b18	7	3834605	5871660	1202	0.5183
26a8e4f3-e066-4341-baa3-4b7c5d657b18	7	5873254	5879409	4	-0.4903
26a8e4f3-e066-4341-baa3-4b7c5d657b18	7	5879479	7017623	434	0.5468
26a8e4f3-e066-4341-baa3-4b7c5d657b18	7	7018199	9812112	2439	0.636
26a8e4f3-e066-4341-baa3-4b7c5d657b18	7	9812426	9812632	2	-0.7731
26a8e4f3-e066-4341-baa3-4b7c5d657b18	7	9815093	11631184	1418	0.5797
26a8e4f3-e066-4341-baa3-4b7c5d657b18	7	11634725	11641548	16	0.1213
26a8e4f3-e066-4341-baa3-4b7c5d657b18	7	11643752	13539970	1478	0.647
26a8e4f3-e066-4341-baa3-4b7c5d657b18	7	13541416	15392007	1541	0.5831
26a8e4f3-e066-4341-baa3-4b7c5d657b18	7	15392045	15393664	2	-1.5703
26a8e4f3-e066-4341-baa3-4b7c5d657b18	7	15394440	21358011	4826	0.6183
26a8e4f3-e066-4341-baa3-4b7c5d657b18	7	21358508	24094921	1999	0.563
26a8e4f3-e066-4341-baa3-4b7c5d657b18	7	24103396	32140109	5959	0.6156
26a8e4f3-e066-4341-baa3-4b7c5d657b18	7	32142382	33261312	694	0.5673
26a8e4f3-e066-4341-baa3-4b7c5d657b18	7	33262455	33642017	233	0.3155
26a8e4f3-e066-4341-baa3-4b7c5d657b18	7	33645274	38347842	3400	0.5931
26a8e4f3-e066-4341-baa3-4b7c5d657b18	7	38351764	38361356	5	-0.3234
26a8e4f3-e066-4341-baa3-4b7c5d657b18	7	38362895	40860010	1599	0.5908
26a8e4f3-e066-4341-baa3-4b7c5d657b18	7	40860047	42388861	1125	0.5185
26a8e4f3-e066-4341-baa3-4b7c5d657b18	7	42388879	54118244	8113	0.5816
26a8e4f3-e066-4341-baa3-4b7c5d657b18	7	54118379	54118569	5	-0.2295
26a8e4f3-e066-4341-baa3-4b7c5d657b18	7	54118781	54305455	149	0.5607
26a8e4f3-e066-4341-baa3-4b7c5d657b18	7	54318812	54318824	6	-1.1424
26a8e4f3-e066-4341-baa3-4b7c5d657b18	7	54325795	56718152	1574	0.5504
26a8e4f3-e066-4341-baa3-4b7c5d657b18	7	56718707	63804090	791	0.4146
26a8e4f3-e066-4341-baa3-4b7c5d657b18	7	63806274	74137403	5245	0.5536
26a8e4f3-e066-4341-baa3-4b7c5d657b18	7	74139705	76514576	663	0.5997
26a8e4f3-e066-4341-baa3-4b7c5d657b18	7	76524031	76550397	7	-0.5991
26a8e4f3-e066-4341-baa3-4b7c5d657b18	7	76568113	86068925	6231	0.6355
26a8e4f3-e066-4341-baa3-4b7c5d657b18	7	86069511	87357649	736	0.5639
26a8e4f3-e066-4341-baa3-4b7c5d657b18	7	87357655	90102666	1691	0.6406
26a8e4f3-e066-4341-baa3-4b7c5d657b18	7	90103043	90456175	211	0.4764
26a8e4f3-e066-4341-baa3-4b7c5d657b18	7	90456295	97756658	4674	0.6183
26a8e4f3-e066-4341-baa3-4b7c5d657b18	7	97766148	97766194	7	-0.0365
26a8e4f3-e066-4341-baa3-4b7c5d657b18	7	97766197	102869567	2140	0.5903
26a8e4f3-e066-4341-baa3-4b7c5d657b18	7	102869889	108166550	3393	0.6309
26a8e4f3-e066-4341-baa3-4b7c5d657b18	7	108168967	108188913	25	0.9429
26a8e4f3-e066-4341-baa3-4b7c5d657b18	7	108189416	109234060	701	0.6525
26a8e4f3-e066-4341-baa3-4b7c5d657b18	7	109243832	109247158	4	1.2553
26a8e4f3-e066-4341-baa3-4b7c5d657b18	7	109248246	109797042	355	0.637
26a8e4f3-e066-4341-baa3-4b7c5d657b18	7	109797043	109801722	21	-0.0601
26a8e4f3-e066-4341-baa3-4b7c5d657b18	7	109801752	115754464	3530	0.6119
26a8e4f3-e066-4341-baa3-4b7c5d657b18	7	115755353	119042202	2123	0.6735
26a8e4f3-e066-4341-baa3-4b7c5d657b18	7	119044231	126406561	4398	0.6188
26a8e4f3-e066-4341-baa3-4b7c5d657b18	7	126406822	126406827	6	-0.0825
26a8e4f3-e066-4341-baa3-4b7c5d657b18	7	126412712	131517188	2904	0.6338
26a8e4f3-e066-4341-baa3-4b7c5d657b18	7	131520177	134758186	2346	0.5798
26a8e4f3-e066-4341-baa3-4b7c5d657b18	7	134758227	142063324	4676	0.6163
26a8e4f3-e066-4341-baa3-4b7c5d657b18	7	142069843	142092307	34	0.2013
26a8e4f3-e066-4341-baa3-4b7c5d657b18	7	142099190	143802294	925	0.6241
26a8e4f3-e066-4341-baa3-4b7c5d657b18	7	143846758	143850179	9	-0.3736
26a8e4f3-e066-4341-baa3-4b7c5d657b18	7	143875073	144264193	276	0.6253
26a8e4f3-e066-4341-baa3-4b7c5d657b18	7	144295437	144312471	3	-0.8924
26a8e4f3-e066-4341-baa3-4b7c5d657b18	7	144326306	150588016	3841	0.6112
26a8e4f3-e066-4341-baa3-4b7c5d657b18	7	150588713	150604481	8	-0.8801
26a8e4f3-e066-4341-baa3-4b7c5d657b18	7	150610834	158894684	5495	0.5903
26a8e4f3-e066-4341-baa3-4b7c5d657b18	7	158896777	159334314	312	0.4815
26a8e4f3-e066-4341-baa3-4b7c5d657b18	8	81254	2148525	1497	-0.2395
26a8e4f3-e066-4341-baa3-4b7c5d657b18	8	2148745	6254379	5244	-0.1493
26a8e4f3-e066-4341-baa3-4b7c5d657b18	8	6254760	6302549	77	-0.2987
26a8e4f3-e066-4341-baa3-4b7c5d657b18	8	6304046	6316347	17	-1.2367
26a8e4f3-e066-4341-baa3-4b7c5d657b18	8	6317366	6852226	604	-0.1587
26a8e4f3-e066-4341-baa3-4b7c5d657b18	8	6852835	6853173	2	-1.9172
26a8e4f3-e066-4341-baa3-4b7c5d657b18	8	6853239	6853357	2	-0.804
26a8e4f3-e066-4341-baa3-4b7c5d657b18	8	6853891	7167045	269	-0.194
26a8e4f3-e066-4341-baa3-4b7c5d657b18	8	7172468	7296545	6	-0.8403
26a8e4f3-e066-4341-baa3-4b7c5d657b18	8	7312952	9206492	990	-0.0957
26a8e4f3-e066-4341-baa3-4b7c5d657b18	8	9206749	12581382	2354	-0.177
26a8e4f3-e066-4341-baa3-4b7c5d657b18	8	12585546	12649562	11	-1.01
26a8e4f3-e066-4341-baa3-4b7c5d657b18	8	12670919	16029179	3203	-0.1307
26a8e4f3-e066-4341-baa3-4b7c5d657b18	8	16029300	18089578	1838	-0.0821
26a8e4f3-e066-4341-baa3-4b7c5d657b18	8	18090499	25047823	5300	-0.1348
26a8e4f3-e066-4341-baa3-4b7c5d657b18	8	25051858	25114437	46	-0.5311
26a8e4f3-e066-4341-baa3-4b7c5d657b18	8	25114672	25126818	28	0.2051
26a8e4f3-e066-4341-baa3-4b7c5d657b18	8	25133589	46000692	11657	-0.4504
26a8e4f3-e066-4341-baa3-4b7c5d657b18	8	46007651	46413492	105	-0.0537
26a8e4f3-e066-4341-baa3-4b7c5d657b18	8	46431737	49376709	1443	0.092
26a8e4f3-e066-4341-baa3-4b7c5d657b18	8	49378208	49460981	42	-0.8632
26a8e4f3-e066-4341-baa3-4b7c5d657b18	8	49465718	53240641	2492	0.157
26a8e4f3-e066-4341-baa3-4b7c5d657b18	8	53241751	57049036	2411	0.116
26a8e4f3-e066-4341-baa3-4b7c5d657b18	8	57051679	57056219	4	-0.6066
26a8e4f3-e066-4341-baa3-4b7c5d657b18	8	57058675	58182547	809	0.1049
26a8e4f3-e066-4341-baa3-4b7c5d657b18	8	58182914	89077047	18548	0.1536
26a8e4f3-e066-4341-baa3-4b7c5d657b18	8	89079574	89099765	46	-0.0889
26a8e4f3-e066-4341-baa3-4b7c5d657b18	8	89101687	89319307	184	0.1153
26a8e4f3-e066-4341-baa3-4b7c5d657b18	8	89319322	89669227	208	-0.0363
26a8e4f3-e066-4341-baa3-4b7c5d657b18	8	89669332	89795535	56	0.1957
26a8e4f3-e066-4341-baa3-4b7c5d657b18	8	89795916	90176167	261	-0.7095
26a8e4f3-e066-4341-baa3-4b7c5d657b18	8	90176284	101022461	6475	0.1818
26a8e4f3-e066-4341-baa3-4b7c5d657b18	8	101027479	111279265	6334	0.4723
26a8e4f3-e066-4341-baa3-4b7c5d657b18	8	111282050	111283031	10	1.6837
26a8e4f3-e066-4341-baa3-4b7c5d657b18	8	111288052	118576911	4522	0.4507
26a8e4f3-e066-4341-baa3-4b7c5d657b18	8	118577146	129462191	7606	0.4931
26a8e4f3-e066-4341-baa3-4b7c5d657b18	8	129466435	134861373	4303	0.4474
26a8e4f3-e066-4341-baa3-4b7c5d657b18	8	134865039	140994652	4698	0.4216
26a8e4f3-e066-4341-baa3-4b7c5d657b18	8	140994738	140995610	8	-0.1217
26a8e4f3-e066-4341-baa3-4b7c5d657b18	8	140996777	141323326	207	0.422
26a8e4f3-e066-4341-baa3-4b7c5d657b18	8	141323524	142306889	579	0.2989
26a8e4f3-e066-4341-baa3-4b7c5d657b18	8	142308160	144224999	668	0.415
26a8e4f3-e066-4341-baa3-4b7c5d657b18	8	144225106	144851387	202	0.2715
26a8e4f3-e066-4341-baa3-4b7c5d657b18	8	144855326	145072769	131	0.4831
26a8e4f3-e066-4341-baa3-4b7c5d657b18	9	46587	6695986	6377	0.1457
26a8e4f3-e066-4341-baa3-4b7c5d657b18	9	6701145	6708357	7	-1.118
26a8e4f3-e066-4341-baa3-4b7c5d657b18	9	6712314	8816665	2088	0.1362
26a8e4f3-e066-4341-baa3-4b7c5d657b18	9	8822267	8843207	17	-0.3457
26a8e4f3-e066-4341-baa3-4b7c5d657b18	9	8843363	10542197	1597	0.1568
26a8e4f3-e066-4341-baa3-4b7c5d657b18	9	10542221	11952128	1130	0.0699
26a8e4f3-e066-4341-baa3-4b7c5d657b18	9	11952280	16064146	3261	0.1398
26a8e4f3-e066-4341-baa3-4b7c5d657b18	9	16064172	17275687	1132	0.088
26a8e4f3-e066-4341-baa3-4b7c5d657b18	9	17279510	20539161	2781	0.1561
26a8e4f3-e066-4341-baa3-4b7c5d657b18	9	20539893	20883971	266	-0.2095
26a8e4f3-e066-4341-baa3-4b7c5d657b18	9	20887713	25589280	3389	0.1209
26a8e4f3-e066-4341-baa3-4b7c5d657b18	9	25591901	25592658	4	-1.1361
26a8e4f3-e066-4341-baa3-4b7c5d657b18	9	25597967	31234840	4221	0.1347
26a8e4f3-e066-4341-baa3-4b7c5d657b18	9	31242465	33935738	1906	0.1752
26a8e4f3-e066-4341-baa3-4b7c5d657b18	9	33939714	33940197	2	-1.2954
26a8e4f3-e066-4341-baa3-4b7c5d657b18	9	33941392	36548130	1329	0.174
26a8e4f3-e066-4341-baa3-4b7c5d657b18	9	36548245	42302534	1810	0.1117
26a8e4f3-e066-4341-baa3-4b7c5d657b18	9	42302678	61405110	62	-0.226
26a8e4f3-e066-4341-baa3-4b7c5d657b18	9	61520021	68412579	217	0.0241
26a8e4f3-e066-4341-baa3-4b7c5d657b18	9	68420536	70812608	1904	0.1347
26a8e4f3-e066-4341-baa3-4b7c5d657b18	9	70813616	76716149	4203	0.191
26a8e4f3-e066-4341-baa3-4b7c5d657b18	9	76717397	78892320	1558	0.1459
26a8e4f3-e066-4341-baa3-4b7c5d657b18	9	78892321	78893289	2	-1.19
26a8e4f3-e066-4341-baa3-4b7c5d657b18	9	78893393	83583597	3337	0.1167
26a8e4f3-e066-4341-baa3-4b7c5d657b18	9	83587542	83590889	5	-1.2159
26a8e4f3-e066-4341-baa3-4b7c5d657b18	9	83593105	87381910	2685	0.1069
26a8e4f3-e066-4341-baa3-4b7c5d657b18	9	87382051	88577257	867	0.0521
26a8e4f3-e066-4341-baa3-4b7c5d657b18	9	88579568	91932408	2545	0.1212
26a8e4f3-e066-4341-baa3-4b7c5d657b18	9	91932457	95487005	2128	0.1396
26a8e4f3-e066-4341-baa3-4b7c5d657b18	9	95487661	95488277	6	-0.6033
26a8e4f3-e066-4341-baa3-4b7c5d657b18	9	95488676	96023186	454	0.1673
26a8e4f3-e066-4341-baa3-4b7c5d657b18	9	96032397	96032530	2	-1.0061
26a8e4f3-e066-4341-baa3-4b7c5d657b18	9	96037691	97930653	1043	0.1521
26a8e4f3-e066-4341-baa3-4b7c5d657b18	9	97933114	100955372	1981	0.1118
26a8e4f3-e066-4341-baa3-4b7c5d657b18	9	100955469	103804216	2067	0.1617
26a8e4f3-e066-4341-baa3-4b7c5d657b18	9	103806415	103807009	2	-1.2363
26a8e4f3-e066-4341-baa3-4b7c5d657b18	9	103808421	116136332	9410	0.1555
26a8e4f3-e066-4341-baa3-4b7c5d657b18	9	116137782	120358266	3600	0.0907
26a8e4f3-e066-4341-baa3-4b7c5d657b18	9	120360741	120434199	68	-0.3219
26a8e4f3-e066-4341-baa3-4b7c5d657b18	9	120442703	120562486	81	0.0708
26a8e4f3-e066-4341-baa3-4b7c5d657b18	9	120563301	133385146	7715	0.1461
26a8e4f3-e066-4341-baa3-4b7c5d657b18	9	133387693	138200944	2240	0.0661
26a8e4f3-e066-4341-baa3-4b7c5d657b18	10	45792	3406249	2830	0.0204
26a8e4f3-e066-4341-baa3-4b7c5d657b18	10	3412315	4491733	1047	0.0757
26a8e4f3-e066-4341-baa3-4b7c5d657b18	10	4491873	5268570	623	0.1565
26a8e4f3-e066-4341-baa3-4b7c5d657b18	10	5268717	13007885	6411	0.0652
26a8e4f3-e066-4341-baa3-4b7c5d657b18	10	13008005	13008170	5	-0.9142
26a8e4f3-e066-4341-baa3-4b7c5d657b18	10	13008428	18737912	4612	0.0624
26a8e4f3-e066-4341-baa3-4b7c5d657b18	10	18737957	19564822	640	0.1298
26a8e4f3-e066-4341-baa3-4b7c5d657b18	10	19564990	19911739	239	0.0804
26a8e4f3-e066-4341-baa3-4b7c5d657b18	10	19917402	19918471	6	-0.7498
26a8e4f3-e066-4341-baa3-4b7c5d657b18	10	19918745	20343558	408	0.0648
26a8e4f3-e066-4341-baa3-4b7c5d657b18	10	20347794	20840769	435	-0.2999
26a8e4f3-e066-4341-baa3-4b7c5d657b18	10	20843658	22570950	914	0.0736
26a8e4f3-e066-4341-baa3-4b7c5d657b18	10	22571139	22573140	3	-0.8614
26a8e4f3-e066-4341-baa3-4b7c5d657b18	10	22573353	26934974	3016	0.0595
26a8e4f3-e066-4341-baa3-4b7c5d657b18	10	26936975	26942681	17	-0.335
26a8e4f3-e066-4341-baa3-4b7c5d657b18	10	26942964	30875248	2972	0.0755
26a8e4f3-e066-4341-baa3-4b7c5d657b18	10	30875284	32928309	1276	0.1179
26a8e4f3-e066-4341-baa3-4b7c5d657b18	10	32933508	34810444	1381	0.0655
26a8e4f3-e066-4341-baa3-4b7c5d657b18	10	34811810	45817039	4604	0.0122
26a8e4f3-e066-4341-baa3-4b7c5d657b18	10	45936113	45998155	2	1.5389
26a8e4f3-e066-4341-baa3-4b7c5d657b18	10	45999975	47084322	308	-0.0998
26a8e4f3-e066-4341-baa3-4b7c5d657b18	10	47084420	48084420	283	0.0076
26a8e4f3-e066-4341-baa3-4b7c5d657b18	10	48084439	48125747	5	0.7451
26a8e4f3-e066-4341-baa3-4b7c5d657b18	10	48154966	49902233	1331	0.0264
26a8e4f3-e066-4341-baa3-4b7c5d657b18	10	49902373	50235079	53	-0.1376
26a8e4f3-e066-4341-baa3-4b7c5d657b18	10	50240776	51890325	1249	0.1197
26a8e4f3-e066-4341-baa3-4b7c5d657b18	10	51890375	55727624	2925	0.0638
26a8e4f3-e066-4341-baa3-4b7c5d657b18	10	55728051	63242028	5340	0.1097
26a8e4f3-e066-4341-baa3-4b7c5d657b18	10	63242973	63282440	17	-0.0088
26a8e4f3-e066-4341-baa3-4b7c5d657b18	10	63288965	63344644	36	-0.4165
26a8e4f3-e066-4341-baa3-4b7c5d657b18	10	63348396	63703204	170	0.0037
26a8e4f3-e066-4341-baa3-4b7c5d657b18	10	63703686	64010629	222	-0.1282
26a8e4f3-e066-4341-baa3-4b7c5d657b18	10	64010659	65105806	726	0.0775
26a8e4f3-e066-4341-baa3-4b7c5d657b18	10	65106007	65150729	24	-0.3375
26a8e4f3-e066-4341-baa3-4b7c5d657b18	10	65159097	68187891	2059	0.0885
26a8e4f3-e066-4341-baa3-4b7c5d657b18	10	68187924	72106890	2842	0.01
26a8e4f3-e066-4341-baa3-4b7c5d657b18	10	72107696	74566174	1000	0.0913
26a8e4f3-e066-4341-baa3-4b7c5d657b18	10	74568390	76293288	1048	0.0326
26a8e4f3-e066-4341-baa3-4b7c5d657b18	10	76294083	76992894	511	0.0895
26a8e4f3-e066-4341-baa3-4b7c5d657b18	10	76994518	79625693	2089	0.0114
26a8e4f3-e066-4341-baa3-4b7c5d657b18	10	79649470	79689251	5	-1.0518
26a8e4f3-e066-4341-baa3-4b7c5d657b18	10	79689972	87105532	5172	0.0327
26a8e4f3-e066-4341-baa3-4b7c5d657b18	10	87108914	87269486	31	-0.1241
26a8e4f3-e066-4341-baa3-4b7c5d657b18	10	87278584	90703067	2482	0.0964
26a8e4f3-e066-4341-baa3-4b7c5d657b18	10	90703388	108745024	11386	0.0525
26a8e4f3-e066-4341-baa3-4b7c5d657b18	10	108745044	110027753	815	0.0948
26a8e4f3-e066-4341-baa3-4b7c5d657b18	10	110030390	110030804	2	-1.1442
26a8e4f3-e066-4341-baa3-4b7c5d657b18	10	110031677	118836307	6176	0.0804
26a8e4f3-e066-4341-baa3-4b7c5d657b18	10	118836909	125378921	4897	0.0391
26a8e4f3-e066-4341-baa3-4b7c5d657b18	10	125380064	125384374	2	-1.4387
26a8e4f3-e066-4341-baa3-4b7c5d657b18	10	125385491	127836320	1940	0.0294
26a8e4f3-e066-4341-baa3-4b7c5d657b18	10	127837644	130471868	2085	-0.0149
26a8e4f3-e066-4341-baa3-4b7c5d657b18	10	130472507	131194675	670	-0.1073
26a8e4f3-e066-4341-baa3-4b7c5d657b18	10	131194690	133654968	1328	-0.0338
26a8e4f3-e066-4341-baa3-4b7c5d657b18	11	198510	2106956	644	0.0885
26a8e4f3-e066-4341-baa3-4b7c5d657b18	11	2107079	2212939	30	0.4664
26a8e4f3-e066-4341-baa3-4b7c5d657b18	11	2217166	2593508	163	0.13
26a8e4f3-e066-4341-baa3-4b7c5d657b18	11	2594370	3154455	333	0.414
26a8e4f3-e066-4341-baa3-4b7c5d657b18	11	3154735	3246769	54	0.125
26a8e4f3-e066-4341-baa3-4b7c5d657b18	11	3261338	3274037	3	-0.5466
26a8e4f3-e066-4341-baa3-4b7c5d657b18	11	3281283	3520831	84	0.4665
26a8e4f3-e066-4341-baa3-4b7c5d657b18	11	3531497	3865531	189	0.145
26a8e4f3-e066-4341-baa3-4b7c5d657b18	11	3868153	4069518	113	0.4498
26a8e4f3-e066-4341-baa3-4b7c5d657b18	11	4070603	4451541	253	0.1327
26a8e4f3-e066-4341-baa3-4b7c5d657b18	11	4454949	4878319	467	0.4216
26a8e4f3-e066-4341-baa3-4b7c5d657b18	11	4885842	5000177	159	0.1771
26a8e4f3-e066-4341-baa3-4b7c5d657b18	11	5000806	5768371	745	0.4195
26a8e4f3-e066-4341-baa3-4b7c5d657b18	11	5768495	5791130	32	0.7873
26a8e4f3-e066-4341-baa3-4b7c5d657b18	11	5794956	6553486	526	0.4357
26a8e4f3-e066-4341-baa3-4b7c5d657b18	11	6554475	12644408	4695	0.1388
26a8e4f3-e066-4341-baa3-4b7c5d657b18	11	12652216	12774978	63	-0.2314
26a8e4f3-e066-4341-baa3-4b7c5d657b18	11	12777491	18919323	4125	0.1362
26a8e4f3-e066-4341-baa3-4b7c5d657b18	11	18927525	18940191	42	0.6116
26a8e4f3-e066-4341-baa3-4b7c5d657b18	11	18940271	24422703	4371	0.1332
26a8e4f3-e066-4341-baa3-4b7c5d657b18	11	24424822	24426702	4	-0.7209
26a8e4f3-e066-4341-baa3-4b7c5d657b18	11	24428711	27266630	2229	0.1474
26a8e4f3-e066-4341-baa3-4b7c5d657b18	11	27274331	27302403	25	-0.3721
26a8e4f3-e066-4341-baa3-4b7c5d657b18	11	27306107	27426604	72	0.1442
26a8e4f3-e066-4341-baa3-4b7c5d657b18	11	27429609	27865785	264	0.0106
26a8e4f3-e066-4341-baa3-4b7c5d657b18	11	27865846	32651442	3040	0.1147
26a8e4f3-e066-4341-baa3-4b7c5d657b18	11	32653729	38881663	4526	0.1622
26a8e4f3-e066-4341-baa3-4b7c5d657b18	11	38882409	48576870	6059	0.1234
26a8e4f3-e066-4341-baa3-4b7c5d657b18	11	48579882	48581124	2	-1.5915
26a8e4f3-e066-4341-baa3-4b7c5d657b18	11	48584766	55593934	1175	0.0864
26a8e4f3-e066-4341-baa3-4b7c5d657b18	11	55593955	55674842	50	-0.5444
26a8e4f3-e066-4341-baa3-4b7c5d657b18	11	55676735	64806290	5126	0.1226
26a8e4f3-e066-4341-baa3-4b7c5d657b18	11	64817487	65877769	401	-0.027
26a8e4f3-e066-4341-baa3-4b7c5d657b18	11	65877796	71549250	2749	0.076
26a8e4f3-e066-4341-baa3-4b7c5d657b18	11	71550088	78128304	3386	0.1288
26a8e4f3-e066-4341-baa3-4b7c5d657b18	11	78137903	79917965	1338	0.0603
26a8e4f3-e066-4341-baa3-4b7c5d657b18	11	79918654	80256469	271	-0.3033
26a8e4f3-e066-4341-baa3-4b7c5d657b18	11	80256504	80256520	2	-2.9549
26a8e4f3-e066-4341-baa3-4b7c5d657b18	11	80256642	80686561	361	-0.1685
26a8e4f3-e066-4341-baa3-4b7c5d657b18	11	80688043	81024273	229	-0.3203
26a8e4f3-e066-4341-baa3-4b7c5d657b18	11	81024863	81102079	60	-0.0054
26a8e4f3-e066-4341-baa3-4b7c5d657b18	11	81102142	81164549	57	-0.2722
26a8e4f3-e066-4341-baa3-4b7c5d657b18	11	81164589	81174722	43	0.1188
26a8e4f3-e066-4341-baa3-4b7c5d657b18	11	81175793	81682549	458	-0.2548
26a8e4f3-e066-4341-baa3-4b7c5d657b18	11	81682649	86590915	3286	0.1388
26a8e4f3-e066-4341-baa3-4b7c5d657b18	11	86594619	86595012	6	-0.9301
26a8e4f3-e066-4341-baa3-4b7c5d657b18	11	86604132	89815724	2103	0.1214
26a8e4f3-e066-4341-baa3-4b7c5d657b18	11	89817056	89847184	3	-1.4163
26a8e4f3-e066-4341-baa3-4b7c5d657b18	11	89878176	90077170	9	-0.375
26a8e4f3-e066-4341-baa3-4b7c5d657b18	11	90085142	92219117	1521	0.0907
26a8e4f3-e066-4341-baa3-4b7c5d657b18	11	92219554	92240362	21	-0.3962
26a8e4f3-e066-4341-baa3-4b7c5d657b18	11	92240638	108605093	11678	0.1266
26a8e4f3-e066-4341-baa3-4b7c5d657b18	11	108605253	119295590	7330	-0.2538
26a8e4f3-e066-4341-baa3-4b7c5d657b18	11	119295701	127296958	5876	-0.2871
26a8e4f3-e066-4341-baa3-4b7c5d657b18	11	127297614	131148362	2857	-0.2516
26a8e4f3-e066-4341-baa3-4b7c5d657b18	11	131148837	133281041	1798	-0.3176
26a8e4f3-e066-4341-baa3-4b7c5d657b18	11	133281078	133944818	480	-0.2663
26a8e4f3-e066-4341-baa3-4b7c5d657b18	11	133947438	133949547	5	-1.3934
26a8e4f3-e066-4341-baa3-4b7c5d657b18	11	133952831	134356384	253	-0.288
26a8e4f3-e066-4341-baa3-4b7c5d657b18	11	134358099	135074876	584	-0.4156
26a8e4f3-e066-4341-baa3-4b7c5d657b18	12	51460	759943	417	-0.1882
26a8e4f3-e066-4341-baa3-4b7c5d657b18	12	760032	767122	20	-0.6727
26a8e4f3-e066-4341-baa3-4b7c5d657b18	12	767212	9325142	5661	-0.1079
26a8e4f3-e066-4341-baa3-4b7c5d657b18	12	9325251	9466572	68	-0.326
26a8e4f3-e066-4341-baa3-4b7c5d657b18	12	9467109	30821787	14982	-0.0635
26a8e4f3-e066-4341-baa3-4b7c5d657b18	12	30824421	33141710	1635	-0.1071
26a8e4f3-e066-4341-baa3-4b7c5d657b18	12	33141726	33154440	28	-2.7403
26a8e4f3-e066-4341-baa3-4b7c5d657b18	12	33155426	34089076	577	-0.0629
26a8e4f3-e066-4341-baa3-4b7c5d657b18	12	34091994	45510655	5007	-0.208
26a8e4f3-e066-4341-baa3-4b7c5d657b18	12	45512057	45515754	3	1.0324
26a8e4f3-e066-4341-baa3-4b7c5d657b18	12	45519509	58934782	7713	-0.1915
26a8e4f3-e066-4341-baa3-4b7c5d657b18	12	58938751	59080713	123	-0.7045
26a8e4f3-e066-4341-baa3-4b7c5d657b18	12	59088005	73386609	9198	-0.1795
26a8e4f3-e066-4341-baa3-4b7c5d657b18	12	73389340	73665028	138	-0.471
26a8e4f3-e066-4341-baa3-4b7c5d657b18	12	73692041	73851767	113	-0.1704
26a8e4f3-e066-4341-baa3-4b7c5d657b18	12	73853135	73972627	55	-0.5259
26a8e4f3-e066-4341-baa3-4b7c5d657b18	12	73972980	79097444	3394	-0.1542
26a8e4f3-e066-4341-baa3-4b7c5d657b18	12	79098188	84056131	3044	-0.2039
26a8e4f3-e066-4341-baa3-4b7c5d657b18	12	84057045	93899539	5952	-0.163
26a8e4f3-e066-4341-baa3-4b7c5d657b18	12	93900459	99240013	3860	-0.214
26a8e4f3-e066-4341-baa3-4b7c5d657b18	12	99245951	99397993	94	-0.1121
26a8e4f3-e066-4341-baa3-4b7c5d657b18	12	99398014	99404956	33	-0.6203
26a8e4f3-e066-4341-baa3-4b7c5d657b18	12	99409315	105785884	4236	-0.1933
26a8e4f3-e066-4341-baa3-4b7c5d657b18	12	105785929	113036494	4531	-0.2239
26a8e4f3-e066-4341-baa3-4b7c5d657b18	12	113041552	114842014	1295	-0.2888
26a8e4f3-e066-4341-baa3-4b7c5d657b18	12	114843459	120721826	4181	-0.2386
26a8e4f3-e066-4341-baa3-4b7c5d657b18	12	120722625	124180356	1619	-0.1841
26a8e4f3-e066-4341-baa3-4b7c5d657b18	12	124184513	127149742	2373	-0.2522
26a8e4f3-e066-4341-baa3-4b7c5d657b18	12	127149760	127150514	8	0.1222
26a8e4f3-e066-4341-baa3-4b7c5d657b18	12	127150538	128974608	1566	-0.3008
26a8e4f3-e066-4341-baa3-4b7c5d657b18	12	128974988	128977386	6	-1.5976
26a8e4f3-e066-4341-baa3-4b7c5d657b18	12	128978936	129122107	138	-0.3722
26a8e4f3-e066-4341-baa3-4b7c5d657b18	12	129125335	129289849	176	-0.8184
26a8e4f3-e066-4341-baa3-4b7c5d657b18	12	129290364	133201603	2565	-0.315
26a8e4f3-e066-4341-baa3-4b7c5d657b18	13	18452809	18905299	120	0.6226
26a8e4f3-e066-4341-baa3-4b7c5d657b18	13	18908669	19783080	519	0.8072
26a8e4f3-e066-4341-baa3-4b7c5d657b18	13	19784752	19829366	22	0.4237
26a8e4f3-e066-4341-baa3-4b7c5d657b18	13	19835791	34643622	10937	0.8503
26a8e4f3-e066-4341-baa3-4b7c5d657b18	13	34649005	37429498	1812	0.7846
26a8e4f3-e066-4341-baa3-4b7c5d657b18	13	37429924	37501828	78	0.8481
26a8e4f3-e066-4341-baa3-4b7c5d657b18	13	37502130	37510595	11	1.3282
26a8e4f3-e066-4341-baa3-4b7c5d657b18	13	37510620	40385357	2188	0.8417
26a8e4f3-e066-4341-baa3-4b7c5d657b18	13	40386051	51455455	7234	0.8915
26a8e4f3-e066-4341-baa3-4b7c5d657b18	13	51455625	52497017	479	0.8496
26a8e4f3-e066-4341-baa3-4b7c5d657b18	13	52500777	52520664	6	0.1338
26a8e4f3-e066-4341-baa3-4b7c5d657b18	13	52523849	52531650	3	-1.3147
26a8e4f3-e066-4341-baa3-4b7c5d657b18	13	52543744	63771745	6523	0.8233
26a8e4f3-e066-4341-baa3-4b7c5d657b18	13	63772057	63772072	2	-0.6385
26a8e4f3-e066-4341-baa3-4b7c5d657b18	13	63772114	68675349	3033	0.8182
26a8e4f3-e066-4341-baa3-4b7c5d657b18	13	68676647	68684883	10	0.2196
26a8e4f3-e066-4341-baa3-4b7c5d657b18	13	68685082	70593406	1287	0.8507
26a8e4f3-e066-4341-baa3-4b7c5d657b18	13	70593566	72230762	1082	0.9142
26a8e4f3-e066-4341-baa3-4b7c5d657b18	13	72234344	72236198	3	-0.868
26a8e4f3-e066-4341-baa3-4b7c5d657b18	13	72238924	74321941	1533	0.9076
26a8e4f3-e066-4341-baa3-4b7c5d657b18	13	74322130	83128849	5812	0.8554
26a8e4f3-e066-4341-baa3-4b7c5d657b18	13	83129213	95497790	7969	0.8131
26a8e4f3-e066-4341-baa3-4b7c5d657b18	13	95500055	95500374	2	-0.5081
26a8e4f3-e066-4341-baa3-4b7c5d657b18	13	95502342	96348244	388	0.813
26a8e4f3-e066-4341-baa3-4b7c5d657b18	13	96348280	114342922	13113	0.8436
26a8e4f3-e066-4341-baa3-4b7c5d657b18	14	18239283	19049265	31	-0.1602
26a8e4f3-e066-4341-baa3-4b7c5d657b18	14	19078442	19957701	138	-0.521
26a8e4f3-e066-4341-baa3-4b7c5d657b18	14	19957752	21840190	1246	-0.1939
26a8e4f3-e066-4341-baa3-4b7c5d657b18	14	21840629	22509594	620	-0.0415
26a8e4f3-e066-4341-baa3-4b7c5d657b18	14	22509777	27597143	3246	-0.2108
26a8e4f3-e066-4341-baa3-4b7c5d657b18	14	27598020	27598217	2	-1.9533
26a8e4f3-e066-4341-baa3-4b7c5d657b18	14	27600247	45782200	11153	-0.2009
26a8e4f3-e066-4341-baa3-4b7c5d657b18	14	45784576	45892141	62	-0.6673
26a8e4f3-e066-4341-baa3-4b7c5d657b18	14	45892269	91826566	29661	-0.2128
26a8e4f3-e066-4341-baa3-4b7c5d657b18	14	91827174	96283044	3320	-0.2746
26a8e4f3-e066-4341-baa3-4b7c5d657b18	14	96283138	96838342	323	-0.2137
26a8e4f3-e066-4341-baa3-4b7c5d657b18	14	96842789	96967607	95	-0.8497
26a8e4f3-e066-4341-baa3-4b7c5d657b18	14	96970905	104302780	4579	-0.2614
26a8e4f3-e066-4341-baa3-4b7c5d657b18	14	104302886	104405529	53	-0.5261
26a8e4f3-e066-4341-baa3-4b7c5d657b18	14	104408221	106253393	534	-0.2771
26a8e4f3-e066-4341-baa3-4b7c5d657b18	14	106257142	106266761	9	-0.8378
26a8e4f3-e066-4341-baa3-4b7c5d657b18	14	106266923	106418444	66	-0.2351
26a8e4f3-e066-4341-baa3-4b7c5d657b18	14	106423925	106462183	48	-1.9128
26a8e4f3-e066-4341-baa3-4b7c5d657b18	14	106462724	106877229	195	-0.2565
26a8e4f3-e066-4341-baa3-4b7c5d657b18	15	19811075	23010380	447	-0.3484
26a8e4f3-e066-4341-baa3-4b7c5d657b18	15	23010618	23121974	72	-0.2181
26a8e4f3-e066-4341-baa3-4b7c5d657b18	15	23191818	23199669	3	-1.4817
26a8e4f3-e066-4341-baa3-4b7c5d657b18	15	23396367	24868339	966	-0.2465
26a8e4f3-e066-4341-baa3-4b7c5d657b18	15	24868362	30839824	3449	-0.3232
26a8e4f3-e066-4341-baa3-4b7c5d657b18	15	30842699	32769558	1117	-0.2408
26a8e4f3-e066-4341-baa3-4b7c5d657b18	15	32770191	32770271	2	-1.8911
26a8e4f3-e066-4341-baa3-4b7c5d657b18	15	32772096	48955786	10264	-0.2244
26a8e4f3-e066-4341-baa3-4b7c5d657b18	15	48956033	51012071	1097	-0.1662
26a8e4f3-e066-4341-baa3-4b7c5d657b18	15	51014815	53222625	1451	-0.2185
26a8e4f3-e066-4341-baa3-4b7c5d657b18	15	53229850	53235473	3	-1.5289
26a8e4f3-e066-4341-baa3-4b7c5d657b18	15	53235728	53902792	536	-0.1979
26a8e4f3-e066-4341-baa3-4b7c5d657b18	15	53908153	53909163	2	-1.6937
26a8e4f3-e066-4341-baa3-4b7c5d657b18	15	53910302	76586021	14477	-0.2193
26a8e4f3-e066-4341-baa3-4b7c5d657b18	15	76598900	76603434	22	0.4383
26a8e4f3-e066-4341-baa3-4b7c5d657b18	15	76609838	95160335	12628	-0.2382
26a8e4f3-e066-4341-baa3-4b7c5d657b18	15	95162909	101928837	4970	-0.288
26a8e4f3-e066-4341-baa3-4b7c5d657b18	16	10777	781121	315	-0.3579
26a8e4f3-e066-4341-baa3-4b7c5d657b18	16	781464	781496	2	-4.1952
26a8e4f3-e066-4341-baa3-4b7c5d657b18	16	790378	1016397	73	-0.2794
26a8e4f3-e066-4341-baa3-4b7c5d657b18	16	1023552	1038797	3	-2.023
26a8e4f3-e066-4341-baa3-4b7c5d657b18	16	1039949	6335881	3134	-0.2592
26a8e4f3-e066-4341-baa3-4b7c5d657b18	16	6337347	6742418	551	0.7135
26a8e4f3-e066-4341-baa3-4b7c5d657b18	16	6743649	6763286	46	-0.0407
26a8e4f3-e066-4341-baa3-4b7c5d657b18	16	6763670	8821048	2281	0.7637
26a8e4f3-e066-4341-baa3-4b7c5d657b18	16	8831869	9824390	891	0.6046
26a8e4f3-e066-4341-baa3-4b7c5d657b18	16	9825215	10073258	237	0.4146
26a8e4f3-e066-4341-baa3-4b7c5d657b18	16	10073577	10076656	2	-0.8862
26a8e4f3-e066-4341-baa3-4b7c5d657b18	16	10076752	12779123	2164	0.3648
26a8e4f3-e066-4341-baa3-4b7c5d657b18	16	12779929	15991694	1881	0.0998
26a8e4f3-e066-4341-baa3-4b7c5d657b18	16	15994500	16176993	148	0.3246
26a8e4f3-e066-4341-baa3-4b7c5d657b18	16	16177047	16743769	64	0.0707
26a8e4f3-e066-4341-baa3-4b7c5d657b18	16	16761504	18781388	1014	0.3651
26a8e4f3-e066-4341-baa3-4b7c5d657b18	16	18785267	21361279	1584	0.6018
26a8e4f3-e066-4341-baa3-4b7c5d657b18	16	21368130	21775420	130	0.3436
26a8e4f3-e066-4341-baa3-4b7c5d657b18	16	21776197	22701658	330	0.5899
26a8e4f3-e066-4341-baa3-4b7c5d657b18	16	22706267	29286385	4222	0.3906
26a8e4f3-e066-4341-baa3-4b7c5d657b18	16	29287243	30165932	232	0.2681
26a8e4f3-e066-4341-baa3-4b7c5d657b18	16	30166486	31944599	644	0.4276
26a8e4f3-e066-4341-baa3-4b7c5d657b18	16	31946047	35814079	473	0.2852
26a8e4f3-e066-4341-baa3-4b7c5d657b18	16	35818693	78339867	20828	0.4083
26a8e4f3-e066-4341-baa3-4b7c5d657b18	16	78339920	78350868	11	-0.2228
26a8e4f3-e066-4341-baa3-4b7c5d657b18	16	78351104	79802379	1803	0.3875
26a8e4f3-e066-4341-baa3-4b7c5d657b18	16	79804414	79804865	5	-0.9179
26a8e4f3-e066-4341-baa3-4b7c5d657b18	16	79807195	88413672	8104	0.3961
26a8e4f3-e066-4341-baa3-4b7c5d657b18	16	88423578	90096867	705	0.2606
26a8e4f3-e066-4341-baa3-4b7c5d657b18	17	150733	1792803	786	-0.8749
26a8e4f3-e066-4341-baa3-4b7c5d657b18	17	1796404	2213504	200	-0.2224
26a8e4f3-e066-4341-baa3-4b7c5d657b18	17	2213754	2381363	125	-0.7607
26a8e4f3-e066-4341-baa3-4b7c5d657b18	17	2381572	18414080	10259	-0.2589
26a8e4f3-e066-4341-baa3-4b7c5d657b18	17	18452078	18508083	15	-1.1504
26a8e4f3-e066-4341-baa3-4b7c5d657b18	17	18508609	18550123	10	-0.7741
26a8e4f3-e066-4341-baa3-4b7c5d657b18	17	18561272	22600630	1420	-0.2512
26a8e4f3-e066-4341-baa3-4b7c5d657b18	17	22602371	33338310	3269	-0.2115
26a8e4f3-e066-4341-baa3-4b7c5d657b18	17	33341293	36906542	2559	-0.2816
26a8e4f3-e066-4341-baa3-4b7c5d657b18	17	36906947	41265456	2144	-0.1944
26a8e4f3-e066-4341-baa3-4b7c5d657b18	17	41266762	41274279	24	-0.8849
26a8e4f3-e066-4341-baa3-4b7c5d657b18	17	41276472	46135062	2531	-0.231
26a8e4f3-e066-4341-baa3-4b7c5d657b18	17	46135838	46284643	88	0.2368
26a8e4f3-e066-4341-baa3-4b7c5d657b18	17	46284997	71965545	15361	-0.2162
26a8e4f3-e066-4341-baa3-4b7c5d657b18	17	71966125	73838553	1456	-0.2932
26a8e4f3-e066-4341-baa3-4b7c5d657b18	17	73839356	74660070	540	-0.4045
26a8e4f3-e066-4341-baa3-4b7c5d657b18	17	74660489	79246981	2469	-0.2715
26a8e4f3-e066-4341-baa3-4b7c5d657b18	17	79249578	79250308	3	-1.8944
26a8e4f3-e066-4341-baa3-4b7c5d657b18	17	79250962	83069541	1727	-0.2889
26a8e4f3-e066-4341-baa3-4b7c5d657b18	17	83071333	83091923	7	-0.7878
26a8e4f3-e066-4341-baa3-4b7c5d657b18	18	48133	310250	143	-0.6829
26a8e4f3-e066-4341-baa3-4b7c5d657b18	18	311393	928189	527	-0.8337
26a8e4f3-e066-4341-baa3-4b7c5d657b18	18	928209	5955912	3523	-0.7079
26a8e4f3-e066-4341-baa3-4b7c5d657b18	18	5956117	8861619	2281	-0.8307
26a8e4f3-e066-4341-baa3-4b7c5d657b18	18	8864443	14227776	3539	-0.7624
26a8e4f3-e066-4341-baa3-4b7c5d657b18	18	14229098	14905447	192	-0.5326
26a8e4f3-e066-4341-baa3-4b7c5d657b18	18	14908176	15034651	59	-0.9036
26a8e4f3-e066-4341-baa3-4b7c5d657b18	18	15048470	15124518	26	-0.6222
26a8e4f3-e066-4341-baa3-4b7c5d657b18	18	15127522	20991561	67	-0.3691
26a8e4f3-e066-4341-baa3-4b7c5d657b18	18	20992467	21853035	339	-0.6572
26a8e4f3-e066-4341-baa3-4b7c5d657b18	18	21855011	28729481	4376	-0.7385
26a8e4f3-e066-4341-baa3-4b7c5d657b18	18	28742041	36089908	4501	-0.6616
26a8e4f3-e066-4341-baa3-4b7c5d657b18	18	36090742	39451846	2328	-0.76
26a8e4f3-e066-4341-baa3-4b7c5d657b18	18	39454237	39527876	35	-1.5887
26a8e4f3-e066-4341-baa3-4b7c5d657b18	18	39528509	39528874	2	-7.2653
26a8e4f3-e066-4341-baa3-4b7c5d657b18	18	39530603	39552629	13	-1.2201
26a8e4f3-e066-4341-baa3-4b7c5d657b18	18	39555638	44497460	3169	-0.6955
26a8e4f3-e066-4341-baa3-4b7c5d657b18	18	44497879	46645009	1473	-0.799
26a8e4f3-e066-4341-baa3-4b7c5d657b18	18	46649522	46649618	2	-4.8378
26a8e4f3-e066-4341-baa3-4b7c5d657b18	18	46650255	63493365	11746	-0.7421
26a8e4f3-e066-4341-baa3-4b7c5d657b18	18	63496899	73840023	7550	-0.6758
26a8e4f3-e066-4341-baa3-4b7c5d657b18	18	73840164	80257174	4578	-0.8371
26a8e4f3-e066-4341-baa3-4b7c5d657b18	19	90910	21458742	9504	0.12
26a8e4f3-e066-4341-baa3-4b7c5d657b18	19	21462445	21471227	9	-1.4861
26a8e4f3-e066-4341-baa3-4b7c5d657b18	19	21478228	31631711	4692	0.0693
26a8e4f3-e066-4341-baa3-4b7c5d657b18	19	31633005	40828847	5291	0.1262
26a8e4f3-e066-4341-baa3-4b7c5d657b18	19	40832930	40886250	28	-0.761
26a8e4f3-e066-4341-baa3-4b7c5d657b18	19	40886749	43664129	1328	0.1179
26a8e4f3-e066-4341-baa3-4b7c5d657b18	19	43665089	48251558	2352	-0.2326
26a8e4f3-e066-4341-baa3-4b7c5d657b18	19	48252973	48254203	2	-1.7913
26a8e4f3-e066-4341-baa3-4b7c5d657b18	19	48254330	51628560	1552	-0.2684
26a8e4f3-e066-4341-baa3-4b7c5d657b18	19	51639099	51644944	11	-1.0869
26a8e4f3-e066-4341-baa3-4b7c5d657b18	19	51651652	56910406	3291	-0.2585
26a8e4f3-e066-4341-baa3-4b7c5d657b18	19	56910749	58586487	1038	-0.6362
26a8e4f3-e066-4341-baa3-4b7c5d657b18	20	80664	80941	9	0.3256
26a8e4f3-e066-4341-baa3-4b7c5d657b18	20	81034	1580353	1195	1.081
26a8e4f3-e066-4341-baa3-4b7c5d657b18	20	1580934	1613247	41	2.1645
26a8e4f3-e066-4341-baa3-4b7c5d657b18	20	1617300	3830786	1570	1.0932
26a8e4f3-e066-4341-baa3-4b7c5d657b18	20	3832059	3837838	2	-0.344
26a8e4f3-e066-4341-baa3-4b7c5d657b18	20	3838991	4058019	124	1.0308
26a8e4f3-e066-4341-baa3-4b7c5d657b18	20	4058537	4060093	2	-0.3987
26a8e4f3-e066-4341-baa3-4b7c5d657b18	20	4060116	5167951	899	1.082
26a8e4f3-e066-4341-baa3-4b7c5d657b18	20	5170254	5170468	2	-0.5443
26a8e4f3-e066-4341-baa3-4b7c5d657b18	20	5172576	6952113	1357	1.0926
26a8e4f3-e066-4341-baa3-4b7c5d657b18	20	6955207	8714824	1359	1.1497
26a8e4f3-e066-4341-baa3-4b7c5d657b18	20	8715042	12854743	3359	1.0833
26a8e4f3-e066-4341-baa3-4b7c5d657b18	20	12855739	12856766	2	-0.2498
26a8e4f3-e066-4341-baa3-4b7c5d657b18	20	12858894	14107542	827	1.0833
26a8e4f3-e066-4341-baa3-4b7c5d657b18	20	14109865	14368721	138	0.1059
26a8e4f3-e066-4341-baa3-4b7c5d657b18	20	14371995	14427444	29	-0.1749
26a8e4f3-e066-4341-baa3-4b7c5d657b18	20	14434582	14521504	49	0.1339
26a8e4f3-e066-4341-baa3-4b7c5d657b18	20	14526964	14927182	355	1.0136
26a8e4f3-e066-4341-baa3-4b7c5d657b18	20	14927389	15064440	107	0.7856
26a8e4f3-e066-4341-baa3-4b7c5d657b18	20	15064569	15126332	63	0.9732
26a8e4f3-e066-4341-baa3-4b7c5d657b18	20	15126392	15386821	212	0.7485
26a8e4f3-e066-4341-baa3-4b7c5d657b18	20	15388752	15556602	173	0.9164
26a8e4f3-e066-4341-baa3-4b7c5d657b18	20	15556853	17973964	2243	1.0981
26a8e4f3-e066-4341-baa3-4b7c5d657b18	20	17974395	22606166	3419	0.937
26a8e4f3-e066-4341-baa3-4b7c5d657b18	20	22608412	25557385	2213	0.7449
26a8e4f3-e066-4341-baa3-4b7c5d657b18	20	25558704	31755913	568	0.6733
26a8e4f3-e066-4341-baa3-4b7c5d657b18	20	31759373	37056247	2539	0.7711
26a8e4f3-e066-4341-baa3-4b7c5d657b18	20	37068156	37093952	91	0.5393
26a8e4f3-e066-4341-baa3-4b7c5d657b18	20	37094427	38884055	1111	0.781
26a8e4f3-e066-4341-baa3-4b7c5d657b18	20	38885645	43906581	3707	0.7323
26a8e4f3-e066-4341-baa3-4b7c5d657b18	20	43906835	54065071	7211	0.7711
26a8e4f3-e066-4341-baa3-4b7c5d657b18	20	54065291	54065389	5	-0.9717
26a8e4f3-e066-4341-baa3-4b7c5d657b18	20	54065719	64284715	7408	0.7414
26a8e4f3-e066-4341-baa3-4b7c5d657b18	20	64323342	64324800	5	-0.7038
26a8e4f3-e066-4341-baa3-4b7c5d657b18	21	10354168	13028693	97	0.2871
26a8e4f3-e066-4341-baa3-4b7c5d657b18	21	13080541	23536044	7169	-0.207
26a8e4f3-e066-4341-baa3-4b7c5d657b18	21	23536758	23999409	388	-0.2801
26a8e4f3-e066-4341-baa3-4b7c5d657b18	21	24009813	39566104	11474	-0.24
26a8e4f3-e066-4341-baa3-4b7c5d657b18	21	39566388	45348615	3966	-0.2785
26a8e4f3-e066-4341-baa3-4b7c5d657b18	21	45355558	45621894	142	-0.5907
26a8e4f3-e066-4341-baa3-4b7c5d657b18	21	45624835	46677045	619	-0.3309
26a8e4f3-e066-4341-baa3-4b7c5d657b18	22	15294547	18822597	1139	-0.242
26a8e4f3-e066-4341-baa3-4b7c5d657b18	22	18917479	21698525	1641	-0.3405
26a8e4f3-e066-4341-baa3-4b7c5d657b18	22	21699797	27821177	5010	-0.2521
26a8e4f3-e066-4341-baa3-4b7c5d657b18	22	27821668	32529183	2708	-0.2015
26a8e4f3-e066-4341-baa3-4b7c5d657b18	22	32534156	37346951	3911	-0.2528
26a8e4f3-e066-4341-baa3-4b7c5d657b18	22	37352689	37353573	2	-2.9155
26a8e4f3-e066-4341-baa3-4b7c5d657b18	22	37353906	38894915	766	-0.2159
26a8e4f3-e066-4341-baa3-4b7c5d657b18	22	38899250	38900899	3	-1.4519
26a8e4f3-e066-4341-baa3-4b7c5d657b18	22	38903109	38967614	39	-0.2309
26a8e4f3-e066-4341-baa3-4b7c5d657b18	22	38967679	38979302	23	-1.5518
26a8e4f3-e066-4341-baa3-4b7c5d657b18	22	38993700	43103997	2245	-0.1977
26a8e4f3-e066-4341-baa3-4b7c5d657b18	22	43104206	44734521	1294	-0.2859
26a8e4f3-e066-4341-baa3-4b7c5d657b18	22	44734586	44740755	5	-2.0511
26a8e4f3-e066-4341-baa3-4b7c5d657b18	22	44741026	48017894	2410	-0.2562
26a8e4f3-e066-4341-baa3-4b7c5d657b18	22	48018262	50796027	2049	-0.3485
26a8e4f3-e066-4341-baa3-4b7c5d657b18	X	251810	3670094	751	-0.3272
26a8e4f3-e066-4341-baa3-4b7c5d657b18	X	3670539	5878822	1676	-0.2472
26a8e4f3-e066-4341-baa3-4b7c5d657b18	X	5879635	7568515	1261	-0.3582
26a8e4f3-e066-4341-baa3-4b7c5d657b18	X	7577345	7944004	314	-0.7336
26a8e4f3-e066-4341-baa3-4b7c5d657b18	X	7944746	9918154	1508	-0.3207
26a8e4f3-e066-4341-baa3-4b7c5d657b18	X	9920139	9920202	2	-1.8268
26a8e4f3-e066-4341-baa3-4b7c5d657b18	X	9920343	20698180	6843	-0.2954
26a8e4f3-e066-4341-baa3-4b7c5d657b18	X	20698602	20698879	2	-1.9052
26a8e4f3-e066-4341-baa3-4b7c5d657b18	X	20699534	21665429	390	-0.238
26a8e4f3-e066-4341-baa3-4b7c5d657b18	X	21673085	22460898	624	-0.3643
26a8e4f3-e066-4341-baa3-4b7c5d657b18	X	22464907	22788959	264	-0.3073
26a8e4f3-e066-4341-baa3-4b7c5d657b18	X	22789109	23274974	447	-0.2276
26a8e4f3-e066-4341-baa3-4b7c5d657b18	X	23275689	24577219	858	-0.3155
26a8e4f3-e066-4341-baa3-4b7c5d657b18	X	24577297	24577524	2	-1.7119
26a8e4f3-e066-4341-baa3-4b7c5d657b18	X	24577584	31297616	4236	-0.3132
26a8e4f3-e066-4341-baa3-4b7c5d657b18	X	31297984	31298023	2	-1.9038
26a8e4f3-e066-4341-baa3-4b7c5d657b18	X	31300997	31492569	143	-0.333
26a8e4f3-e066-4341-baa3-4b7c5d657b18	X	31493276	31535774	32	-0.8919
26a8e4f3-e066-4341-baa3-4b7c5d657b18	X	31536428	32997616	1132	-0.2983
26a8e4f3-e066-4341-baa3-4b7c5d657b18	X	32998959	34520579	1077	-0.195
26a8e4f3-e066-4341-baa3-4b7c5d657b18	X	34521805	36631083	1248	-0.2995
26a8e4f3-e066-4341-baa3-4b7c5d657b18	X	36632248	36633292	2	-1.7414
26a8e4f3-e066-4341-baa3-4b7c5d657b18	X	36635911	38990234	1326	-0.2768
26a8e4f3-e066-4341-baa3-4b7c5d657b18	X	38991486	40405935	816	-0.3487
26a8e4f3-e066-4341-baa3-4b7c5d657b18	X	40406499	42086282	855	-0.2893
26a8e4f3-e066-4341-baa3-4b7c5d657b18	X	42086692	43378982	702	-0.2196
26a8e4f3-e066-4341-baa3-4b7c5d657b18	X	43380200	58443930	6846	-0.3209
26a8e4f3-e066-4341-baa3-4b7c5d657b18	X	58443997	84680172	10030	0.0315
26a8e4f3-e066-4341-baa3-4b7c5d657b18	X	84680995	85475722	480	0.1722
26a8e4f3-e066-4341-baa3-4b7c5d657b18	X	85475979	94019775	4415	0.0566
26a8e4f3-e066-4341-baa3-4b7c5d657b18	X	94025979	94055515	22	-0.374
26a8e4f3-e066-4341-baa3-4b7c5d657b18	X	94056468	94286849	170	-0.8568
26a8e4f3-e066-4341-baa3-4b7c5d657b18	X	94287528	96991713	1601	-0.307
26a8e4f3-e066-4341-baa3-4b7c5d657b18	X	96996909	101799720	2636	0.0523
26a8e4f3-e066-4341-baa3-4b7c5d657b18	X	101800900	101805604	5	0.7963
26a8e4f3-e066-4341-baa3-4b7c5d657b18	X	101813188	114103027	6469	0.047
26a8e4f3-e066-4341-baa3-4b7c5d657b18	X	114107938	114111468	6	-0.8741
26a8e4f3-e066-4341-baa3-4b7c5d657b18	X	114113752	115720965	837	0.0811
26a8e4f3-e066-4341-baa3-4b7c5d657b18	X	115891389	117666385	1132	0.5241
26a8e4f3-e066-4341-baa3-4b7c5d657b18	X	117666469	118541206	540	0.4575
26a8e4f3-e066-4341-baa3-4b7c5d657b18	X	118544012	118607799	31	0.7979
26a8e4f3-e066-4341-baa3-4b7c5d657b18	X	118608293	121496282	1661	0.4658
26a8e4f3-e066-4341-baa3-4b7c5d657b18	X	121498913	132704212	6457	0.5074
26a8e4f3-e066-4341-baa3-4b7c5d657b18	X	132705888	135599854	1427	0.4525
26a8e4f3-e066-4341-baa3-4b7c5d657b18	X	135600175	135606029	2	-0.8967
26a8e4f3-e066-4341-baa3-4b7c5d657b18	X	135606374	139534382	2320	0.4386
26a8e4f3-e066-4341-baa3-4b7c5d657b18	X	139534465	142004846	1473	0.5025
26a8e4f3-e066-4341-baa3-4b7c5d657b18	X	142005785	154520006	8056	0.434
26a8e4f3-e066-4341-baa3-4b7c5d657b18	X	154521758	155952689	488	0.5107
26a8e4f3-e066-4341-baa3-4b7c5d657b18	Y	2782397	6075631	718	-2.438
26a8e4f3-e066-4341-baa3-4b7c5d657b18	Y	6076562	13478396	2546	-2.8316
26a8e4f3-e066-4341-baa3-4b7c5d657b18	Y	13478462	13482643	3	-7.5522
26a8e4f3-e066-4341-baa3-4b7c5d657b18	Y	13483009	25971733	3199	-2.8673
26a8e4f3-e066-4341-baa3-4b7c5d657b18	Y	26077669	56872112	172	-2.4209
