GDC_Aliquot	Chromosome	Start	End	Num_Probes	Segment_Mean
a1d80250-4972-4b13-b252-2fa816d307fd	1	62920	2806987	527	-0.0316
a1d80250-4972-4b13-b252-2fa816d307fd	1	2809387	3345118	249	-0.1434
a1d80250-4972-4b13-b252-2fa816d307fd	1	3350785	4971501	1217	0.0018
a1d80250-4972-4b13-b252-2fa816d307fd	1	4971809	4982142	7	-0.4793
a1d80250-4972-4b13-b252-2fa816d307fd	1	4982206	5840046	681	-0.0077
a1d80250-4972-4b13-b252-2fa816d307fd	1	5841228	5841990	2	-1.7495
a1d80250-4972-4b13-b252-2fa816d307fd	1	5842026	7624215	1071	0.0235
a1d80250-4972-4b13-b252-2fa816d307fd	1	7624339	7628608	5	-0.9839
a1d80250-4972-4b13-b252-2fa816d307fd	1	7628959	12777697	2730	0.013
a1d80250-4972-4b13-b252-2fa816d307fd	1	12778601	12922922	35	-0.6755
a1d80250-4972-4b13-b252-2fa816d307fd	1	13012913	16863509	2181	0.0004
a1d80250-4972-4b13-b252-2fa816d307fd	1	16864367	16935752	54	-0.4301
a1d80250-4972-4b13-b252-2fa816d307fd	1	16949746	22170210	3448	0.0074
a1d80250-4972-4b13-b252-2fa816d307fd	1	22175223	22180930	4	-0.9189
a1d80250-4972-4b13-b252-2fa816d307fd	1	22182157	25256850	1813	0.0051
a1d80250-4972-4b13-b252-2fa816d307fd	1	25266637	25320253	23	-2.0056
a1d80250-4972-4b13-b252-2fa816d307fd	1	25320455	29714262	1929	0.0116
a1d80250-4972-4b13-b252-2fa816d307fd	1	29714523	30289391	485	-0.0643
a1d80250-4972-4b13-b252-2fa816d307fd	1	30291591	34626037	2537	0.0065
a1d80250-4972-4b13-b252-2fa816d307fd	1	34626073	34638890	21	-0.5197
a1d80250-4972-4b13-b252-2fa816d307fd	1	34648667	38666759	2197	-0.0109
a1d80250-4972-4b13-b252-2fa816d307fd	1	38666760	38666761	2	1.1293
a1d80250-4972-4b13-b252-2fa816d307fd	1	38669516	41624054	1624	0.0055
a1d80250-4972-4b13-b252-2fa816d307fd	1	41624883	45160503	2109	0.0175
a1d80250-4972-4b13-b252-2fa816d307fd	1	45169109	45175895	6	-0.6283
a1d80250-4972-4b13-b252-2fa816d307fd	1	45176116	50799612	3060	0.028
a1d80250-4972-4b13-b252-2fa816d307fd	1	50801933	50820167	11	0.5219
a1d80250-4972-4b13-b252-2fa816d307fd	1	50824298	53576374	1405	0.0079
a1d80250-4972-4b13-b252-2fa816d307fd	1	53576663	53576977	2	-1.179
a1d80250-4972-4b13-b252-2fa816d307fd	1	53577198	68422575	11057	0.026
a1d80250-4972-4b13-b252-2fa816d307fd	1	68422976	72303233	2302	-0.0004
a1d80250-4972-4b13-b252-2fa816d307fd	1	72303253	72346221	46	-1.5222
a1d80250-4972-4b13-b252-2fa816d307fd	1	72346757	83827947	7432	0.0121
a1d80250-4972-4b13-b252-2fa816d307fd	1	83834127	84758575	614	0.0819
a1d80250-4972-4b13-b252-2fa816d307fd	1	84759219	85784174	722	0.0252
a1d80250-4972-4b13-b252-2fa816d307fd	1	85784211	85784228	2	-1.8922
a1d80250-4972-4b13-b252-2fa816d307fd	1	85785989	90090349	2825	0.0188
a1d80250-4972-4b13-b252-2fa816d307fd	1	90090592	90093659	3	-0.8851
a1d80250-4972-4b13-b252-2fa816d307fd	1	90094125	103616762	8442	0.0233
a1d80250-4972-4b13-b252-2fa816d307fd	1	103620877	103697364	4	-1.241
a1d80250-4972-4b13-b252-2fa816d307fd	1	103717410	105470754	920	0.024
a1d80250-4972-4b13-b252-2fa816d307fd	1	105476583	105476688	3	0.9901
a1d80250-4972-4b13-b252-2fa816d307fd	1	105476748	105479198	9	0.368
a1d80250-4972-4b13-b252-2fa816d307fd	1	105479231	105479753	5	1.0001
a1d80250-4972-4b13-b252-2fa816d307fd	1	105481433	109684893	2637	0.019
a1d80250-4972-4b13-b252-2fa816d307fd	1	109690352	109702376	14	1.1996
a1d80250-4972-4b13-b252-2fa816d307fd	1	109703504	110836951	852	0.021
a1d80250-4972-4b13-b252-2fa816d307fd	1	110837128	110850675	24	0.3047
a1d80250-4972-4b13-b252-2fa816d307fd	1	110850774	111769532	708	0.0088
a1d80250-4972-4b13-b252-2fa816d307fd	1	111769589	111770456	4	0.9382
a1d80250-4972-4b13-b252-2fa816d307fd	1	111771943	112153465	364	0.0159
a1d80250-4972-4b13-b252-2fa816d307fd	1	112153571	112154591	20	0.4802
a1d80250-4972-4b13-b252-2fa816d307fd	1	112154619	152583051	7611	0.0238
a1d80250-4972-4b13-b252-2fa816d307fd	1	152583230	152614118	35	-1.9724
a1d80250-4972-4b13-b252-2fa816d307fd	1	152618018	152679980	73	0.0521
a1d80250-4972-4b13-b252-2fa816d307fd	1	152680227	152684126	5	0.5128
a1d80250-4972-4b13-b252-2fa816d307fd	1	152687598	152787202	89	-0.0465
a1d80250-4972-4b13-b252-2fa816d307fd	1	152789447	152796224	37	-1.5598
a1d80250-4972-4b13-b252-2fa816d307fd	1	152801429	169247699	11286	0.0235
a1d80250-4972-4b13-b252-2fa816d307fd	1	169264736	169272528	7	1.2034
a1d80250-4972-4b13-b252-2fa816d307fd	1	169273163	189679027	13441	0.023
a1d80250-4972-4b13-b252-2fa816d307fd	1	189679353	189679397	2	-1.5264
a1d80250-4972-4b13-b252-2fa816d307fd	1	189682917	196762956	4742	0.0279
a1d80250-4972-4b13-b252-2fa816d307fd	1	196769493	196866368	71	0.2571
a1d80250-4972-4b13-b252-2fa816d307fd	1	196869965	233191601	24502	0.0221
a1d80250-4972-4b13-b252-2fa816d307fd	1	233193949	233390965	193	-0.304
a1d80250-4972-4b13-b252-2fa816d307fd	1	233394786	248303790	10841	0.024
a1d80250-4972-4b13-b252-2fa816d307fd	1	248303999	248304263	2	-1.5136
a1d80250-4972-4b13-b252-2fa816d307fd	1	248305403	248546369	99	0.1608
a1d80250-4972-4b13-b252-2fa816d307fd	1	248550567	248645563	36	-0.5883
a1d80250-4972-4b13-b252-2fa816d307fd	1	248645808	248930189	140	0.0695
a1d80250-4972-4b13-b252-2fa816d307fd	2	12784	1315982	869	-0.0037
a1d80250-4972-4b13-b252-2fa816d307fd	2	1316554	1318101	2	-1.7441
a1d80250-4972-4b13-b252-2fa816d307fd	2	1323864	4158097	2116	0.0012
a1d80250-4972-4b13-b252-2fa816d307fd	2	4166274	4182472	43	-0.6277
a1d80250-4972-4b13-b252-2fa816d307fd	2	4187192	8155149	3406	-0.0016
a1d80250-4972-4b13-b252-2fa816d307fd	2	8156750	11969548	2656	0.0412
a1d80250-4972-4b13-b252-2fa816d307fd	2	11970800	14220656	1669	0.0075
a1d80250-4972-4b13-b252-2fa816d307fd	2	14222127	14222642	8	-0.4352
a1d80250-4972-4b13-b252-2fa816d307fd	2	14223052	14223353	4	0.186
a1d80250-4972-4b13-b252-2fa816d307fd	2	14223435	14224087	10	-0.3698
a1d80250-4972-4b13-b252-2fa816d307fd	2	14228844	14563508	260	0.0149
a1d80250-4972-4b13-b252-2fa816d307fd	2	14563570	14569968	13	-0.9465
a1d80250-4972-4b13-b252-2fa816d307fd	2	14570240	52527330	26097	0.02
a1d80250-4972-4b13-b252-2fa816d307fd	2	52527342	52554404	39	0.9159
a1d80250-4972-4b13-b252-2fa816d307fd	2	52560811	54001319	1122	-0.0026
a1d80250-4972-4b13-b252-2fa816d307fd	2	54001792	54148880	79	0.175
a1d80250-4972-4b13-b252-2fa816d307fd	2	54149257	54401984	191	-0.053
a1d80250-4972-4b13-b252-2fa816d307fd	2	54402189	54407107	3	-0.9397
a1d80250-4972-4b13-b252-2fa816d307fd	2	54407568	54432843	18	-0.0292
a1d80250-4972-4b13-b252-2fa816d307fd	2	54433658	55886026	1029	0.0611
a1d80250-4972-4b13-b252-2fa816d307fd	2	55888724	57223101	983	-0.01
a1d80250-4972-4b13-b252-2fa816d307fd	2	57223479	57228337	2	-1.936
a1d80250-4972-4b13-b252-2fa816d307fd	2	57233909	57271922	23	-0.0722
a1d80250-4972-4b13-b252-2fa816d307fd	2	57275484	57280699	3	-1.3212
a1d80250-4972-4b13-b252-2fa816d307fd	2	57286723	86901078	18541	0.0193
a1d80250-4972-4b13-b252-2fa816d307fd	2	86902080	86910262	2	-2.0797
a1d80250-4972-4b13-b252-2fa816d307fd	2	86934730	87218834	43	-0.2776
a1d80250-4972-4b13-b252-2fa816d307fd	2	87221597	97164874	1783	0.0389
a1d80250-4972-4b13-b252-2fa816d307fd	2	97164886	97192190	12	-0.2151
a1d80250-4972-4b13-b252-2fa816d307fd	2	97199600	97211436	14	-0.8903
a1d80250-4972-4b13-b252-2fa816d307fd	2	97310327	97359885	13	-0.0146
a1d80250-4972-4b13-b252-2fa816d307fd	2	97524284	97545247	8	1.4453
a1d80250-4972-4b13-b252-2fa816d307fd	2	97545726	146104517	29412	0.0129
a1d80250-4972-4b13-b252-2fa816d307fd	2	146106836	146109366	24	0.8146
a1d80250-4972-4b13-b252-2fa816d307fd	2	146120238	207485902	36980	0.0266
a1d80250-4972-4b13-b252-2fa816d307fd	2	207486030	207494795	21	-0.5533
a1d80250-4972-4b13-b252-2fa816d307fd	2	207494836	231880662	15612	0.0254
a1d80250-4972-4b13-b252-2fa816d307fd	2	231885372	235026967	2136	0.0013
a1d80250-4972-4b13-b252-2fa816d307fd	2	235028491	235082810	47	-0.2523
a1d80250-4972-4b13-b252-2fa816d307fd	2	235083104	242147305	4293	-0.0156
a1d80250-4972-4b13-b252-2fa816d307fd	3	20930	1740119	1540	-0.0098
a1d80250-4972-4b13-b252-2fa816d307fd	3	1740840	1745897	6	-1.6196
a1d80250-4972-4b13-b252-2fa816d307fd	3	1747474	4056446	2105	0.0052
a1d80250-4972-4b13-b252-2fa816d307fd	3	4058193	4062494	4	-0.998
a1d80250-4972-4b13-b252-2fa816d307fd	3	4062797	6275672	1904	0.0361
a1d80250-4972-4b13-b252-2fa816d307fd	3	6277576	6293785	19	0.4836
a1d80250-4972-4b13-b252-2fa816d307fd	3	6296749	6604856	242	-0.0018
a1d80250-4972-4b13-b252-2fa816d307fd	3	6609441	6611645	23	-0.6619
a1d80250-4972-4b13-b252-2fa816d307fd	3	6613391	21944199	10689	0.016
a1d80250-4972-4b13-b252-2fa816d307fd	3	21944339	21970761	18	0.4315
a1d80250-4972-4b13-b252-2fa816d307fd	3	21976561	26570158	3464	0.0138
a1d80250-4972-4b13-b252-2fa816d307fd	3	26570176	26570394	4	-2.6501
a1d80250-4972-4b13-b252-2fa816d307fd	3	26570407	26571710	8	-0.2649
a1d80250-4972-4b13-b252-2fa816d307fd	3	26573483	26573486	3	-1.9993
a1d80250-4972-4b13-b252-2fa816d307fd	3	26574458	36633435	6774	0.0183
a1d80250-4972-4b13-b252-2fa816d307fd	3	36635655	36635994	2	-1.1932
a1d80250-4972-4b13-b252-2fa816d307fd	3	36638791	37935926	831	0.031
a1d80250-4972-4b13-b252-2fa816d307fd	3	37940617	37945437	18	-0.7503
a1d80250-4972-4b13-b252-2fa816d307fd	3	37945615	59858999	12796	0.0121
a1d80250-4972-4b13-b252-2fa816d307fd	3	59863362	59937265	102	-0.1722
a1d80250-4972-4b13-b252-2fa816d307fd	3	59937665	60006598	109	0.0366
a1d80250-4972-4b13-b252-2fa816d307fd	3	60006760	60011386	7	-0.7581
a1d80250-4972-4b13-b252-2fa816d307fd	3	60015476	60387449	426	-0.0265
a1d80250-4972-4b13-b252-2fa816d307fd	3	60387716	60839988	503	-0.1745
a1d80250-4972-4b13-b252-2fa816d307fd	3	60841227	62686712	1547	0.0151
a1d80250-4972-4b13-b252-2fa816d307fd	3	62686727	62691561	14	-0.3849
a1d80250-4972-4b13-b252-2fa816d307fd	3	62691862	75416244	9554	0.0161
a1d80250-4972-4b13-b252-2fa816d307fd	3	75416934	75499418	30	-0.3101
a1d80250-4972-4b13-b252-2fa816d307fd	3	75499583	83060061	4259	0.0194
a1d80250-4972-4b13-b252-2fa816d307fd	3	83060908	83063243	2	-1.0785
a1d80250-4972-4b13-b252-2fa816d307fd	3	83065263	84650607	733	0.0375
a1d80250-4972-4b13-b252-2fa816d307fd	3	84650642	84653084	14	-0.589
a1d80250-4972-4b13-b252-2fa816d307fd	3	84653262	89345592	2707	0.0183
a1d80250-4972-4b13-b252-2fa816d307fd	3	89355950	89358516	12	0.488
a1d80250-4972-4b13-b252-2fa816d307fd	3	89358574	95737201	1411	0.0222
a1d80250-4972-4b13-b252-2fa816d307fd	3	95737262	95749266	3	1.0619
a1d80250-4972-4b13-b252-2fa816d307fd	3	95749836	98180575	1253	0.0155
a1d80250-4972-4b13-b252-2fa816d307fd	3	98189826	98195973	4	-0.8653
a1d80250-4972-4b13-b252-2fa816d307fd	3	98197104	99225990	601	0.0111
a1d80250-4972-4b13-b252-2fa816d307fd	3	99226004	99232539	31	-0.491
a1d80250-4972-4b13-b252-2fa816d307fd	3	99232990	104825814	3271	0.0235
a1d80250-4972-4b13-b252-2fa816d307fd	3	104826492	104826947	2	-1.2815
a1d80250-4972-4b13-b252-2fa816d307fd	3	104829993	107314617	1492	0.0255
a1d80250-4972-4b13-b252-2fa816d307fd	3	107316951	107317337	2	-2.1028
a1d80250-4972-4b13-b252-2fa816d307fd	3	107320614	128662406	13309	0.0199
a1d80250-4972-4b13-b252-2fa816d307fd	3	128665680	128693488	15	0.8127
a1d80250-4972-4b13-b252-2fa816d307fd	3	128695318	150610845	13418	0.0264
a1d80250-4972-4b13-b252-2fa816d307fd	3	150613774	150614224	3	-2.1476
a1d80250-4972-4b13-b252-2fa816d307fd	3	150616975	156630633	3743	0.0144
a1d80250-4972-4b13-b252-2fa816d307fd	3	156630796	156631211	2	-1.3388
a1d80250-4972-4b13-b252-2fa816d307fd	3	156633118	162794951	3765	0.0455
a1d80250-4972-4b13-b252-2fa816d307fd	3	162795304	162906065	64	0.6753
a1d80250-4972-4b13-b252-2fa816d307fd	3	162906093	162908784	5	-0.6044
a1d80250-4972-4b13-b252-2fa816d307fd	3	162908815	162996729	71	0.1159
a1d80250-4972-4b13-b252-2fa816d307fd	3	162999939	163001774	2	-2.5597
a1d80250-4972-4b13-b252-2fa816d307fd	3	163008371	176165167	8082	0.0314
a1d80250-4972-4b13-b252-2fa816d307fd	3	176165961	176196691	35	-0.6693
a1d80250-4972-4b13-b252-2fa816d307fd	3	176198433	193155915	10984	0.0276
a1d80250-4972-4b13-b252-2fa816d307fd	3	193156018	193168971	30	-0.3213
a1d80250-4972-4b13-b252-2fa816d307fd	3	193169072	193425591	172	0.055
a1d80250-4972-4b13-b252-2fa816d307fd	3	193425625	193425759	3	0.6329
a1d80250-4972-4b13-b252-2fa816d307fd	3	193426083	193856142	281	0.0543
a1d80250-4972-4b13-b252-2fa816d307fd	3	193861172	193861868	3	-1.1963
a1d80250-4972-4b13-b252-2fa816d307fd	3	193862597	198169247	2225	0.0291
a1d80250-4972-4b13-b252-2fa816d307fd	4	68929	221459	79	0.005
a1d80250-4972-4b13-b252-2fa816d307fd	4	224152	236448	5	-0.8604
a1d80250-4972-4b13-b252-2fa816d307fd	4	244571	3982817	1503	0.0113
a1d80250-4972-4b13-b252-2fa816d307fd	4	3983081	4180275	59	-0.26
a1d80250-4972-4b13-b252-2fa816d307fd	4	4182970	9455251	3514	0.0051
a1d80250-4972-4b13-b252-2fa816d307fd	4	9459504	9477699	6	-1.5603
a1d80250-4972-4b13-b252-2fa816d307fd	4	9484440	10194247	503	0.0015
a1d80250-4972-4b13-b252-2fa816d307fd	4	10195137	10208245	29	-0.2663
a1d80250-4972-4b13-b252-2fa816d307fd	4	10208322	10208766	7	0.2387
a1d80250-4972-4b13-b252-2fa816d307fd	4	10221792	10229874	28	1.5139
a1d80250-4972-4b13-b252-2fa816d307fd	4	10232590	10269512	48	0.0543
a1d80250-4972-4b13-b252-2fa816d307fd	4	10270469	10274358	13	-0.3642
a1d80250-4972-4b13-b252-2fa816d307fd	4	10274728	10389091	117	0.0598
a1d80250-4972-4b13-b252-2fa816d307fd	4	10390730	10399044	16	-0.6867
a1d80250-4972-4b13-b252-2fa816d307fd	4	10401094	11167243	643	0.0088
a1d80250-4972-4b13-b252-2fa816d307fd	4	11167326	11766357	566	0.083
a1d80250-4972-4b13-b252-2fa816d307fd	4	11768787	12149839	261	0.0092
a1d80250-4972-4b13-b252-2fa816d307fd	4	12152884	12170721	7	-0.6609
a1d80250-4972-4b13-b252-2fa816d307fd	4	12171045	12376101	127	0.0067
a1d80250-4972-4b13-b252-2fa816d307fd	4	12376118	12391807	43	0.1983
a1d80250-4972-4b13-b252-2fa816d307fd	4	12392445	14407825	1562	0.0047
a1d80250-4972-4b13-b252-2fa816d307fd	4	14408592	14408675	2	-1.3387
a1d80250-4972-4b13-b252-2fa816d307fd	4	14408715	32535441	12329	0.0165
a1d80250-4972-4b13-b252-2fa816d307fd	4	32537555	32542776	5	-0.9368
a1d80250-4972-4b13-b252-2fa816d307fd	4	32544799	34777382	1243	0.0181
a1d80250-4972-4b13-b252-2fa816d307fd	4	34777403	34822561	40	-0.2733
a1d80250-4972-4b13-b252-2fa816d307fd	4	34823103	38456205	2593	0.0189
a1d80250-4972-4b13-b252-2fa816d307fd	4	38458681	38464971	8	-1.505
a1d80250-4972-4b13-b252-2fa816d307fd	4	38466253	43265040	3019	0.0331
a1d80250-4972-4b13-b252-2fa816d307fd	4	43267292	43268810	2	-1.3878
a1d80250-4972-4b13-b252-2fa816d307fd	4	43271201	43361856	66	0.0833
a1d80250-4972-4b13-b252-2fa816d307fd	4	43364568	43365738	2	-1.1149
a1d80250-4972-4b13-b252-2fa816d307fd	4	43365915	47737507	2459	0.0112
a1d80250-4972-4b13-b252-2fa816d307fd	4	47737925	49087357	819	0.0912
a1d80250-4972-4b13-b252-2fa816d307fd	4	49091769	49214614	12	-0.4688
a1d80250-4972-4b13-b252-2fa816d307fd	4	49289175	49289338	2	-2.6836
a1d80250-4972-4b13-b252-2fa816d307fd	4	49295203	58414284	4454	0.0217
a1d80250-4972-4b13-b252-2fa816d307fd	4	58415057	58418951	2	-1.5394
a1d80250-4972-4b13-b252-2fa816d307fd	4	58419078	63265451	2817	0.0176
a1d80250-4972-4b13-b252-2fa816d307fd	4	63265520	63289120	9	-0.6824
a1d80250-4972-4b13-b252-2fa816d307fd	4	63292771	63828222	306	0.0379
a1d80250-4972-4b13-b252-2fa816d307fd	4	63831751	63850713	29	0.4375
a1d80250-4972-4b13-b252-2fa816d307fd	4	63851308	68378716	2852	0.0276
a1d80250-4972-4b13-b252-2fa816d307fd	4	68389352	68478894	19	0.3431
a1d80250-4972-4b13-b252-2fa816d307fd	4	68494770	68506285	3	-0.4006
a1d80250-4972-4b13-b252-2fa816d307fd	4	68509223	68620261	65	-1.6717
a1d80250-4972-4b13-b252-2fa816d307fd	4	68623617	118804851	30412	0.0331
a1d80250-4972-4b13-b252-2fa816d307fd	4	118808925	118813334	2	-3.4376
a1d80250-4972-4b13-b252-2fa816d307fd	4	118814724	137171266	10562	0.0286
a1d80250-4972-4b13-b252-2fa816d307fd	4	137171362	137171772	9	-0.7684
a1d80250-4972-4b13-b252-2fa816d307fd	4	137171784	169922993	20433	0.0284
a1d80250-4972-4b13-b252-2fa816d307fd	4	169923329	169925890	4	-1.1947
a1d80250-4972-4b13-b252-2fa816d307fd	4	169926381	177666684	4717	0.0233
a1d80250-4972-4b13-b252-2fa816d307fd	4	177675377	177677607	26	0.3575
a1d80250-4972-4b13-b252-2fa816d307fd	4	177677674	186699490	6545	0.0064
a1d80250-4972-4b13-b252-2fa816d307fd	4	186700127	186700996	3	-1.8195
a1d80250-4972-4b13-b252-2fa816d307fd	4	186703040	188300104	1038	0.0528
a1d80250-4972-4b13-b252-2fa816d307fd	4	188300206	188300221	2	1.8401
a1d80250-4972-4b13-b252-2fa816d307fd	4	188300270	190106768	1144	0.0189
a1d80250-4972-4b13-b252-2fa816d307fd	5	15532	681187	304	-0.0108
a1d80250-4972-4b13-b252-2fa816d307fd	5	685389	760901	21	-0.4652
a1d80250-4972-4b13-b252-2fa816d307fd	5	760915	12819263	9871	0.0035
a1d80250-4972-4b13-b252-2fa816d307fd	5	12819554	12819964	5	1.1034
a1d80250-4972-4b13-b252-2fa816d307fd	5	12824299	15718383	1975	0.0203
a1d80250-4972-4b13-b252-2fa816d307fd	5	15719113	15720488	11	-0.7702
a1d80250-4972-4b13-b252-2fa816d307fd	5	15723237	17341056	1080	0.0273
a1d80250-4972-4b13-b252-2fa816d307fd	5	17341538	17358160	11	-0.7975
a1d80250-4972-4b13-b252-2fa816d307fd	5	17359087	46099678	17367	0.0207
a1d80250-4972-4b13-b252-2fa816d307fd	5	46101755	50273126	89	0.2986
a1d80250-4972-4b13-b252-2fa816d307fd	5	50276884	69533520	12359	0.0299
a1d80250-4972-4b13-b252-2fa816d307fd	5	69550476	70017861	10	-1.0164
a1d80250-4972-4b13-b252-2fa816d307fd	5	70959068	76143863	3127	0.028
a1d80250-4972-4b13-b252-2fa816d307fd	5	76144257	76154319	19	-0.4204
a1d80250-4972-4b13-b252-2fa816d307fd	5	76154351	95090101	10876	0.0238
a1d80250-4972-4b13-b252-2fa816d307fd	5	95096006	95383922	151	0.2145
a1d80250-4972-4b13-b252-2fa816d307fd	5	95384582	104515520	5366	0.043
a1d80250-4972-4b13-b252-2fa816d307fd	5	104524672	104524903	4	1.5138
a1d80250-4972-4b13-b252-2fa816d307fd	5	104525348	115087212	7132	0.0208
a1d80250-4972-4b13-b252-2fa816d307fd	5	115092470	115917073	556	0.0877
a1d80250-4972-4b13-b252-2fa816d307fd	5	115921161	173775504	38191	0.0203
a1d80250-4972-4b13-b252-2fa816d307fd	5	173778055	173779368	8	-0.8697
a1d80250-4972-4b13-b252-2fa816d307fd	5	173780308	176658469	1928	0.0211
a1d80250-4972-4b13-b252-2fa816d307fd	5	176658521	176659737	2	-1.2099
a1d80250-4972-4b13-b252-2fa816d307fd	5	176665468	177771448	464	-0.0032
a1d80250-4972-4b13-b252-2fa816d307fd	5	177800550	177801578	2	2.0471
a1d80250-4972-4b13-b252-2fa816d307fd	5	177805604	178264240	159	0.0189
a1d80250-4972-4b13-b252-2fa816d307fd	5	178269272	178275580	5	-0.7437
a1d80250-4972-4b13-b252-2fa816d307fd	5	178277026	178464131	139	-0.0071
a1d80250-4972-4b13-b252-2fa816d307fd	5	178465346	178465955	3	-1.3218
a1d80250-4972-4b13-b252-2fa816d307fd	5	178466880	180947484	1489	-0.0092
a1d80250-4972-4b13-b252-2fa816d307fd	5	180947523	180991103	20	-0.4455
a1d80250-4972-4b13-b252-2fa816d307fd	5	181006225	181363319	170	-0.004
a1d80250-4972-4b13-b252-2fa816d307fd	6	149661	265143	107	-0.0223
a1d80250-4972-4b13-b252-2fa816d307fd	6	267622	277360	5	-0.8959
a1d80250-4972-4b13-b252-2fa816d307fd	6	278146	381149	90	0.0468
a1d80250-4972-4b13-b252-2fa816d307fd	6	382559	382897	2	-1.4195
a1d80250-4972-4b13-b252-2fa816d307fd	6	384109	4447511	3328	0.0046
a1d80250-4972-4b13-b252-2fa816d307fd	6	4447827	4492188	60	-0.2079
a1d80250-4972-4b13-b252-2fa816d307fd	6	4498631	29882589	18087	0.0148
a1d80250-4972-4b13-b252-2fa816d307fd	6	29882603	29933799	17	-0.7268
a1d80250-4972-4b13-b252-2fa816d307fd	6	29940692	31318528	646	-0.0077
a1d80250-4972-4b13-b252-2fa816d307fd	6	31318754	31327629	5	1.4938
a1d80250-4972-4b13-b252-2fa816d307fd	6	31328176	32636595	555	-0.0804
a1d80250-4972-4b13-b252-2fa816d307fd	6	32637799	32658841	10	-1.038
a1d80250-4972-4b13-b252-2fa816d307fd	6	32682835	32695787	8	0.1131
a1d80250-4972-4b13-b252-2fa816d307fd	6	32696074	32773965	79	-0.2166
a1d80250-4972-4b13-b252-2fa816d307fd	6	32774091	44572541	7441	0.0151
a1d80250-4972-4b13-b252-2fa816d307fd	6	44573245	44573824	2	-1.1854
a1d80250-4972-4b13-b252-2fa816d307fd	6	44574148	50090393	3485	0.0453
a1d80250-4972-4b13-b252-2fa816d307fd	6	50091647	51300968	680	-0.0223
a1d80250-4972-4b13-b252-2fa816d307fd	6	51301430	54066353	2011	0.0429
a1d80250-4972-4b13-b252-2fa816d307fd	6	54066432	54067057	6	2.2283
a1d80250-4972-4b13-b252-2fa816d307fd	6	54070550	66328153	5367	0.0272
a1d80250-4972-4b13-b252-2fa816d307fd	6	66331020	66333004	6	-2.2256
a1d80250-4972-4b13-b252-2fa816d307fd	6	66333299	76711665	6789	0.0234
a1d80250-4972-4b13-b252-2fa816d307fd	6	76711775	76742924	28	-0.3816
a1d80250-4972-4b13-b252-2fa816d307fd	6	76742956	78253172	980	0.0201
a1d80250-4972-4b13-b252-2fa816d307fd	6	78259348	78316984	100	0.6017
a1d80250-4972-4b13-b252-2fa816d307fd	6	78317255	139500485	38461	0.0226
a1d80250-4972-4b13-b252-2fa816d307fd	6	139500535	139507624	5	-1.3246
a1d80250-4972-4b13-b252-2fa816d307fd	6	139507779	154296388	9834	0.0227
a1d80250-4972-4b13-b252-2fa816d307fd	6	154299146	154306160	3	-0.9887
a1d80250-4972-4b13-b252-2fa816d307fd	6	154307596	161579315	4874	0.0207
a1d80250-4972-4b13-b252-2fa816d307fd	6	161580404	161584512	6	-0.8383
a1d80250-4972-4b13-b252-2fa816d307fd	6	161585497	167112497	4389	0.0061
a1d80250-4972-4b13-b252-2fa816d307fd	6	167112710	170741917	2153	-0.034
a1d80250-4972-4b13-b252-2fa816d307fd	7	43355	65503	28	-0.0804
a1d80250-4972-4b13-b252-2fa816d307fd	7	65765	79263	4	-1.0906
a1d80250-4972-4b13-b252-2fa816d307fd	7	81400	4568543	2421	-0.0279
a1d80250-4972-4b13-b252-2fa816d307fd	7	4568615	13543641	6395	0.0221
a1d80250-4972-4b13-b252-2fa816d307fd	7	13547787	13551572	8	-0.9785
a1d80250-4972-4b13-b252-2fa816d307fd	7	13551859	16612668	2517	0.0349
a1d80250-4972-4b13-b252-2fa816d307fd	7	16613983	17952295	1079	0.0804
a1d80250-4972-4b13-b252-2fa816d307fd	7	17952391	18940815	753	0.005
a1d80250-4972-4b13-b252-2fa816d307fd	7	18943818	19096684	247	0.1217
a1d80250-4972-4b13-b252-2fa816d307fd	7	19097261	29178079	7568	0.0195
a1d80250-4972-4b13-b252-2fa816d307fd	7	29178543	29179478	3	-1.0168
a1d80250-4972-4b13-b252-2fa816d307fd	7	29180029	29471195	283	-0.0047
a1d80250-4972-4b13-b252-2fa816d307fd	7	29472036	29486962	27	-0.2752
a1d80250-4972-4b13-b252-2fa816d307fd	7	29488866	29651467	117	0.0584
a1d80250-4972-4b13-b252-2fa816d307fd	7	29651597	29651845	3	-0.8971
a1d80250-4972-4b13-b252-2fa816d307fd	7	29654002	38251113	5921	0.0278
a1d80250-4972-4b13-b252-2fa816d307fd	7	38254500	38317707	102	0.5473
a1d80250-4972-4b13-b252-2fa816d307fd	7	38317722	38332110	10	-0.0112
a1d80250-4972-4b13-b252-2fa816d307fd	7	38338324	38352435	11	0.5105
a1d80250-4972-4b13-b252-2fa816d307fd	7	38356373	54121112	10855	0.0181
a1d80250-4972-4b13-b252-2fa816d307fd	7	54122443	54129863	10	-0.5235
a1d80250-4972-4b13-b252-2fa816d307fd	7	54130808	56908389	1748	0.0144
a1d80250-4972-4b13-b252-2fa816d307fd	7	56997653	57086717	10	-0.6506
a1d80250-4972-4b13-b252-2fa816d307fd	7	57088013	75721820	6341	0.0181
a1d80250-4972-4b13-b252-2fa816d307fd	7	75724865	75733372	5	1.1343
a1d80250-4972-4b13-b252-2fa816d307fd	7	75734379	88563524	7925	0.0276
a1d80250-4972-4b13-b252-2fa816d307fd	7	88566274	88566450	2	1.3912
a1d80250-4972-4b13-b252-2fa816d307fd	7	88567140	88956585	308	0.0233
a1d80250-4972-4b13-b252-2fa816d307fd	7	88956787	88967507	9	-0.8286
a1d80250-4972-4b13-b252-2fa816d307fd	7	88969513	89892494	552	0.0181
a1d80250-4972-4b13-b252-2fa816d307fd	7	89893896	89895535	2	-2.1836
a1d80250-4972-4b13-b252-2fa816d307fd	7	89902765	89941921	37	0.1342
a1d80250-4972-4b13-b252-2fa816d307fd	7	89943652	89965955	15	-0.3102
a1d80250-4972-4b13-b252-2fa816d307fd	7	89966057	89993314	24	0.0389
a1d80250-4972-4b13-b252-2fa816d307fd	7	89993647	89994725	4	-0.8291
a1d80250-4972-4b13-b252-2fa816d307fd	7	89997297	90139872	113	-0.0101
a1d80250-4972-4b13-b252-2fa816d307fd	7	90146435	90147717	5	-0.6987
a1d80250-4972-4b13-b252-2fa816d307fd	7	90156821	97756658	4863	0.0256
a1d80250-4972-4b13-b252-2fa816d307fd	7	97766148	97773163	16	-0.5595
a1d80250-4972-4b13-b252-2fa816d307fd	7	97774928	105946407	4098	0.0282
a1d80250-4972-4b13-b252-2fa816d307fd	7	105946471	105946514	3	-1.0985
a1d80250-4972-4b13-b252-2fa816d307fd	7	105946772	132154021	15970	0.0277
a1d80250-4972-4b13-b252-2fa816d307fd	7	132155092	132166406	11	-0.5828
a1d80250-4972-4b13-b252-2fa816d307fd	7	132167353	134100624	1306	-0.0035
a1d80250-4972-4b13-b252-2fa816d307fd	7	134100664	134110881	20	-0.454
a1d80250-4972-4b13-b252-2fa816d307fd	7	134110912	142070569	5210	0.0221
a1d80250-4972-4b13-b252-2fa816d307fd	7	142070709	142092307	29	-0.301
a1d80250-4972-4b13-b252-2fa816d307fd	7	142099190	142581256	345	0.0303
a1d80250-4972-4b13-b252-2fa816d307fd	7	142618972	142785320	100	0.2986
a1d80250-4972-4b13-b252-2fa816d307fd	7	142785841	156087157	8405	0.0209
a1d80250-4972-4b13-b252-2fa816d307fd	7	156089623	156095374	8	-0.6813
a1d80250-4972-4b13-b252-2fa816d307fd	7	156095509	156143131	28	0.0691
a1d80250-4972-4b13-b252-2fa816d307fd	7	156143594	156150101	6	-0.5786
a1d80250-4972-4b13-b252-2fa816d307fd	7	156151757	156599096	346	-0.0077
a1d80250-4972-4b13-b252-2fa816d307fd	7	156600474	156601485	3	-1.1943
a1d80250-4972-4b13-b252-2fa816d307fd	7	156602214	157962231	781	0.0165
a1d80250-4972-4b13-b252-2fa816d307fd	7	157962271	157965422	9	-0.6891
a1d80250-4972-4b13-b252-2fa816d307fd	7	157965789	158320363	193	-0.0394
a1d80250-4972-4b13-b252-2fa816d307fd	7	158321460	158323170	3	-1.1255
a1d80250-4972-4b13-b252-2fa816d307fd	7	158323699	158913549	348	0.0614
a1d80250-4972-4b13-b252-2fa816d307fd	7	158919484	159229659	206	-0.1001
a1d80250-4972-4b13-b252-2fa816d307fd	7	159233989	159334314	85	0.06
a1d80250-4972-4b13-b252-2fa816d307fd	8	81254	7886542	7775	-0.0079
a1d80250-4972-4b13-b252-2fa816d307fd	8	7888457	7890177	4	-1.6802
a1d80250-4972-4b13-b252-2fa816d307fd	8	7919608	8212781	21	-0.0253
a1d80250-4972-4b13-b252-2fa816d307fd	8	8214781	8234503	2	-1.7333
a1d80250-4972-4b13-b252-2fa816d307fd	8	8235660	10256948	1808	0.0215
a1d80250-4972-4b13-b252-2fa816d307fd	8	10258548	10278905	27	-0.368
a1d80250-4972-4b13-b252-2fa816d307fd	8	10279684	12176798	1388	-0.0225
a1d80250-4972-4b13-b252-2fa816d307fd	8	12177488	12454103	33	0.5932
a1d80250-4972-4b13-b252-2fa816d307fd	8	12470324	13741542	1036	-0.0081
a1d80250-4972-4b13-b252-2fa816d307fd	8	13741592	13742870	20	0.4138
a1d80250-4972-4b13-b252-2fa816d307fd	8	13742882	13752836	18	0.0931
a1d80250-4972-4b13-b252-2fa816d307fd	8	13752897	13757208	9	-0.2364
a1d80250-4972-4b13-b252-2fa816d307fd	8	13757223	13775503	20	0.2519
a1d80250-4972-4b13-b252-2fa816d307fd	8	13775598	13946915	194	0.0017
a1d80250-4972-4b13-b252-2fa816d307fd	8	13946961	13951214	7	0.4926
a1d80250-4972-4b13-b252-2fa816d307fd	8	13952552	14427181	435	0.004
a1d80250-4972-4b13-b252-2fa816d307fd	8	14427702	14428811	4	-1.2802
a1d80250-4972-4b13-b252-2fa816d307fd	8	14429043	38430945	17216	0.0211
a1d80250-4972-4b13-b252-2fa816d307fd	8	38432841	38432976	2	1.2264
a1d80250-4972-4b13-b252-2fa816d307fd	8	38432991	39373140	510	0.0355
a1d80250-4972-4b13-b252-2fa816d307fd	8	39378084	39529446	59	-2.2629
a1d80250-4972-4b13-b252-2fa816d307fd	8	39530780	40609356	855	0.0209
a1d80250-4972-4b13-b252-2fa816d307fd	8	40609497	40617473	5	-0.784
a1d80250-4972-4b13-b252-2fa816d307fd	8	40617994	63936079	12790	0.0232
a1d80250-4972-4b13-b252-2fa816d307fd	8	63936340	63937166	8	-0.6324
a1d80250-4972-4b13-b252-2fa816d307fd	8	63937386	71300130	4245	0.0146
a1d80250-4972-4b13-b252-2fa816d307fd	8	71303076	71304364	8	-0.9422
a1d80250-4972-4b13-b252-2fa816d307fd	8	71307628	111279265	24105	0.0277
a1d80250-4972-4b13-b252-2fa816d307fd	8	111282050	111283031	10	1.6256
a1d80250-4972-4b13-b252-2fa816d307fd	8	111288052	114615067	1819	0.0171
a1d80250-4972-4b13-b252-2fa816d307fd	8	114615356	114661835	47	0.2935
a1d80250-4972-4b13-b252-2fa816d307fd	8	114662435	141570548	19614	0.0237
a1d80250-4972-4b13-b252-2fa816d307fd	8	141570717	141585696	10	-0.5226
a1d80250-4972-4b13-b252-2fa816d307fd	8	141585817	141608883	10	-0.0976
a1d80250-4972-4b13-b252-2fa816d307fd	8	141609467	141610301	4	-1.3531
a1d80250-4972-4b13-b252-2fa816d307fd	8	141610890	143227585	778	-0.0438
a1d80250-4972-4b13-b252-2fa816d307fd	8	143227622	143227655	2	-1.6113
a1d80250-4972-4b13-b252-2fa816d307fd	8	143227769	144674595	445	0.0379
a1d80250-4972-4b13-b252-2fa816d307fd	8	144675159	144678705	2	-1.7637
a1d80250-4972-4b13-b252-2fa816d307fd	8	144693741	145072769	192	0.0142
a1d80250-4972-4b13-b252-2fa816d307fd	9	46587	11995307	11261	0.0201
a1d80250-4972-4b13-b252-2fa816d307fd	9	11996163	11996270	2	-1.8114
a1d80250-4972-4b13-b252-2fa816d307fd	9	11996759	12944759	727	0.0848
a1d80250-4972-4b13-b252-2fa816d307fd	9	12945134	23361807	8447	0.0187
a1d80250-4972-4b13-b252-2fa816d307fd	9	23363117	23373486	8	0.958
a1d80250-4972-4b13-b252-2fa816d307fd	9	23378490	28849307	4155	0.0152
a1d80250-4972-4b13-b252-2fa816d307fd	9	28849506	28850824	3	-0.9015
a1d80250-4972-4b13-b252-2fa816d307fd	9	28851013	29091099	180	0.0088
a1d80250-4972-4b13-b252-2fa816d307fd	9	29094551	29097682	3	-1.0166
a1d80250-4972-4b13-b252-2fa816d307fd	9	29101434	39547492	6411	0.0262
a1d80250-4972-4b13-b252-2fa816d307fd	9	39588611	39840169	6	-0.7124
a1d80250-4972-4b13-b252-2fa816d307fd	9	40018947	40989201	25	0.1573
a1d80250-4972-4b13-b252-2fa816d307fd	9	40989749	41666811	70	-0.2496
a1d80250-4972-4b13-b252-2fa816d307fd	9	41703463	42574420	43	0.2605
a1d80250-4972-4b13-b252-2fa816d307fd	9	42585140	61405110	55	-0.3231
a1d80250-4972-4b13-b252-2fa816d307fd	9	61520021	61647899	30	-1.6434
a1d80250-4972-4b13-b252-2fa816d307fd	9	61665362	68429974	195	-0.1049
a1d80250-4972-4b13-b252-2fa816d307fd	9	68430606	87631473	13951	0.0235
a1d80250-4972-4b13-b252-2fa816d307fd	9	87631500	89235762	1063	-0.0282
a1d80250-4972-4b13-b252-2fa816d307fd	9	89236734	104042599	9938	0.0173
a1d80250-4972-4b13-b252-2fa816d307fd	9	104042685	104074626	49	0.2526
a1d80250-4972-4b13-b252-2fa816d307fd	9	104078125	130735731	18783	0.0202
a1d80250-4972-4b13-b252-2fa816d307fd	9	130736250	138200944	4133	-0.0188
a1d80250-4972-4b13-b252-2fa816d307fd	10	45792	6369412	5403	0.0148
a1d80250-4972-4b13-b252-2fa816d307fd	10	6369488	6369519	3	2.0282
a1d80250-4972-4b13-b252-2fa816d307fd	10	6376792	14399717	6824	0.0046
a1d80250-4972-4b13-b252-2fa816d307fd	10	14400348	14401402	3	-1.0806
a1d80250-4972-4b13-b252-2fa816d307fd	10	14401650	22787306	6105	0.0124
a1d80250-4972-4b13-b252-2fa816d307fd	10	22793801	22797302	3	-1.0289
a1d80250-4972-4b13-b252-2fa816d307fd	10	22797856	24088745	863	0.0023
a1d80250-4972-4b13-b252-2fa816d307fd	10	24088746	24089125	10	-1.7602
a1d80250-4972-4b13-b252-2fa816d307fd	10	24089979	46314181	12448	0.0182
a1d80250-4972-4b13-b252-2fa816d307fd	10	46316565	46446817	23	-0.426
a1d80250-4972-4b13-b252-2fa816d307fd	10	46489651	46836986	58	0.0835
a1d80250-4972-4b13-b252-2fa816d307fd	10	46898735	46967412	3	1.1948
a1d80250-4972-4b13-b252-2fa816d307fd	10	47002596	57069935	6819	0.0191
a1d80250-4972-4b13-b252-2fa816d307fd	10	57070549	57156389	63	0.2319
a1d80250-4972-4b13-b252-2fa816d307fd	10	57158078	65546518	5809	0.0221
a1d80250-4972-4b13-b252-2fa816d307fd	10	65548165	65563168	30	0.4586
a1d80250-4972-4b13-b252-2fa816d307fd	10	65565695	81121574	10113	0.005
a1d80250-4972-4b13-b252-2fa816d307fd	10	81122049	81130027	9	-1.0204
a1d80250-4972-4b13-b252-2fa816d307fd	10	81134713	133654968	36113	0.0124
a1d80250-4972-4b13-b252-2fa816d307fd	11	198510	1623675	484	-0.0064
a1d80250-4972-4b13-b252-2fa816d307fd	11	1624736	1628657	5	-1.3471
a1d80250-4972-4b13-b252-2fa816d307fd	11	1628817	3626044	864	-0.0133
a1d80250-4972-4b13-b252-2fa816d307fd	11	3626064	3627224	4	-1.344
a1d80250-4972-4b13-b252-2fa816d307fd	11	3627315	4708887	808	0.028
a1d80250-4972-4b13-b252-2fa816d307fd	11	4709950	4710340	3	-0.9985
a1d80250-4972-4b13-b252-2fa816d307fd	11	4710415	18930384	10527	0.024
a1d80250-4972-4b13-b252-2fa816d307fd	11	18930645	18939734	21	-0.5703
a1d80250-4972-4b13-b252-2fa816d307fd	11	18939749	48576870	20604	0.0195
a1d80250-4972-4b13-b252-2fa816d307fd	11	48579882	48581124	2	-1.6701
a1d80250-4972-4b13-b252-2fa816d307fd	11	48584766	48688191	41	0.1068
a1d80250-4972-4b13-b252-2fa816d307fd	11	48688872	48700215	8	0.8126
a1d80250-4972-4b13-b252-2fa816d307fd	11	48702884	54741926	839	0.0503
a1d80250-4972-4b13-b252-2fa816d307fd	11	54742305	55266799	96	0.2273
a1d80250-4972-4b13-b252-2fa816d307fd	11	55268996	55553107	159	-0.0227
a1d80250-4972-4b13-b252-2fa816d307fd	11	55553401	55572903	16	-0.4369
a1d80250-4972-4b13-b252-2fa816d307fd	11	55573164	55608804	27	0.1476
a1d80250-4972-4b13-b252-2fa816d307fd	11	55609022	55662497	34	0.4054
a1d80250-4972-4b13-b252-2fa816d307fd	11	55663588	67704862	6240	0.0273
a1d80250-4972-4b13-b252-2fa816d307fd	11	67705434	68003122	79	-0.1753
a1d80250-4972-4b13-b252-2fa816d307fd	11	68003149	69300416	664	0.0422
a1d80250-4972-4b13-b252-2fa816d307fd	11	69301278	74323428	2583	-0.0129
a1d80250-4972-4b13-b252-2fa816d307fd	11	74327229	81787763	5024	0.0258
a1d80250-4972-4b13-b252-2fa816d307fd	11	81792426	81806116	11	-0.7284
a1d80250-4972-4b13-b252-2fa816d307fd	11	81811590	89847184	5286	0.0275
a1d80250-4972-4b13-b252-2fa816d307fd	11	89878176	89903029	2	-2.4816
a1d80250-4972-4b13-b252-2fa816d307fd	11	89923071	90043678	4	0.8609
a1d80250-4972-4b13-b252-2fa816d307fd	11	90070476	95451191	3837	0.0241
a1d80250-4972-4b13-b252-2fa816d307fd	11	95452865	95453749	4	-1.0439
a1d80250-4972-4b13-b252-2fa816d307fd	11	95455006	133161564	27155	0.0226
a1d80250-4972-4b13-b252-2fa816d307fd	11	133162356	133162860	3	-0.988
a1d80250-4972-4b13-b252-2fa816d307fd	11	133163459	134325337	831	0.0135
a1d80250-4972-4b13-b252-2fa816d307fd	11	134326238	135074876	599	-0.095
a1d80250-4972-4b13-b252-2fa816d307fd	12	51460	759943	417	-0.0181
a1d80250-4972-4b13-b252-2fa816d307fd	12	760032	764863	17	0.5732
a1d80250-4972-4b13-b252-2fa816d307fd	12	766188	2136758	833	0.0277
a1d80250-4972-4b13-b252-2fa816d307fd	12	2136950	2142277	10	-1.1013
a1d80250-4972-4b13-b252-2fa816d307fd	12	2142293	2145523	22	-0.457
a1d80250-4972-4b13-b252-2fa816d307fd	12	2148238	2148857	8	-1.013
a1d80250-4972-4b13-b252-2fa816d307fd	12	2148938	7842191	4057	-0.0012
a1d80250-4972-4b13-b252-2fa816d307fd	12	7851829	7970641	57	0.6047
a1d80250-4972-4b13-b252-2fa816d307fd	12	7971304	11062773	1814	-0.0048
a1d80250-4972-4b13-b252-2fa816d307fd	12	11064250	11088933	12	-1.2341
a1d80250-4972-4b13-b252-2fa816d307fd	12	11099275	19314078	5572	0.0276
a1d80250-4972-4b13-b252-2fa816d307fd	12	19321836	19424002	52	0.5383
a1d80250-4972-4b13-b252-2fa816d307fd	12	19427570	24767350	3643	0.0164
a1d80250-4972-4b13-b252-2fa816d307fd	12	24767647	24803223	34	-0.2445
a1d80250-4972-4b13-b252-2fa816d307fd	12	24806630	24815216	11	0.3509
a1d80250-4972-4b13-b252-2fa816d307fd	12	24815614	30086978	3958	0.025
a1d80250-4972-4b13-b252-2fa816d307fd	12	30087113	30095040	30	0.2595
a1d80250-4972-4b13-b252-2fa816d307fd	12	30096231	30464363	392	-0.0636
a1d80250-4972-4b13-b252-2fa816d307fd	12	30464369	33148472	1853	0.0122
a1d80250-4972-4b13-b252-2fa816d307fd	12	33148492	33246152	78	0.2369
a1d80250-4972-4b13-b252-2fa816d307fd	12	33246810	114081977	48728	0.0186
a1d80250-4972-4b13-b252-2fa816d307fd	12	114082232	114102338	26	-0.3655
a1d80250-4972-4b13-b252-2fa816d307fd	12	114104449	128052091	9518	0.0139
a1d80250-4972-4b13-b252-2fa816d307fd	12	128053241	131331668	2851	-0.0337
a1d80250-4972-4b13-b252-2fa816d307fd	12	131331871	131636170	304	0.0183
a1d80250-4972-4b13-b252-2fa816d307fd	12	131648039	131648790	13	-1.9188
a1d80250-4972-4b13-b252-2fa816d307fd	12	131657925	133201603	558	0.0239
a1d80250-4972-4b13-b252-2fa816d307fd	13	18452809	18874255	100	-0.1686
a1d80250-4972-4b13-b252-2fa816d307fd	13	18876666	19685853	501	0.0453
a1d80250-4972-4b13-b252-2fa816d307fd	13	19686660	19870109	72	0.2588
a1d80250-4972-4b13-b252-2fa816d307fd	13	19871730	20236364	195	0.0187
a1d80250-4972-4b13-b252-2fa816d307fd	13	20236598	20246642	5	-0.3478
a1d80250-4972-4b13-b252-2fa816d307fd	13	20253112	20253801	2	-4.2188
a1d80250-4972-4b13-b252-2fa816d307fd	13	20258408	20318259	41	0.0313
a1d80250-4972-4b13-b252-2fa816d307fd	13	20318465	20318550	2	-1.819
a1d80250-4972-4b13-b252-2fa816d307fd	13	20319292	38478674	13287	0.0147
a1d80250-4972-4b13-b252-2fa816d307fd	13	38483435	38483919	2	2.0104
a1d80250-4972-4b13-b252-2fa816d307fd	13	38490920	42984536	3189	0.018
a1d80250-4972-4b13-b252-2fa816d307fd	13	42984697	42985632	3	-0.9273
a1d80250-4972-4b13-b252-2fa816d307fd	13	42985668	43119029	67	0.1149
a1d80250-4972-4b13-b252-2fa816d307fd	13	43121281	43123465	4	-0.968
a1d80250-4972-4b13-b252-2fa816d307fd	13	43124116	43186697	54	-0.011
a1d80250-4972-4b13-b252-2fa816d307fd	13	43188854	43193114	9	-0.2159
a1d80250-4972-4b13-b252-2fa816d307fd	13	43193679	43202567	8	-0.5603
a1d80250-4972-4b13-b252-2fa816d307fd	13	43202776	52519687	5865	0.0243
a1d80250-4972-4b13-b252-2fa816d307fd	13	52520664	52531650	4	0.8405
a1d80250-4972-4b13-b252-2fa816d307fd	13	52543744	57129840	2609	0.025
a1d80250-4972-4b13-b252-2fa816d307fd	13	57129929	57139102	5	-0.8165
a1d80250-4972-4b13-b252-2fa816d307fd	13	57139232	57176962	9	0.0701
a1d80250-4972-4b13-b252-2fa816d307fd	13	57184136	57204246	34	-0.6407
a1d80250-4972-4b13-b252-2fa816d307fd	13	57215580	71902850	8997	0.0176
a1d80250-4972-4b13-b252-2fa816d307fd	13	71903417	71906418	4	-3.0749
a1d80250-4972-4b13-b252-2fa816d307fd	13	71906467	114042521	28969	0.0198
a1d80250-4972-4b13-b252-2fa816d307fd	13	114052113	114072313	15	-0.4502
a1d80250-4972-4b13-b252-2fa816d307fd	13	114073967	114342922	122	-0.0498
a1d80250-4972-4b13-b252-2fa816d307fd	14	18239283	18625765	13	0.0124
a1d80250-4972-4b13-b252-2fa816d307fd	14	18639714	19049265	18	-0.3764
a1d80250-4972-4b13-b252-2fa816d307fd	14	19078442	19667065	30	-0.8563
a1d80250-4972-4b13-b252-2fa816d307fd	14	19669187	19956767	105	-0.2707
a1d80250-4972-4b13-b252-2fa816d307fd	14	19957350	21778677	1200	0.034
a1d80250-4972-4b13-b252-2fa816d307fd	14	21779465	21928968	165	0.1839
a1d80250-4972-4b13-b252-2fa816d307fd	14	21929841	22139542	169	0.3927
a1d80250-4972-4b13-b252-2fa816d307fd	14	22143351	22145736	11	-0.1523
a1d80250-4972-4b13-b252-2fa816d307fd	14	22147511	22155699	10	0.4288
a1d80250-4972-4b13-b252-2fa816d307fd	14	22156145	22477390	257	0.6249
a1d80250-4972-4b13-b252-2fa816d307fd	14	22478293	22501590	39	0.3754
a1d80250-4972-4b13-b252-2fa816d307fd	14	22502281	25482109	1870	0.0423
a1d80250-4972-4b13-b252-2fa816d307fd	14	25483303	33683165	5233	0.0099
a1d80250-4972-4b13-b252-2fa816d307fd	14	33684036	38174697	2777	0.0402
a1d80250-4972-4b13-b252-2fa816d307fd	14	38174711	38174829	2	-1.6824
a1d80250-4972-4b13-b252-2fa816d307fd	14	38175298	44105681	3655	0.0254
a1d80250-4972-4b13-b252-2fa816d307fd	14	44108198	44110660	4	-1.026
a1d80250-4972-4b13-b252-2fa816d307fd	14	44112426	46687720	1430	0.0409
a1d80250-4972-4b13-b252-2fa816d307fd	14	46691286	46691955	3	-1.1606
a1d80250-4972-4b13-b252-2fa816d307fd	14	46693176	81670496	22597	0.0237
a1d80250-4972-4b13-b252-2fa816d307fd	14	81670519	87631868	3979	-0.0106
a1d80250-4972-4b13-b252-2fa816d307fd	14	87632755	96880552	6297	0.0249
a1d80250-4972-4b13-b252-2fa816d307fd	14	96880719	98850841	1661	-0.0196
a1d80250-4972-4b13-b252-2fa816d307fd	14	98851537	98859406	13	-0.4562
a1d80250-4972-4b13-b252-2fa816d307fd	14	98860579	99115837	279	-0.031
a1d80250-4972-4b13-b252-2fa816d307fd	14	99115850	106340102	3331	0.0208
a1d80250-4972-4b13-b252-2fa816d307fd	14	106340305	106496822	93	0.309
a1d80250-4972-4b13-b252-2fa816d307fd	14	106496841	106877229	187	-0.0269
a1d80250-4972-4b13-b252-2fa816d307fd	15	19811075	20373168	88	0.028
a1d80250-4972-4b13-b252-2fa816d307fd	15	20376198	20376202	5	-0.9161
a1d80250-4972-4b13-b252-2fa816d307fd	15	20376309	20381704	12	0.5416
a1d80250-4972-4b13-b252-2fa816d307fd	15	20384774	20657137	39	-0.0881
a1d80250-4972-4b13-b252-2fa816d307fd	15	20657735	21018354	14	-0.6009
a1d80250-4972-4b13-b252-2fa816d307fd	15	21053458	30094208	4669	-0.0005
a1d80250-4972-4b13-b252-2fa816d307fd	15	30106026	30608675	37	-0.8525
a1d80250-4972-4b13-b252-2fa816d307fd	15	30621384	76599170	29064	0.0134
a1d80250-4972-4b13-b252-2fa816d307fd	15	76599286	76602857	12	-2.2005
a1d80250-4972-4b13-b252-2fa816d307fd	15	76603003	76603434	8	-0.7796
a1d80250-4972-4b13-b252-2fa816d307fd	15	76609838	92222525	10188	0.0143
a1d80250-4972-4b13-b252-2fa816d307fd	15	92222644	92223064	3	1.3864
a1d80250-4972-4b13-b252-2fa816d307fd	15	92223528	93138428	759	0.0306
a1d80250-4972-4b13-b252-2fa816d307fd	15	93138756	93154867	13	-0.4054
a1d80250-4972-4b13-b252-2fa816d307fd	15	93155627	93355742	221	0.0458
a1d80250-4972-4b13-b252-2fa816d307fd	15	93356297	93642677	278	-0.0994
a1d80250-4972-4b13-b252-2fa816d307fd	15	93643852	101370031	5758	0.0119
a1d80250-4972-4b13-b252-2fa816d307fd	15	101370345	101386868	21	-0.3772
a1d80250-4972-4b13-b252-2fa816d307fd	15	101387672	101928837	378	0.0036
a1d80250-4972-4b13-b252-2fa816d307fd	16	10777	6214036	3386	-0.003
a1d80250-4972-4b13-b252-2fa816d307fd	16	6215792	6254579	45	-0.4353
a1d80250-4972-4b13-b252-2fa816d307fd	16	6255101	14347993	7513	0.0032
a1d80250-4972-4b13-b252-2fa816d307fd	16	14348774	16269368	808	0.0649
a1d80250-4972-4b13-b252-2fa816d307fd	16	16419234	16563603	19	-0.8919
a1d80250-4972-4b13-b252-2fa816d307fd	16	16569719	17154011	304	0.007
a1d80250-4972-4b13-b252-2fa816d307fd	16	17154159	17161645	13	-0.574
a1d80250-4972-4b13-b252-2fa816d307fd	16	17162539	22412847	2681	0.0077
a1d80250-4972-4b13-b252-2fa816d307fd	16	22417041	22576729	14	-0.2603
a1d80250-4972-4b13-b252-2fa816d307fd	16	22579557	22604483	5	-1.2885
a1d80250-4972-4b13-b252-2fa816d307fd	16	22614263	22706267	61	-0.274
a1d80250-4972-4b13-b252-2fa816d307fd	16	22706983	48874271	6776	0.0067
a1d80250-4972-4b13-b252-2fa816d307fd	16	48876352	48876823	3	-1.2162
a1d80250-4972-4b13-b252-2fa816d307fd	16	48878747	55653153	5199	0.0103
a1d80250-4972-4b13-b252-2fa816d307fd	16	55653300	55661194	2	-1.4075
a1d80250-4972-4b13-b252-2fa816d307fd	16	55664052	78105020	14203	0.014
a1d80250-4972-4b13-b252-2fa816d307fd	16	78106105	78175172	50	-0.2736
a1d80250-4972-4b13-b252-2fa816d307fd	16	78175766	78338949	160	0.0146
a1d80250-4972-4b13-b252-2fa816d307fd	16	78339440	78342480	4	-1.3615
a1d80250-4972-4b13-b252-2fa816d307fd	16	78342814	90096867	10630	-0.0072
a1d80250-4972-4b13-b252-2fa816d307fd	17	150733	8339592	4536	0.0111
a1d80250-4972-4b13-b252-2fa816d307fd	17	8344229	8344415	2	-2.277
a1d80250-4972-4b13-b252-2fa816d307fd	17	8346140	13252736	3576	-0.0002
a1d80250-4972-4b13-b252-2fa816d307fd	17	13252796	13253662	5	-0.9366
a1d80250-4972-4b13-b252-2fa816d307fd	17	13254223	18413879	3273	-0.002
a1d80250-4972-4b13-b252-2fa816d307fd	17	18414080	18592992	31	0.5235
a1d80250-4972-4b13-b252-2fa816d307fd	17	18593989	34433159	5741	0.0065
a1d80250-4972-4b13-b252-2fa816d307fd	17	34433716	34591759	173	-0.1566
a1d80250-4972-4b13-b252-2fa816d307fd	17	34592538	41372886	3622	0.0026
a1d80250-4972-4b13-b252-2fa816d307fd	17	41376617	41380422	7	0.6722
a1d80250-4972-4b13-b252-2fa816d307fd	17	41391076	45711430	2114	0.024
a1d80250-4972-4b13-b252-2fa816d307fd	17	45712230	45924772	132	-0.1137
a1d80250-4972-4b13-b252-2fa816d307fd	17	45924884	46085231	131	0.0265
a1d80250-4972-4b13-b252-2fa816d307fd	17	46085732	46138108	40	0.4566
a1d80250-4972-4b13-b252-2fa816d307fd	17	46138956	46147179	4	-0.3797
a1d80250-4972-4b13-b252-2fa816d307fd	17	46147285	46267493	70	0.3383
a1d80250-4972-4b13-b252-2fa816d307fd	17	46267527	73504112	16568	0.018
a1d80250-4972-4b13-b252-2fa816d307fd	17	73507780	81178275	4323	-0.0168
a1d80250-4972-4b13-b252-2fa816d307fd	17	81181217	83091923	705	0.0198
a1d80250-4972-4b13-b252-2fa816d307fd	18	48133	1933625	1357	0.0123
a1d80250-4972-4b13-b252-2fa816d307fd	18	1933792	1933814	2	-1.3822
a1d80250-4972-4b13-b252-2fa816d307fd	18	1933873	5961068	2866	0.025
a1d80250-4972-4b13-b252-2fa816d307fd	18	5962015	6113749	140	-0.1702
a1d80250-4972-4b13-b252-2fa816d307fd	18	6114690	8555031	1863	0.0019
a1d80250-4972-4b13-b252-2fa816d307fd	18	8555449	8555810	2	-1.2009
a1d80250-4972-4b13-b252-2fa816d307fd	18	8556128	12224735	2659	0.0265
a1d80250-4972-4b13-b252-2fa816d307fd	18	12226369	12228773	2	-1.3054
a1d80250-4972-4b13-b252-2fa816d307fd	18	12238864	15180160	1485	-0.0148
a1d80250-4972-4b13-b252-2fa816d307fd	18	15182455	24845969	2257	0.0495
a1d80250-4972-4b13-b252-2fa816d307fd	18	24846532	28616031	2445	0.0095
a1d80250-4972-4b13-b252-2fa816d307fd	18	28616148	28616166	2	-1.6553
a1d80250-4972-4b13-b252-2fa816d307fd	18	28616668	35679660	4378	0.0328
a1d80250-4972-4b13-b252-2fa816d307fd	18	35679673	35700242	17	0.3828
a1d80250-4972-4b13-b252-2fa816d307fd	18	35707496	43489767	5204	0.0103
a1d80250-4972-4b13-b252-2fa816d307fd	18	43489913	43498501	4	-0.9873
a1d80250-4972-4b13-b252-2fa816d307fd	18	43499576	44394050	501	0.0042
a1d80250-4972-4b13-b252-2fa816d307fd	18	44394853	44398660	7	-0.6987
a1d80250-4972-4b13-b252-2fa816d307fd	18	44402706	45222416	579	0.0157
a1d80250-4972-4b13-b252-2fa816d307fd	18	45222435	45239315	8	-1.3039
a1d80250-4972-4b13-b252-2fa816d307fd	18	45241492	65533243	14167	0.0261
a1d80250-4972-4b13-b252-2fa816d307fd	18	65535759	65537481	16	0.8014
a1d80250-4972-4b13-b252-2fa816d307fd	18	65540037	73860419	6187	0.0301
a1d80250-4972-4b13-b252-2fa816d307fd	18	73860975	73862493	3	-2.037
a1d80250-4972-4b13-b252-2fa816d307fd	18	73863706	73899003	35	-0.1788
a1d80250-4972-4b13-b252-2fa816d307fd	18	73899498	73904182	9	-0.6587
a1d80250-4972-4b13-b252-2fa816d307fd	18	73906067	80257174	4567	0.0087
a1d80250-4972-4b13-b252-2fa816d307fd	19	90910	58586487	29118	0.0122
a1d80250-4972-4b13-b252-2fa816d307fd	20	80664	1580353	1204	-0.0004
a1d80250-4972-4b13-b252-2fa816d307fd	20	1580934	1613247	41	2.2775
a1d80250-4972-4b13-b252-2fa816d307fd	20	1617300	1620279	13	-0.2102
a1d80250-4972-4b13-b252-2fa816d307fd	20	1621071	1706503	99	0.058
a1d80250-4972-4b13-b252-2fa816d307fd	20	1707810	1728452	14	-0.5023
a1d80250-4972-4b13-b252-2fa816d307fd	20	1729931	2013704	214	-0.0007
a1d80250-4972-4b13-b252-2fa816d307fd	20	2016124	2017002	3	-1.2425
a1d80250-4972-4b13-b252-2fa816d307fd	20	2019209	5547137	2528	-0.0004
a1d80250-4972-4b13-b252-2fa816d307fd	20	5550343	5697665	89	0.1953
a1d80250-4972-4b13-b252-2fa816d307fd	20	5698298	8545782	2209	0.0291
a1d80250-4972-4b13-b252-2fa816d307fd	20	8547238	8585135	35	-0.2588
a1d80250-4972-4b13-b252-2fa816d307fd	20	8585754	14897204	4816	0.017
a1d80250-4972-4b13-b252-2fa816d307fd	20	14897240	14911141	22	0.3706
a1d80250-4972-4b13-b252-2fa816d307fd	20	14912030	24051964	7425	0.0235
a1d80250-4972-4b13-b252-2fa816d307fd	20	24052618	24054215	2	-1.5032
a1d80250-4972-4b13-b252-2fa816d307fd	20	24055456	53441149	15757	0.0091
a1d80250-4972-4b13-b252-2fa816d307fd	20	53442334	53442884	2	-1.2857
a1d80250-4972-4b13-b252-2fa816d307fd	20	53444708	56175059	2197	0.0256
a1d80250-4972-4b13-b252-2fa816d307fd	20	56176727	56179321	5	-1.6355
a1d80250-4972-4b13-b252-2fa816d307fd	20	56183811	64324800	5711	-0.0018
a1d80250-4972-4b13-b252-2fa816d307fd	21	10354168	10459828	18	-0.2299
a1d80250-4972-4b13-b252-2fa816d307fd	21	10494350	10535775	11	-0.7332
a1d80250-4972-4b13-b252-2fa816d307fd	21	10536295	10556313	19	-0.2351
a1d80250-4972-4b13-b252-2fa816d307fd	21	10558268	10775586	38	-0.76
a1d80250-4972-4b13-b252-2fa816d307fd	21	12973348	13822907	191	0.0044
a1d80250-4972-4b13-b252-2fa816d307fd	21	13823535	13833696	4	-0.7849
a1d80250-4972-4b13-b252-2fa816d307fd	21	13833744	22278814	6021	0.011
a1d80250-4972-4b13-b252-2fa816d307fd	21	22283580	22292338	9	-0.7089
a1d80250-4972-4b13-b252-2fa816d307fd	21	22294679	42848180	15673	0.0133
a1d80250-4972-4b13-b252-2fa816d307fd	21	42849478	42850199	2	-1.4035
a1d80250-4972-4b13-b252-2fa816d307fd	21	42851593	45136889	987	-0.0134
a1d80250-4972-4b13-b252-2fa816d307fd	21	45143292	45419989	172	-0.0853
a1d80250-4972-4b13-b252-2fa816d307fd	21	45427844	45428674	5	-0.9561
a1d80250-4972-4b13-b252-2fa816d307fd	21	45429306	45632577	107	-0.1566
a1d80250-4972-4b13-b252-2fa816d307fd	21	45632643	46271080	338	-0.0037
a1d80250-4972-4b13-b252-2fa816d307fd	21	46272884	46563024	167	-0.1206
a1d80250-4972-4b13-b252-2fa816d307fd	21	46563744	46567112	10	-0.5875
a1d80250-4972-4b13-b252-2fa816d307fd	21	46567254	46677045	97	-0.0179
a1d80250-4972-4b13-b252-2fa816d307fd	22	15294547	20221964	1971	-0.0042
a1d80250-4972-4b13-b252-2fa816d307fd	22	20223616	20223805	2	-1.654
a1d80250-4972-4b13-b252-2fa816d307fd	22	20226155	25340378	3292	-0.0133
a1d80250-4972-4b13-b252-2fa816d307fd	22	25340705	25340711	6	0.8992
a1d80250-4972-4b13-b252-2fa816d307fd	22	25349934	48671713	16606	-0.0011
a1d80250-4972-4b13-b252-2fa816d307fd	22	48675956	48681058	3	-1.2128
a1d80250-4972-4b13-b252-2fa816d307fd	22	48681330	48956708	223	-0.0389
a1d80250-4972-4b13-b252-2fa816d307fd	22	48957301	49699388	708	-0.1627
a1d80250-4972-4b13-b252-2fa816d307fd	22	49701706	50796027	469	-0.0062
a1d80250-4972-4b13-b252-2fa816d307fd	X	251810	9404127	5084	0.0193
a1d80250-4972-4b13-b252-2fa816d307fd	X	9407832	9408195	2	-1.3822
a1d80250-4972-4b13-b252-2fa816d307fd	X	9416190	9603982	159	0.0002
a1d80250-4972-4b13-b252-2fa816d307fd	X	9604303	9610705	7	-0.8131
a1d80250-4972-4b13-b252-2fa816d307fd	X	9613189	148496949	74414	0.0199
a1d80250-4972-4b13-b252-2fa816d307fd	X	148497985	148499782	5	-1.0426
a1d80250-4972-4b13-b252-2fa816d307fd	X	148499950	149803246	795	-0.0026
a1d80250-4972-4b13-b252-2fa816d307fd	X	149803608	149803773	4	0.9071
a1d80250-4972-4b13-b252-2fa816d307fd	X	149804895	155952689	3200	0.0132
a1d80250-4972-4b13-b252-2fa816d307fd	Y	2782397	3117554	150	-2.9893
a1d80250-4972-4b13-b252-2fa816d307fd	Y	3137227	6071948	567	-2.615
a1d80250-4972-4b13-b252-2fa816d307fd	Y	6075631	56872112	5922	-3.1086
