GDC_Aliquot	Chromosome	Start	End	Num_Probes	Segment_Mean
ca79ce1b-b8da-4e44-b227-1e24981b13a4	1	62920	16863509	8660	-0.3251
ca79ce1b-b8da-4e44-b227-1e24981b13a4	1	16864367	16934753	48	-0.9084
ca79ce1b-b8da-4e44-b227-1e24981b13a4	1	16934768	27919941	6360	-0.3233
ca79ce1b-b8da-4e44-b227-1e24981b13a4	1	27923172	27933809	5	-1.6042
ca79ce1b-b8da-4e44-b227-1e24981b13a4	1	27933815	48786784	11883	-0.3192
ca79ce1b-b8da-4e44-b227-1e24981b13a4	1	48801899	49086364	199	-0.9427
ca79ce1b-b8da-4e44-b227-1e24981b13a4	1	49091906	61482539	8051	-0.3133
ca79ce1b-b8da-4e44-b227-1e24981b13a4	1	61485107	61486496	3	-2.0774
ca79ce1b-b8da-4e44-b227-1e24981b13a4	1	61486629	72302815	7437	-0.3079
ca79ce1b-b8da-4e44-b227-1e24981b13a4	1	72303233	72345465	46	-1.4538
ca79ce1b-b8da-4e44-b227-1e24981b13a4	1	72346221	79734446	4631	-0.3239
ca79ce1b-b8da-4e44-b227-1e24981b13a4	1	79734684	81738286	1430	-0.376
ca79ce1b-b8da-4e44-b227-1e24981b13a4	1	81738751	103616762	13940	-0.3105
ca79ce1b-b8da-4e44-b227-1e24981b13a4	1	103620877	103760781	7	-1.5982
ca79ce1b-b8da-4e44-b227-1e24981b13a4	1	103760879	105470754	917	-0.3402
ca79ce1b-b8da-4e44-b227-1e24981b13a4	1	105476583	105479753	17	0.2921
ca79ce1b-b8da-4e44-b227-1e24981b13a4	1	105481433	109679105	2630	-0.3116
ca79ce1b-b8da-4e44-b227-1e24981b13a4	1	109684695	109707950	21	0.1105
ca79ce1b-b8da-4e44-b227-1e24981b13a4	1	109707962	120146498	7008	-0.3116
ca79ce1b-b8da-4e44-b227-1e24981b13a4	1	120370887	152583291	2545	0.3683
ca79ce1b-b8da-4e44-b227-1e24981b13a4	1	152583319	152613762	29	1.5836
ca79ce1b-b8da-4e44-b227-1e24981b13a4	1	152613802	152789532	175	0.3238
ca79ce1b-b8da-4e44-b227-1e24981b13a4	1	152789570	152795487	27	0.9493
ca79ce1b-b8da-4e44-b227-1e24981b13a4	1	152795783	153745744	647	0.3882
ca79ce1b-b8da-4e44-b227-1e24981b13a4	1	153745996	153746270	2	-0.9025
ca79ce1b-b8da-4e44-b227-1e24981b13a4	1	153752734	158896783	2969	0.3508
ca79ce1b-b8da-4e44-b227-1e24981b13a4	1	158898711	158899969	2	1.7068
ca79ce1b-b8da-4e44-b227-1e24981b13a4	1	158905028	168343834	6878	0.3699
ca79ce1b-b8da-4e44-b227-1e24981b13a4	1	168344196	169390434	868	0.4218
ca79ce1b-b8da-4e44-b227-1e24981b13a4	1	169392749	174827267	3446	0.3574
ca79ce1b-b8da-4e44-b227-1e24981b13a4	1	174827418	174832716	17	-1.0211
ca79ce1b-b8da-4e44-b227-1e24981b13a4	1	174832734	186522908	7845	0.363
ca79ce1b-b8da-4e44-b227-1e24981b13a4	1	186526209	192260305	3726	0.2937
ca79ce1b-b8da-4e44-b227-1e24981b13a4	1	192260959	196745692	3072	0.3353
ca79ce1b-b8da-4e44-b227-1e24981b13a4	1	196745743	196832525	58	-0.6882
ca79ce1b-b8da-4e44-b227-1e24981b13a4	1	196832720	198500032	950	0.3516
ca79ce1b-b8da-4e44-b227-1e24981b13a4	1	198500104	199124222	406	0.2788
ca79ce1b-b8da-4e44-b227-1e24981b13a4	1	199124748	199125422	2	-0.9025
ca79ce1b-b8da-4e44-b227-1e24981b13a4	1	199125504	199451371	268	0.2878
ca79ce1b-b8da-4e44-b227-1e24981b13a4	1	199452894	209897717	7166	0.3562
ca79ce1b-b8da-4e44-b227-1e24981b13a4	1	209908268	209913207	4	1.6472
ca79ce1b-b8da-4e44-b227-1e24981b13a4	1	209920149	240119721	21044	0.3508
ca79ce1b-b8da-4e44-b227-1e24981b13a4	1	240119781	240348174	237	0.3112
ca79ce1b-b8da-4e44-b227-1e24981b13a4	1	240349231	240349352	2	-1.1971
ca79ce1b-b8da-4e44-b227-1e24981b13a4	1	240351311	244061944	2631	0.3
ca79ce1b-b8da-4e44-b227-1e24981b13a4	1	244062100	248930189	3106	0.3406
ca79ce1b-b8da-4e44-b227-1e24981b13a4	2	12784	4158097	2985	0.0257
ca79ce1b-b8da-4e44-b227-1e24981b13a4	2	4166274	4176429	42	-0.5425
ca79ce1b-b8da-4e44-b227-1e24981b13a4	2	4182472	4868309	585	0.0381
ca79ce1b-b8da-4e44-b227-1e24981b13a4	2	4868357	7836980	2539	0.0077
ca79ce1b-b8da-4e44-b227-1e24981b13a4	2	7837431	15563314	5605	0.0553
ca79ce1b-b8da-4e44-b227-1e24981b13a4	2	15564820	15644640	58	0.3805
ca79ce1b-b8da-4e44-b227-1e24981b13a4	2	15646727	25894888	6878	0.0447
ca79ce1b-b8da-4e44-b227-1e24981b13a4	2	25902458	26085369	76	0.2734
ca79ce1b-b8da-4e44-b227-1e24981b13a4	2	26086596	27216883	572	0.0232
ca79ce1b-b8da-4e44-b227-1e24981b13a4	2	27218434	27218632	3	-1.229
ca79ce1b-b8da-4e44-b227-1e24981b13a4	2	27219036	34466002	4725	0.0308
ca79ce1b-b8da-4e44-b227-1e24981b13a4	2	34474248	34511990	46	-2.4088
ca79ce1b-b8da-4e44-b227-1e24981b13a4	2	34512096	35454409	649	-0.0142
ca79ce1b-b8da-4e44-b227-1e24981b13a4	2	35459642	49755422	10371	0.0489
ca79ce1b-b8da-4e44-b227-1e24981b13a4	2	49758202	52527423	1982	-0.0024
ca79ce1b-b8da-4e44-b227-1e24981b13a4	2	52527590	52554404	36	0.6942
ca79ce1b-b8da-4e44-b227-1e24981b13a4	2	52560811	78473831	16757	0.0473
ca79ce1b-b8da-4e44-b227-1e24981b13a4	2	78474950	78494776	14	-0.5744
ca79ce1b-b8da-4e44-b227-1e24981b13a4	2	78498405	87228594	5247	0.0441
ca79ce1b-b8da-4e44-b227-1e24981b13a4	2	87229739	87516162	56	-0.2577
ca79ce1b-b8da-4e44-b227-1e24981b13a4	2	87519870	89897956	689	0.0464
ca79ce1b-b8da-4e44-b227-1e24981b13a4	2	89920951	89933871	3	-1.0616
ca79ce1b-b8da-4e44-b227-1e24981b13a4	2	89936810	97359885	1069	0.0321
ca79ce1b-b8da-4e44-b227-1e24981b13a4	2	97524284	97545726	9	-0.8122
ca79ce1b-b8da-4e44-b227-1e24981b13a4	2	97550415	106258193	5559	0.0555
ca79ce1b-b8da-4e44-b227-1e24981b13a4	2	106258266	106270952	15	-1.597
ca79ce1b-b8da-4e44-b227-1e24981b13a4	2	106271414	113574198	3778	0.0556
ca79ce1b-b8da-4e44-b227-1e24981b13a4	2	113604438	113623244	4	-1.0442
ca79ce1b-b8da-4e44-b227-1e24981b13a4	2	113625975	114953249	834	0.0937
ca79ce1b-b8da-4e44-b227-1e24981b13a4	2	114953359	117251638	1365	-0.0038
ca79ce1b-b8da-4e44-b227-1e24981b13a4	2	117254233	123133483	3826	0.0682
ca79ce1b-b8da-4e44-b227-1e24981b13a4	2	123135123	125389354	1451	-0.0106
ca79ce1b-b8da-4e44-b227-1e24981b13a4	2	125390176	130036283	3013	0.0487
ca79ce1b-b8da-4e44-b227-1e24981b13a4	2	130036310	130116915	13	-0.65
ca79ce1b-b8da-4e44-b227-1e24981b13a4	2	130117303	139898381	5677	0.0391
ca79ce1b-b8da-4e44-b227-1e24981b13a4	2	139898391	141806214	1322	-0.0103
ca79ce1b-b8da-4e44-b227-1e24981b13a4	2	141806946	143147325	833	0.0543
ca79ce1b-b8da-4e44-b227-1e24981b13a4	2	143147663	146763490	2037	-0.0219
ca79ce1b-b8da-4e44-b227-1e24981b13a4	2	146766484	179548644	20153	0.0535
ca79ce1b-b8da-4e44-b227-1e24981b13a4	2	179553484	179557410	30	-1.3812
ca79ce1b-b8da-4e44-b227-1e24981b13a4	2	179560916	241973401	38395	0.0627
ca79ce1b-b8da-4e44-b227-1e24981b13a4	2	241975155	242095460	102	-0.6621
ca79ce1b-b8da-4e44-b227-1e24981b13a4	2	242095518	242147305	23	0.0458
ca79ce1b-b8da-4e44-b227-1e24981b13a4	3	20930	6275672	5535	-0.2737
ca79ce1b-b8da-4e44-b227-1e24981b13a4	3	6277576	6293785	19	0.4658
ca79ce1b-b8da-4e44-b227-1e24981b13a4	3	6296749	6604856	240	-0.2736
ca79ce1b-b8da-4e44-b227-1e24981b13a4	3	6609441	6611645	23	-2.1789
ca79ce1b-b8da-4e44-b227-1e24981b13a4	3	6613391	12666277	4688	-0.235
ca79ce1b-b8da-4e44-b227-1e24981b13a4	3	12666341	23937812	7317	-0.2692
ca79ce1b-b8da-4e44-b227-1e24981b13a4	3	23939938	23940837	2	-3.2492
ca79ce1b-b8da-4e44-b227-1e24981b13a4	3	23940839	45224042	14231	-0.238
ca79ce1b-b8da-4e44-b227-1e24981b13a4	3	45229299	45232891	2	-2.1285
ca79ce1b-b8da-4e44-b227-1e24981b13a4	3	45233040	47437019	1360	-0.2656
ca79ce1b-b8da-4e44-b227-1e24981b13a4	3	47450332	47451230	2	-2.6781
ca79ce1b-b8da-4e44-b227-1e24981b13a4	3	47455724	51293378	1523	-0.2572
ca79ce1b-b8da-4e44-b227-1e24981b13a4	3	51293578	59833026	5384	-0.3174
ca79ce1b-b8da-4e44-b227-1e24981b13a4	3	59833487	59884562	40	-0.2026
ca79ce1b-b8da-4e44-b227-1e24981b13a4	3	59884705	60325952	555	-0.4682
ca79ce1b-b8da-4e44-b227-1e24981b13a4	3	60326626	60381559	56	-1.003
ca79ce1b-b8da-4e44-b227-1e24981b13a4	3	60381797	60391445	12	-0.2571
ca79ce1b-b8da-4e44-b227-1e24981b13a4	3	60391703	60421077	33	0.0349
ca79ce1b-b8da-4e44-b227-1e24981b13a4	3	60422614	60530523	142	-0.3783
ca79ce1b-b8da-4e44-b227-1e24981b13a4	3	60531830	60630724	113	0.327
ca79ce1b-b8da-4e44-b227-1e24981b13a4	3	60634551	60988416	355	0.0096
ca79ce1b-b8da-4e44-b227-1e24981b13a4	3	60990191	61941145	750	0.3569
ca79ce1b-b8da-4e44-b227-1e24981b13a4	3	61942484	62027013	97	-0.3531
ca79ce1b-b8da-4e44-b227-1e24981b13a4	3	62027980	64470376	2024	0.3874
ca79ce1b-b8da-4e44-b227-1e24981b13a4	3	64471987	65213590	743	0.3457
ca79ce1b-b8da-4e44-b227-1e24981b13a4	3	65213747	65217857	8	-0.2873
ca79ce1b-b8da-4e44-b227-1e24981b13a4	3	65217863	73131931	5766	0.3423
ca79ce1b-b8da-4e44-b227-1e24981b13a4	3	73134600	74289602	920	0.3782
ca79ce1b-b8da-4e44-b227-1e24981b13a4	3	74290246	75953885	813	0.2677
ca79ce1b-b8da-4e44-b227-1e24981b13a4	3	75953992	82808216	3983	0.3175
ca79ce1b-b8da-4e44-b227-1e24981b13a4	3	82811855	84649839	877	0.2672
ca79ce1b-b8da-4e44-b227-1e24981b13a4	3	84650033	84653010	16	-0.4699
ca79ce1b-b8da-4e44-b227-1e24981b13a4	3	84653084	98180575	5385	0.3059
ca79ce1b-b8da-4e44-b227-1e24981b13a4	3	98189826	98194581	3	-1.823
ca79ce1b-b8da-4e44-b227-1e24981b13a4	3	98195973	98877962	381	0.271
ca79ce1b-b8da-4e44-b227-1e24981b13a4	3	98881636	99218940	212	0.3539
ca79ce1b-b8da-4e44-b227-1e24981b13a4	3	99225614	99230577	37	-0.3336
ca79ce1b-b8da-4e44-b227-1e24981b13a4	3	99232120	103085902	2132	0.3338
ca79ce1b-b8da-4e44-b227-1e24981b13a4	3	103086404	105493831	1574	0.2685
ca79ce1b-b8da-4e44-b227-1e24981b13a4	3	105496759	124294758	11556	0.3246
ca79ce1b-b8da-4e44-b227-1e24981b13a4	3	124295100	125094678	621	0.4007
ca79ce1b-b8da-4e44-b227-1e24981b13a4	3	125095218	130039375	2819	0.3333
ca79ce1b-b8da-4e44-b227-1e24981b13a4	3	130041779	130087393	40	0.0743
ca79ce1b-b8da-4e44-b227-1e24981b13a4	3	130088081	144139593	8735	0.3381
ca79ce1b-b8da-4e44-b227-1e24981b13a4	3	144141067	145337931	759	0.2668
ca79ce1b-b8da-4e44-b227-1e24981b13a4	3	145340761	148873621	2195	0.3276
ca79ce1b-b8da-4e44-b227-1e24981b13a4	3	148874657	149017324	93	0.5794
ca79ce1b-b8da-4e44-b227-1e24981b13a4	3	149025152	162790480	8482	0.3139
ca79ce1b-b8da-4e44-b227-1e24981b13a4	3	162794869	162908207	70	-1.7457
ca79ce1b-b8da-4e44-b227-1e24981b13a4	3	162908784	162996729	72	0.2421
ca79ce1b-b8da-4e44-b227-1e24981b13a4	3	162999939	163001774	2	-2.7447
ca79ce1b-b8da-4e44-b227-1e24981b13a4	3	163008371	167177944	2324	0.2837
ca79ce1b-b8da-4e44-b227-1e24981b13a4	3	167184279	173718253	4095	0.3494
ca79ce1b-b8da-4e44-b227-1e24981b13a4	3	173718697	175028233	867	0.3036
ca79ce1b-b8da-4e44-b227-1e24981b13a4	3	175029012	175072628	31	-0.1014
ca79ce1b-b8da-4e44-b227-1e24981b13a4	3	175075974	175425553	329	0.2866
ca79ce1b-b8da-4e44-b227-1e24981b13a4	3	175428639	175595005	128	-0.0202
ca79ce1b-b8da-4e44-b227-1e24981b13a4	3	175601929	176557762	577	0.2901
ca79ce1b-b8da-4e44-b227-1e24981b13a4	3	176558145	178140154	977	0.3379
ca79ce1b-b8da-4e44-b227-1e24981b13a4	3	178140217	181919545	2188	0.2787
ca79ce1b-b8da-4e44-b227-1e24981b13a4	3	181920462	190916113	6009	0.3443
ca79ce1b-b8da-4e44-b227-1e24981b13a4	3	190918899	191686602	555	0.2865
ca79ce1b-b8da-4e44-b227-1e24981b13a4	3	191686909	191769165	52	-0.0081
ca79ce1b-b8da-4e44-b227-1e24981b13a4	3	191769615	193162937	973	0.3122
ca79ce1b-b8da-4e44-b227-1e24981b13a4	3	193163042	193163053	2	2.7133
ca79ce1b-b8da-4e44-b227-1e24981b13a4	3	193164615	193165080	6	0.8348
ca79ce1b-b8da-4e44-b227-1e24981b13a4	3	193165099	195559056	1486	0.3573
ca79ce1b-b8da-4e44-b227-1e24981b13a4	3	195656271	195715711	21	-0.5629
ca79ce1b-b8da-4e44-b227-1e24981b13a4	3	195719726	195934679	103	0.2487
ca79ce1b-b8da-4e44-b227-1e24981b13a4	3	195963975	195991894	7	-0.9188
ca79ce1b-b8da-4e44-b227-1e24981b13a4	3	195998433	198111342	1060	0.3247
ca79ce1b-b8da-4e44-b227-1e24981b13a4	3	198111467	198169247	19	-0.5082
ca79ce1b-b8da-4e44-b227-1e24981b13a4	4	68929	1118731	396	-0.0275
ca79ce1b-b8da-4e44-b227-1e24981b13a4	4	1123903	5163328	2026	0.0226
ca79ce1b-b8da-4e44-b227-1e24981b13a4	4	5163348	5177975	10	-1.0082
ca79ce1b-b8da-4e44-b227-1e24981b13a4	4	5179462	10208766	3257	0.0375
ca79ce1b-b8da-4e44-b227-1e24981b13a4	4	10212536	10228994	21	0.7712
ca79ce1b-b8da-4e44-b227-1e24981b13a4	4	10229120	12194949	1693	0.076
ca79ce1b-b8da-4e44-b227-1e24981b13a4	4	12198051	21724648	6826	0.0277
ca79ce1b-b8da-4e44-b227-1e24981b13a4	4	21726413	25455985	2607	0.0709
ca79ce1b-b8da-4e44-b227-1e24981b13a4	4	25456039	28007798	1684	0.0211
ca79ce1b-b8da-4e44-b227-1e24981b13a4	4	28010554	34777432	4174	-0.0183
ca79ce1b-b8da-4e44-b227-1e24981b13a4	4	34784878	34828306	41	0.6871
ca79ce1b-b8da-4e44-b227-1e24981b13a4	4	34828327	35805191	622	-0.0191
ca79ce1b-b8da-4e44-b227-1e24981b13a4	4	35805456	43278626	5004	0.0455
ca79ce1b-b8da-4e44-b227-1e24981b13a4	4	43279223	47205018	2175	-0.0049
ca79ce1b-b8da-4e44-b227-1e24981b13a4	4	47212896	56563417	4299	0.0707
ca79ce1b-b8da-4e44-b227-1e24981b13a4	4	56568079	57944287	1048	0.0289
ca79ce1b-b8da-4e44-b227-1e24981b13a4	4	57944326	57947484	4	-1.1897
ca79ce1b-b8da-4e44-b227-1e24981b13a4	4	57948571	59107300	642	0.0099
ca79ce1b-b8da-4e44-b227-1e24981b13a4	4	59108353	59122391	9	0.6541
ca79ce1b-b8da-4e44-b227-1e24981b13a4	4	59123359	60461594	842	0.0167
ca79ce1b-b8da-4e44-b227-1e24981b13a4	4	60464276	60465899	2	1.1588
ca79ce1b-b8da-4e44-b227-1e24981b13a4	4	60469846	61071220	396	0.0327
ca79ce1b-b8da-4e44-b227-1e24981b13a4	4	61075217	61076234	2	-1.2746
ca79ce1b-b8da-4e44-b227-1e24981b13a4	4	61079968	68354665	4378	0.028
ca79ce1b-b8da-4e44-b227-1e24981b13a4	4	68361130	68422422	11	-0.8195
ca79ce1b-b8da-4e44-b227-1e24981b13a4	4	68422424	68506285	13	0.1198
ca79ce1b-b8da-4e44-b227-1e24981b13a4	4	68509223	68623617	66	-1.6323
ca79ce1b-b8da-4e44-b227-1e24981b13a4	4	68639397	70117337	850	0.105
ca79ce1b-b8da-4e44-b227-1e24981b13a4	4	70119308	72896926	1637	0.0253
ca79ce1b-b8da-4e44-b227-1e24981b13a4	4	72896993	84161878	7103	0.084
ca79ce1b-b8da-4e44-b227-1e24981b13a4	4	84162172	84168148	5	-1.7063
ca79ce1b-b8da-4e44-b227-1e24981b13a4	4	84169596	90397887	3901	0.079
ca79ce1b-b8da-4e44-b227-1e24981b13a4	4	90401496	90429274	10	-0.373
ca79ce1b-b8da-4e44-b227-1e24981b13a4	4	90429304	90803033	204	-0.9252
ca79ce1b-b8da-4e44-b227-1e24981b13a4	4	90803046	91477538	431	-0.3314
ca79ce1b-b8da-4e44-b227-1e24981b13a4	4	91481474	103126149	6773	0.0392
ca79ce1b-b8da-4e44-b227-1e24981b13a4	4	103133481	103249953	63	0.3506
ca79ce1b-b8da-4e44-b227-1e24981b13a4	4	103249990	115374337	7428	0.0698
ca79ce1b-b8da-4e44-b227-1e24981b13a4	4	115376989	118101144	1661	-0.1554
ca79ce1b-b8da-4e44-b227-1e24981b13a4	4	118101488	125075658	4080	-0.1067
ca79ce1b-b8da-4e44-b227-1e24981b13a4	4	125075806	137462059	7067	-0.1555
ca79ce1b-b8da-4e44-b227-1e24981b13a4	4	137463863	139677899	1452	-0.1086
ca79ce1b-b8da-4e44-b227-1e24981b13a4	4	139679153	139679283	3	-1.4094
ca79ce1b-b8da-4e44-b227-1e24981b13a4	4	139680637	142065553	1545	-0.1221
ca79ce1b-b8da-4e44-b227-1e24981b13a4	4	142065608	142814117	484	-0.5989
ca79ce1b-b8da-4e44-b227-1e24981b13a4	4	142818143	155966920	7797	-0.13
ca79ce1b-b8da-4e44-b227-1e24981b13a4	4	155966937	155967367	5	-1.1879
ca79ce1b-b8da-4e44-b227-1e24981b13a4	4	155969109	156035480	52	-0.1584
ca79ce1b-b8da-4e44-b227-1e24981b13a4	4	156046823	156052053	16	-0.8289
ca79ce1b-b8da-4e44-b227-1e24981b13a4	4	156053545	157344426	791	-0.1842
ca79ce1b-b8da-4e44-b227-1e24981b13a4	4	157347204	160132735	1645	0.0755
ca79ce1b-b8da-4e44-b227-1e24981b13a4	4	160132776	164742624	3128	0.0357
ca79ce1b-b8da-4e44-b227-1e24981b13a4	4	164744253	164762849	6	-0.746
ca79ce1b-b8da-4e44-b227-1e24981b13a4	4	164762951	167328738	1516	0.012
ca79ce1b-b8da-4e44-b227-1e24981b13a4	4	167329960	171448195	2662	0.0662
ca79ce1b-b8da-4e44-b227-1e24981b13a4	4	171453733	171456559	10	1.3881
ca79ce1b-b8da-4e44-b227-1e24981b13a4	4	171456573	172501371	640	0.0388
ca79ce1b-b8da-4e44-b227-1e24981b13a4	4	172503796	172507492	7	1.1934
ca79ce1b-b8da-4e44-b227-1e24981b13a4	4	172519981	179145583	4114	0.0372
ca79ce1b-b8da-4e44-b227-1e24981b13a4	4	179145853	179157532	17	0.6397
ca79ce1b-b8da-4e44-b227-1e24981b13a4	4	179160174	182887218	2931	0.0037
ca79ce1b-b8da-4e44-b227-1e24981b13a4	4	182890517	187830256	3356	0.0827
ca79ce1b-b8da-4e44-b227-1e24981b13a4	4	187834702	190106768	1418	-0.0264
ca79ce1b-b8da-4e44-b227-1e24981b13a4	5	15532	685633	306	0.1066
ca79ce1b-b8da-4e44-b227-1e24981b13a4	5	698256	779766	28	0.9637
ca79ce1b-b8da-4e44-b227-1e24981b13a4	5	800724	6871974	5127	0.0829
ca79ce1b-b8da-4e44-b227-1e24981b13a4	5	6872569	6872900	2	-1.4923
ca79ce1b-b8da-4e44-b227-1e24981b13a4	5	6872987	12800777	4721	0.0914
ca79ce1b-b8da-4e44-b227-1e24981b13a4	5	12815668	12838421	14	-1.5945
ca79ce1b-b8da-4e44-b227-1e24981b13a4	5	12849089	17791907	3291	0.1229
ca79ce1b-b8da-4e44-b227-1e24981b13a4	5	17793103	21449167	2217	0.0495
ca79ce1b-b8da-4e44-b227-1e24981b13a4	5	21451091	21451889	4	1.3506
ca79ce1b-b8da-4e44-b227-1e24981b13a4	5	21452329	23322858	1036	0.0396
ca79ce1b-b8da-4e44-b227-1e24981b13a4	5	23328952	23385381	29	-0.2891
ca79ce1b-b8da-4e44-b227-1e24981b13a4	5	23387321	25821576	1459	0.0441
ca79ce1b-b8da-4e44-b227-1e24981b13a4	5	25821773	25824379	3	-1.4023
ca79ce1b-b8da-4e44-b227-1e24981b13a4	5	25824613	27524345	1000	0.0504
ca79ce1b-b8da-4e44-b227-1e24981b13a4	5	27525283	27525913	9	-0.6539
ca79ce1b-b8da-4e44-b227-1e24981b13a4	5	27527372	30829619	1944	0.0619
ca79ce1b-b8da-4e44-b227-1e24981b13a4	5	30829672	50146124	9492	0.0917
ca79ce1b-b8da-4e44-b227-1e24981b13a4	5	50151472	50273126	26	0.4499
ca79ce1b-b8da-4e44-b227-1e24981b13a4	5	50276884	50453267	78	0.5977
ca79ce1b-b8da-4e44-b227-1e24981b13a4	5	50458704	50585283	54	1.3121
ca79ce1b-b8da-4e44-b227-1e24981b13a4	5	50585485	50777614	81	1.012
ca79ce1b-b8da-4e44-b227-1e24981b13a4	5	50779128	53947584	2001	0.0416
ca79ce1b-b8da-4e44-b227-1e24981b13a4	5	53949010	54313126	267	-0.3771
ca79ce1b-b8da-4e44-b227-1e24981b13a4	5	54313597	58025819	2546	0.0306
ca79ce1b-b8da-4e44-b227-1e24981b13a4	5	58030200	58037706	32	1.0399
ca79ce1b-b8da-4e44-b227-1e24981b13a4	5	58042530	59797547	1377	0.0435
ca79ce1b-b8da-4e44-b227-1e24981b13a4	5	59800436	60035539	154	-0.3337
ca79ce1b-b8da-4e44-b227-1e24981b13a4	5	60044710	63193517	1856	0.0673
ca79ce1b-b8da-4e44-b227-1e24981b13a4	5	63193613	64308063	593	-0.0153
ca79ce1b-b8da-4e44-b227-1e24981b13a4	5	64308174	69571467	3311	0.0589
ca79ce1b-b8da-4e44-b227-1e24981b13a4	5	69779150	69822308	4	0.895
ca79ce1b-b8da-4e44-b227-1e24981b13a4	5	69937600	72134247	538	0.0652
ca79ce1b-b8da-4e44-b227-1e24981b13a4	5	72134410	72453267	172	-0.3761
ca79ce1b-b8da-4e44-b227-1e24981b13a4	5	72454019	73031710	283	0.0364
ca79ce1b-b8da-4e44-b227-1e24981b13a4	5	73032798	74878423	1369	0.0979
ca79ce1b-b8da-4e44-b227-1e24981b13a4	5	74882739	82952845	5110	0.0477
ca79ce1b-b8da-4e44-b227-1e24981b13a4	5	82955311	104515520	12033	-0.3553
ca79ce1b-b8da-4e44-b227-1e24981b13a4	5	104524672	104524903	4	1.2007
ca79ce1b-b8da-4e44-b227-1e24981b13a4	5	104525348	137462752	21620	-0.358
ca79ce1b-b8da-4e44-b227-1e24981b13a4	5	137463061	144024886	3609	0.0351
ca79ce1b-b8da-4e44-b227-1e24981b13a4	5	144027118	144030771	5	-1.0694
ca79ce1b-b8da-4e44-b227-1e24981b13a4	5	144031142	150293212	4205	0.0593
ca79ce1b-b8da-4e44-b227-1e24981b13a4	5	150296094	152134610	1273	0.0441
ca79ce1b-b8da-4e44-b227-1e24981b13a4	5	152135825	152140710	15	-0.4995
ca79ce1b-b8da-4e44-b227-1e24981b13a4	5	152140861	154465243	1594	0.0452
ca79ce1b-b8da-4e44-b227-1e24981b13a4	5	154465433	154465503	2	-1.1502
ca79ce1b-b8da-4e44-b227-1e24981b13a4	5	154476927	156048095	1059	0.0422
ca79ce1b-b8da-4e44-b227-1e24981b13a4	5	156049762	156068240	15	-0.4513
ca79ce1b-b8da-4e44-b227-1e24981b13a4	5	156068247	157733126	1124	0.0107
ca79ce1b-b8da-4e44-b227-1e24981b13a4	5	157733372	161466644	2632	0.0582
ca79ce1b-b8da-4e44-b227-1e24981b13a4	5	161466940	167361383	3764	0.0153
ca79ce1b-b8da-4e44-b227-1e24981b13a4	5	167362656	175685680	6372	0.0632
ca79ce1b-b8da-4e44-b227-1e24981b13a4	5	175686035	175686536	2	-2.0368
ca79ce1b-b8da-4e44-b227-1e24981b13a4	5	175686554	181363319	2881	0.0268
ca79ce1b-b8da-4e44-b227-1e24981b13a4	6	149661	5275132	4218	0.0985
ca79ce1b-b8da-4e44-b227-1e24981b13a4	6	5275833	5276515	2	-2.4061
ca79ce1b-b8da-4e44-b227-1e24981b13a4	6	5277038	6025978	621	0.0942
ca79ce1b-b8da-4e44-b227-1e24981b13a4	6	6033698	6034203	3	-2.5188
ca79ce1b-b8da-4e44-b227-1e24981b13a4	6	6036812	14033498	6155	0.0853
ca79ce1b-b8da-4e44-b227-1e24981b13a4	6	14033654	15440752	1013	0.0277
ca79ce1b-b8da-4e44-b227-1e24981b13a4	6	15441679	18788547	2532	0.081
ca79ce1b-b8da-4e44-b227-1e24981b13a4	6	18789526	18789733	2	-2.027
ca79ce1b-b8da-4e44-b227-1e24981b13a4	6	18791200	19039888	213	0.0788
ca79ce1b-b8da-4e44-b227-1e24981b13a4	6	19041950	19042587	3	-3.2332
ca79ce1b-b8da-4e44-b227-1e24981b13a4	6	19044471	26743855	5458	0.0663
ca79ce1b-b8da-4e44-b227-1e24981b13a4	6	26747492	26759781	5	-1.0294
ca79ce1b-b8da-4e44-b227-1e24981b13a4	6	26831719	28449445	811	0.0251
ca79ce1b-b8da-4e44-b227-1e24981b13a4	6	28451313	29869295	600	0.3246
ca79ce1b-b8da-4e44-b227-1e24981b13a4	6	29869410	29906865	22	-1.0818
ca79ce1b-b8da-4e44-b227-1e24981b13a4	6	29906932	29931900	10	0.6783
ca79ce1b-b8da-4e44-b227-1e24981b13a4	6	29933787	30003229	52	-0.0147
ca79ce1b-b8da-4e44-b227-1e24981b13a4	6	30003771	31318499	594	0.3571
ca79ce1b-b8da-4e44-b227-1e24981b13a4	6	31318528	31328674	10	1.4168
ca79ce1b-b8da-4e44-b227-1e24981b13a4	6	31342147	32463515	497	0.3844
ca79ce1b-b8da-4e44-b227-1e24981b13a4	6	32463775	32602588	34	1.7669
ca79ce1b-b8da-4e44-b227-1e24981b13a4	6	32605994	32658841	32	0.8342
ca79ce1b-b8da-4e44-b227-1e24981b13a4	6	32682835	32718419	36	0.3946
ca79ce1b-b8da-4e44-b227-1e24981b13a4	6	32720838	32721076	3	1.657
ca79ce1b-b8da-4e44-b227-1e24981b13a4	6	32721547	48963228	10345	0.3929
ca79ce1b-b8da-4e44-b227-1e24981b13a4	6	48964092	48967563	3	-1.5912
ca79ce1b-b8da-4e44-b227-1e24981b13a4	6	48978926	49055576	54	0.3552
ca79ce1b-b8da-4e44-b227-1e24981b13a4	6	49063224	49063404	2	-0.8477
ca79ce1b-b8da-4e44-b227-1e24981b13a4	6	49070524	51390854	1313	0.3492
ca79ce1b-b8da-4e44-b227-1e24981b13a4	6	51395235	52673444	886	0.4297
ca79ce1b-b8da-4e44-b227-1e24981b13a4	6	52674366	53529287	613	0.3605
ca79ce1b-b8da-4e44-b227-1e24981b13a4	6	53530262	54060406	433	0.4258
ca79ce1b-b8da-4e44-b227-1e24981b13a4	6	54066269	54067057	9	-0.9668
ca79ce1b-b8da-4e44-b227-1e24981b13a4	6	54070550	55257711	746	0.3929
ca79ce1b-b8da-4e44-b227-1e24981b13a4	6	55259475	55296546	26	0.8163
ca79ce1b-b8da-4e44-b227-1e24981b13a4	6	55298020	66328153	4589	-0.1429
ca79ce1b-b8da-4e44-b227-1e24981b13a4	6	66331020	66333299	7	-1.4972
ca79ce1b-b8da-4e44-b227-1e24981b13a4	6	66333342	72508989	4161	-0.1474
ca79ce1b-b8da-4e44-b227-1e24981b13a4	6	72512139	72512361	2	-1.6798
ca79ce1b-b8da-4e44-b227-1e24981b13a4	6	72518093	76719514	2621	-0.1288
ca79ce1b-b8da-4e44-b227-1e24981b13a4	6	76719978	76758214	27	0.3172
ca79ce1b-b8da-4e44-b227-1e24981b13a4	6	76758749	77892864	739	-0.1741
ca79ce1b-b8da-4e44-b227-1e24981b13a4	6	77898151	77952399	31	-0.9508
ca79ce1b-b8da-4e44-b227-1e24981b13a4	6	77957257	78253172	205	-0.1576
ca79ce1b-b8da-4e44-b227-1e24981b13a4	6	78259348	78325457	112	-2.8854
ca79ce1b-b8da-4e44-b227-1e24981b13a4	6	78325468	79009564	407	-0.1612
ca79ce1b-b8da-4e44-b227-1e24981b13a4	6	79010223	88986325	6231	-0.1176
ca79ce1b-b8da-4e44-b227-1e24981b13a4	6	88987381	103290209	8825	-0.1629
ca79ce1b-b8da-4e44-b227-1e24981b13a4	6	103290313	103314186	43	-0.91
ca79ce1b-b8da-4e44-b227-1e24981b13a4	6	103317795	105280397	1209	-0.145
ca79ce1b-b8da-4e44-b227-1e24981b13a4	6	105282870	105283691	2	-2.1016
ca79ce1b-b8da-4e44-b227-1e24981b13a4	6	105283812	106693420	968	-0.1252
ca79ce1b-b8da-4e44-b227-1e24981b13a4	6	106693501	106693564	2	-1.7829
ca79ce1b-b8da-4e44-b227-1e24981b13a4	6	106694434	110068723	2034	-0.1311
ca79ce1b-b8da-4e44-b227-1e24981b13a4	6	110073310	110073324	2	-2.0521
ca79ce1b-b8da-4e44-b227-1e24981b13a4	6	110073703	110248397	95	-0.1333
ca79ce1b-b8da-4e44-b227-1e24981b13a4	6	110248902	110249466	3	-2.9385
ca79ce1b-b8da-4e44-b227-1e24981b13a4	6	110252689	120085179	5894	-0.1448
ca79ce1b-b8da-4e44-b227-1e24981b13a4	6	120088481	120174212	45	-0.9334
ca79ce1b-b8da-4e44-b227-1e24981b13a4	6	120176958	151707279	20449	-0.1309
ca79ce1b-b8da-4e44-b227-1e24981b13a4	6	151708077	153436390	1365	-0.1883
ca79ce1b-b8da-4e44-b227-1e24981b13a4	6	153436639	162305460	6150	-0.1349
ca79ce1b-b8da-4e44-b227-1e24981b13a4	6	162305795	162435846	124	-0.7023
ca79ce1b-b8da-4e44-b227-1e24981b13a4	6	162440799	170741917	5747	-0.1611
ca79ce1b-b8da-4e44-b227-1e24981b13a4	7	43355	15788995	10695	0.3658
ca79ce1b-b8da-4e44-b227-1e24981b13a4	7	15793032	18432505	2066	0.4275
ca79ce1b-b8da-4e44-b227-1e24981b13a4	7	18435109	19379963	996	0.3253
ca79ce1b-b8da-4e44-b227-1e24981b13a4	7	19381223	22757051	2567	0.3896
ca79ce1b-b8da-4e44-b227-1e24981b13a4	7	22757559	24719233	1442	0.3496
ca79ce1b-b8da-4e44-b227-1e24981b13a4	7	24720326	29628975	3663	0.4096
ca79ce1b-b8da-4e44-b227-1e24981b13a4	7	29631102	29648549	8	-0.5137
ca79ce1b-b8da-4e44-b227-1e24981b13a4	7	29650069	33088634	2315	0.3988
ca79ce1b-b8da-4e44-b227-1e24981b13a4	7	33091075	33150223	36	0.8174
ca79ce1b-b8da-4e44-b227-1e24981b13a4	7	33150545	34365826	836	0.4121
ca79ce1b-b8da-4e44-b227-1e24981b13a4	7	34371057	43580695	6410	0.3499
ca79ce1b-b8da-4e44-b227-1e24981b13a4	7	43588569	43591769	4	-0.7379
ca79ce1b-b8da-4e44-b227-1e24981b13a4	7	43596587	52556385	6139	0.3719
ca79ce1b-b8da-4e44-b227-1e24981b13a4	7	52556502	54283982	1278	0.307
ca79ce1b-b8da-4e44-b227-1e24981b13a4	7	54284039	55662548	1140	0.3727
ca79ce1b-b8da-4e44-b227-1e24981b13a4	7	55664879	56709343	444	0.2967
ca79ce1b-b8da-4e44-b227-1e24981b13a4	7	56712441	63014416	640	0.1912
ca79ce1b-b8da-4e44-b227-1e24981b13a4	7	63015588	63033219	12	-0.4444
ca79ce1b-b8da-4e44-b227-1e24981b13a4	7	63034357	65265388	835	0.2545
ca79ce1b-b8da-4e44-b227-1e24981b13a4	7	65266090	65267493	2	-1.1517
ca79ce1b-b8da-4e44-b227-1e24981b13a4	7	65270652	65796311	203	0.2782
ca79ce1b-b8da-4e44-b227-1e24981b13a4	7	65799537	65827971	11	0.8474
ca79ce1b-b8da-4e44-b227-1e24981b13a4	7	65830040	69579309	2035	0.2672
ca79ce1b-b8da-4e44-b227-1e24981b13a4	7	69579632	69942108	182	0.3132
ca79ce1b-b8da-4e44-b227-1e24981b13a4	7	69942672	71062690	722	0.3679
ca79ce1b-b8da-4e44-b227-1e24981b13a4	7	71063895	77777087	2623	0.2969
ca79ce1b-b8da-4e44-b227-1e24981b13a4	7	77777437	77993234	102	-0.0083
ca79ce1b-b8da-4e44-b227-1e24981b13a4	7	77993380	81146151	2342	0.3353
ca79ce1b-b8da-4e44-b227-1e24981b13a4	7	81146340	81146837	2	-1.6173
ca79ce1b-b8da-4e44-b227-1e24981b13a4	7	81149982	97756621	10540	0.3236
ca79ce1b-b8da-4e44-b227-1e24981b13a4	7	97756658	97766197	9	-0.462
ca79ce1b-b8da-4e44-b227-1e24981b13a4	7	97772620	109801155	6634	0.3247
ca79ce1b-b8da-4e44-b227-1e24981b13a4	7	109801187	109813853	11	0.9403
ca79ce1b-b8da-4e44-b227-1e24981b13a4	7	109813925	110750697	652	0.3011
ca79ce1b-b8da-4e44-b227-1e24981b13a4	7	110751533	111085466	192	-0.0022
ca79ce1b-b8da-4e44-b227-1e24981b13a4	7	111085615	111148113	44	-0.3635
ca79ce1b-b8da-4e44-b227-1e24981b13a4	7	111149951	111331789	122	-0.0017
ca79ce1b-b8da-4e44-b227-1e24981b13a4	7	111332371	113673081	1416	0.3271
ca79ce1b-b8da-4e44-b227-1e24981b13a4	7	113675604	115820296	1120	0.264
ca79ce1b-b8da-4e44-b227-1e24981b13a4	7	115822396	116289971	352	0.3431
ca79ce1b-b8da-4e44-b227-1e24981b13a4	7	116294646	116301612	7	-0.4741
ca79ce1b-b8da-4e44-b227-1e24981b13a4	7	116303460	118962893	1689	0.3617
ca79ce1b-b8da-4e44-b227-1e24981b13a4	7	118965740	120471762	773	0.2618
ca79ce1b-b8da-4e44-b227-1e24981b13a4	7	120472433	126404459	3661	0.3278
ca79ce1b-b8da-4e44-b227-1e24981b13a4	7	126404480	126405502	5	-0.1195
ca79ce1b-b8da-4e44-b227-1e24981b13a4	7	126405597	126406561	10	-1.1886
ca79ce1b-b8da-4e44-b227-1e24981b13a4	7	126406822	126891958	323	0.0892
ca79ce1b-b8da-4e44-b227-1e24981b13a4	7	126893322	126966446	58	0.3008
ca79ce1b-b8da-4e44-b227-1e24981b13a4	7	126969958	127504125	414	0.3923
ca79ce1b-b8da-4e44-b227-1e24981b13a4	7	127505512	127668374	102	0.2987
ca79ce1b-b8da-4e44-b227-1e24981b13a4	7	127671479	127671809	2	1.0971
ca79ce1b-b8da-4e44-b227-1e24981b13a4	7	127672427	128288776	379	0.3077
ca79ce1b-b8da-4e44-b227-1e24981b13a4	7	128288829	128288959	4	-0.4904
ca79ce1b-b8da-4e44-b227-1e24981b13a4	7	128289013	134100424	3417	0.3181
ca79ce1b-b8da-4e44-b227-1e24981b13a4	7	134100442	134102334	14	0.751
ca79ce1b-b8da-4e44-b227-1e24981b13a4	7	134104128	134104753	4	0.1136
ca79ce1b-b8da-4e44-b227-1e24981b13a4	7	134105212	134105690	5	1.3805
ca79ce1b-b8da-4e44-b227-1e24981b13a4	7	134110881	142059987	5198	0.3085
ca79ce1b-b8da-4e44-b227-1e24981b13a4	7	142060194	142092307	38	0.7018
ca79ce1b-b8da-4e44-b227-1e24981b13a4	7	142099190	144264193	1210	0.3266
ca79ce1b-b8da-4e44-b227-1e24981b13a4	7	144295437	144306653	2	1.7967
ca79ce1b-b8da-4e44-b227-1e24981b13a4	7	144312471	147541632	2061	0.3024
ca79ce1b-b8da-4e44-b227-1e24981b13a4	7	147543518	147581780	45	0.01
ca79ce1b-b8da-4e44-b227-1e24981b13a4	7	147581973	153977760	3852	0.3219
ca79ce1b-b8da-4e44-b227-1e24981b13a4	7	153987055	154121933	48	0.0703
ca79ce1b-b8da-4e44-b227-1e24981b13a4	7	154125302	154221793	70	0.3388
ca79ce1b-b8da-4e44-b227-1e24981b13a4	7	154223036	154223216	3	-0.7391
ca79ce1b-b8da-4e44-b227-1e24981b13a4	7	154225769	154598185	332	0.3051
ca79ce1b-b8da-4e44-b227-1e24981b13a4	7	154601461	154607903	4	1.4467
ca79ce1b-b8da-4e44-b227-1e24981b13a4	7	154609120	155183735	601	0.3143
ca79ce1b-b8da-4e44-b227-1e24981b13a4	7	155184048	156592980	1005	0.3812
ca79ce1b-b8da-4e44-b227-1e24981b13a4	7	156599096	156601485	4	-3.86
ca79ce1b-b8da-4e44-b227-1e24981b13a4	7	156602214	159334314	1624	0.3366
ca79ce1b-b8da-4e44-b227-1e24981b13a4	8	81254	5472282	5509	-0.947
ca79ce1b-b8da-4e44-b227-1e24981b13a4	8	5472531	5475293	5	-3.9032
ca79ce1b-b8da-4e44-b227-1e24981b13a4	8	5475760	7130946	2067	-0.9635
ca79ce1b-b8da-4e44-b227-1e24981b13a4	8	7131404	8214781	85	-0.5002
ca79ce1b-b8da-4e44-b227-1e24981b13a4	8	8234503	18669187	8724	-0.9348
ca79ce1b-b8da-4e44-b227-1e24981b13a4	8	18671217	18671270	2	-7.0589
ca79ce1b-b8da-4e44-b227-1e24981b13a4	8	18671966	20801599	1876	-0.928
ca79ce1b-b8da-4e44-b227-1e24981b13a4	8	20802050	20805034	5	-5.3388
ca79ce1b-b8da-4e44-b227-1e24981b13a4	8	20806972	25117007	2883	-0.9425
ca79ce1b-b8da-4e44-b227-1e24981b13a4	8	25117062	25126818	24	-2.4685
ca79ce1b-b8da-4e44-b227-1e24981b13a4	8	25133589	31391067	4259	-0.9119
ca79ce1b-b8da-4e44-b227-1e24981b13a4	8	31391397	31391705	6	-3.2713
ca79ce1b-b8da-4e44-b227-1e24981b13a4	8	31393772	34510647	2047	-0.9141
ca79ce1b-b8da-4e44-b227-1e24981b13a4	8	34514775	34514897	2	-3.433
ca79ce1b-b8da-4e44-b227-1e24981b13a4	8	34517605	35389779	489	-0.92
ca79ce1b-b8da-4e44-b227-1e24981b13a4	8	35389920	35399310	6	-2.313
ca79ce1b-b8da-4e44-b227-1e24981b13a4	8	35399927	37025000	855	-0.8942
ca79ce1b-b8da-4e44-b227-1e24981b13a4	8	37025081	39338374	1235	-0.3507
ca79ce1b-b8da-4e44-b227-1e24981b13a4	8	39340627	39373140	19	-0.2217
ca79ce1b-b8da-4e44-b227-1e24981b13a4	8	39378084	39529446	59	0.337
ca79ce1b-b8da-4e44-b227-1e24981b13a4	8	39530780	40697223	922	-0.3323
ca79ce1b-b8da-4e44-b227-1e24981b13a4	8	40697433	41157281	293	0.027
ca79ce1b-b8da-4e44-b227-1e24981b13a4	8	41161496	41652631	289	0.341
ca79ce1b-b8da-4e44-b227-1e24981b13a4	8	41659062	42332260	514	-0.3765
ca79ce1b-b8da-4e44-b227-1e24981b13a4	8	42332633	42336024	2	0.7535
ca79ce1b-b8da-4e44-b227-1e24981b13a4	8	42341917	42462293	59	-0.4167
ca79ce1b-b8da-4e44-b227-1e24981b13a4	8	42472584	50118212	2493	0.2927
ca79ce1b-b8da-4e44-b227-1e24981b13a4	8	50119451	50120863	9	-0.6333
ca79ce1b-b8da-4e44-b227-1e24981b13a4	8	50126018	68154163	11370	0.3145
ca79ce1b-b8da-4e44-b227-1e24981b13a4	8	68154232	70121234	1297	0.2582
ca79ce1b-b8da-4e44-b227-1e24981b13a4	8	70122178	80316405	6295	0.3186
ca79ce1b-b8da-4e44-b227-1e24981b13a4	8	80316591	80320147	2	-0.8874
ca79ce1b-b8da-4e44-b227-1e24981b13a4	8	80320960	81519533	738	0.3435
ca79ce1b-b8da-4e44-b227-1e24981b13a4	8	81521215	88710649	3923	0.2864
ca79ce1b-b8da-4e44-b227-1e24981b13a4	8	88710798	89348844	490	0.3229
ca79ce1b-b8da-4e44-b227-1e24981b13a4	8	89350410	89550496	75	0.0656
ca79ce1b-b8da-4e44-b227-1e24981b13a4	8	89550522	89563216	12	0.5386
ca79ce1b-b8da-4e44-b227-1e24981b13a4	8	89563967	89611448	44	0.0181
ca79ce1b-b8da-4e44-b227-1e24981b13a4	8	89613916	90582625	590	0.3386
ca79ce1b-b8da-4e44-b227-1e24981b13a4	8	90583654	93262783	1502	0.2689
ca79ce1b-b8da-4e44-b227-1e24981b13a4	8	93265018	107186621	8708	0.3325
ca79ce1b-b8da-4e44-b227-1e24981b13a4	8	107187854	111282050	2368	0.2934
ca79ce1b-b8da-4e44-b227-1e24981b13a4	8	111282065	111283016	8	-1.3655
ca79ce1b-b8da-4e44-b227-1e24981b13a4	8	111283031	114619814	1822	0.2642
ca79ce1b-b8da-4e44-b227-1e24981b13a4	8	114622258	114629502	35	-0.4982
ca79ce1b-b8da-4e44-b227-1e24981b13a4	8	114638468	114650365	4	0.6534
ca79ce1b-b8da-4e44-b227-1e24981b13a4	8	114650552	114831843	119	0.273
ca79ce1b-b8da-4e44-b227-1e24981b13a4	8	114831894	114856928	20	0.4837
ca79ce1b-b8da-4e44-b227-1e24981b13a4	8	114859222	114917488	45	0.252
ca79ce1b-b8da-4e44-b227-1e24981b13a4	8	114917614	114920270	2	-0.6768
ca79ce1b-b8da-4e44-b227-1e24981b13a4	8	114920527	115737122	510	0.2416
ca79ce1b-b8da-4e44-b227-1e24981b13a4	8	115744883	115744962	2	-0.757
ca79ce1b-b8da-4e44-b227-1e24981b13a4	8	115746498	116045475	171	0.2278
ca79ce1b-b8da-4e44-b227-1e24981b13a4	8	116049523	135055037	13850	0.3346
ca79ce1b-b8da-4e44-b227-1e24981b13a4	8	135055215	137945911	2214	0.2828
ca79ce1b-b8da-4e44-b227-1e24981b13a4	8	137947004	145072769	4121	0.3321
ca79ce1b-b8da-4e44-b227-1e24981b13a4	9	46587	1980918	2133	0.0898
ca79ce1b-b8da-4e44-b227-1e24981b13a4	9	1980996	10403105	7829	0.1145
ca79ce1b-b8da-4e44-b227-1e24981b13a4	9	10404138	10404986	2	1.7174
ca79ce1b-b8da-4e44-b227-1e24981b13a4	9	10407943	16201614	4673	0.1321
ca79ce1b-b8da-4e44-b227-1e24981b13a4	9	16201657	38805383	16460	0.0858
ca79ce1b-b8da-4e44-b227-1e24981b13a4	9	38808961	41741113	172	-0.2419
ca79ce1b-b8da-4e44-b227-1e24981b13a4	9	42014203	42202227	22	0.5798
ca79ce1b-b8da-4e44-b227-1e24981b13a4	9	42211663	63580418	139	-0.1041
ca79ce1b-b8da-4e44-b227-1e24981b13a4	9	63590317	63592813	7	1.1624
ca79ce1b-b8da-4e44-b227-1e24981b13a4	9	63614182	68388042	134	-0.1398
ca79ce1b-b8da-4e44-b227-1e24981b13a4	9	68390662	68451249	33	0.1928
ca79ce1b-b8da-4e44-b227-1e24981b13a4	9	68452886	68453707	3	-0.5244
ca79ce1b-b8da-4e44-b227-1e24981b13a4	9	68454869	69082165	576	0.2163
ca79ce1b-b8da-4e44-b227-1e24981b13a4	9	69083049	70015272	741	0.0421
ca79ce1b-b8da-4e44-b227-1e24981b13a4	9	70015398	73398521	2332	0.0305
ca79ce1b-b8da-4e44-b227-1e24981b13a4	9	73405942	73411750	4	-0.8947
ca79ce1b-b8da-4e44-b227-1e24981b13a4	9	73413807	75321472	1227	-0.014
ca79ce1b-b8da-4e44-b227-1e24981b13a4	9	75326141	77154478	1579	0.0413
ca79ce1b-b8da-4e44-b227-1e24981b13a4	9	77155482	77162152	26	0.4378
ca79ce1b-b8da-4e44-b227-1e24981b13a4	9	77162169	79172869	1346	0.0211
ca79ce1b-b8da-4e44-b227-1e24981b13a4	9	79173174	81001451	1380	-0.0436
ca79ce1b-b8da-4e44-b227-1e24981b13a4	9	81001701	83583597	1758	0.0073
ca79ce1b-b8da-4e44-b227-1e24981b13a4	9	83587542	83590889	5	-1.0986
ca79ce1b-b8da-4e44-b227-1e24981b13a4	9	83593105	87303073	2618	0.0067
ca79ce1b-b8da-4e44-b227-1e24981b13a4	9	87303503	88469827	867	-0.0636
ca79ce1b-b8da-4e44-b227-1e24981b13a4	9	88473696	97238240	5812	-0.0026
ca79ce1b-b8da-4e44-b227-1e24981b13a4	9	97242846	97735716	306	-0.4094
ca79ce1b-b8da-4e44-b227-1e24981b13a4	9	97743738	101285187	2336	-0.0135
ca79ce1b-b8da-4e44-b227-1e24981b13a4	9	101287354	101400724	87	-0.3888
ca79ce1b-b8da-4e44-b227-1e24981b13a4	9	101401507	103804216	1737	-0.0195
ca79ce1b-b8da-4e44-b227-1e24981b13a4	9	103806415	103807009	2	-4.148
ca79ce1b-b8da-4e44-b227-1e24981b13a4	9	103808421	103980643	121	-0.0566
ca79ce1b-b8da-4e44-b227-1e24981b13a4	9	103983698	110798188	5404	0.0042
ca79ce1b-b8da-4e44-b227-1e24981b13a4	9	110798549	133907134	15615	-0.0587
ca79ce1b-b8da-4e44-b227-1e24981b13a4	9	133909095	133914031	3	-1.192
ca79ce1b-b8da-4e44-b227-1e24981b13a4	9	133914054	135322259	821	-0.0773
ca79ce1b-b8da-4e44-b227-1e24981b13a4	9	135323776	135324566	2	-3.4825
ca79ce1b-b8da-4e44-b227-1e24981b13a4	9	135325951	135337918	25	-0.4746
ca79ce1b-b8da-4e44-b227-1e24981b13a4	9	135338150	138111854	1036	-0.0588
ca79ce1b-b8da-4e44-b227-1e24981b13a4	9	138111913	138200944	45	-0.2869
ca79ce1b-b8da-4e44-b227-1e24981b13a4	10	45792	1511146	901	-0.9405
ca79ce1b-b8da-4e44-b227-1e24981b13a4	10	1512215	1518703	6	-4.6426
ca79ce1b-b8da-4e44-b227-1e24981b13a4	10	1519016	1794798	272	-1.0417
ca79ce1b-b8da-4e44-b227-1e24981b13a4	10	1795187	1842638	54	-0.3298
ca79ce1b-b8da-4e44-b227-1e24981b13a4	10	1845054	2949665	1096	-0.9468
ca79ce1b-b8da-4e44-b227-1e24981b13a4	10	2949827	3180987	236	-0.3866
ca79ce1b-b8da-4e44-b227-1e24981b13a4	10	3186413	5464663	2038	-0.2934
ca79ce1b-b8da-4e44-b227-1e24981b13a4	10	5465066	9555444	3545	-0.3634
ca79ce1b-b8da-4e44-b227-1e24981b13a4	10	9556422	36954314	19963	0.0493
ca79ce1b-b8da-4e44-b227-1e24981b13a4	10	36954348	37238870	150	-0.3296
ca79ce1b-b8da-4e44-b227-1e24981b13a4	10	37242651	38094219	503	-0.8726
ca79ce1b-b8da-4e44-b227-1e24981b13a4	10	38097173	42442670	308	-0.7055
ca79ce1b-b8da-4e44-b227-1e24981b13a4	10	42442673	46221032	2306	-0.9319
ca79ce1b-b8da-4e44-b227-1e24981b13a4	10	46221236	46225568	5	-6.1664
ca79ce1b-b8da-4e44-b227-1e24981b13a4	10	46225606	51351028	2654	-0.9211
ca79ce1b-b8da-4e44-b227-1e24981b13a4	10	51356858	51645121	283	-1.9125
ca79ce1b-b8da-4e44-b227-1e24981b13a4	10	51655059	55814055	3094	-0.8776
ca79ce1b-b8da-4e44-b227-1e24981b13a4	10	55815995	65546518	6754	-0.32
ca79ce1b-b8da-4e44-b227-1e24981b13a4	10	65548165	65554688	28	-2.1225
ca79ce1b-b8da-4e44-b227-1e24981b13a4	10	65563037	67156999	1226	-0.3559
ca79ce1b-b8da-4e44-b227-1e24981b13a4	10	67157406	73829778	4014	0.0664
ca79ce1b-b8da-4e44-b227-1e24981b13a4	10	73836256	74164136	150	-0.3695
ca79ce1b-b8da-4e44-b227-1e24981b13a4	10	74168201	79491575	3816	0.0786
ca79ce1b-b8da-4e44-b227-1e24981b13a4	10	79523511	79533859	2	-1.3408
ca79ce1b-b8da-4e44-b227-1e24981b13a4	10	79576939	79737715	18	0.0883
ca79ce1b-b8da-4e44-b227-1e24981b13a4	10	79737848	79838023	23	-0.5034
ca79ce1b-b8da-4e44-b227-1e24981b13a4	10	79838299	81118403	845	0.0674
ca79ce1b-b8da-4e44-b227-1e24981b13a4	10	81121574	81137106	12	-0.5075
ca79ce1b-b8da-4e44-b227-1e24981b13a4	10	81137120	82094652	663	0.0307
ca79ce1b-b8da-4e44-b227-1e24981b13a4	10	82105317	82374613	260	-0.3464
ca79ce1b-b8da-4e44-b227-1e24981b13a4	10	82376748	83477525	830	0.0073
ca79ce1b-b8da-4e44-b227-1e24981b13a4	10	83477887	95105544	7596	0.071
ca79ce1b-b8da-4e44-b227-1e24981b13a4	10	95109306	95109949	6	-0.7178
ca79ce1b-b8da-4e44-b227-1e24981b13a4	10	95115957	99518208	2890	0.0773
ca79ce1b-b8da-4e44-b227-1e24981b13a4	10	99518975	99522443	2	-2.2048
ca79ce1b-b8da-4e44-b227-1e24981b13a4	10	99525774	105611717	3482	0.0589
ca79ce1b-b8da-4e44-b227-1e24981b13a4	10	105613850	108181220	2002	0.0044
ca79ce1b-b8da-4e44-b227-1e24981b13a4	10	108181612	109249485	770	0.0473
ca79ce1b-b8da-4e44-b227-1e24981b13a4	10	109249550	121121180	8366	0.0948
ca79ce1b-b8da-4e44-b227-1e24981b13a4	10	121127207	121127382	2	-1.4687
ca79ce1b-b8da-4e44-b227-1e24981b13a4	10	121127533	121728689	689	0.1034
ca79ce1b-b8da-4e44-b227-1e24981b13a4	10	121730093	121731243	2	-1.2563
ca79ce1b-b8da-4e44-b227-1e24981b13a4	10	121731354	122226336	333	0.0917
ca79ce1b-b8da-4e44-b227-1e24981b13a4	10	122227163	122362362	131	0.2201
ca79ce1b-b8da-4e44-b227-1e24981b13a4	10	122362914	122467868	64	0.0664
ca79ce1b-b8da-4e44-b227-1e24981b13a4	10	122468703	122471425	4	-0.7721
ca79ce1b-b8da-4e44-b227-1e24981b13a4	10	122475364	127145816	3316	0.0822
ca79ce1b-b8da-4e44-b227-1e24981b13a4	10	127154001	127383541	175	-0.9726
ca79ce1b-b8da-4e44-b227-1e24981b13a4	10	127384153	130290477	2346	0.0817
ca79ce1b-b8da-4e44-b227-1e24981b13a4	10	130290897	131844533	1305	-0.0193
ca79ce1b-b8da-4e44-b227-1e24981b13a4	10	131844881	133654968	825	0.0606
ca79ce1b-b8da-4e44-b227-1e24981b13a4	11	198510	455523	103	0.092
ca79ce1b-b8da-4e44-b227-1e24981b13a4	11	456012	656845	40	-0.4055
ca79ce1b-b8da-4e44-b227-1e24981b13a4	11	656940	2067060	477	0.0358
ca79ce1b-b8da-4e44-b227-1e24981b13a4	11	2069786	4949137	1800	0.0841
ca79ce1b-b8da-4e44-b227-1e24981b13a4	11	4950775	4955042	23	0.745
ca79ce1b-b8da-4e44-b227-1e24981b13a4	11	4955781	5768495	789	0.0516
ca79ce1b-b8da-4e44-b227-1e24981b13a4	11	5768511	5778600	16	0.4946
ca79ce1b-b8da-4e44-b227-1e24981b13a4	11	5781286	18911502	9405	0.0812
ca79ce1b-b8da-4e44-b227-1e24981b13a4	11	18912365	18949866	62	-0.1513
ca79ce1b-b8da-4e44-b227-1e24981b13a4	11	18950075	20552762	1436	0.1082
ca79ce1b-b8da-4e44-b227-1e24981b13a4	11	20556298	26372576	4464	0.0301
ca79ce1b-b8da-4e44-b227-1e24981b13a4	11	26373141	28104536	1174	0.0941
ca79ce1b-b8da-4e44-b227-1e24981b13a4	11	28104870	34377318	3997	0.0423
ca79ce1b-b8da-4e44-b227-1e24981b13a4	11	34379838	37339900	2535	0.0829
ca79ce1b-b8da-4e44-b227-1e24981b13a4	11	37340270	42416383	3299	0.0067
ca79ce1b-b8da-4e44-b227-1e24981b13a4	11	42416464	48576870	3649	0.053
ca79ce1b-b8da-4e44-b227-1e24981b13a4	11	48579882	48581124	2	-1.5744
ca79ce1b-b8da-4e44-b227-1e24981b13a4	11	48584766	55595864	1175	0.0139
ca79ce1b-b8da-4e44-b227-1e24981b13a4	11	55606556	55674842	48	-1.783
ca79ce1b-b8da-4e44-b227-1e24981b13a4	11	55676735	55677818	4	0.2728
ca79ce1b-b8da-4e44-b227-1e24981b13a4	11	55678469	55685533	7	-2.1259
ca79ce1b-b8da-4e44-b227-1e24981b13a4	11	55686100	56539675	581	0.0084
ca79ce1b-b8da-4e44-b227-1e24981b13a4	11	56541992	61034220	2695	0.0619
ca79ce1b-b8da-4e44-b227-1e24981b13a4	11	61037238	68238256	3125	0.0199
ca79ce1b-b8da-4e44-b227-1e24981b13a4	11	68239631	89733564	13427	0.0556
ca79ce1b-b8da-4e44-b227-1e24981b13a4	11	89734053	89966336	24	-0.4345
ca79ce1b-b8da-4e44-b227-1e24981b13a4	11	90043678	97094058	5044	0.0519
ca79ce1b-b8da-4e44-b227-1e24981b13a4	11	97094192	101467842	3437	0.0222
ca79ce1b-b8da-4e44-b227-1e24981b13a4	11	101468156	103535157	1376	0.1001
ca79ce1b-b8da-4e44-b227-1e24981b13a4	11	103535422	108355485	3242	0.0212
ca79ce1b-b8da-4e44-b227-1e24981b13a4	11	108355693	131496841	16469	0.0635
ca79ce1b-b8da-4e44-b227-1e24981b13a4	11	131499806	135074876	2817	-0.002
ca79ce1b-b8da-4e44-b227-1e24981b13a4	12	51460	5554006	4046	-0.283
ca79ce1b-b8da-4e44-b227-1e24981b13a4	12	5556164	5556885	2	-2.3287
ca79ce1b-b8da-4e44-b227-1e24981b13a4	12	5557878	7842191	1296	-0.2909
ca79ce1b-b8da-4e44-b227-1e24981b13a4	12	7851829	7964300	52	0.0913
ca79ce1b-b8da-4e44-b227-1e24981b13a4	12	7964473	11358644	1960	-0.3084
ca79ce1b-b8da-4e44-b227-1e24981b13a4	12	11359558	11388095	27	-0.9015
ca79ce1b-b8da-4e44-b227-1e24981b13a4	12	11390452	20822634	6403	-0.2804
ca79ce1b-b8da-4e44-b227-1e24981b13a4	12	20827866	21870667	665	0.0977
ca79ce1b-b8da-4e44-b227-1e24981b13a4	12	21877231	22095884	197	0.3971
ca79ce1b-b8da-4e44-b227-1e24981b13a4	12	22096001	22096195	5	0.9919
ca79ce1b-b8da-4e44-b227-1e24981b13a4	12	22096272	22452450	246	0.3965
ca79ce1b-b8da-4e44-b227-1e24981b13a4	12	22452550	22916119	310	0.1972
ca79ce1b-b8da-4e44-b227-1e24981b13a4	12	22917803	24240820	880	0.1059
ca79ce1b-b8da-4e44-b227-1e24981b13a4	12	24242268	24242338	3	-1.676
ca79ce1b-b8da-4e44-b227-1e24981b13a4	12	24244010	25097841	703	0.0662
ca79ce1b-b8da-4e44-b227-1e24981b13a4	12	25097922	25098093	6	1.5496
ca79ce1b-b8da-4e44-b227-1e24981b13a4	12	25099244	26205923	896	0.1247
ca79ce1b-b8da-4e44-b227-1e24981b13a4	12	26205958	29225113	2139	-0.1917
ca79ce1b-b8da-4e44-b227-1e24981b13a4	12	29225523	30082648	616	0.1384
ca79ce1b-b8da-4e44-b227-1e24981b13a4	12	30086334	30090642	18	-1.2363
ca79ce1b-b8da-4e44-b227-1e24981b13a4	12	30090657	33141726	2259	0.1337
ca79ce1b-b8da-4e44-b227-1e24981b13a4	12	33148472	33150645	17	-1.4496
ca79ce1b-b8da-4e44-b227-1e24981b13a4	12	33150676	33150932	3	-5.8649
ca79ce1b-b8da-4e44-b227-1e24981b13a4	12	33151649	33154440	7	-1.2402
ca79ce1b-b8da-4e44-b227-1e24981b13a4	12	33155426	133201603	62000	0.0647
ca79ce1b-b8da-4e44-b227-1e24981b13a4	13	18452809	19199374	329	0.3471
ca79ce1b-b8da-4e44-b227-1e24981b13a4	13	19202953	19203130	2	-1.0643
ca79ce1b-b8da-4e44-b227-1e24981b13a4	13	19207320	34034319	10803	0.4295
ca79ce1b-b8da-4e44-b227-1e24981b13a4	13	34034618	36148879	1422	0.3771
ca79ce1b-b8da-4e44-b227-1e24981b13a4	13	36150172	39293765	2262	0.4201
ca79ce1b-b8da-4e44-b227-1e24981b13a4	13	39293780	39296482	12	-0.0556
ca79ce1b-b8da-4e44-b227-1e24981b13a4	13	39296700	41566321	1487	0.4032
ca79ce1b-b8da-4e44-b227-1e24981b13a4	13	41567634	45889716	2993	0.4545
ca79ce1b-b8da-4e44-b227-1e24981b13a4	13	45891957	50486908	2949	0.4131
ca79ce1b-b8da-4e44-b227-1e24981b13a4	13	50495756	50501249	4	-0.7816
ca79ce1b-b8da-4e44-b227-1e24981b13a4	13	50502244	50669264	125	0.4301
ca79ce1b-b8da-4e44-b227-1e24981b13a4	13	50669770	50671240	3	-0.9481
ca79ce1b-b8da-4e44-b227-1e24981b13a4	13	50673074	53896972	1866	0.4393
ca79ce1b-b8da-4e44-b227-1e24981b13a4	13	53897689	54895752	618	0.3682
ca79ce1b-b8da-4e44-b227-1e24981b13a4	13	54896255	54896302	2	-0.8859
ca79ce1b-b8da-4e44-b227-1e24981b13a4	13	54896323	63650072	4971	0.386
ca79ce1b-b8da-4e44-b227-1e24981b13a4	13	63650659	63662559	9	-0.5414
ca79ce1b-b8da-4e44-b227-1e24981b13a4	13	63665430	70657752	4435	0.374
ca79ce1b-b8da-4e44-b227-1e24981b13a4	13	70664298	74262600	2513	0.4378
ca79ce1b-b8da-4e44-b227-1e24981b13a4	13	74265426	78909591	3251	0.3764
ca79ce1b-b8da-4e44-b227-1e24981b13a4	13	78915917	80166545	833	0.4428
ca79ce1b-b8da-4e44-b227-1e24981b13a4	13	80168790	82354471	1299	0.3916
ca79ce1b-b8da-4e44-b227-1e24981b13a4	13	82357648	84980257	1679	0.3464
ca79ce1b-b8da-4e44-b227-1e24981b13a4	13	84980456	86166464	786	0.4172
ca79ce1b-b8da-4e44-b227-1e24981b13a4	13	86167263	95362875	5890	0.3515
ca79ce1b-b8da-4e44-b227-1e24981b13a4	13	95364191	103453712	5620	0.401
ca79ce1b-b8da-4e44-b227-1e24981b13a4	13	103453855	105407723	1603	0.3468
ca79ce1b-b8da-4e44-b227-1e24981b13a4	13	105407907	106885686	1213	0.4363
ca79ce1b-b8da-4e44-b227-1e24981b13a4	13	106885791	108895901	1652	0.376
ca79ce1b-b8da-4e44-b227-1e24981b13a4	13	108896829	109735576	672	0.4292
ca79ce1b-b8da-4e44-b227-1e24981b13a4	13	109741791	109742298	2	-1.533
ca79ce1b-b8da-4e44-b227-1e24981b13a4	13	109742385	114342922	2834	0.4258
ca79ce1b-b8da-4e44-b227-1e24981b13a4	14	18239283	79286019	37943	-0.3277
ca79ce1b-b8da-4e44-b227-1e24981b13a4	14	79286660	99827008	14172	-0.3571
ca79ce1b-b8da-4e44-b227-1e24981b13a4	14	99827540	106340305	2853	-0.3372
ca79ce1b-b8da-4e44-b227-1e24981b13a4	14	106340774	106487515	87	-0.0662
ca79ce1b-b8da-4e44-b227-1e24981b13a4	14	106487827	106625337	68	-0.3107
ca79ce1b-b8da-4e44-b227-1e24981b13a4	14	106635088	106650804	11	-0.9765
ca79ce1b-b8da-4e44-b227-1e24981b13a4	14	106657835	106877229	113	-0.3551
ca79ce1b-b8da-4e44-b227-1e24981b13a4	15	19811075	20001686	45	-0.2246
ca79ce1b-b8da-4e44-b227-1e24981b13a4	15	20011702	20064520	9	-0.8017
ca79ce1b-b8da-4e44-b227-1e24981b13a4	15	20187568	22385639	153	0.1917
ca79ce1b-b8da-4e44-b227-1e24981b13a4	15	22395047	24131550	862	-0.3281
ca79ce1b-b8da-4e44-b227-1e24981b13a4	15	24137883	24189385	30	0.4729
ca79ce1b-b8da-4e44-b227-1e24981b13a4	15	24197072	24730028	272	-0.3587
ca79ce1b-b8da-4e44-b227-1e24981b13a4	15	24730975	24733247	4	-2.5361
ca79ce1b-b8da-4e44-b227-1e24981b13a4	15	24734393	30500366	3469	-0.34
ca79ce1b-b8da-4e44-b227-1e24981b13a4	15	30503586	30608675	4	-1.664
ca79ce1b-b8da-4e44-b227-1e24981b13a4	15	30621384	30658799	11	-0.4466
ca79ce1b-b8da-4e44-b227-1e24981b13a4	15	30664012	47221056	10197	-0.2634
ca79ce1b-b8da-4e44-b227-1e24981b13a4	15	47226610	47227348	4	-6.1112
ca79ce1b-b8da-4e44-b227-1e24981b13a4	15	47227357	47272083	16	-0.6129
ca79ce1b-b8da-4e44-b227-1e24981b13a4	15	47274136	49497216	1471	-0.2806
ca79ce1b-b8da-4e44-b227-1e24981b13a4	15	49497767	49502651	2	-2.0039
ca79ce1b-b8da-4e44-b227-1e24981b13a4	15	49504867	51970414	1435	-0.2747
ca79ce1b-b8da-4e44-b227-1e24981b13a4	15	51973538	51981087	4	-2.2179
ca79ce1b-b8da-4e44-b227-1e24981b13a4	15	51983058	76598900	15838	-0.2743
ca79ce1b-b8da-4e44-b227-1e24981b13a4	15	76599170	76602857	13	-1.5827
ca79ce1b-b8da-4e44-b227-1e24981b13a4	15	76603003	81703904	3262	-0.2685
ca79ce1b-b8da-4e44-b227-1e24981b13a4	15	81704472	81709273	3	-2.3958
ca79ce1b-b8da-4e44-b227-1e24981b13a4	15	81715107	82882631	631	-0.2957
ca79ce1b-b8da-4e44-b227-1e24981b13a4	15	82889131	82889319	3	-1.5144
ca79ce1b-b8da-4e44-b227-1e24981b13a4	15	82890669	95251181	8790	-0.2774
ca79ce1b-b8da-4e44-b227-1e24981b13a4	15	95251861	95252286	2	-2.4905
ca79ce1b-b8da-4e44-b227-1e24981b13a4	15	95252536	101928837	4892	-0.2619
ca79ce1b-b8da-4e44-b227-1e24981b13a4	16	10777	5305349	2310	0.2953
ca79ce1b-b8da-4e44-b227-1e24981b13a4	16	5305666	5482878	207	0.0403
ca79ce1b-b8da-4e44-b227-1e24981b13a4	16	5489007	5690784	261	-0.4183
ca79ce1b-b8da-4e44-b227-1e24981b13a4	16	5690807	6127739	519	0.0516
ca79ce1b-b8da-4e44-b227-1e24981b13a4	16	6130374	6203968	79	-0.3607
ca79ce1b-b8da-4e44-b227-1e24981b13a4	16	6210851	6232072	26	-3.3751
ca79ce1b-b8da-4e44-b227-1e24981b13a4	16	6234886	6514547	341	-0.9543
ca79ce1b-b8da-4e44-b227-1e24981b13a4	16	6516663	6981700	596	-2.5099
ca79ce1b-b8da-4e44-b227-1e24981b13a4	16	6983741	7013996	30	-0.8222
ca79ce1b-b8da-4e44-b227-1e24981b13a4	16	7014035	7415747	535	0.0125
ca79ce1b-b8da-4e44-b227-1e24981b13a4	16	7417488	7616198	256	-0.3619
ca79ce1b-b8da-4e44-b227-1e24981b13a4	16	7616389	12555002	4232	0.3561
ca79ce1b-b8da-4e44-b227-1e24981b13a4	16	12555121	12555138	2	2.2952
ca79ce1b-b8da-4e44-b227-1e24981b13a4	16	12556390	16188463	2325	0.32
ca79ce1b-b8da-4e44-b227-1e24981b13a4	16	16196385	16200861	5	-1.16
ca79ce1b-b8da-4e44-b227-1e24981b13a4	16	16201950	23922526	3891	0.3419
ca79ce1b-b8da-4e44-b227-1e24981b13a4	16	23923570	23930936	6	-0.944
ca79ce1b-b8da-4e44-b227-1e24981b13a4	16	23932616	28620700	3257	0.3241
ca79ce1b-b8da-4e44-b227-1e24981b13a4	16	28637882	28813550	8	-0.4431
ca79ce1b-b8da-4e44-b227-1e24981b13a4	16	28814284	31410351	804	0.2686
ca79ce1b-b8da-4e44-b227-1e24981b13a4	16	31414202	35237093	461	-0.3903
ca79ce1b-b8da-4e44-b227-1e24981b13a4	16	35237121	35522700	164	-0.1856
ca79ce1b-b8da-4e44-b227-1e24981b13a4	16	35526596	46463450	136	-0.3976
ca79ce1b-b8da-4e44-b227-1e24981b13a4	16	46469294	51993455	3417	0.7946
ca79ce1b-b8da-4e44-b227-1e24981b13a4	16	51994003	59533968	5385	0.3506
ca79ce1b-b8da-4e44-b227-1e24981b13a4	16	59536232	78382536	11988	-0.3631
ca79ce1b-b8da-4e44-b227-1e24981b13a4	16	78382551	78866694	639	-0.4525
ca79ce1b-b8da-4e44-b227-1e24981b13a4	16	78867020	78925396	72	-0.7043
ca79ce1b-b8da-4e44-b227-1e24981b13a4	16	78926426	79028976	173	-0.4298
ca79ce1b-b8da-4e44-b227-1e24981b13a4	16	79029101	79037455	25	-0.287
ca79ce1b-b8da-4e44-b227-1e24981b13a4	16	79038095	79101180	70	-1.0831
ca79ce1b-b8da-4e44-b227-1e24981b13a4	16	79102448	90096867	9534	-0.3824
ca79ce1b-b8da-4e44-b227-1e24981b13a4	17	150733	13898547	8625	-0.2969
ca79ce1b-b8da-4e44-b227-1e24981b13a4	17	13899098	13954825	61	-0.9629
ca79ce1b-b8da-4e44-b227-1e24981b13a4	17	13958230	16090854	1465	-0.3018
ca79ce1b-b8da-4e44-b227-1e24981b13a4	17	16096476	16293682	81	-0.8203
ca79ce1b-b8da-4e44-b227-1e24981b13a4	17	16295581	18414080	1125	-0.3045
ca79ce1b-b8da-4e44-b227-1e24981b13a4	17	18452078	18561907	27	0.2162
ca79ce1b-b8da-4e44-b227-1e24981b13a4	17	18565883	21774057	1250	-0.2828
ca79ce1b-b8da-4e44-b227-1e24981b13a4	17	22050386	26943491	227	0.6765
ca79ce1b-b8da-4e44-b227-1e24981b13a4	17	26943774	28173585	664	0.3922
ca79ce1b-b8da-4e44-b227-1e24981b13a4	17	28176164	29627159	617	0.3041
ca79ce1b-b8da-4e44-b227-1e24981b13a4	17	29628743	29876285	111	0.0111
ca79ce1b-b8da-4e44-b227-1e24981b13a4	17	29878718	37327486	4636	0.3352
ca79ce1b-b8da-4e44-b227-1e24981b13a4	17	37336917	37337135	4	-0.5925
ca79ce1b-b8da-4e44-b227-1e24981b13a4	17	37338179	41266762	1885	0.3159
ca79ce1b-b8da-4e44-b227-1e24981b13a4	17	41266774	41273697	18	-0.7884
ca79ce1b-b8da-4e44-b227-1e24981b13a4	17	41273905	41274198	4	-2.3019
ca79ce1b-b8da-4e44-b227-1e24981b13a4	17	41274279	46085732	2500	0.3131
ca79ce1b-b8da-4e44-b227-1e24981b13a4	17	46088437	46286804	123	-0.0683
ca79ce1b-b8da-4e44-b227-1e24981b13a4	17	46323701	46569894	5	-0.8237
ca79ce1b-b8da-4e44-b227-1e24981b13a4	17	46571001	54079636	4362	0.3295
ca79ce1b-b8da-4e44-b227-1e24981b13a4	17	54081432	54087251	3	-0.6857
ca79ce1b-b8da-4e44-b227-1e24981b13a4	17	54087580	58135153	2992	0.3521
ca79ce1b-b8da-4e44-b227-1e24981b13a4	17	58136082	58136733	2	-3.0079
ca79ce1b-b8da-4e44-b227-1e24981b13a4	17	58140037	61037193	1367	0.3008
ca79ce1b-b8da-4e44-b227-1e24981b13a4	17	61038032	74040843	8232	0.3578
ca79ce1b-b8da-4e44-b227-1e24981b13a4	17	74041105	83091923	4606	0.3056
ca79ce1b-b8da-4e44-b227-1e24981b13a4	18	48133	3563132	2478	0.0578
ca79ce1b-b8da-4e44-b227-1e24981b13a4	18	3565975	3739937	113	-0.3275
ca79ce1b-b8da-4e44-b227-1e24981b13a4	18	3740373	5960389	1623	0.0671
ca79ce1b-b8da-4e44-b227-1e24981b13a4	18	5960495	6432710	329	-0.0388
ca79ce1b-b8da-4e44-b227-1e24981b13a4	18	6432998	8229018	1368	0.0666
ca79ce1b-b8da-4e44-b227-1e24981b13a4	18	8229445	8312193	62	-0.3354
ca79ce1b-b8da-4e44-b227-1e24981b13a4	18	8315309	14253030	4097	0.0551
ca79ce1b-b8da-4e44-b227-1e24981b13a4	18	14262543	14285030	2	-1.294
ca79ce1b-b8da-4e44-b227-1e24981b13a4	18	14285524	15157837	279	0.0643
ca79ce1b-b8da-4e44-b227-1e24981b13a4	18	15157850	15180160	5	-0.6542
ca79ce1b-b8da-4e44-b227-1e24981b13a4	18	15182455	26435466	3224	0.0732
ca79ce1b-b8da-4e44-b227-1e24981b13a4	18	26435686	26437960	2	-1.4741
ca79ce1b-b8da-4e44-b227-1e24981b13a4	18	26439183	30543764	2619	0.0239
ca79ce1b-b8da-4e44-b227-1e24981b13a4	18	30543858	36460694	3755	0.0944
ca79ce1b-b8da-4e44-b227-1e24981b13a4	18	36466214	40678763	2804	0.0425
ca79ce1b-b8da-4e44-b227-1e24981b13a4	18	40680456	40685425	19	-1.077
ca79ce1b-b8da-4e44-b227-1e24981b13a4	18	40688060	42471713	1215	0.03
ca79ce1b-b8da-4e44-b227-1e24981b13a4	18	42476604	42477802	25	-1.5885
ca79ce1b-b8da-4e44-b227-1e24981b13a4	18	42478430	53951312	7862	0.0687
ca79ce1b-b8da-4e44-b227-1e24981b13a4	18	53951351	80257174	18538	-0.9181
ca79ce1b-b8da-4e44-b227-1e24981b13a4	19	90910	20112153	8750	0.2554
ca79ce1b-b8da-4e44-b227-1e24981b13a4	19	20123473	27923726	2602	0.2103
ca79ce1b-b8da-4e44-b227-1e24981b13a4	19	27927778	33357396	3990	0.2981
ca79ce1b-b8da-4e44-b227-1e24981b13a4	19	33357777	33761069	303	0.3935
ca79ce1b-b8da-4e44-b227-1e24981b13a4	19	33761430	35219782	954	0.3111
ca79ce1b-b8da-4e44-b227-1e24981b13a4	19	35220816	35358420	107	0.2156
ca79ce1b-b8da-4e44-b227-1e24981b13a4	19	35364451	35379534	27	-0.1938
ca79ce1b-b8da-4e44-b227-1e24981b13a4	19	35383481	36072847	336	0.2522
ca79ce1b-b8da-4e44-b227-1e24981b13a4	19	36073856	36077192	2	1.5159
ca79ce1b-b8da-4e44-b227-1e24981b13a4	19	36077896	41491433	2782	0.2631
ca79ce1b-b8da-4e44-b227-1e24981b13a4	19	41492823	41831746	191	0.3866
ca79ce1b-b8da-4e44-b227-1e24981b13a4	19	41834267	42936292	424	0.2851
ca79ce1b-b8da-4e44-b227-1e24981b13a4	19	42939470	43193181	121	0.8183
ca79ce1b-b8da-4e44-b227-1e24981b13a4	19	43198881	43199352	2	0.2
ca79ce1b-b8da-4e44-b227-1e24981b13a4	19	43208098	43249358	19	-0.4815
ca79ce1b-b8da-4e44-b227-1e24981b13a4	19	43252085	47898676	2295	0.2883
ca79ce1b-b8da-4e44-b227-1e24981b13a4	19	47898691	47959373	5	-0.732
ca79ce1b-b8da-4e44-b227-1e24981b13a4	19	47959877	51628560	1848	0.2963
ca79ce1b-b8da-4e44-b227-1e24981b13a4	19	51639099	51644944	11	-0.3865
ca79ce1b-b8da-4e44-b227-1e24981b13a4	19	51651652	58586487	4335	0.2604
ca79ce1b-b8da-4e44-b227-1e24981b13a4	20	80664	1580353	1204	0.0422
ca79ce1b-b8da-4e44-b227-1e24981b13a4	20	1580934	1609888	39	-0.6537
ca79ce1b-b8da-4e44-b227-1e24981b13a4	20	1613203	5529539	2858	0.0332
ca79ce1b-b8da-4e44-b227-1e24981b13a4	20	5529745	12020186	5115	0.0881
ca79ce1b-b8da-4e44-b227-1e24981b13a4	20	12022989	14521504	1735	0.05
ca79ce1b-b8da-4e44-b227-1e24981b13a4	20	14526964	14582465	41	-0.3173
ca79ce1b-b8da-4e44-b227-1e24981b13a4	20	14583273	14653018	48	0.0282
ca79ce1b-b8da-4e44-b227-1e24981b13a4	20	14653714	14711021	45	-0.3278
ca79ce1b-b8da-4e44-b227-1e24981b13a4	20	14713781	14936540	232	-1.4694
ca79ce1b-b8da-4e44-b227-1e24981b13a4	20	14937547	14958974	11	-0.4344
ca79ce1b-b8da-4e44-b227-1e24981b13a4	20	14959913	15003222	26	0.042
ca79ce1b-b8da-4e44-b227-1e24981b13a4	20	15003772	15037976	25	-0.2351
ca79ce1b-b8da-4e44-b227-1e24981b13a4	20	15039372	15105796	74	-0.9951
ca79ce1b-b8da-4e44-b227-1e24981b13a4	20	15105940	15250305	116	-0.2934
ca79ce1b-b8da-4e44-b227-1e24981b13a4	20	15250988	15972221	690	0.0348
ca79ce1b-b8da-4e44-b227-1e24981b13a4	20	15976097	23077230	5653	0.0825
ca79ce1b-b8da-4e44-b227-1e24981b13a4	20	23078030	30193847	2088	0.038
ca79ce1b-b8da-4e44-b227-1e24981b13a4	20	30206919	35319702	2038	0.5588
ca79ce1b-b8da-4e44-b227-1e24981b13a4	20	35320106	37198011	929	0.5021
ca79ce1b-b8da-4e44-b227-1e24981b13a4	20	37198027	42634781	3838	0.5698
ca79ce1b-b8da-4e44-b227-1e24981b13a4	20	42636668	42639451	5	-0.337
ca79ce1b-b8da-4e44-b227-1e24981b13a4	20	42639483	43162530	483	0.5757
ca79ce1b-b8da-4e44-b227-1e24981b13a4	20	43162620	43162642	2	-0.7218
ca79ce1b-b8da-4e44-b227-1e24981b13a4	20	43163928	52168639	6173	0.5766
ca79ce1b-b8da-4e44-b227-1e24981b13a4	20	52168644	52183443	10	-0.1263
ca79ce1b-b8da-4e44-b227-1e24981b13a4	20	52183980	64284215	8870	0.5846
ca79ce1b-b8da-4e44-b227-1e24981b13a4	20	64284715	64324800	6	0.2887
ca79ce1b-b8da-4e44-b227-1e24981b13a4	21	10354168	10529628	27	-0.0561
ca79ce1b-b8da-4e44-b227-1e24981b13a4	21	10535758	12992210	62	0.2549
ca79ce1b-b8da-4e44-b227-1e24981b13a4	21	12996806	14947238	855	0.0046
ca79ce1b-b8da-4e44-b227-1e24981b13a4	21	14947598	18611719	2566	0.0621
ca79ce1b-b8da-4e44-b227-1e24981b13a4	21	18620188	28008474	7188	0.018
ca79ce1b-b8da-4e44-b227-1e24981b13a4	21	28010210	30221515	1631	0.0849
ca79ce1b-b8da-4e44-b227-1e24981b13a4	21	30225516	38497356	5912	0.056
ca79ce1b-b8da-4e44-b227-1e24981b13a4	21	38497370	42787307	3695	0.0983
ca79ce1b-b8da-4e44-b227-1e24981b13a4	21	42789392	46677045	1908	0.026
ca79ce1b-b8da-4e44-b227-1e24981b13a4	22	15294547	20221964	1964	-0.3338
ca79ce1b-b8da-4e44-b227-1e24981b13a4	22	20223616	20223805	2	-2.5777
ca79ce1b-b8da-4e44-b227-1e24981b13a4	22	20226155	21684169	801	-0.3267
ca79ce1b-b8da-4e44-b227-1e24981b13a4	22	21685373	21685574	2	-2.2182
ca79ce1b-b8da-4e44-b227-1e24981b13a4	22	21685969	23929558	1597	-0.3222
ca79ce1b-b8da-4e44-b227-1e24981b13a4	22	23940911	23946247	5	-1.5605
ca79ce1b-b8da-4e44-b227-1e24981b13a4	22	23950883	23987520	9	-0.4755
ca79ce1b-b8da-4e44-b227-1e24981b13a4	22	23988078	23989773	2	-2.8532
ca79ce1b-b8da-4e44-b227-1e24981b13a4	22	23990431	48225635	17014	-0.3115
ca79ce1b-b8da-4e44-b227-1e24981b13a4	22	48225910	49812255	1393	-0.3981
ca79ce1b-b8da-4e44-b227-1e24981b13a4	22	49814055	50796027	413	-0.3223
ca79ce1b-b8da-4e44-b227-1e24981b13a4	X	251810	6598583	3009	0.1983
ca79ce1b-b8da-4e44-b227-1e24981b13a4	X	6599397	6754782	101	-0.0337
ca79ce1b-b8da-4e44-b227-1e24981b13a4	X	6756036	7966070	910	0.1939
ca79ce1b-b8da-4e44-b227-1e24981b13a4	X	7969028	8090735	89	-0.0941
ca79ce1b-b8da-4e44-b227-1e24981b13a4	X	8092592	8723036	497	0.1843
ca79ce1b-b8da-4e44-b227-1e24981b13a4	X	8723723	16455101	5453	0.2498
ca79ce1b-b8da-4e44-b227-1e24981b13a4	X	16455356	16455513	6	-0.4133
ca79ce1b-b8da-4e44-b227-1e24981b13a4	X	16456062	17167471	414	0.244
ca79ce1b-b8da-4e44-b227-1e24981b13a4	X	17168537	17168790	7	-0.4684
ca79ce1b-b8da-4e44-b227-1e24981b13a4	X	17168970	32481870	9566	0.2247
ca79ce1b-b8da-4e44-b227-1e24981b13a4	X	32482368	36259162	2559	0.1809
ca79ce1b-b8da-4e44-b227-1e24981b13a4	X	36259609	53896464	8737	0.2561
ca79ce1b-b8da-4e44-b227-1e24981b13a4	X	53897850	58454123	2043	0.231
ca79ce1b-b8da-4e44-b227-1e24981b13a4	X	58469511	58477663	4	-0.633
ca79ce1b-b8da-4e44-b227-1e24981b13a4	X	58515724	67929807	2219	0.2193
ca79ce1b-b8da-4e44-b227-1e24981b13a4	X	67930700	75102593	3164	0.2624
ca79ce1b-b8da-4e44-b227-1e24981b13a4	X	75111336	84983126	4828	0.2003
ca79ce1b-b8da-4e44-b227-1e24981b13a4	X	84983329	86049132	689	0.3091
ca79ce1b-b8da-4e44-b227-1e24981b13a4	X	86053085	97011122	5810	0.205
ca79ce1b-b8da-4e44-b227-1e24981b13a4	X	97011505	97344521	196	0.0137
ca79ce1b-b8da-4e44-b227-1e24981b13a4	X	97353093	101878190	2478	0.2458
ca79ce1b-b8da-4e44-b227-1e24981b13a4	X	101880914	102771334	347	-0.324
ca79ce1b-b8da-4e44-b227-1e24981b13a4	X	102771467	111252886	4472	-0.2752
ca79ce1b-b8da-4e44-b227-1e24981b13a4	X	111253481	114812396	1968	-0.3311
ca79ce1b-b8da-4e44-b227-1e24981b13a4	X	114816755	114859199	14	-1.1745
ca79ce1b-b8da-4e44-b227-1e24981b13a4	X	114866407	124695105	5832	-0.2915
ca79ce1b-b8da-4e44-b227-1e24981b13a4	X	124696014	128439612	2089	-0.3352
ca79ce1b-b8da-4e44-b227-1e24981b13a4	X	128439672	134958354	3437	-0.2809
ca79ce1b-b8da-4e44-b227-1e24981b13a4	X	134965390	135612977	359	-0.3241
ca79ce1b-b8da-4e44-b227-1e24981b13a4	X	135614680	135615501	2	-2.4265
ca79ce1b-b8da-4e44-b227-1e24981b13a4	X	135619994	135665876	29	-0.3576
ca79ce1b-b8da-4e44-b227-1e24981b13a4	X	135666582	135666603	2	-2.5518
ca79ce1b-b8da-4e44-b227-1e24981b13a4	X	135668591	149240250	8793	-0.3404
ca79ce1b-b8da-4e44-b227-1e24981b13a4	X	149241056	155952689	3489	-0.2844
ca79ce1b-b8da-4e44-b227-1e24981b13a4	Y	2782397	3460727	213	-3.0858
ca79ce1b-b8da-4e44-b227-1e24981b13a4	Y	3462427	6075631	506	-2.5426
ca79ce1b-b8da-4e44-b227-1e24981b13a4	Y	6076562	6167430	30	-3.2144
ca79ce1b-b8da-4e44-b227-1e24981b13a4	Y	6171310	6171622	2	-7.7959
ca79ce1b-b8da-4e44-b227-1e24981b13a4	Y	6180233	6233384	33	-2.4121
ca79ce1b-b8da-4e44-b227-1e24981b13a4	Y	6249869	9326090	1440	-3.3229
ca79ce1b-b8da-4e44-b227-1e24981b13a4	Y	9326723	9554275	29	-4.9686
ca79ce1b-b8da-4e44-b227-1e24981b13a4	Y	9554586	26077669	4216	-3.2397
ca79ce1b-b8da-4e44-b227-1e24981b13a4	Y	26312501	56872112	171	-2.7917
