GDC_Aliquot	Chromosome	Start	End	Num_Probes	Segment_Mean
f517c7a6-c2c4-4fb4-8bbc-ce163c6719e7	1	62920	2244878	396	0.0044
f517c7a6-c2c4-4fb4-8bbc-ce163c6719e7	1	2247846	3390822	404	0.1384
f517c7a6-c2c4-4fb4-8bbc-ce163c6719e7	1	3391470	8142933	3249	-0.0101
f517c7a6-c2c4-4fb4-8bbc-ce163c6719e7	1	8146070	8149261	6	1.0144
f517c7a6-c2c4-4fb4-8bbc-ce163c6719e7	1	8157027	15823420	4284	-0.0218
f517c7a6-c2c4-4fb4-8bbc-ce163c6719e7	1	15827002	15827430	6	-0.9443
f517c7a6-c2c4-4fb4-8bbc-ce163c6719e7	1	15827706	16525019	301	-0.0147
f517c7a6-c2c4-4fb4-8bbc-ce163c6719e7	1	16542868	16689764	37	0.3927
f517c7a6-c2c4-4fb4-8bbc-ce163c6719e7	1	16718963	56048167	22507	-0.0163
f517c7a6-c2c4-4fb4-8bbc-ce163c6719e7	1	56050751	56053350	3	-1.4228
f517c7a6-c2c4-4fb4-8bbc-ce163c6719e7	1	56058075	60511630	3434	-0.0258
f517c7a6-c2c4-4fb4-8bbc-ce163c6719e7	1	60517529	60518110	4	-1.2608
f517c7a6-c2c4-4fb4-8bbc-ce163c6719e7	1	60519714	61648334	854	-0.0159
f517c7a6-c2c4-4fb4-8bbc-ce163c6719e7	1	61648509	61652515	3	-1.5003
f517c7a6-c2c4-4fb4-8bbc-ce163c6719e7	1	61654137	66041959	3236	0.0103
f517c7a6-c2c4-4fb4-8bbc-ce163c6719e7	1	66043331	66043431	2	-1.6585
f517c7a6-c2c4-4fb4-8bbc-ce163c6719e7	1	66045721	66563875	413	-0.054
f517c7a6-c2c4-4fb4-8bbc-ce163c6719e7	1	66564027	66572532	12	-0.7976
f517c7a6-c2c4-4fb4-8bbc-ce163c6719e7	1	66574047	68583300	1446	0.0044
f517c7a6-c2c4-4fb4-8bbc-ce163c6719e7	1	68584726	68588922	7	-1.1656
f517c7a6-c2c4-4fb4-8bbc-ce163c6719e7	1	68589471	69421019	429	-0.004
f517c7a6-c2c4-4fb4-8bbc-ce163c6719e7	1	69421209	69443791	15	-0.995
f517c7a6-c2c4-4fb4-8bbc-ce163c6719e7	1	69448198	72111831	1618	0.0015
f517c7a6-c2c4-4fb4-8bbc-ce163c6719e7	1	72117692	72118501	2	-1.7362
f517c7a6-c2c4-4fb4-8bbc-ce163c6719e7	1	72119743	72303233	114	0.0689
f517c7a6-c2c4-4fb4-8bbc-ce163c6719e7	1	72303253	72345465	45	-1.6595
f517c7a6-c2c4-4fb4-8bbc-ce163c6719e7	1	72346221	101587401	18837	0.0014
f517c7a6-c2c4-4fb4-8bbc-ce163c6719e7	1	101587997	101588220	2	-2.5394
f517c7a6-c2c4-4fb4-8bbc-ce163c6719e7	1	101593708	102346607	535	-0.0029
f517c7a6-c2c4-4fb4-8bbc-ce163c6719e7	1	102350442	102350985	3	-1.4585
f517c7a6-c2c4-4fb4-8bbc-ce163c6719e7	1	102353061	102759955	258	0.0237
f517c7a6-c2c4-4fb4-8bbc-ce163c6719e7	1	102760143	102760665	2	-1.25
f517c7a6-c2c4-4fb4-8bbc-ce163c6719e7	1	102762835	103941216	490	0.0467
f517c7a6-c2c4-4fb4-8bbc-ce163c6719e7	1	103942312	103942331	2	-2.5165
f517c7a6-c2c4-4fb4-8bbc-ce163c6719e7	1	103944770	105470754	819	0.0373
f517c7a6-c2c4-4fb4-8bbc-ce163c6719e7	1	105476583	105479753	17	1.0142
f517c7a6-c2c4-4fb4-8bbc-ce163c6719e7	1	105481433	105491593	12	-0.3932
f517c7a6-c2c4-4fb4-8bbc-ce163c6719e7	1	105492316	143494500	9775	0.0033
f517c7a6-c2c4-4fb4-8bbc-ce163c6719e7	1	143541857	143927887	124	-0.7631
f517c7a6-c2c4-4fb4-8bbc-ce163c6719e7	1	143928045	146062439	181	0.0188
f517c7a6-c2c4-4fb4-8bbc-ce163c6719e7	1	146150530	146250588	4	0.8808
f517c7a6-c2c4-4fb4-8bbc-ce163c6719e7	1	146716041	147151890	88	0.0249
f517c7a6-c2c4-4fb4-8bbc-ce163c6719e7	1	147152818	147159337	4	-1.0387
f517c7a6-c2c4-4fb4-8bbc-ce163c6719e7	1	147164558	152326374	1841	0.0016
f517c7a6-c2c4-4fb4-8bbc-ce163c6719e7	1	152326462	152326757	2	-1.494
f517c7a6-c2c4-4fb4-8bbc-ce163c6719e7	1	152328745	152583230	197	-0.0072
f517c7a6-c2c4-4fb4-8bbc-ce163c6719e7	1	152583291	152613762	30	-1.9489
f517c7a6-c2c4-4fb4-8bbc-ce163c6719e7	1	152613802	152787202	171	-0.0045
f517c7a6-c2c4-4fb4-8bbc-ce163c6719e7	1	152789447	152796224	37	-1.8519
f517c7a6-c2c4-4fb4-8bbc-ce163c6719e7	1	152801429	186053061	22391	-0.0039
f517c7a6-c2c4-4fb4-8bbc-ce163c6719e7	1	186055511	186055873	2	-1.7407
f517c7a6-c2c4-4fb4-8bbc-ce163c6719e7	1	186059954	187266801	757	0.0059
f517c7a6-c2c4-4fb4-8bbc-ce163c6719e7	1	187269960	187270297	4	-1.4844
f517c7a6-c2c4-4fb4-8bbc-ce163c6719e7	1	187275812	187746723	338	0.0206
f517c7a6-c2c4-4fb4-8bbc-ce163c6719e7	1	187748429	187752238	2	-1.5513
f517c7a6-c2c4-4fb4-8bbc-ce163c6719e7	1	187755479	188596872	558	0.0143
f517c7a6-c2c4-4fb4-8bbc-ce163c6719e7	1	188599673	188599809	2	-1.6121
f517c7a6-c2c4-4fb4-8bbc-ce163c6719e7	1	188603960	189300100	417	0.0307
f517c7a6-c2c4-4fb4-8bbc-ce163c6719e7	1	189301309	189302255	2	-1.8851
f517c7a6-c2c4-4fb4-8bbc-ce163c6719e7	1	189306976	192446232	2035	0.0391
f517c7a6-c2c4-4fb4-8bbc-ce163c6719e7	1	192447070	192451498	6	-0.8619
f517c7a6-c2c4-4fb4-8bbc-ce163c6719e7	1	192451767	196745743	2944	0.0316
f517c7a6-c2c4-4fb4-8bbc-ce163c6719e7	1	196758720	196832525	57	-1.8811
f517c7a6-c2c4-4fb4-8bbc-ce163c6719e7	1	196832720	214787599	12116	0.0032
f517c7a6-c2c4-4fb4-8bbc-ce163c6719e7	1	214787928	214792553	7	-0.9124
f517c7a6-c2c4-4fb4-8bbc-ce163c6719e7	1	214794358	226914653	8111	0.0081
f517c7a6-c2c4-4fb4-8bbc-ce163c6719e7	1	226915712	226915765	2	-1.608
f517c7a6-c2c4-4fb4-8bbc-ce163c6719e7	1	226916206	248585893	15412	0.0169
f517c7a6-c2c4-4fb4-8bbc-ce163c6719e7	1	248585918	248645563	32	-0.9561
f517c7a6-c2c4-4fb4-8bbc-ce163c6719e7	1	248645808	248930189	140	0.0956
f517c7a6-c2c4-4fb4-8bbc-ce163c6719e7	2	12784	3144167	2180	0.0575
f517c7a6-c2c4-4fb4-8bbc-ce163c6719e7	2	3144361	3244734	104	0.2456
f517c7a6-c2c4-4fb4-8bbc-ce163c6719e7	2	3245891	3680971	283	0.0175
f517c7a6-c2c4-4fb4-8bbc-ce163c6719e7	2	3684956	3685683	4	-1.0551
f517c7a6-c2c4-4fb4-8bbc-ce163c6719e7	2	3688948	4909754	1098	0.0241
f517c7a6-c2c4-4fb4-8bbc-ce163c6719e7	2	4914774	4915804	6	-1.0123
f517c7a6-c2c4-4fb4-8bbc-ce163c6719e7	2	4922230	18291313	10155	0.0169
f517c7a6-c2c4-4fb4-8bbc-ce163c6719e7	2	18292090	18303712	12	-0.6073
f517c7a6-c2c4-4fb4-8bbc-ce163c6719e7	2	18304412	18539801	226	-0.0044
f517c7a6-c2c4-4fb4-8bbc-ce163c6719e7	2	18541959	18545168	6	-0.9503
f517c7a6-c2c4-4fb4-8bbc-ce163c6719e7	2	18546066	34476327	10022	0.0091
f517c7a6-c2c4-4fb4-8bbc-ce163c6719e7	2	34476516	34511990	44	-2.1168
f517c7a6-c2c4-4fb4-8bbc-ce163c6719e7	2	34512096	52527743	13004	0.0172
f517c7a6-c2c4-4fb4-8bbc-ce163c6719e7	2	52531615	52554404	33	0.9295
f517c7a6-c2c4-4fb4-8bbc-ce163c6719e7	2	52560811	57167767	3350	0.0163
f517c7a6-c2c4-4fb4-8bbc-ce163c6719e7	2	57174909	57218336	69	1.1129
f517c7a6-c2c4-4fb4-8bbc-ce163c6719e7	2	57220263	179548644	70362	0.0127
f517c7a6-c2c4-4fb4-8bbc-ce163c6719e7	2	179553484	179557410	30	-0.9341
f517c7a6-c2c4-4fb4-8bbc-ce163c6719e7	2	179560916	184229950	2945	0.0143
f517c7a6-c2c4-4fb4-8bbc-ce163c6719e7	2	184235808	184246821	3	-1.968
f517c7a6-c2c4-4fb4-8bbc-ce163c6719e7	2	184246995	185828044	934	0.0221
f517c7a6-c2c4-4fb4-8bbc-ce163c6719e7	2	185828881	185829531	3	-1.7658
f517c7a6-c2c4-4fb4-8bbc-ce163c6719e7	2	185830504	193823021	4452	0.0339
f517c7a6-c2c4-4fb4-8bbc-ce163c6719e7	2	193825580	193829074	2	2.4501
f517c7a6-c2c4-4fb4-8bbc-ce163c6719e7	2	193837590	194987702	610	0.032
f517c7a6-c2c4-4fb4-8bbc-ce163c6719e7	2	194992659	195001642	13	-1.0575
f517c7a6-c2c4-4fb4-8bbc-ce163c6719e7	2	195002117	199929061	2879	0.0073
f517c7a6-c2c4-4fb4-8bbc-ce163c6719e7	2	199929174	199937287	2	-1.9299
f517c7a6-c2c4-4fb4-8bbc-ce163c6719e7	2	199942416	201880073	1116	0.0101
f517c7a6-c2c4-4fb4-8bbc-ce163c6719e7	2	201880460	201882541	2	-1.2215
f517c7a6-c2c4-4fb4-8bbc-ce163c6719e7	2	201883185	202980578	553	0.0212
f517c7a6-c2c4-4fb4-8bbc-ce163c6719e7	2	202982596	202985966	2	-1.6101
f517c7a6-c2c4-4fb4-8bbc-ce163c6719e7	2	202989670	203032174	24	-0.0465
f517c7a6-c2c4-4fb4-8bbc-ce163c6719e7	2	203035077	203037323	3	-1.062
f517c7a6-c2c4-4fb4-8bbc-ce163c6719e7	2	203039417	207490231	2891	0.0037
f517c7a6-c2c4-4fb4-8bbc-ce163c6719e7	2	207490454	207494612	16	-0.8389
f517c7a6-c2c4-4fb4-8bbc-ce163c6719e7	2	207494752	211006907	2120	0.0223
f517c7a6-c2c4-4fb4-8bbc-ce163c6719e7	2	211010226	211010423	3	-1.7418
f517c7a6-c2c4-4fb4-8bbc-ce163c6719e7	2	211015216	214172439	2100	0.0202
f517c7a6-c2c4-4fb4-8bbc-ce163c6719e7	2	214176203	214178757	3	-1.2142
f517c7a6-c2c4-4fb4-8bbc-ce163c6719e7	2	214179486	220456023	4048	0.0053
f517c7a6-c2c4-4fb4-8bbc-ce163c6719e7	2	220461858	220462152	2	-1.6005
f517c7a6-c2c4-4fb4-8bbc-ce163c6719e7	2	220462330	234041424	8701	0.0107
f517c7a6-c2c4-4fb4-8bbc-ce163c6719e7	2	234045334	234046288	6	-0.918
f517c7a6-c2c4-4fb4-8bbc-ce163c6719e7	2	234046303	241976372	4976	0.0211
f517c7a6-c2c4-4fb4-8bbc-ce163c6719e7	2	241978399	242001132	25	-1.2759
f517c7a6-c2c4-4fb4-8bbc-ce163c6719e7	2	242011715	242147305	96	0.1128
f517c7a6-c2c4-4fb4-8bbc-ce163c6719e7	3	20930	182919	154	-0.0612
f517c7a6-c2c4-4fb4-8bbc-ce163c6719e7	3	188339	191117	4	-1.374
f517c7a6-c2c4-4fb4-8bbc-ce163c6719e7	3	193194	3925783	3367	0.0106
f517c7a6-c2c4-4fb4-8bbc-ce163c6719e7	3	3928744	3929919	6	-1.5001
f517c7a6-c2c4-4fb4-8bbc-ce163c6719e7	3	3930284	6141782	1843	-0.0103
f517c7a6-c2c4-4fb4-8bbc-ce163c6719e7	3	6142218	6157295	11	-1.1389
f517c7a6-c2c4-4fb4-8bbc-ce163c6719e7	3	6159009	6161309	4	0.1468
f517c7a6-c2c4-4fb4-8bbc-ce163c6719e7	3	6163206	6164148	5	-0.9337
f517c7a6-c2c4-4fb4-8bbc-ce163c6719e7	3	6165214	7813519	1516	0.0111
f517c7a6-c2c4-4fb4-8bbc-ce163c6719e7	3	7814601	7815259	4	-1.0856
f517c7a6-c2c4-4fb4-8bbc-ce163c6719e7	3	7816463	21153172	8919	0.0134
f517c7a6-c2c4-4fb4-8bbc-ce163c6719e7	3	21156351	21156708	2	-1.608
f517c7a6-c2c4-4fb4-8bbc-ce163c6719e7	3	21159192	21276745	88	0.0224
f517c7a6-c2c4-4fb4-8bbc-ce163c6719e7	3	21278569	21278836	2	-1.6828
f517c7a6-c2c4-4fb4-8bbc-ce163c6719e7	3	21278896	26384700	3959	0.0048
f517c7a6-c2c4-4fb4-8bbc-ce163c6719e7	3	26392633	26397852	5	-1.3284
f517c7a6-c2c4-4fb4-8bbc-ce163c6719e7	3	26404482	26498572	80	-0.0134
f517c7a6-c2c4-4fb4-8bbc-ce163c6719e7	3	26501191	26501524	3	-1.1276
f517c7a6-c2c4-4fb4-8bbc-ce163c6719e7	3	26509626	26573485	50	-0.0863
f517c7a6-c2c4-4fb4-8bbc-ce163c6719e7	3	26573486	26574920	7	-0.7774
f517c7a6-c2c4-4fb4-8bbc-ce163c6719e7	3	26575304	29636153	2108	-0.0039
f517c7a6-c2c4-4fb4-8bbc-ce163c6719e7	3	29636240	29639141	9	-0.8216
f517c7a6-c2c4-4fb4-8bbc-ce163c6719e7	3	29640305	35965822	4116	-0.005
f517c7a6-c2c4-4fb4-8bbc-ce163c6719e7	3	35967069	35967566	4	-1.3022
f517c7a6-c2c4-4fb4-8bbc-ce163c6719e7	3	35968353	37935926	1362	-0.0094
f517c7a6-c2c4-4fb4-8bbc-ce163c6719e7	3	37940617	37945437	18	-1.069
f517c7a6-c2c4-4fb4-8bbc-ce163c6719e7	3	37945615	46751887	5544	-0.0033
f517c7a6-c2c4-4fb4-8bbc-ce163c6719e7	3	46760327	46806126	38	-1.1899
f517c7a6-c2c4-4fb4-8bbc-ce163c6719e7	3	46807689	64631394	11523	-0.0094
f517c7a6-c2c4-4fb4-8bbc-ce163c6719e7	3	64631693	64635119	4	-1.8146
f517c7a6-c2c4-4fb4-8bbc-ce163c6719e7	3	64635207	64764886	120	-0.0346
f517c7a6-c2c4-4fb4-8bbc-ce163c6719e7	3	64765068	64769661	5	-0.7149
f517c7a6-c2c4-4fb4-8bbc-ce163c6719e7	3	64769761	65033055	270	0.0028
f517c7a6-c2c4-4fb4-8bbc-ce163c6719e7	3	65033752	65035121	3	-0.9455
f517c7a6-c2c4-4fb4-8bbc-ce163c6719e7	3	65041738	65162946	112	-0.0245
f517c7a6-c2c4-4fb4-8bbc-ce163c6719e7	3	65163807	65164890	3	-0.7943
f517c7a6-c2c4-4fb4-8bbc-ce163c6719e7	3	65165003	65196568	50	0.0241
f517c7a6-c2c4-4fb4-8bbc-ce163c6719e7	3	65196604	65214027	34	-0.6954
f517c7a6-c2c4-4fb4-8bbc-ce163c6719e7	3	65214192	65221269	12	0.0124
f517c7a6-c2c4-4fb4-8bbc-ce163c6719e7	3	65221656	65224479	6	-1.229
f517c7a6-c2c4-4fb4-8bbc-ce163c6719e7	3	65224624	68697013	2426	-0.0072
f517c7a6-c2c4-4fb4-8bbc-ce163c6719e7	3	68697108	68698262	14	-1.617
f517c7a6-c2c4-4fb4-8bbc-ce163c6719e7	3	68699607	70717718	1577	-0.004
f517c7a6-c2c4-4fb4-8bbc-ce163c6719e7	3	70719105	70721566	5	-1.4662
f517c7a6-c2c4-4fb4-8bbc-ce163c6719e7	3	70723035	74585946	2891	0.002
f517c7a6-c2c4-4fb4-8bbc-ce163c6719e7	3	74597741	74602824	6	-0.9997
f517c7a6-c2c4-4fb4-8bbc-ce163c6719e7	3	74605576	75372019	392	-0.0206
f517c7a6-c2c4-4fb4-8bbc-ce163c6719e7	3	75377956	75496021	50	-0.8041
f517c7a6-c2c4-4fb4-8bbc-ce163c6719e7	3	75496671	75547095	18	-0.0318
f517c7a6-c2c4-4fb4-8bbc-ce163c6719e7	3	75559488	75589590	5	-0.9378
f517c7a6-c2c4-4fb4-8bbc-ce163c6719e7	3	75590356	76364669	319	-0.0082
f517c7a6-c2c4-4fb4-8bbc-ce163c6719e7	3	76369173	76369312	2	-1.5895
f517c7a6-c2c4-4fb4-8bbc-ce163c6719e7	3	76370560	76774198	317	0.0209
f517c7a6-c2c4-4fb4-8bbc-ce163c6719e7	3	76778755	76784713	4	-1.3573
f517c7a6-c2c4-4fb4-8bbc-ce163c6719e7	3	76787491	89367427	7089	0.0241
f517c7a6-c2c4-4fb4-8bbc-ce163c6719e7	3	89368021	89370231	5	-1.3889
f517c7a6-c2c4-4fb4-8bbc-ce163c6719e7	3	89370771	95147495	1010	0.0377
f517c7a6-c2c4-4fb4-8bbc-ce163c6719e7	3	95148278	95149476	3	-0.9282
f517c7a6-c2c4-4fb4-8bbc-ce163c6719e7	3	95151945	96580062	779	0.0244
f517c7a6-c2c4-4fb4-8bbc-ce163c6719e7	3	96584623	96585044	2	-1.5999
f517c7a6-c2c4-4fb4-8bbc-ce163c6719e7	3	96588814	99091310	1370	0.0159
f517c7a6-c2c4-4fb4-8bbc-ce163c6719e7	3	99095093	99109027	6	-0.7987
f517c7a6-c2c4-4fb4-8bbc-ce163c6719e7	3	99113936	99225667	64	-0.0429
f517c7a6-c2c4-4fb4-8bbc-ce163c6719e7	3	99225703	99230225	25	-0.7195
f517c7a6-c2c4-4fb4-8bbc-ce163c6719e7	3	99230232	105547692	3763	0.0144
f517c7a6-c2c4-4fb4-8bbc-ce163c6719e7	3	105548592	105551377	3	-2.7298
f517c7a6-c2c4-4fb4-8bbc-ce163c6719e7	3	105551706	128661409	14311	0.0047
f517c7a6-c2c4-4fb4-8bbc-ce163c6719e7	3	128662406	128695318	17	0.8455
f517c7a6-c2c4-4fb4-8bbc-ce163c6719e7	3	128702323	162773360	20906	0.0075
f517c7a6-c2c4-4fb4-8bbc-ce163c6719e7	3	162774085	162775183	3	-1.567
f517c7a6-c2c4-4fb4-8bbc-ce163c6719e7	3	162775954	162788742	10	-0.027
f517c7a6-c2c4-4fb4-8bbc-ce163c6719e7	3	162790390	162906054	68	0.6413
f517c7a6-c2c4-4fb4-8bbc-ce163c6719e7	3	162906065	176045421	8085	0.0193
f517c7a6-c2c4-4fb4-8bbc-ce163c6719e7	3	176050236	176050306	2	-2.8176
f517c7a6-c2c4-4fb4-8bbc-ce163c6719e7	3	176054456	176144002	55	-0.0005
f517c7a6-c2c4-4fb4-8bbc-ce163c6719e7	3	176144143	176146444	6	-0.9367
f517c7a6-c2c4-4fb4-8bbc-ce163c6719e7	3	176147262	178046503	1213	0.0198
f517c7a6-c2c4-4fb4-8bbc-ce163c6719e7	3	178048676	178049781	4	-0.9742
f517c7a6-c2c4-4fb4-8bbc-ce163c6719e7	3	178050663	181455755	1979	0.0031
f517c7a6-c2c4-4fb4-8bbc-ce163c6719e7	3	181460131	181460221	2	-1.4885
f517c7a6-c2c4-4fb4-8bbc-ce163c6719e7	3	181462576	189318070	5061	0.0135
f517c7a6-c2c4-4fb4-8bbc-ce163c6719e7	3	189318599	189322190	4	-1.2356
f517c7a6-c2c4-4fb4-8bbc-ce163c6719e7	3	189325822	193160113	2761	0.0085
f517c7a6-c2c4-4fb4-8bbc-ce163c6719e7	3	193160173	193165114	19	-1.2927
f517c7a6-c2c4-4fb4-8bbc-ce163c6719e7	3	193168646	195737444	1523	0.0166
f517c7a6-c2c4-4fb4-8bbc-ce163c6719e7	3	195737636	195747892	5	-1.1664
f517c7a6-c2c4-4fb4-8bbc-ce163c6719e7	3	195751823	198169247	1166	0.0055
f517c7a6-c2c4-4fb4-8bbc-ce163c6719e7	4	68929	10190726	5663	0.0082
f517c7a6-c2c4-4fb4-8bbc-ce163c6719e7	4	10191803	10203397	27	-1.0142
f517c7a6-c2c4-4fb4-8bbc-ce163c6719e7	4	10207101	10208766	13	-0.0205
f517c7a6-c2c4-4fb4-8bbc-ce163c6719e7	4	10212536	10232642	31	0.5443
f517c7a6-c2c4-4fb4-8bbc-ce163c6719e7	4	10232984	10239089	11	-0.0377
f517c7a6-c2c4-4fb4-8bbc-ce163c6719e7	4	10242989	10246648	7	-0.8559
f517c7a6-c2c4-4fb4-8bbc-ce163c6719e7	4	10248402	10390730	159	-0.0503
f517c7a6-c2c4-4fb4-8bbc-ce163c6719e7	4	10391530	10401094	16	0.4176
f517c7a6-c2c4-4fb4-8bbc-ce163c6719e7	4	10401122	12149839	1467	-0.012
f517c7a6-c2c4-4fb4-8bbc-ce163c6719e7	4	12152884	12160517	3	-1.2667
f517c7a6-c2c4-4fb4-8bbc-ce163c6719e7	4	12164300	12321317	91	0.0111
f517c7a6-c2c4-4fb4-8bbc-ce163c6719e7	4	12324512	12342622	12	-0.7229
f517c7a6-c2c4-4fb4-8bbc-ce163c6719e7	4	12347791	31931098	13559	-0.0002
f517c7a6-c2c4-4fb4-8bbc-ce163c6719e7	4	31933982	31934124	2	-1.9677
f517c7a6-c2c4-4fb4-8bbc-ce163c6719e7	4	31935418	33907061	1142	0.0381
f517c7a6-c2c4-4fb4-8bbc-ce163c6719e7	4	33912446	33912796	2	-1.585
f517c7a6-c2c4-4fb4-8bbc-ce163c6719e7	4	33913883	34467481	297	0.0413
f517c7a6-c2c4-4fb4-8bbc-ce163c6719e7	4	34469158	34469663	3	-0.9603
f517c7a6-c2c4-4fb4-8bbc-ce163c6719e7	4	34472307	34777382	203	-0.0052
f517c7a6-c2c4-4fb4-8bbc-ce163c6719e7	4	34777403	34823103	41	0.5214
f517c7a6-c2c4-4fb4-8bbc-ce163c6719e7	4	34828250	42746778	5224	0.0019
f517c7a6-c2c4-4fb4-8bbc-ce163c6719e7	4	42749241	42751171	6	-1.7392
f517c7a6-c2c4-4fb4-8bbc-ce163c6719e7	4	42754303	49214614	3747	0.0355
f517c7a6-c2c4-4fb4-8bbc-ce163c6719e7	4	49289175	49289338	2	-2.0948
f517c7a6-c2c4-4fb4-8bbc-ce163c6719e7	4	49295203	63651045	7466	0.0028
f517c7a6-c2c4-4fb4-8bbc-ce163c6719e7	4	63653204	63653646	4	-2.9677
f517c7a6-c2c4-4fb4-8bbc-ce163c6719e7	4	63655016	63828222	115	-0.0008
f517c7a6-c2c4-4fb4-8bbc-ce163c6719e7	4	63831751	63850713	29	0.6789
f517c7a6-c2c4-4fb4-8bbc-ce163c6719e7	4	63851308	65496941	1066	0.0315
f517c7a6-c2c4-4fb4-8bbc-ce163c6719e7	4	65498656	65498869	2	-1.43
f517c7a6-c2c4-4fb4-8bbc-ce163c6719e7	4	65499701	68354665	1781	0.0186
f517c7a6-c2c4-4fb4-8bbc-ce163c6719e7	4	68361130	68391041	4	1.8267
f517c7a6-c2c4-4fb4-8bbc-ce163c6719e7	4	68394355	68418873	5	-0.0206
f517c7a6-c2c4-4fb4-8bbc-ce163c6719e7	4	68422420	68422424	3	-2.4037
f517c7a6-c2c4-4fb4-8bbc-ce163c6719e7	4	68429081	68494770	10	-0.0083
f517c7a6-c2c4-4fb4-8bbc-ce163c6719e7	4	68501424	68639397	69	0.7383
f517c7a6-c2c4-4fb4-8bbc-ce163c6719e7	4	68640616	110806419	25470	0.0093
f517c7a6-c2c4-4fb4-8bbc-ce163c6719e7	4	110810780	110811692	5	-1.6192
f517c7a6-c2c4-4fb4-8bbc-ce163c6719e7	4	110813802	111376581	359	0.0397
f517c7a6-c2c4-4fb4-8bbc-ce163c6719e7	4	111376705	111384623	5	0.8308
f517c7a6-c2c4-4fb4-8bbc-ce163c6719e7	4	111384670	114252544	1853	0.0165
f517c7a6-c2c4-4fb4-8bbc-ce163c6719e7	4	114254167	114261019	23	-1.4901
f517c7a6-c2c4-4fb4-8bbc-ce163c6719e7	4	114263073	124402994	6008	0.0148
f517c7a6-c2c4-4fb4-8bbc-ce163c6719e7	4	124403802	124405690	4	-1.293
f517c7a6-c2c4-4fb4-8bbc-ce163c6719e7	4	124408404	129141596	2708	0.0123
f517c7a6-c2c4-4fb4-8bbc-ce163c6719e7	4	129146391	129147005	2	-3.0828
f517c7a6-c2c4-4fb4-8bbc-ce163c6719e7	4	129151408	129829051	499	0.024
f517c7a6-c2c4-4fb4-8bbc-ce163c6719e7	4	129830131	129848433	16	-0.7412
f517c7a6-c2c4-4fb4-8bbc-ce163c6719e7	4	129848894	160952848	18728	0.0167
f517c7a6-c2c4-4fb4-8bbc-ce163c6719e7	4	160958866	160963806	22	-0.6308
f517c7a6-c2c4-4fb4-8bbc-ce163c6719e7	4	160963815	171448195	6663	0.016
f517c7a6-c2c4-4fb4-8bbc-ce163c6719e7	4	171453733	171456137	7	-1.1298
f517c7a6-c2c4-4fb4-8bbc-ce163c6719e7	4	171456293	172066777	401	0.0421
f517c7a6-c2c4-4fb4-8bbc-ce163c6719e7	4	172067997	172068149	4	-0.8916
f517c7a6-c2c4-4fb4-8bbc-ce163c6719e7	4	172068222	172068354	6	-2.3138
f517c7a6-c2c4-4fb4-8bbc-ce163c6719e7	4	172068368	179425076	4578	0.0221
f517c7a6-c2c4-4fb4-8bbc-ce163c6719e7	4	179426211	179427294	2	-1.8404
f517c7a6-c2c4-4fb4-8bbc-ce163c6719e7	4	179435692	180832222	1058	0.0278
f517c7a6-c2c4-4fb4-8bbc-ce163c6719e7	4	180836269	180837185	3	-1.508
f517c7a6-c2c4-4fb4-8bbc-ce163c6719e7	4	180842777	190106768	6445	0.0372
f517c7a6-c2c4-4fb4-8bbc-ce163c6719e7	5	15532	685389	305	0.0987
f517c7a6-c2c4-4fb4-8bbc-ce163c6719e7	5	685633	773453	28	0.7647
f517c7a6-c2c4-4fb4-8bbc-ce163c6719e7	5	779766	1938512	627	0.0932
f517c7a6-c2c4-4fb4-8bbc-ce163c6719e7	5	1939056	21206514	14620	0.0243
f517c7a6-c2c4-4fb4-8bbc-ce163c6719e7	5	21209019	21376735	93	0.122
f517c7a6-c2c4-4fb4-8bbc-ce163c6719e7	5	21377730	21377744	2	-1.6922
f517c7a6-c2c4-4fb4-8bbc-ce163c6719e7	5	21385957	21451168	46	0.1064
f517c7a6-c2c4-4fb4-8bbc-ce163c6719e7	5	21451855	21451889	2	-3.1821
f517c7a6-c2c4-4fb4-8bbc-ce163c6719e7	5	21452329	31215663	5806	0.0257
f517c7a6-c2c4-4fb4-8bbc-ce163c6719e7	5	31216014	31218780	3	-1.2808
f517c7a6-c2c4-4fb4-8bbc-ce163c6719e7	5	31223880	44359686	8410	0.0098
f517c7a6-c2c4-4fb4-8bbc-ce163c6719e7	5	44360790	44362667	3	-2.0964
f517c7a6-c2c4-4fb4-8bbc-ce163c6719e7	5	44363905	46191782	710	0.0342
f517c7a6-c2c4-4fb4-8bbc-ce163c6719e7	5	46195781	46199333	4	-2.1911
f517c7a6-c2c4-4fb4-8bbc-ce163c6719e7	5	46209197	46271006	15	0.0001
f517c7a6-c2c4-4fb4-8bbc-ce163c6719e7	5	46271828	46273400	6	1.3496
f517c7a6-c2c4-4fb4-8bbc-ce163c6719e7	5	46278110	58030200	5072	0.0066
f517c7a6-c2c4-4fb4-8bbc-ce163c6719e7	5	58030336	58046325	37	-0.5214
f517c7a6-c2c4-4fb4-8bbc-ce163c6719e7	5	58055986	58368471	258	-0.0137
f517c7a6-c2c4-4fb4-8bbc-ce163c6719e7	5	58370427	58370455	2	-1.5069
f517c7a6-c2c4-4fb4-8bbc-ce163c6719e7	5	58371088	59291858	726	-0.0213
f517c7a6-c2c4-4fb4-8bbc-ce163c6719e7	5	59293603	59295187	5	-1.0104
f517c7a6-c2c4-4fb4-8bbc-ce163c6719e7	5	59299518	59341365	40	0.0064
f517c7a6-c2c4-4fb4-8bbc-ce163c6719e7	5	59349979	59350527	3	-1.1615
f517c7a6-c2c4-4fb4-8bbc-ce163c6719e7	5	59351502	63634105	2602	0.0151
f517c7a6-c2c4-4fb4-8bbc-ce163c6719e7	5	63635321	63636777	5	-0.9837
f517c7a6-c2c4-4fb4-8bbc-ce163c6719e7	5	63637027	92655344	16395	0.0144
f517c7a6-c2c4-4fb4-8bbc-ce163c6719e7	5	92655921	92660344	3	-1.562
f517c7a6-c2c4-4fb4-8bbc-ce163c6719e7	5	92664159	104515520	6791	0.0184
f517c7a6-c2c4-4fb4-8bbc-ce163c6719e7	5	104524672	104524903	4	1.5546
f517c7a6-c2c4-4fb4-8bbc-ce163c6719e7	5	104525348	106891630	1403	0.0462
f517c7a6-c2c4-4fb4-8bbc-ce163c6719e7	5	106891763	106897416	22	-0.8051
f517c7a6-c2c4-4fb4-8bbc-ce163c6719e7	5	106904875	110054555	2121	0.005
f517c7a6-c2c4-4fb4-8bbc-ce163c6719e7	5	110055529	110056964	7	-0.845
f517c7a6-c2c4-4fb4-8bbc-ce163c6719e7	5	110057458	114581336	3258	0.0091
f517c7a6-c2c4-4fb4-8bbc-ce163c6719e7	5	114590082	114595708	7	-1.5345
f517c7a6-c2c4-4fb4-8bbc-ce163c6719e7	5	114597713	121642455	4901	0.0101
f517c7a6-c2c4-4fb4-8bbc-ce163c6719e7	5	121645416	121653899	8	-0.9688
f517c7a6-c2c4-4fb4-8bbc-ce163c6719e7	5	121662426	121817047	136	0.0042
f517c7a6-c2c4-4fb4-8bbc-ce163c6719e7	5	121821082	121822243	3	-1.5828
f517c7a6-c2c4-4fb4-8bbc-ce163c6719e7	5	121823250	126036831	2816	0.0009
f517c7a6-c2c4-4fb4-8bbc-ce163c6719e7	5	126037390	126038598	3	-1.5106
f517c7a6-c2c4-4fb4-8bbc-ce163c6719e7	5	126039856	148068797	13257	0.0028
f517c7a6-c2c4-4fb4-8bbc-ce163c6719e7	5	148069504	148072524	4	-1.1042
f517c7a6-c2c4-4fb4-8bbc-ce163c6719e7	5	148072598	152296472	2958	0.0015
f517c7a6-c2c4-4fb4-8bbc-ce163c6719e7	5	152296999	152297329	4	-1.1576
f517c7a6-c2c4-4fb4-8bbc-ce163c6719e7	5	152297989	155481112	2103	-0.0228
f517c7a6-c2c4-4fb4-8bbc-ce163c6719e7	5	155483781	155484177	2	-1.7188
f517c7a6-c2c4-4fb4-8bbc-ce163c6719e7	5	155485642	156045123	426	-0.002
f517c7a6-c2c4-4fb4-8bbc-ce163c6719e7	5	156048089	156055719	18	-0.583
f517c7a6-c2c4-4fb4-8bbc-ce163c6719e7	5	156068240	156993692	624	-0.0028
f517c7a6-c2c4-4fb4-8bbc-ce163c6719e7	5	156994920	156999228	5	-1.3908
f517c7a6-c2c4-4fb4-8bbc-ce163c6719e7	5	157000282	163431168	4285	-0.0069
f517c7a6-c2c4-4fb4-8bbc-ce163c6719e7	5	163435178	163435536	2	-2.2677
f517c7a6-c2c4-4fb4-8bbc-ce163c6719e7	5	163439542	163866384	326	0.0162
f517c7a6-c2c4-4fb4-8bbc-ce163c6719e7	5	163866943	163867048	3	-1.5538
f517c7a6-c2c4-4fb4-8bbc-ce163c6719e7	5	163870756	165634815	1049	0.0219
f517c7a6-c2c4-4fb4-8bbc-ce163c6719e7	5	165638040	165638313	2	-1.4762
f517c7a6-c2c4-4fb4-8bbc-ce163c6719e7	5	165638726	175960856	7774	0.0115
f517c7a6-c2c4-4fb4-8bbc-ce163c6719e7	5	175966609	175993893	5	1.4505
f517c7a6-c2c4-4fb4-8bbc-ce163c6719e7	5	175999690	177839225	738	0.022
f517c7a6-c2c4-4fb4-8bbc-ce163c6719e7	5	177876764	177879634	2	-2.2461
f517c7a6-c2c4-4fb4-8bbc-ce163c6719e7	5	177883336	179676602	1060	0.0156
f517c7a6-c2c4-4fb4-8bbc-ce163c6719e7	5	179676725	179677132	5	0.8656
f517c7a6-c2c4-4fb4-8bbc-ce163c6719e7	5	179677599	180947523	724	0.0016
f517c7a6-c2c4-4fb4-8bbc-ce163c6719e7	5	180951710	180980230	12	0.7122
f517c7a6-c2c4-4fb4-8bbc-ce163c6719e7	5	180987294	181363319	177	0.0591
f517c7a6-c2c4-4fb4-8bbc-ce163c6719e7	6	149661	203308	31	0.0317
f517c7a6-c2c4-4fb4-8bbc-ce163c6719e7	6	203845	215423	14	0.3838
f517c7a6-c2c4-4fb4-8bbc-ce163c6719e7	6	217201	254283	56	0.0184
f517c7a6-c2c4-4fb4-8bbc-ce163c6719e7	6	257353	402087	120	0.3435
f517c7a6-c2c4-4fb4-8bbc-ce163c6719e7	6	403799	12401018	9598	0.0275
f517c7a6-c2c4-4fb4-8bbc-ce163c6719e7	6	12401678	19039888	4960	-0.0024
f517c7a6-c2c4-4fb4-8bbc-ce163c6719e7	6	19041950	19042587	3	-1.9454
f517c7a6-c2c4-4fb4-8bbc-ce163c6719e7	6	19044471	19154580	83	0.0211
f517c7a6-c2c4-4fb4-8bbc-ce163c6719e7	6	19166606	19167765	3	-1.4551
f517c7a6-c2c4-4fb4-8bbc-ce163c6719e7	6	19169117	29845239	6754	0.0101
f517c7a6-c2c4-4fb4-8bbc-ce163c6719e7	6	29849329	29948709	79	0.315
f517c7a6-c2c4-4fb4-8bbc-ce163c6719e7	6	29948728	31313046	637	0.0138
f517c7a6-c2c4-4fb4-8bbc-ce163c6719e7	6	31318499	31328674	11	1.9756
f517c7a6-c2c4-4fb4-8bbc-ce163c6719e7	6	31342147	32533522	516	0.0443
f517c7a6-c2c4-4fb4-8bbc-ce163c6719e7	6	32540699	32550992	5	1.4687
f517c7a6-c2c4-4fb4-8bbc-ce163c6719e7	6	32559507	32720838	79	0.0387
f517c7a6-c2c4-4fb4-8bbc-ce163c6719e7	6	32720855	32721076	2	-2.9052
f517c7a6-c2c4-4fb4-8bbc-ce163c6719e7	6	32721547	48651173	10160	-0.0015
f517c7a6-c2c4-4fb4-8bbc-ce163c6719e7	6	48653048	48659750	8	-0.8004
f517c7a6-c2c4-4fb4-8bbc-ce163c6719e7	6	48659866	54554913	3824	0.009
f517c7a6-c2c4-4fb4-8bbc-ce163c6719e7	6	54557275	54564384	6	-1.2752
f517c7a6-c2c4-4fb4-8bbc-ce163c6719e7	6	54564862	55353783	477	-0.006
f517c7a6-c2c4-4fb4-8bbc-ce163c6719e7	6	55355296	55356163	2	-2.274
f517c7a6-c2c4-4fb4-8bbc-ce163c6719e7	6	55357623	66328153	4556	0.0149
f517c7a6-c2c4-4fb4-8bbc-ce163c6719e7	6	66331020	66333299	7	0.9617
f517c7a6-c2c4-4fb4-8bbc-ce163c6719e7	6	66333342	72745321	4285	0.0195
f517c7a6-c2c4-4fb4-8bbc-ce163c6719e7	6	72749403	72753033	8	-1.1826
f517c7a6-c2c4-4fb4-8bbc-ce163c6719e7	6	72759684	73882142	717	-0.0026
f517c7a6-c2c4-4fb4-8bbc-ce163c6719e7	6	73882509	73887625	9	0.91
f517c7a6-c2c4-4fb4-8bbc-ce163c6719e7	6	73891694	76293467	1468	0.0142
f517c7a6-c2c4-4fb4-8bbc-ce163c6719e7	6	76294154	76307209	8	-0.8919
f517c7a6-c2c4-4fb4-8bbc-ce163c6719e7	6	76307276	76726815	295	-0.0044
f517c7a6-c2c4-4fb4-8bbc-ce163c6719e7	6	76730151	76742665	15	-4.2825
f517c7a6-c2c4-4fb4-8bbc-ce163c6719e7	6	76742675	76743040	6	-1.5846
f517c7a6-c2c4-4fb4-8bbc-ce163c6719e7	6	76751356	78196795	924	-0.0035
f517c7a6-c2c4-4fb4-8bbc-ce163c6719e7	6	78201550	78202545	5	-1.334
f517c7a6-c2c4-4fb4-8bbc-ce163c6719e7	6	78205269	78262117	54	0.0563
f517c7a6-c2c4-4fb4-8bbc-ce163c6719e7	6	78262371	78325468	106	0.4595
f517c7a6-c2c4-4fb4-8bbc-ce163c6719e7	6	78329517	82011864	2439	0.0182
f517c7a6-c2c4-4fb4-8bbc-ce163c6719e7	6	82015451	82038192	26	-0.5294
f517c7a6-c2c4-4fb4-8bbc-ce163c6719e7	6	82040038	83625280	900	-0.0055
f517c7a6-c2c4-4fb4-8bbc-ce163c6719e7	6	83626162	83627077	3	-1.1911
f517c7a6-c2c4-4fb4-8bbc-ce163c6719e7	6	83628911	92176735	5431	0.0017
f517c7a6-c2c4-4fb4-8bbc-ce163c6719e7	6	92181700	92181969	2	-1.4601
f517c7a6-c2c4-4fb4-8bbc-ce163c6719e7	6	92184862	93122684	666	0.0452
f517c7a6-c2c4-4fb4-8bbc-ce163c6719e7	6	93124344	93125208	3	-2.5255
f517c7a6-c2c4-4fb4-8bbc-ce163c6719e7	6	93127716	94712496	1055	0.0471
f517c7a6-c2c4-4fb4-8bbc-ce163c6719e7	6	94712900	94713840	2	-1.9506
f517c7a6-c2c4-4fb4-8bbc-ce163c6719e7	6	94715060	103286950	4946	0.015
f517c7a6-c2c4-4fb4-8bbc-ce163c6719e7	6	103286954	103314186	47	0.7788
f517c7a6-c2c4-4fb4-8bbc-ce163c6719e7	6	103317795	115917406	7773	0.0097
f517c7a6-c2c4-4fb4-8bbc-ce163c6719e7	6	115918718	115922215	5	-1.2014
f517c7a6-c2c4-4fb4-8bbc-ce163c6719e7	6	115922231	122248964	3714	0.0013
f517c7a6-c2c4-4fb4-8bbc-ce163c6719e7	6	122259299	122260010	4	-1.5352
f517c7a6-c2c4-4fb4-8bbc-ce163c6719e7	6	122264426	122294548	15	-0.093
f517c7a6-c2c4-4fb4-8bbc-ce163c6719e7	6	122295949	123887290	967	0.012
f517c7a6-c2c4-4fb4-8bbc-ce163c6719e7	6	123889467	123889880	2	-1.4476
f517c7a6-c2c4-4fb4-8bbc-ce163c6719e7	6	123890156	124110629	213	0.0501
f517c7a6-c2c4-4fb4-8bbc-ce163c6719e7	6	124114796	124149220	20	0.6892
f517c7a6-c2c4-4fb4-8bbc-ce163c6719e7	6	124149616	126434496	1470	0.0195
f517c7a6-c2c4-4fb4-8bbc-ce163c6719e7	6	126436262	126437887	2	-1.3565
f517c7a6-c2c4-4fb4-8bbc-ce163c6719e7	6	126439417	127116472	331	0.0102
f517c7a6-c2c4-4fb4-8bbc-ce163c6719e7	6	127125465	127130520	2	-2.2913
f517c7a6-c2c4-4fb4-8bbc-ce163c6719e7	6	127130971	162003547	23511	0.0184
f517c7a6-c2c4-4fb4-8bbc-ce163c6719e7	6	162005429	162166860	165	0.1675
f517c7a6-c2c4-4fb4-8bbc-ce163c6719e7	6	162168986	169802571	5591	0.0539
f517c7a6-c2c4-4fb4-8bbc-ce163c6719e7	6	169810735	170275315	169	0.2011
f517c7a6-c2c4-4fb4-8bbc-ce163c6719e7	6	170278918	170741917	217	-0.0028
f517c7a6-c2c4-4fb4-8bbc-ce163c6719e7	7	43355	8546033	4885	0.0151
f517c7a6-c2c4-4fb4-8bbc-ce163c6719e7	7	8546997	8557271	9	-0.4171
f517c7a6-c2c4-4fb4-8bbc-ce163c6719e7	7	8560723	8561203	2	-1.9004
f517c7a6-c2c4-4fb4-8bbc-ce163c6719e7	7	8562339	17541355	7219	0.0173
f517c7a6-c2c4-4fb4-8bbc-ce163c6719e7	7	17542163	17545985	6	-1.0102
f517c7a6-c2c4-4fb4-8bbc-ce163c6719e7	7	17548311	19092717	1322	0.0229
f517c7a6-c2c4-4fb4-8bbc-ce163c6719e7	7	19093449	19095372	3	-1.6342
f517c7a6-c2c4-4fb4-8bbc-ce163c6719e7	7	19096684	19577336	495	-0.0007
f517c7a6-c2c4-4fb4-8bbc-ce163c6719e7	7	19581028	19590436	6	-1.2302
f517c7a6-c2c4-4fb4-8bbc-ce163c6719e7	7	19590590	22395161	2110	0.0191
f517c7a6-c2c4-4fb4-8bbc-ce163c6719e7	7	22395853	22396868	2	-2.9421
f517c7a6-c2c4-4fb4-8bbc-ce163c6719e7	7	22399135	38286323	11326	0.0044
f517c7a6-c2c4-4fb4-8bbc-ce163c6719e7	7	38286616	38370835	111	0.2836
f517c7a6-c2c4-4fb4-8bbc-ce163c6719e7	7	38373446	54305455	10981	0.0082
f517c7a6-c2c4-4fb4-8bbc-ce163c6719e7	7	54318812	54318824	6	-1.8503
f517c7a6-c2c4-4fb4-8bbc-ce163c6719e7	7	54325795	56693807	1559	0.0181
f517c7a6-c2c4-4fb4-8bbc-ce163c6719e7	7	56694420	56701121	3	-1.2595
f517c7a6-c2c4-4fb4-8bbc-ce163c6719e7	7	56704473	62925725	612	0.0696
f517c7a6-c2c4-4fb4-8bbc-ce163c6719e7	7	62944328	62992776	11	-0.7609
f517c7a6-c2c4-4fb4-8bbc-ce163c6719e7	7	62993089	67176387	1548	0.0058
f517c7a6-c2c4-4fb4-8bbc-ce163c6719e7	7	67177624	67180245	4	-2.545
f517c7a6-c2c4-4fb4-8bbc-ce163c6719e7	7	67182652	67204078	7	-0.7445
f517c7a6-c2c4-4fb4-8bbc-ce163c6719e7	7	67207129	134100442	39470	0.0048
f517c7a6-c2c4-4fb4-8bbc-ce163c6719e7	7	134100458	134114444	35	0.6112
f517c7a6-c2c4-4fb4-8bbc-ce163c6719e7	7	134121491	138131628	2781	0.0044
f517c7a6-c2c4-4fb4-8bbc-ce163c6719e7	7	138131986	138132879	3	-1.2889
f517c7a6-c2c4-4fb4-8bbc-ce163c6719e7	7	138138924	142063324	2407	0.0039
f517c7a6-c2c4-4fb4-8bbc-ce163c6719e7	7	142069843	142083169	16	-0.647
f517c7a6-c2c4-4fb4-8bbc-ce163c6719e7	7	142084696	142304615	171	0.0315
f517c7a6-c2c4-4fb4-8bbc-ce163c6719e7	7	142305268	142652973	209	0.2089
f517c7a6-c2c4-4fb4-8bbc-ce163c6719e7	7	142654741	150509952	4620	0.0185
f517c7a6-c2c4-4fb4-8bbc-ce163c6719e7	7	150515546	150516063	4	-1.0809
f517c7a6-c2c4-4fb4-8bbc-ce163c6719e7	7	150518089	153450553	1785	0.0336
f517c7a6-c2c4-4fb4-8bbc-ce163c6719e7	7	153450560	153450627	2	-3.1854
f517c7a6-c2c4-4fb4-8bbc-ce163c6719e7	7	153450630	159334314	4090	0.0277
f517c7a6-c2c4-4fb4-8bbc-ce163c6719e7	8	81254	644973	324	0.057
f517c7a6-c2c4-4fb4-8bbc-ce163c6719e7	8	645220	645908	8	1.379
f517c7a6-c2c4-4fb4-8bbc-ce163c6719e7	8	656117	1418902	565	0.0707
f517c7a6-c2c4-4fb4-8bbc-ce163c6719e7	8	1419196	1419436	2	-1.8706
f517c7a6-c2c4-4fb4-8bbc-ce163c6719e7	8	1419522	2844412	1140	0.0446
f517c7a6-c2c4-4fb4-8bbc-ce163c6719e7	8	2846011	2846377	7	-1.6037
f517c7a6-c2c4-4fb4-8bbc-ce163c6719e7	8	2849649	5741242	3958	0.0538
f517c7a6-c2c4-4fb4-8bbc-ce163c6719e7	8	5741248	5746805	23	-0.8691
f517c7a6-c2c4-4fb4-8bbc-ce163c6719e7	8	5746973	46500936	27260	0.0076
f517c7a6-c2c4-4fb4-8bbc-ce163c6719e7	8	46503462	46517387	8	-1.1789
f517c7a6-c2c4-4fb4-8bbc-ce163c6719e7	8	46524311	46605288	45	0.0675
f517c7a6-c2c4-4fb4-8bbc-ce163c6719e7	8	46605390	46623644	11	0.5718
f517c7a6-c2c4-4fb4-8bbc-ce163c6719e7	8	46624924	46795471	82	-0.007
f517c7a6-c2c4-4fb4-8bbc-ce163c6719e7	8	46803075	46899938	56	-0.2564
f517c7a6-c2c4-4fb4-8bbc-ce163c6719e7	8	46903270	51959900	2817	0.0106
f517c7a6-c2c4-4fb4-8bbc-ce163c6719e7	8	51960810	51974217	3	-1.8854
f517c7a6-c2c4-4fb4-8bbc-ce163c6719e7	8	51974981	52646640	480	0.0407
f517c7a6-c2c4-4fb4-8bbc-ce163c6719e7	8	52647817	52648261	3	-1.3317
f517c7a6-c2c4-4fb4-8bbc-ce163c6719e7	8	52649332	77504389	15685	0.0068
f517c7a6-c2c4-4fb4-8bbc-ce163c6719e7	8	77510378	77510489	2	-1.9404
f517c7a6-c2c4-4fb4-8bbc-ce163c6719e7	8	77511513	78021215	295	-0.0172
f517c7a6-c2c4-4fb4-8bbc-ce163c6719e7	8	78022784	78023504	3	-1.8153
f517c7a6-c2c4-4fb4-8bbc-ce163c6719e7	8	78026852	78880233	443	0.0448
f517c7a6-c2c4-4fb4-8bbc-ce163c6719e7	8	78881806	78881837	2	-1.6087
f517c7a6-c2c4-4fb4-8bbc-ce163c6719e7	8	78883590	78895521	22	0.1875
f517c7a6-c2c4-4fb4-8bbc-ce163c6719e7	8	78896341	78897978	9	-0.5102
f517c7a6-c2c4-4fb4-8bbc-ce163c6719e7	8	78898066	79269577	253	0.044
f517c7a6-c2c4-4fb4-8bbc-ce163c6719e7	8	79273913	79273949	2	-1.5138
f517c7a6-c2c4-4fb4-8bbc-ce163c6719e7	8	79274368	86772731	4217	0.0177
f517c7a6-c2c4-4fb4-8bbc-ce163c6719e7	8	86773132	86773769	2	-1.7264
f517c7a6-c2c4-4fb4-8bbc-ce163c6719e7	8	86776479	103048032	9892	0.0062
f517c7a6-c2c4-4fb4-8bbc-ce163c6719e7	8	103048324	103055681	8	-0.8561
f517c7a6-c2c4-4fb4-8bbc-ce163c6719e7	8	103059461	103521507	319	-0.0105
f517c7a6-c2c4-4fb4-8bbc-ce163c6719e7	8	103523283	103525487	4	-1.0417
f517c7a6-c2c4-4fb4-8bbc-ce163c6719e7	8	103528708	105406348	1080	-0.0016
f517c7a6-c2c4-4fb4-8bbc-ce163c6719e7	8	105407297	105407600	3	-1.0057
f517c7a6-c2c4-4fb4-8bbc-ce163c6719e7	8	105408738	105805990	238	0.0097
f517c7a6-c2c4-4fb4-8bbc-ce163c6719e7	8	105806183	105806653	3	-0.9027
f517c7a6-c2c4-4fb4-8bbc-ce163c6719e7	8	105806723	105946859	62	-0.0249
f517c7a6-c2c4-4fb4-8bbc-ce163c6719e7	8	105962741	105962834	2	-1.4505
f517c7a6-c2c4-4fb4-8bbc-ce163c6719e7	8	105965001	110435549	2778	0.018
f517c7a6-c2c4-4fb4-8bbc-ce163c6719e7	8	110436840	110436895	2	-2.8789
f517c7a6-c2c4-4fb4-8bbc-ce163c6719e7	8	110438956	111279265	451	0.0381
f517c7a6-c2c4-4fb4-8bbc-ce163c6719e7	8	111282050	111282441	5	0.7943
f517c7a6-c2c4-4fb4-8bbc-ce163c6719e7	8	111282809	111283016	4	3.1065
f517c7a6-c2c4-4fb4-8bbc-ce163c6719e7	8	111283031	113098428	967	0.0191
f517c7a6-c2c4-4fb4-8bbc-ce163c6719e7	8	113100401	113102409	4	-0.9603
f517c7a6-c2c4-4fb4-8bbc-ce163c6719e7	8	113103410	114389640	713	0.0235
f517c7a6-c2c4-4fb4-8bbc-ce163c6719e7	8	114392398	114650552	178	0.1546
f517c7a6-c2c4-4fb4-8bbc-ce163c6719e7	8	114653157	119017455	2986	0.0011
f517c7a6-c2c4-4fb4-8bbc-ce163c6719e7	8	119017470	119019477	3	-1.2623
f517c7a6-c2c4-4fb4-8bbc-ce163c6719e7	8	119020020	119139771	114	0.0272
f517c7a6-c2c4-4fb4-8bbc-ce163c6719e7	8	119142545	119147207	4	-1.0736
f517c7a6-c2c4-4fb4-8bbc-ce163c6719e7	8	119150615	120814582	1080	0.0038
f517c7a6-c2c4-4fb4-8bbc-ce163c6719e7	8	120815228	120819412	7	-0.9009
f517c7a6-c2c4-4fb4-8bbc-ce163c6719e7	8	120823636	141211692	15217	-0.0015
f517c7a6-c2c4-4fb4-8bbc-ce163c6719e7	8	141211775	142204196	603	0.1406
f517c7a6-c2c4-4fb4-8bbc-ce163c6719e7	8	142204893	143616763	527	0.0108
f517c7a6-c2c4-4fb4-8bbc-ce163c6719e7	8	143616987	143625638	10	-0.7179
f517c7a6-c2c4-4fb4-8bbc-ce163c6719e7	8	143636819	145072769	503	-0.0083
f517c7a6-c2c4-4fb4-8bbc-ce163c6719e7	9	46587	1534038	1639	0.0049
f517c7a6-c2c4-4fb4-8bbc-ce163c6719e7	9	1535067	1540499	11	-0.646
f517c7a6-c2c4-4fb4-8bbc-ce163c6719e7	9	1542744	3125843	1674	-0.0085
f517c7a6-c2c4-4fb4-8bbc-ce163c6719e7	9	3126263	3132236	14	-0.6672
f517c7a6-c2c4-4fb4-8bbc-ce163c6719e7	9	3134738	3160718	26	-0.0347
f517c7a6-c2c4-4fb4-8bbc-ce163c6719e7	9	3168100	3171899	8	-1.0369
f517c7a6-c2c4-4fb4-8bbc-ce163c6719e7	9	3176005	23361807	17049	0.0071
f517c7a6-c2c4-4fb4-8bbc-ce163c6719e7	9	23363117	23373486	8	1.1414
f517c7a6-c2c4-4fb4-8bbc-ce163c6719e7	9	23378490	28855513	4167	-0.0079
f517c7a6-c2c4-4fb4-8bbc-ce163c6719e7	9	28855632	28858582	3	-1.6689
f517c7a6-c2c4-4fb4-8bbc-ce163c6719e7	9	28862054	28889865	35	0.1609
f517c7a6-c2c4-4fb4-8bbc-ce163c6719e7	9	28890588	28890748	2	-1.9775
f517c7a6-c2c4-4fb4-8bbc-ce163c6719e7	9	28892639	42727685	6700	0.0056
f517c7a6-c2c4-4fb4-8bbc-ce163c6719e7	9	42729302	66015498	203	0.2369
f517c7a6-c2c4-4fb4-8bbc-ce163c6719e7	9	66018944	70187024	1540	0.0031
f517c7a6-c2c4-4fb4-8bbc-ce163c6719e7	9	70193927	70194046	3	-1.28
f517c7a6-c2c4-4fb4-8bbc-ce163c6719e7	9	70196070	79847330	6873	0.0112
f517c7a6-c2c4-4fb4-8bbc-ce163c6719e7	9	79848682	79848891	3	-1.4237
f517c7a6-c2c4-4fb4-8bbc-ce163c6719e7	9	79849558	80456064	457	-0.019
f517c7a6-c2c4-4fb4-8bbc-ce163c6719e7	9	80457292	80457542	2	-2.66
f517c7a6-c2c4-4fb4-8bbc-ce163c6719e7	9	80457929	138200944	39092	-0.005
f517c7a6-c2c4-4fb4-8bbc-ce163c6719e7	10	45792	84368	11	0.2172
f517c7a6-c2c4-4fb4-8bbc-ce163c6719e7	10	87611	96465	8	-0.9317
f517c7a6-c2c4-4fb4-8bbc-ce163c6719e7	10	97315	1393017	798	0.0564
f517c7a6-c2c4-4fb4-8bbc-ce163c6719e7	10	1400514	1401661	10	-1.5382
f517c7a6-c2c4-4fb4-8bbc-ce163c6719e7	10	1401786	1409075	17	-0.7898
f517c7a6-c2c4-4fb4-8bbc-ce163c6719e7	10	1410591	2473533	1027	0.0253
f517c7a6-c2c4-4fb4-8bbc-ce163c6719e7	10	2476938	3272799	844	0.0965
f517c7a6-c2c4-4fb4-8bbc-ce163c6719e7	10	3272915	9044897	5107	0.01
f517c7a6-c2c4-4fb4-8bbc-ce163c6719e7	10	9046868	9056421	6	-1.0992
f517c7a6-c2c4-4fb4-8bbc-ce163c6719e7	10	9058840	17963282	7049	0.0016
f517c7a6-c2c4-4fb4-8bbc-ce163c6719e7	10	17964422	17969231	4	-1.3958
f517c7a6-c2c4-4fb4-8bbc-ce163c6719e7	10	17969364	24086334	4315	0.0019
f517c7a6-c2c4-4fb4-8bbc-ce163c6719e7	10	24088745	24090110	15	0.6252
f517c7a6-c2c4-4fb4-8bbc-ce163c6719e7	10	24091731	25341995	829	0
f517c7a6-c2c4-4fb4-8bbc-ce163c6719e7	10	25345177	25345610	3	-1.6535
f517c7a6-c2c4-4fb4-8bbc-ce163c6719e7	10	25346631	46176460	11465	0.01
f517c7a6-c2c4-4fb4-8bbc-ce163c6719e7	10	46176902	47084322	242	0.1797
f517c7a6-c2c4-4fb4-8bbc-ce163c6719e7	10	47084420	51552147	2683	0.0159
f517c7a6-c2c4-4fb4-8bbc-ce163c6719e7	10	51553666	51554649	2	-1.8538
f517c7a6-c2c4-4fb4-8bbc-ce163c6719e7	10	51554778	53359265	1404	0.0162
f517c7a6-c2c4-4fb4-8bbc-ce163c6719e7	10	53359282	53359688	4	-1.2058
f517c7a6-c2c4-4fb4-8bbc-ce163c6719e7	10	53359761	54942002	1222	0.045
f517c7a6-c2c4-4fb4-8bbc-ce163c6719e7	10	54942191	54948114	5	-0.8001
f517c7a6-c2c4-4fb4-8bbc-ce163c6719e7	10	54956550	55707408	508	0.0769
f517c7a6-c2c4-4fb4-8bbc-ce163c6719e7	10	55709601	55711371	3	-1.2375
f517c7a6-c2c4-4fb4-8bbc-ce163c6719e7	10	55711870	55772538	48	0.0779
f517c7a6-c2c4-4fb4-8bbc-ce163c6719e7	10	55789209	55789536	3	-1.3836
f517c7a6-c2c4-4fb4-8bbc-ce163c6719e7	10	55792373	60535072	3537	0.0052
f517c7a6-c2c4-4fb4-8bbc-ce163c6719e7	10	60538384	60540625	3	-1.8548
f517c7a6-c2c4-4fb4-8bbc-ce163c6719e7	10	60540993	61212032	429	0.0016
f517c7a6-c2c4-4fb4-8bbc-ce163c6719e7	10	61213729	61218229	2	-1.3053
f517c7a6-c2c4-4fb4-8bbc-ce163c6719e7	10	61221922	62696010	990	0.0024
f517c7a6-c2c4-4fb4-8bbc-ce163c6719e7	10	62701075	62701513	5	-2.3012
f517c7a6-c2c4-4fb4-8bbc-ce163c6719e7	10	62705321	64226595	919	0.0017
f517c7a6-c2c4-4fb4-8bbc-ce163c6719e7	10	64234668	64238827	10	-0.6133
f517c7a6-c2c4-4fb4-8bbc-ce163c6719e7	10	64242393	65548178	895	0.01
f517c7a6-c2c4-4fb4-8bbc-ce163c6719e7	10	65548193	65554688	26	-0.5349
f517c7a6-c2c4-4fb4-8bbc-ce163c6719e7	10	65563037	79684125	9235	-0.0006
f517c7a6-c2c4-4fb4-8bbc-ce163c6719e7	10	79689251	79754419	7	-0.9637
f517c7a6-c2c4-4fb4-8bbc-ce163c6719e7	10	79754434	88424992	6012	0.0101
f517c7a6-c2c4-4fb4-8bbc-ce163c6719e7	10	88426366	88433673	5	-1.1067
f517c7a6-c2c4-4fb4-8bbc-ce163c6719e7	10	88434459	88462495	19	0.0692
f517c7a6-c2c4-4fb4-8bbc-ce163c6719e7	10	88465050	88466263	3	-1.3075
f517c7a6-c2c4-4fb4-8bbc-ce163c6719e7	10	88469477	88591591	55	0.0565
f517c7a6-c2c4-4fb4-8bbc-ce163c6719e7	10	88592782	88592892	2	-1.4924
f517c7a6-c2c4-4fb4-8bbc-ce163c6719e7	10	88595131	89178916	483	-0.0009
f517c7a6-c2c4-4fb4-8bbc-ce163c6719e7	10	89183210	89188211	10	-0.9952
f517c7a6-c2c4-4fb4-8bbc-ce163c6719e7	10	89188273	96522403	4654	-0.0036
f517c7a6-c2c4-4fb4-8bbc-ce163c6719e7	10	96525048	96525137	2	-1.952
f517c7a6-c2c4-4fb4-8bbc-ce163c6719e7	10	96526585	107844661	7173	-0.0071
f517c7a6-c2c4-4fb4-8bbc-ce163c6719e7	10	107846982	107847588	2	-1.7832
f517c7a6-c2c4-4fb4-8bbc-ce163c6719e7	10	107852340	130327854	16446	0.0053
f517c7a6-c2c4-4fb4-8bbc-ce163c6719e7	10	130327931	131914230	1293	0.1107
f517c7a6-c2c4-4fb4-8bbc-ce163c6719e7	10	131914424	133654968	821	0.0451
f517c7a6-c2c4-4fb4-8bbc-ce163c6719e7	11	198510	4705210	2147	-0.0113
f517c7a6-c2c4-4fb4-8bbc-ce163c6719e7	11	4705388	4705661	5	-1.0704
f517c7a6-c2c4-4fb4-8bbc-ce163c6719e7	11	4707904	6096746	1360	0.0004
f517c7a6-c2c4-4fb4-8bbc-ce163c6719e7	11	6099417	6100864	2	-2.1497
f517c7a6-c2c4-4fb4-8bbc-ce163c6719e7	11	6101273	56577108	31621	0.0005
f517c7a6-c2c4-4fb4-8bbc-ce163c6719e7	11	56579848	56586175	6	-1.2719
f517c7a6-c2c4-4fb4-8bbc-ce163c6719e7	11	56586568	56803963	137	-0.0325
f517c7a6-c2c4-4fb4-8bbc-ce163c6719e7	11	56805693	56807459	2	-3.1578
f517c7a6-c2c4-4fb4-8bbc-ce163c6719e7	11	56809739	67571111	5416	-0.0097
f517c7a6-c2c4-4fb4-8bbc-ce163c6719e7	11	67575950	68009216	141	0.1676
f517c7a6-c2c4-4fb4-8bbc-ce163c6719e7	11	68010856	80256460	6958	-0.0079
f517c7a6-c2c4-4fb4-8bbc-ce163c6719e7	11	80256469	80256520	3	1.5672
f517c7a6-c2c4-4fb4-8bbc-ce163c6719e7	11	80256642	80421442	165	-0.035
f517c7a6-c2c4-4fb4-8bbc-ce163c6719e7	11	80421984	80425425	5	-1.313
f517c7a6-c2c4-4fb4-8bbc-ce163c6719e7	11	80425828	84453489	2904	0.0039
f517c7a6-c2c4-4fb4-8bbc-ce163c6719e7	11	84454208	84454282	2	-2.732
f517c7a6-c2c4-4fb4-8bbc-ce163c6719e7	11	84461031	87866558	2312	0.0029
f517c7a6-c2c4-4fb4-8bbc-ce163c6719e7	11	87866759	87878764	8	-1.0214
f517c7a6-c2c4-4fb4-8bbc-ce163c6719e7	11	87879677	87899325	15	-0.039
f517c7a6-c2c4-4fb4-8bbc-ce163c6719e7	11	87899347	87899800	4	-1.1938
f517c7a6-c2c4-4fb4-8bbc-ce163c6719e7	11	87900086	88645360	540	-0.0145
f517c7a6-c2c4-4fb4-8bbc-ce163c6719e7	11	88647181	88647450	5	-1.1188
f517c7a6-c2c4-4fb4-8bbc-ce163c6719e7	11	88648950	91112661	1386	0.0177
f517c7a6-c2c4-4fb4-8bbc-ce163c6719e7	11	91115427	91116328	3	-1.891
f517c7a6-c2c4-4fb4-8bbc-ce163c6719e7	11	91117525	92033649	614	0.0107
f517c7a6-c2c4-4fb4-8bbc-ce163c6719e7	11	92033827	92281213	233	-0.1426
f517c7a6-c2c4-4fb4-8bbc-ce163c6719e7	11	92282773	96904365	3351	0.0065
f517c7a6-c2c4-4fb4-8bbc-ce163c6719e7	11	96906990	96907370	2	-1.6025
f517c7a6-c2c4-4fb4-8bbc-ce163c6719e7	11	96913839	100353105	2577	0.0224
f517c7a6-c2c4-4fb4-8bbc-ce163c6719e7	11	100354654	100357998	3	-1.5074
f517c7a6-c2c4-4fb4-8bbc-ce163c6719e7	11	100360267	104749484	3233	0.0054
f517c7a6-c2c4-4fb4-8bbc-ce163c6719e7	11	104751258	104751356	2	-1.5589
f517c7a6-c2c4-4fb4-8bbc-ce163c6719e7	11	104751479	132945473	20057	-0.0003
f517c7a6-c2c4-4fb4-8bbc-ce163c6719e7	11	132946208	135074876	1607	0.0749
f517c7a6-c2c4-4fb4-8bbc-ce163c6719e7	12	51460	756804	416	0.084
f517c7a6-c2c4-4fb4-8bbc-ce163c6719e7	12	759943	764863	18	-1.043
f517c7a6-c2c4-4fb4-8bbc-ce163c6719e7	12	766188	4276438	2446	0.0249
f517c7a6-c2c4-4fb4-8bbc-ce163c6719e7	12	4276627	4277607	6	0.8406
f517c7a6-c2c4-4fb4-8bbc-ce163c6719e7	12	4278918	7842191	2476	-0.0033
f517c7a6-c2c4-4fb4-8bbc-ce163c6719e7	12	7851829	7971304	58	0.6874
f517c7a6-c2c4-4fb4-8bbc-ce163c6719e7	12	7978362	9477960	753	0.0372
f517c7a6-c2c4-4fb4-8bbc-ce163c6719e7	12	9481274	9575696	24	1.2803
f517c7a6-c2c4-4fb4-8bbc-ce163c6719e7	12	9582373	11351157	1178	0.0219
f517c7a6-c2c4-4fb4-8bbc-ce163c6719e7	12	11358643	11390472	31	-0.9213
f517c7a6-c2c4-4fb4-8bbc-ce163c6719e7	12	11399258	17221474	4114	0.0033
f517c7a6-c2c4-4fb4-8bbc-ce163c6719e7	12	17222580	17223372	4	-1.0521
f517c7a6-c2c4-4fb4-8bbc-ce163c6719e7	12	17223965	17830318	386	0.0237
f517c7a6-c2c4-4fb4-8bbc-ce163c6719e7	12	17831547	17831741	2	1.9786
f517c7a6-c2c4-4fb4-8bbc-ce163c6719e7	12	17832067	20176444	1518	0.0246
f517c7a6-c2c4-4fb4-8bbc-ce163c6719e7	12	20182267	20184530	5	-1.0411
f517c7a6-c2c4-4fb4-8bbc-ce163c6719e7	12	20188524	21040857	549	0.0073
f517c7a6-c2c4-4fb4-8bbc-ce163c6719e7	12	21044489	21046655	2	-1.5642
f517c7a6-c2c4-4fb4-8bbc-ce163c6719e7	12	21054824	22683699	1071	0.0114
f517c7a6-c2c4-4fb4-8bbc-ce163c6719e7	12	22684007	22684348	3	-1.2308
f517c7a6-c2c4-4fb4-8bbc-ce163c6719e7	12	22691537	24768556	1455	0.0171
f517c7a6-c2c4-4fb4-8bbc-ce163c6719e7	12	24774824	24777605	6	-0.8551
f517c7a6-c2c4-4fb4-8bbc-ce163c6719e7	12	24782259	26138816	1169	0.0135
f517c7a6-c2c4-4fb4-8bbc-ce163c6719e7	12	26142348	26143469	2	-1.4184
f517c7a6-c2c4-4fb4-8bbc-ce163c6719e7	12	26143659	27941830	1262	0.0235
f517c7a6-c2c4-4fb4-8bbc-ce163c6719e7	12	27941988	27944711	12	-0.8531
f517c7a6-c2c4-4fb4-8bbc-ce163c6719e7	12	27950527	33141726	3820	0.014
f517c7a6-c2c4-4fb4-8bbc-ce163c6719e7	12	33148472	33154440	26	-2.4999
f517c7a6-c2c4-4fb4-8bbc-ce163c6719e7	12	33155426	40479054	2333	0.0325
f517c7a6-c2c4-4fb4-8bbc-ce163c6719e7	12	40479449	40479476	2	-2.3893
f517c7a6-c2c4-4fb4-8bbc-ce163c6719e7	12	40498527	40804342	237	-0.0318
f517c7a6-c2c4-4fb4-8bbc-ce163c6719e7	12	40805102	40805337	3	-1.5596
f517c7a6-c2c4-4fb4-8bbc-ce163c6719e7	12	40808391	42076719	933	-0.0056
f517c7a6-c2c4-4fb4-8bbc-ce163c6719e7	12	42077192	42077398	2	-1.917
f517c7a6-c2c4-4fb4-8bbc-ce163c6719e7	12	42080055	43207295	719	0.0131
f517c7a6-c2c4-4fb4-8bbc-ce163c6719e7	12	43211752	43212426	4	-0.984
f517c7a6-c2c4-4fb4-8bbc-ce163c6719e7	12	43216097	45510655	1354	0.0019
f517c7a6-c2c4-4fb4-8bbc-ce163c6719e7	12	45512057	45515754	3	-2.2788
f517c7a6-c2c4-4fb4-8bbc-ce163c6719e7	12	45519509	52300509	3726	0.0021
f517c7a6-c2c4-4fb4-8bbc-ce163c6719e7	12	52300768	52443486	147	0.1901
f517c7a6-c2c4-4fb4-8bbc-ce163c6719e7	12	52443579	58323655	3316	-0.0087
f517c7a6-c2c4-4fb4-8bbc-ce163c6719e7	12	58327273	58336379	8	-1.1717
f517c7a6-c2c4-4fb4-8bbc-ce163c6719e7	12	58337065	63526209	3430	0.0066
f517c7a6-c2c4-4fb4-8bbc-ce163c6719e7	12	63526805	63531025	3	-1.5403
f517c7a6-c2c4-4fb4-8bbc-ce163c6719e7	12	63539183	67956631	2769	0.0011
f517c7a6-c2c4-4fb4-8bbc-ce163c6719e7	12	67962603	67962648	2	-1.2969
f517c7a6-c2c4-4fb4-8bbc-ce163c6719e7	12	67965215	69153341	887	0.0098
f517c7a6-c2c4-4fb4-8bbc-ce163c6719e7	12	69153862	69154016	2	1.3154
f517c7a6-c2c4-4fb4-8bbc-ce163c6719e7	12	69154695	69873940	473	0.0168
f517c7a6-c2c4-4fb4-8bbc-ce163c6719e7	12	69874087	69880321	9	0.4372
f517c7a6-c2c4-4fb4-8bbc-ce163c6719e7	12	69880499	70483970	394	0.0225
f517c7a6-c2c4-4fb4-8bbc-ce163c6719e7	12	70483985	70485605	5	0.7066
f517c7a6-c2c4-4fb4-8bbc-ce163c6719e7	12	70485653	70707123	179	-0.0244
f517c7a6-c2c4-4fb4-8bbc-ce163c6719e7	12	70708606	70712881	4	-1.1175
f517c7a6-c2c4-4fb4-8bbc-ce163c6719e7	12	70713030	71341747	435	-0.0072
f517c7a6-c2c4-4fb4-8bbc-ce163c6719e7	12	71342924	71471065	70	0.6925
f517c7a6-c2c4-4fb4-8bbc-ce163c6719e7	12	71472182	80446147	5661	0.0141
f517c7a6-c2c4-4fb4-8bbc-ce163c6719e7	12	80446276	80456533	2	-2.8983
f517c7a6-c2c4-4fb4-8bbc-ce163c6719e7	12	80458189	82054068	1010	0.0325
f517c7a6-c2c4-4fb4-8bbc-ce163c6719e7	12	82058069	82060047	4	-1.2666
f517c7a6-c2c4-4fb4-8bbc-ce163c6719e7	12	82063135	83451885	870	0.0256
f517c7a6-c2c4-4fb4-8bbc-ce163c6719e7	12	83453065	83463995	10	-2.2337
f517c7a6-c2c4-4fb4-8bbc-ce163c6719e7	12	83466146	83472309	8	0.1248
f517c7a6-c2c4-4fb4-8bbc-ce163c6719e7	12	83474914	83480092	6	-1.5811
f517c7a6-c2c4-4fb4-8bbc-ce163c6719e7	12	83481661	86035018	1522	0.0233
f517c7a6-c2c4-4fb4-8bbc-ce163c6719e7	12	86038528	86038765	2	-2.2442
f517c7a6-c2c4-4fb4-8bbc-ce163c6719e7	12	86044650	87602383	845	0.0177
f517c7a6-c2c4-4fb4-8bbc-ce163c6719e7	12	87605614	87610901	3	-1.7228
f517c7a6-c2c4-4fb4-8bbc-ce163c6719e7	12	87613265	89269480	969	0.0056
f517c7a6-c2c4-4fb4-8bbc-ce163c6719e7	12	89270644	89270900	3	-1.1417
f517c7a6-c2c4-4fb4-8bbc-ce163c6719e7	12	89272990	90097892	460	0.0264
f517c7a6-c2c4-4fb4-8bbc-ce163c6719e7	12	90097910	90098297	6	-1.8769
f517c7a6-c2c4-4fb4-8bbc-ce163c6719e7	12	90099780	113819403	15693	-0.0039
f517c7a6-c2c4-4fb4-8bbc-ce163c6719e7	12	113819629	114026578	196	0.1556
f517c7a6-c2c4-4fb4-8bbc-ce163c6719e7	12	114026868	118214077	3314	-0.0211
f517c7a6-c2c4-4fb4-8bbc-ce163c6719e7	12	118216338	118222125	3	-2.4162
f517c7a6-c2c4-4fb4-8bbc-ce163c6719e7	12	118228452	127707250	5992	-0.0156
f517c7a6-c2c4-4fb4-8bbc-ce163c6719e7	12	127707386	131636170	3427	0.051
f517c7a6-c2c4-4fb4-8bbc-ce163c6719e7	12	131648039	131648790	13	-1.9244
f517c7a6-c2c4-4fb4-8bbc-ce163c6719e7	12	131657925	133201603	559	0.0329
f517c7a6-c2c4-4fb4-8bbc-ce163c6719e7	13	18452809	21321896	1573	0.0317
f517c7a6-c2c4-4fb4-8bbc-ce163c6719e7	13	21322180	21322360	2	1.7912
f517c7a6-c2c4-4fb4-8bbc-ce163c6719e7	13	21322617	37279373	11723	0.02
f517c7a6-c2c4-4fb4-8bbc-ce163c6719e7	13	37284752	37291008	6	-0.9665
f517c7a6-c2c4-4fb4-8bbc-ce163c6719e7	13	37291939	37496998	181	0.0241
f517c7a6-c2c4-4fb4-8bbc-ce163c6719e7	13	37497899	37510620	16	0.8912
f517c7a6-c2c4-4fb4-8bbc-ce163c6719e7	13	37514193	70214633	20502	0.0199
f517c7a6-c2c4-4fb4-8bbc-ce163c6719e7	13	70215007	70215859	2	-1.7444
f517c7a6-c2c4-4fb4-8bbc-ce163c6719e7	13	70220916	105153322	23591	0.0179
f517c7a6-c2c4-4fb4-8bbc-ce163c6719e7	13	105153350	105155232	8	-0.9796
f517c7a6-c2c4-4fb4-8bbc-ce163c6719e7	13	105157604	106002726	715	0.028
f517c7a6-c2c4-4fb4-8bbc-ce163c6719e7	13	106005102	106012766	9	-0.633
f517c7a6-c2c4-4fb4-8bbc-ce163c6719e7	13	106013903	114342922	5825	0.0271
f517c7a6-c2c4-4fb4-8bbc-ce163c6719e7	14	18239283	19735739	71	0.1819
f517c7a6-c2c4-4fb4-8bbc-ce163c6719e7	14	19742838	19955213	96	-0.5087
f517c7a6-c2c4-4fb4-8bbc-ce163c6719e7	14	19956767	21874234	1281	0.0078
f517c7a6-c2c4-4fb4-8bbc-ce163c6719e7	14	21874260	21906219	25	-0.4972
f517c7a6-c2c4-4fb4-8bbc-ce163c6719e7	14	21906816	22560379	599	0.158
f517c7a6-c2c4-4fb4-8bbc-ce163c6719e7	14	22560422	39970909	10871	0.0018
f517c7a6-c2c4-4fb4-8bbc-ce163c6719e7	14	39972324	39982055	6	-1.0389
f517c7a6-c2c4-4fb4-8bbc-ce163c6719e7	14	39984510	46943612	4174	0.0259
f517c7a6-c2c4-4fb4-8bbc-ce163c6719e7	14	46948385	46951977	7	-1.6708
f517c7a6-c2c4-4fb4-8bbc-ce163c6719e7	14	46952197	47093812	94	-0.0105
f517c7a6-c2c4-4fb4-8bbc-ce163c6719e7	14	47094269	47094343	2	-1.5814
f517c7a6-c2c4-4fb4-8bbc-ce163c6719e7	14	47096279	48222476	740	0.0196
f517c7a6-c2c4-4fb4-8bbc-ce163c6719e7	14	48225726	48231291	4	-1.2783
f517c7a6-c2c4-4fb4-8bbc-ce163c6719e7	14	48236834	49273254	552	0.0212
f517c7a6-c2c4-4fb4-8bbc-ce163c6719e7	14	49287470	49292211	6	-0.9191
f517c7a6-c2c4-4fb4-8bbc-ce163c6719e7	14	49294665	56350291	4773	0.0056
f517c7a6-c2c4-4fb4-8bbc-ce163c6719e7	14	56350941	56365176	7	-1.0433
f517c7a6-c2c4-4fb4-8bbc-ce163c6719e7	14	56367891	69551330	8295	0.0061
f517c7a6-c2c4-4fb4-8bbc-ce163c6719e7	14	69551651	69555750	8	-0.9159
f517c7a6-c2c4-4fb4-8bbc-ce163c6719e7	14	69555996	73529070	2624	-0.0079
f517c7a6-c2c4-4fb4-8bbc-ce163c6719e7	14	73534419	73563196	10	0.9897
f517c7a6-c2c4-4fb4-8bbc-ce163c6719e7	14	73563211	86006852	8284	0.0024
f517c7a6-c2c4-4fb4-8bbc-ce163c6719e7	14	86007089	86011778	3	-2.6075
f517c7a6-c2c4-4fb4-8bbc-ce163c6719e7	14	86014355	90788374	3074	0.0014
f517c7a6-c2c4-4fb4-8bbc-ce163c6719e7	14	90791431	90799257	8	-1.1043
f517c7a6-c2c4-4fb4-8bbc-ce163c6719e7	14	90801631	105588560	9283	0.0017
f517c7a6-c2c4-4fb4-8bbc-ce163c6719e7	14	105612353	105659061	12	0.9017
f517c7a6-c2c4-4fb4-8bbc-ce163c6719e7	14	105688531	106340102	214	0.1175
f517c7a6-c2c4-4fb4-8bbc-ce163c6719e7	14	106340305	106365807	10	0.7112
f517c7a6-c2c4-4fb4-8bbc-ce163c6719e7	14	106369985	106412640	25	0.1357
f517c7a6-c2c4-4fb4-8bbc-ce163c6719e7	14	106416146	106462144	48	-0.6192
f517c7a6-c2c4-4fb4-8bbc-ce163c6719e7	14	106462169	106769689	126	0.049
f517c7a6-c2c4-4fb4-8bbc-ce163c6719e7	14	106770215	106770361	3	-1.2802
f517c7a6-c2c4-4fb4-8bbc-ce163c6719e7	14	106775945	106877229	68	0.0689
f517c7a6-c2c4-4fb4-8bbc-ce163c6719e7	15	19811075	20376202	93	0.0068
f517c7a6-c2c4-4fb4-8bbc-ce163c6719e7	15	20376309	22624663	128	0.3104
f517c7a6-c2c4-4fb4-8bbc-ce163c6719e7	15	22631647	30199184	4613	0.0268
f517c7a6-c2c4-4fb4-8bbc-ce163c6719e7	15	30201158	30269364	10	-1.2472
f517c7a6-c2c4-4fb4-8bbc-ce163c6719e7	15	30281107	32257550	1080	0.0351
f517c7a6-c2c4-4fb4-8bbc-ce163c6719e7	15	32283641	32610782	21	0.6023
f517c7a6-c2c4-4fb4-8bbc-ce163c6719e7	15	32612414	33534743	802	-0.0131
f517c7a6-c2c4-4fb4-8bbc-ce163c6719e7	15	33537809	33544429	4	-1.0571
f517c7a6-c2c4-4fb4-8bbc-ce163c6719e7	15	33545222	34434988	682	0.0125
f517c7a6-c2c4-4fb4-8bbc-ce163c6719e7	15	34435421	34517887	56	-0.8796
f517c7a6-c2c4-4fb4-8bbc-ce163c6719e7	15	34520918	35162762	464	-0.0015
f517c7a6-c2c4-4fb4-8bbc-ce163c6719e7	15	35164139	35164669	2	-1.4974
f517c7a6-c2c4-4fb4-8bbc-ce163c6719e7	15	35165820	46175567	6455	-0.0093
f517c7a6-c2c4-4fb4-8bbc-ce163c6719e7	15	46175657	46178543	3	-1.385
f517c7a6-c2c4-4fb4-8bbc-ce163c6719e7	15	46178632	47221056	683	0.0188
f517c7a6-c2c4-4fb4-8bbc-ce163c6719e7	15	47226610	47233813	7	-1.0384
f517c7a6-c2c4-4fb4-8bbc-ce163c6719e7	15	47235883	54969414	5155	-0.0139
f517c7a6-c2c4-4fb4-8bbc-ce163c6719e7	15	54970253	54970422	2	-1.4836
f517c7a6-c2c4-4fb4-8bbc-ce163c6719e7	15	54972760	61634267	4762	-0.0061
f517c7a6-c2c4-4fb4-8bbc-ce163c6719e7	15	61634855	61635212	3	-1.2632
f517c7a6-c2c4-4fb4-8bbc-ce163c6719e7	15	61641259	70121487	5381	0.0021
f517c7a6-c2c4-4fb4-8bbc-ce163c6719e7	15	70128229	70128702	3	-1.0932
f517c7a6-c2c4-4fb4-8bbc-ce163c6719e7	15	70131231	70741674	403	0.0152
f517c7a6-c2c4-4fb4-8bbc-ce163c6719e7	15	70741805	70741906	3	1.2908
f517c7a6-c2c4-4fb4-8bbc-ce163c6719e7	15	70741930	76599170	3102	-0.0268
f517c7a6-c2c4-4fb4-8bbc-ce163c6719e7	15	76599286	76599700	7	-3.1765
f517c7a6-c2c4-4fb4-8bbc-ce163c6719e7	15	76599852	76603434	13	-1.0079
f517c7a6-c2c4-4fb4-8bbc-ce163c6719e7	15	76609838	97490538	14331	-0.0012
f517c7a6-c2c4-4fb4-8bbc-ce163c6719e7	15	97496754	97497657	6	-1.2365
f517c7a6-c2c4-4fb4-8bbc-ce163c6719e7	15	97500892	101928837	3281	0.0309
f517c7a6-c2c4-4fb4-8bbc-ce163c6719e7	16	10777	5557889	2623	0.0004
f517c7a6-c2c4-4fb4-8bbc-ce163c6719e7	16	5558088	5558150	2	-1.9257
f517c7a6-c2c4-4fb4-8bbc-ce163c6719e7	16	5558336	22576144	12155	-0.0152
f517c7a6-c2c4-4fb4-8bbc-ce163c6719e7	16	22576696	22699421	66	-0.4709
f517c7a6-c2c4-4fb4-8bbc-ce163c6719e7	16	22701658	31948830	5101	-0.0279
f517c7a6-c2c4-4fb4-8bbc-ce163c6719e7	16	31954295	35282935	251	0.1035
f517c7a6-c2c4-4fb4-8bbc-ce163c6719e7	16	35283359	53767042	5034	-0.0118
f517c7a6-c2c4-4fb4-8bbc-ce163c6719e7	16	53772368	53774346	4	-1.1051
f517c7a6-c2c4-4fb4-8bbc-ce163c6719e7	16	53775335	54335546	446	-0.0092
f517c7a6-c2c4-4fb4-8bbc-ce163c6719e7	16	54335598	54335611	2	-1.6103
f517c7a6-c2c4-4fb4-8bbc-ce163c6719e7	16	54338951	59555269	3610	-0.0095
f517c7a6-c2c4-4fb4-8bbc-ce163c6719e7	16	59557748	59558447	4	-1.492
f517c7a6-c2c4-4fb4-8bbc-ce163c6719e7	16	59559013	64784439	3415	0.0011
f517c7a6-c2c4-4fb4-8bbc-ce163c6719e7	16	64787351	64787448	2	-2.3646
f517c7a6-c2c4-4fb4-8bbc-ce163c6719e7	16	64789053	78337711	8522	-0.0122
f517c7a6-c2c4-4fb4-8bbc-ce163c6719e7	16	78338543	78350868	16	1.2021
f517c7a6-c2c4-4fb4-8bbc-ce163c6719e7	16	78351104	90096867	10622	0.0126
f517c7a6-c2c4-4fb4-8bbc-ce163c6719e7	17	150733	7542076	4182	-0.0145
f517c7a6-c2c4-4fb4-8bbc-ce163c6719e7	17	7547594	7547720	2	-1.8223
f517c7a6-c2c4-4fb4-8bbc-ce163c6719e7	17	7550374	13803535	4386	-0.0047
f517c7a6-c2c4-4fb4-8bbc-ce163c6719e7	17	13804500	13806286	4	-1.0594
f517c7a6-c2c4-4fb4-8bbc-ce163c6719e7	17	13806480	36109315	9682	0.0009
f517c7a6-c2c4-4fb4-8bbc-ce163c6719e7	17	36109735	36200725	36	0.5912
f517c7a6-c2c4-4fb4-8bbc-ce163c6719e7	17	36208249	36553104	83	0.1751
f517c7a6-c2c4-4fb4-8bbc-ce163c6719e7	17	36553198	41085237	2341	-0.0215
f517c7a6-c2c4-4fb4-8bbc-ce163c6719e7	17	41088020	41089704	2	-1.3891
f517c7a6-c2c4-4fb4-8bbc-ce163c6719e7	17	41090139	41266774	100	0.0461
f517c7a6-c2c4-4fb4-8bbc-ce163c6719e7	17	41266805	41274279	22	1.2025
f517c7a6-c2c4-4fb4-8bbc-ce163c6719e7	17	41276472	45423584	2137	-0.0206
f517c7a6-c2c4-4fb4-8bbc-ce163c6719e7	17	45434172	45618011	32	0.3509
f517c7a6-c2c4-4fb4-8bbc-ce163c6719e7	17	45626448	46085231	330	0.0898
f517c7a6-c2c4-4fb4-8bbc-ce163c6719e7	17	46085732	46276519	122	0.2454
f517c7a6-c2c4-4fb4-8bbc-ce163c6719e7	17	46284643	53080229	3722	-0.0148
f517c7a6-c2c4-4fb4-8bbc-ce163c6719e7	17	53080400	53081609	2	-2.1955
f517c7a6-c2c4-4fb4-8bbc-ce163c6719e7	17	53095419	70044239	10104	-0.0102
f517c7a6-c2c4-4fb4-8bbc-ce163c6719e7	17	70044817	70044889	2	-1.6827
f517c7a6-c2c4-4fb4-8bbc-ce163c6719e7	17	70049030	83091923	7750	0.0034
f517c7a6-c2c4-4fb4-8bbc-ce163c6719e7	18	48133	5162273	3658	0.0199
f517c7a6-c2c4-4fb4-8bbc-ce163c6719e7	18	5162429	5162745	2	-1.7122
f517c7a6-c2c4-4fb4-8bbc-ce163c6719e7	18	5164270	5321716	106	0.0099
f517c7a6-c2c4-4fb4-8bbc-ce163c6719e7	18	5323290	5323942	2	-1.5364
f517c7a6-c2c4-4fb4-8bbc-ce163c6719e7	18	5328064	27483858	10569	0.0211
f517c7a6-c2c4-4fb4-8bbc-ce163c6719e7	18	27486015	27487091	2	-1.5433
f517c7a6-c2c4-4fb4-8bbc-ce163c6719e7	18	27489285	27544690	22	0.0183
f517c7a6-c2c4-4fb4-8bbc-ce163c6719e7	18	27545976	27550852	6	-0.4568
f517c7a6-c2c4-4fb4-8bbc-ce163c6719e7	18	27552584	27643584	73	0.0134
f517c7a6-c2c4-4fb4-8bbc-ce163c6719e7	18	27645669	27649322	2	-1.1823
f517c7a6-c2c4-4fb4-8bbc-ce163c6719e7	18	27655423	27952443	232	0.0176
f517c7a6-c2c4-4fb4-8bbc-ce163c6719e7	18	27952759	27953671	3	1.1983
f517c7a6-c2c4-4fb4-8bbc-ce163c6719e7	18	27954075	28613572	392	0.0076
f517c7a6-c2c4-4fb4-8bbc-ce163c6719e7	18	28615803	28616166	4	-1.5679
f517c7a6-c2c4-4fb4-8bbc-ce163c6719e7	18	28616668	30232420	942	0.0164
f517c7a6-c2c4-4fb4-8bbc-ce163c6719e7	18	30234583	30243733	9	-0.9215
f517c7a6-c2c4-4fb4-8bbc-ce163c6719e7	18	30244779	38250647	5198	0.0123
f517c7a6-c2c4-4fb4-8bbc-ce163c6719e7	18	38255410	38255781	3	-1.4507
f517c7a6-c2c4-4fb4-8bbc-ce163c6719e7	18	38258194	41086655	1831	0.0077
f517c7a6-c2c4-4fb4-8bbc-ce163c6719e7	18	41089926	41090009	2	-1.7143
f517c7a6-c2c4-4fb4-8bbc-ce163c6719e7	18	41091813	41359987	191	0.0429
f517c7a6-c2c4-4fb4-8bbc-ce163c6719e7	18	41365218	41365781	5	-1.0294
f517c7a6-c2c4-4fb4-8bbc-ce163c6719e7	18	41368666	51757412	7142	0.0022
f517c7a6-c2c4-4fb4-8bbc-ce163c6719e7	18	51757612	51757710	2	-1.6886
f517c7a6-c2c4-4fb4-8bbc-ce163c6719e7	18	51760933	53665071	1307	-0.0141
f517c7a6-c2c4-4fb4-8bbc-ce163c6719e7	18	53665293	53665617	2	-1.6208
f517c7a6-c2c4-4fb4-8bbc-ce163c6719e7	18	53666222	65490849	8197	0.0091
f517c7a6-c2c4-4fb4-8bbc-ce163c6719e7	18	65498567	65503450	5	-1.0632
f517c7a6-c2c4-4fb4-8bbc-ce163c6719e7	18	65504969	66239629	559	0.0559
f517c7a6-c2c4-4fb4-8bbc-ce163c6719e7	18	66240197	66244352	10	-0.8429
f517c7a6-c2c4-4fb4-8bbc-ce163c6719e7	18	66244639	67275051	644	-0.0026
f517c7a6-c2c4-4fb4-8bbc-ce163c6719e7	18	67276561	80257174	9626	0.0435
f517c7a6-c2c4-4fb4-8bbc-ce163c6719e7	19	90910	12581187	5042	-0.0415
f517c7a6-c2c4-4fb4-8bbc-ce163c6719e7	19	12586552	12587288	2	1.8304
f517c7a6-c2c4-4fb4-8bbc-ce163c6719e7	19	12589709	27474607	6138	-0.0294
f517c7a6-c2c4-4fb4-8bbc-ce163c6719e7	19	27507658	27509930	2	-3.0345
f517c7a6-c2c4-4fb4-8bbc-ce163c6719e7	19	27516125	53012070	14525	-0.0193
f517c7a6-c2c4-4fb4-8bbc-ce163c6719e7	19	53013829	53048976	23	0.566
f517c7a6-c2c4-4fb4-8bbc-ce163c6719e7	19	53050987	58586487	3376	-0.0254
f517c7a6-c2c4-4fb4-8bbc-ce163c6719e7	20	80664	1601561	1239	0.0207
f517c7a6-c2c4-4fb4-8bbc-ce163c6719e7	20	1609611	1613247	5	-1.1106
f517c7a6-c2c4-4fb4-8bbc-ce163c6719e7	20	1617300	30193847	18780	0.0001
f517c7a6-c2c4-4fb4-8bbc-ce163c6719e7	20	30206919	30259177	13	-0.6951
f517c7a6-c2c4-4fb4-8bbc-ce163c6719e7	20	30271154	42558819	6703	-0.0288
f517c7a6-c2c4-4fb4-8bbc-ce163c6719e7	20	42559285	64284715	15645	0.0012
f517c7a6-c2c4-4fb4-8bbc-ce163c6719e7	20	64323342	64324800	5	-0.7595
f517c7a6-c2c4-4fb4-8bbc-ce163c6719e7	21	10354168	10558268	50	0.0099
f517c7a6-c2c4-4fb4-8bbc-ce163c6719e7	21	10558276	10775586	37	-0.746
f517c7a6-c2c4-4fb4-8bbc-ce163c6719e7	21	12973348	24130121	7686	0.0319
f517c7a6-c2c4-4fb4-8bbc-ce163c6719e7	21	24130397	24130814	4	-1.4208
f517c7a6-c2c4-4fb4-8bbc-ce163c6719e7	21	24133267	24213071	100	0.0139
f517c7a6-c2c4-4fb4-8bbc-ce163c6719e7	21	24215936	24216026	3	-1.6975
f517c7a6-c2c4-4fb4-8bbc-ce163c6719e7	21	24216643	26913835	1996	0.0114
f517c7a6-c2c4-4fb4-8bbc-ce163c6719e7	21	26914271	26915159	3	-1.1701
f517c7a6-c2c4-4fb4-8bbc-ce163c6719e7	21	26919063	28379544	1107	0.0094
f517c7a6-c2c4-4fb4-8bbc-ce163c6719e7	21	28384817	28388572	4	-1.0286
f517c7a6-c2c4-4fb4-8bbc-ce163c6719e7	21	28388765	31864142	2445	0.0022
f517c7a6-c2c4-4fb4-8bbc-ce163c6719e7	21	31865670	31867735	3	-2.7736
f517c7a6-c2c4-4fb4-8bbc-ce163c6719e7	21	31879236	43201650	8680	0.0053
f517c7a6-c2c4-4fb4-8bbc-ce163c6719e7	21	43202361	43354877	57	0.3241
f517c7a6-c2c4-4fb4-8bbc-ce163c6719e7	21	43355639	46677045	1696	0.0215
f517c7a6-c2c4-4fb4-8bbc-ce163c6719e7	22	15294547	16761726	144	0.1169
f517c7a6-c2c4-4fb4-8bbc-ce163c6719e7	22	16766183	16840878	51	-0.2194
f517c7a6-c2c4-4fb4-8bbc-ce163c6719e7	22	16840896	17688748	568	-0.0001
f517c7a6-c2c4-4fb4-8bbc-ce163c6719e7	22	17689117	17732754	39	-0.1873
f517c7a6-c2c4-4fb4-8bbc-ce163c6719e7	22	17735444	22113158	2316	0.0648
f517c7a6-c2c4-4fb4-8bbc-ce163c6719e7	22	22114208	22119654	3	-1.5625
f517c7a6-c2c4-4fb4-8bbc-ce163c6719e7	22	22120134	22120255	4	-4.3391
f517c7a6-c2c4-4fb4-8bbc-ce163c6719e7	22	22127104	23987520	1270	0.0584
f517c7a6-c2c4-4fb4-8bbc-ce163c6719e7	22	23988078	23989773	2	-3.1241
f517c7a6-c2c4-4fb4-8bbc-ce163c6719e7	22	23990431	25352165	881	-0.0125
f517c7a6-c2c4-4fb4-8bbc-ce163c6719e7	22	25352287	25407444	77	0.1899
f517c7a6-c2c4-4fb4-8bbc-ce163c6719e7	22	25407582	33777419	6291	-0.0232
f517c7a6-c2c4-4fb4-8bbc-ce163c6719e7	22	33778960	33778986	3	-1.1597
f517c7a6-c2c4-4fb4-8bbc-ce163c6719e7	22	33778998	37346951	2780	-0.0108
f517c7a6-c2c4-4fb4-8bbc-ce163c6719e7	22	37352689	37353906	4	-1.2893
f517c7a6-c2c4-4fb4-8bbc-ce163c6719e7	22	37354627	38891905	765	-0.0187
f517c7a6-c2c4-4fb4-8bbc-ce163c6719e7	22	38894915	38900535	3	1.22
f517c7a6-c2c4-4fb4-8bbc-ce163c6719e7	22	38900899	42321102	1854	-0.0171
f517c7a6-c2c4-4fb4-8bbc-ce163c6719e7	22	42321598	42322229	2	-1.4479
f517c7a6-c2c4-4fb4-8bbc-ce163c6719e7	22	42327026	48934328	5025	0.0012
f517c7a6-c2c4-4fb4-8bbc-ce163c6719e7	22	48934911	49730588	752	0.1134
f517c7a6-c2c4-4fb4-8bbc-ce163c6719e7	22	49731453	50796027	445	0.0329
f517c7a6-c2c4-4fb4-8bbc-ce163c6719e7	X	251810	7185165	3424	0.0351
f517c7a6-c2c4-4fb4-8bbc-ce163c6719e7	X	7185242	7185871	2	-3.501
f517c7a6-c2c4-4fb4-8bbc-ce163c6719e7	X	7188165	10502911	2519	0.0393
f517c7a6-c2c4-4fb4-8bbc-ce163c6719e7	X	10503830	10504298	4	-1.688
f517c7a6-c2c4-4fb4-8bbc-ce163c6719e7	X	10504398	14637626	2959	0.0273
f517c7a6-c2c4-4fb4-8bbc-ce163c6719e7	X	14639048	14640481	2	-5.2653
f517c7a6-c2c4-4fb4-8bbc-ce163c6719e7	X	14640789	16330060	1064	0.0028
f517c7a6-c2c4-4fb4-8bbc-ce163c6719e7	X	16330863	16336406	10	-5.4692
f517c7a6-c2c4-4fb4-8bbc-ce163c6719e7	X	16338298	22971574	3827	0.0274
f517c7a6-c2c4-4fb4-8bbc-ce163c6719e7	X	22973201	22973898	2	-2.1716
f517c7a6-c2c4-4fb4-8bbc-ce163c6719e7	X	22974577	26785240	2443	0.0329
f517c7a6-c2c4-4fb4-8bbc-ce163c6719e7	X	26791206	26791248	2	-2.035
f517c7a6-c2c4-4fb4-8bbc-ce163c6719e7	X	26792995	28834505	1301	0.0478
f517c7a6-c2c4-4fb4-8bbc-ce163c6719e7	X	28834747	28838471	6	-4.0497
f517c7a6-c2c4-4fb4-8bbc-ce163c6719e7	X	28839281	31995831	2075	0.0205
f517c7a6-c2c4-4fb4-8bbc-ce163c6719e7	X	31996115	32002745	11	-1.9206
f517c7a6-c2c4-4fb4-8bbc-ce163c6719e7	X	32002941	45923705	8227	0.0203
f517c7a6-c2c4-4fb4-8bbc-ce163c6719e7	X	45926783	45929042	3	-2.6174
f517c7a6-c2c4-4fb4-8bbc-ce163c6719e7	X	45935054	54957833	3839	0.0036
f517c7a6-c2c4-4fb4-8bbc-ce163c6719e7	X	54961730	54961862	2	-4.9109
f517c7a6-c2c4-4fb4-8bbc-ce163c6719e7	X	54966767	58222539	1565	-0.0067
f517c7a6-c2c4-4fb4-8bbc-ce163c6719e7	X	58223574	58224867	2	-3.9948
f517c7a6-c2c4-4fb4-8bbc-ce163c6719e7	X	58230316	72385693	4418	-0.0084
f517c7a6-c2c4-4fb4-8bbc-ce163c6719e7	X	72389456	72389844	2	-4.623
f517c7a6-c2c4-4fb4-8bbc-ce163c6719e7	X	72390203	85828903	6359	0.0152
f517c7a6-c2c4-4fb4-8bbc-ce163c6719e7	X	85829709	85831307	7	-1.286
f517c7a6-c2c4-4fb4-8bbc-ce163c6719e7	X	85832183	85832617	2	-4.7428
f517c7a6-c2c4-4fb4-8bbc-ce163c6719e7	X	85832660	106479489	10872	0.0208
f517c7a6-c2c4-4fb4-8bbc-ce163c6719e7	X	106481919	106485358	3	-3.5266
f517c7a6-c2c4-4fb4-8bbc-ce163c6719e7	X	106486768	109449822	1473	0.007
f517c7a6-c2c4-4fb4-8bbc-ce163c6719e7	X	109450167	109454853	6	-3.2974
f517c7a6-c2c4-4fb4-8bbc-ce163c6719e7	X	109455123	114985520	3142	-0.0007
f517c7a6-c2c4-4fb4-8bbc-ce163c6719e7	X	114986471	114998337	16	-2.1721
f517c7a6-c2c4-4fb4-8bbc-ce163c6719e7	X	114998484	155952689	23929	0.0144
f517c7a6-c2c4-4fb4-8bbc-ce163c6719e7	Y	2782397	7907776	1443	-0.9569
f517c7a6-c2c4-4fb4-8bbc-ce163c6719e7	Y	7910971	8510115	440	-1.0723
f517c7a6-c2c4-4fb4-8bbc-ce163c6719e7	Y	8514548	8743753	135	-0.9751
f517c7a6-c2c4-4fb4-8bbc-ce163c6719e7	Y	8747099	8748148	2	0.5125
f517c7a6-c2c4-4fb4-8bbc-ce163c6719e7	Y	8748395	9332936	209	-0.9681
f517c7a6-c2c4-4fb4-8bbc-ce163c6719e7	Y	9334069	9549835	19	-0.3929
f517c7a6-c2c4-4fb4-8bbc-ce163c6719e7	Y	9550385	21491461	3995	-0.9911
f517c7a6-c2c4-4fb4-8bbc-ce163c6719e7	Y	21570568	21712845	66	0.0084
f517c7a6-c2c4-4fb4-8bbc-ce163c6719e7	Y	21712921	56872112	331	-0.9073
