GDC_Aliquot	Chromosome	Start	End	Num_Probes	Segment_Mean
34fd7e91-a4da-43d7-ba49-7702e4f46e54	1	62920	462894	19	-0.7435
34fd7e91-a4da-43d7-ba49-7702e4f46e54	1	599171	2372708	420	0.0721
34fd7e91-a4da-43d7-ba49-7702e4f46e54	1	2374376	8447673	3768	-0.0428
34fd7e91-a4da-43d7-ba49-7702e4f46e54	1	8452421	8454244	2	-1.8163
34fd7e91-a4da-43d7-ba49-7702e4f46e54	1	8456851	16855942	4491	-0.0301
34fd7e91-a4da-43d7-ba49-7702e4f46e54	1	16863509	16949746	56	-0.439
34fd7e91-a4da-43d7-ba49-7702e4f46e54	1	16951445	25256850	5256	-0.0136
34fd7e91-a4da-43d7-ba49-7702e4f46e54	1	25266637	25320455	24	-1.8517
34fd7e91-a4da-43d7-ba49-7702e4f46e54	1	25336819	73051046	29216	-0.027
34fd7e91-a4da-43d7-ba49-7702e4f46e54	1	73052389	73258430	113	-1.0955
34fd7e91-a4da-43d7-ba49-7702e4f46e54	1	73261216	75585159	1379	-0.0436
34fd7e91-a4da-43d7-ba49-7702e4f46e54	1	75589078	75589169	2	-2.2916
34fd7e91-a4da-43d7-ba49-7702e4f46e54	1	75593824	95976404	13412	-0.0246
34fd7e91-a4da-43d7-ba49-7702e4f46e54	1	95976578	97539162	948	-0.0979
34fd7e91-a4da-43d7-ba49-7702e4f46e54	1	97539275	110834746	8159	-0.0243
34fd7e91-a4da-43d7-ba49-7702e4f46e54	1	110834943	110845604	38	-0.7708
34fd7e91-a4da-43d7-ba49-7702e4f46e54	1	110849445	112153343	1077	-0.0623
34fd7e91-a4da-43d7-ba49-7702e4f46e54	1	112153465	112154591	21	0.6567
34fd7e91-a4da-43d7-ba49-7702e4f46e54	1	112154619	143494500	5165	-0.0286
34fd7e91-a4da-43d7-ba49-7702e4f46e54	1	143541857	143942271	126	-0.8125
34fd7e91-a4da-43d7-ba49-7702e4f46e54	1	144432083	159356044	6460	-0.023
34fd7e91-a4da-43d7-ba49-7702e4f46e54	1	159359359	161647641	1357	0.3737
34fd7e91-a4da-43d7-ba49-7702e4f46e54	1	161647657	161649268	8	1.7705
34fd7e91-a4da-43d7-ba49-7702e4f46e54	1	161678447	167795598	4897	0.3759
34fd7e91-a4da-43d7-ba49-7702e4f46e54	1	167796946	167797682	4	-1.042
34fd7e91-a4da-43d7-ba49-7702e4f46e54	1	167799276	169247699	1112	0.3949
34fd7e91-a4da-43d7-ba49-7702e4f46e54	1	169264736	169272528	7	-0.5002
34fd7e91-a4da-43d7-ba49-7702e4f46e54	1	169273163	174827267	3519	0.3729
34fd7e91-a4da-43d7-ba49-7702e4f46e54	1	174827418	174832702	16	-2.7139
34fd7e91-a4da-43d7-ba49-7702e4f46e54	1	174832716	189679027	9899	0.3703
34fd7e91-a4da-43d7-ba49-7702e4f46e54	1	189679353	189679397	2	-2.2718
34fd7e91-a4da-43d7-ba49-7702e4f46e54	1	189682917	196761905	4740	0.3696
34fd7e91-a4da-43d7-ba49-7702e4f46e54	1	196762480	196762956	2	-1.7721
34fd7e91-a4da-43d7-ba49-7702e4f46e54	1	196769493	209897717	8846	0.3745
34fd7e91-a4da-43d7-ba49-7702e4f46e54	1	209908268	209908720	2	-1.7763
34fd7e91-a4da-43d7-ba49-7702e4f46e54	1	209910639	215970551	4124	0.3772
34fd7e91-a4da-43d7-ba49-7702e4f46e54	1	215974180	219574708	2663	0.3294
34fd7e91-a4da-43d7-ba49-7702e4f46e54	1	219575228	236002980	10948	0.3886
34fd7e91-a4da-43d7-ba49-7702e4f46e54	1	236003291	240492030	3665	0.3229
34fd7e91-a4da-43d7-ba49-7702e4f46e54	1	240492653	240493524	2	-1.0878
34fd7e91-a4da-43d7-ba49-7702e4f46e54	1	240495803	240705578	141	0.3574
34fd7e91-a4da-43d7-ba49-7702e4f46e54	1	240705709	241249788	422	0.4354
34fd7e91-a4da-43d7-ba49-7702e4f46e54	1	241253070	244065397	1957	0.3292
34fd7e91-a4da-43d7-ba49-7702e4f46e54	1	244069473	248550567	2929	0.3856
34fd7e91-a4da-43d7-ba49-7702e4f46e54	1	248572774	248633821	33	-0.726
34fd7e91-a4da-43d7-ba49-7702e4f46e54	1	248633912	248930189	142	0.4216
34fd7e91-a4da-43d7-ba49-7702e4f46e54	2	12784	16782200	12661	-0.0358
34fd7e91-a4da-43d7-ba49-7702e4f46e54	2	16782685	21018633	3168	0.0061
34fd7e91-a4da-43d7-ba49-7702e4f46e54	2	21018872	31195311	6176	-0.042
34fd7e91-a4da-43d7-ba49-7702e4f46e54	2	31195649	31196196	3	-1.5471
34fd7e91-a4da-43d7-ba49-7702e4f46e54	2	31197549	34466002	2071	-0.0232
34fd7e91-a4da-43d7-ba49-7702e4f46e54	2	34474248	34511990	46	-1.9217
34fd7e91-a4da-43d7-ba49-7702e4f46e54	2	34512096	34677130	105	-0.1202
34fd7e91-a4da-43d7-ba49-7702e4f46e54	2	34677386	34681770	3	-1.6371
34fd7e91-a4da-43d7-ba49-7702e4f46e54	2	34681900	52516787	12893	-0.0179
34fd7e91-a4da-43d7-ba49-7702e4f46e54	2	52527330	52527743	7	-0.9558
34fd7e91-a4da-43d7-ba49-7702e4f46e54	2	52531615	54106592	1202	-0.0251
34fd7e91-a4da-43d7-ba49-7702e4f46e54	2	54108826	54110262	2	-2.0773
34fd7e91-a4da-43d7-ba49-7702e4f46e54	2	54112284	54176970	51	-0.0412
34fd7e91-a4da-43d7-ba49-7702e4f46e54	2	54182964	54463827	217	0.1259
34fd7e91-a4da-43d7-ba49-7702e4f46e54	2	54463962	63037612	5435	-0.0208
34fd7e91-a4da-43d7-ba49-7702e4f46e54	2	63068581	63292353	98	-0.5969
34fd7e91-a4da-43d7-ba49-7702e4f46e54	2	63297317	76615188	8567	-0.0218
34fd7e91-a4da-43d7-ba49-7702e4f46e54	2	76617340	76618300	6	-1.041
34fd7e91-a4da-43d7-ba49-7702e4f46e54	2	76620460	86710564	6369	-0.0368
34fd7e91-a4da-43d7-ba49-7702e4f46e54	2	86725947	86726731	2	-2.9018
34fd7e91-a4da-43d7-ba49-7702e4f46e54	2	86743283	87285720	128	-0.0056
34fd7e91-a4da-43d7-ba49-7702e4f46e54	2	87286164	87295819	4	-1.4601
34fd7e91-a4da-43d7-ba49-7702e4f46e54	2	87299357	97537802	1800	-0.0442
34fd7e91-a4da-43d7-ba49-7702e4f46e54	2	97540809	97545726	4	-1.2773
34fd7e91-a4da-43d7-ba49-7702e4f46e54	2	97550415	111747163	8327	-0.0271
34fd7e91-a4da-43d7-ba49-7702e4f46e54	2	111754208	111757751	2	-1.8966
34fd7e91-a4da-43d7-ba49-7702e4f46e54	2	111759305	148781750	22433	-0.0443
34fd7e91-a4da-43d7-ba49-7702e4f46e54	2	148784279	208173825	36029	-0.0148
34fd7e91-a4da-43d7-ba49-7702e4f46e54	2	208177775	228892290	13472	-0.033
34fd7e91-a4da-43d7-ba49-7702e4f46e54	2	228894763	228895197	8	-1.0742
34fd7e91-a4da-43d7-ba49-7702e4f46e54	2	228895367	242147305	8203	-0.0328
34fd7e91-a4da-43d7-ba49-7702e4f46e54	3	20930	6274847	5551	-0.0342
34fd7e91-a4da-43d7-ba49-7702e4f46e54	3	6275672	6296868	23	0.4953
34fd7e91-a4da-43d7-ba49-7702e4f46e54	3	6297326	6604856	237	0.0221
34fd7e91-a4da-43d7-ba49-7702e4f46e54	3	6609441	6611645	23	-0.8175
34fd7e91-a4da-43d7-ba49-7702e4f46e54	3	6613391	16081625	6949	-0.0231
34fd7e91-a4da-43d7-ba49-7702e4f46e54	3	16084899	23523238	4845	-0.0641
34fd7e91-a4da-43d7-ba49-7702e4f46e54	3	23525868	34286775	7544	-0.0269
34fd7e91-a4da-43d7-ba49-7702e4f46e54	3	34287577	36639661	1612	-0.0798
34fd7e91-a4da-43d7-ba49-7702e4f46e54	3	36639752	46760327	6383	-0.023
34fd7e91-a4da-43d7-ba49-7702e4f46e54	3	46760374	46808099	39	-0.9346
34fd7e91-a4da-43d7-ba49-7702e4f46e54	3	46817989	52989195	2493	-0.0278
34fd7e91-a4da-43d7-ba49-7702e4f46e54	3	52994359	53005201	38	-0.6099
34fd7e91-a4da-43d7-ba49-7702e4f46e54	3	53005247	59954647	4797	-0.0491
34fd7e91-a4da-43d7-ba49-7702e4f46e54	3	59955112	60036859	142	-0.6763
34fd7e91-a4da-43d7-ba49-7702e4f46e54	3	60038503	60251893	260	-0.0089
34fd7e91-a4da-43d7-ba49-7702e4f46e54	3	60255320	60358458	99	-0.6735
34fd7e91-a4da-43d7-ba49-7702e4f46e54	3	60363730	60826913	516	-0.0558
34fd7e91-a4da-43d7-ba49-7702e4f46e54	3	60831587	60888716	62	-0.5773
34fd7e91-a4da-43d7-ba49-7702e4f46e54	3	60892320	61010548	113	-0.0377
34fd7e91-a4da-43d7-ba49-7702e4f46e54	3	61015254	61055218	37	-0.6786
34fd7e91-a4da-43d7-ba49-7702e4f46e54	3	61057116	68697108	6006	-0.0393
34fd7e91-a4da-43d7-ba49-7702e4f46e54	3	68697133	68698262	13	-1.3538
34fd7e91-a4da-43d7-ba49-7702e4f46e54	3	68699607	75511990	4928	-0.0466
34fd7e91-a4da-43d7-ba49-7702e4f46e54	3	75519398	75547095	8	0.8395
34fd7e91-a4da-43d7-ba49-7702e4f46e54	3	75559488	99218940	10973	-0.0387
34fd7e91-a4da-43d7-ba49-7702e4f46e54	3	99225614	99229828	20	-0.5528
34fd7e91-a4da-43d7-ba49-7702e4f46e54	3	99229887	99230212	6	-1.2896
34fd7e91-a4da-43d7-ba49-7702e4f46e54	3	99230225	114510748	9224	-0.0194
34fd7e91-a4da-43d7-ba49-7702e4f46e54	3	114514881	119631498	3406	-0.0668
34fd7e91-a4da-43d7-ba49-7702e4f46e54	3	119632551	119635091	5	-1.0994
34fd7e91-a4da-43d7-ba49-7702e4f46e54	3	119636564	119699696	44	-0.078
34fd7e91-a4da-43d7-ba49-7702e4f46e54	3	119699898	130044016	6040	-0.0222
34fd7e91-a4da-43d7-ba49-7702e4f46e54	3	130044855	130087393	38	-1.6798
34fd7e91-a4da-43d7-ba49-7702e4f46e54	3	130088081	162795304	20275	-0.0283
34fd7e91-a4da-43d7-ba49-7702e4f46e54	3	162795361	162908192	66	0.7276
34fd7e91-a4da-43d7-ba49-7702e4f46e54	3	162908207	162996729	73	-0.1433
34fd7e91-a4da-43d7-ba49-7702e4f46e54	3	162999939	163001774	2	-2.7602
34fd7e91-a4da-43d7-ba49-7702e4f46e54	3	163008371	165304048	1231	-0.0468
34fd7e91-a4da-43d7-ba49-7702e4f46e54	3	165304486	165312891	3	-1.4081
34fd7e91-a4da-43d7-ba49-7702e4f46e54	3	165313569	169012392	2134	-0.01
34fd7e91-a4da-43d7-ba49-7702e4f46e54	3	169015614	169020840	2	-2.2623
34fd7e91-a4da-43d7-ba49-7702e4f46e54	3	169022039	178566168	6192	0
34fd7e91-a4da-43d7-ba49-7702e4f46e54	3	178566224	181737731	1832	-0.0658
34fd7e91-a4da-43d7-ba49-7702e4f46e54	3	181741712	189642965	5197	-0.0174
34fd7e91-a4da-43d7-ba49-7702e4f46e54	3	189645889	189653199	12	-0.7866
34fd7e91-a4da-43d7-ba49-7702e4f46e54	3	189653225	192890429	2298	-0.0185
34fd7e91-a4da-43d7-ba49-7702e4f46e54	3	192890516	192890762	3	1.4954
34fd7e91-a4da-43d7-ba49-7702e4f46e54	3	192890809	195691392	1697	-0.0248
34fd7e91-a4da-43d7-ba49-7702e4f46e54	3	195695418	195720051	19	0.6296
34fd7e91-a4da-43d7-ba49-7702e4f46e54	3	195728637	198169247	1185	0.0191
34fd7e91-a4da-43d7-ba49-7702e4f46e54	4	68929	9444321	5146	-0.0393
34fd7e91-a4da-43d7-ba49-7702e4f46e54	4	9445117	9484440	12	-0.7663
34fd7e91-a4da-43d7-ba49-7702e4f46e54	4	9494650	10212536	540	-0.0444
34fd7e91-a4da-43d7-ba49-7702e4f46e54	4	10221792	10222004	2	-2.5384
34fd7e91-a4da-43d7-ba49-7702e4f46e54	4	10222224	69523998	37039	-0.0341
34fd7e91-a4da-43d7-ba49-7702e4f46e54	4	69524143	69525061	2	-3.048
34fd7e91-a4da-43d7-ba49-7702e4f46e54	4	69526170	150903814	48790	-0.0224
34fd7e91-a4da-43d7-ba49-7702e4f46e54	4	150909346	151868634	517	0.7146
34fd7e91-a4da-43d7-ba49-7702e4f46e54	4	151870381	151871415	12	-0.9134
34fd7e91-a4da-43d7-ba49-7702e4f46e54	4	151871739	151874621	6	1.4966
34fd7e91-a4da-43d7-ba49-7702e4f46e54	4	151874768	156380587	3021	0.6847
34fd7e91-a4da-43d7-ba49-7702e4f46e54	4	156384225	156384770	12	-0.6934
34fd7e91-a4da-43d7-ba49-7702e4f46e54	4	156386889	157631821	759	0.687
34fd7e91-a4da-43d7-ba49-7702e4f46e54	4	157635739	157640571	7	-0.5496
34fd7e91-a4da-43d7-ba49-7702e4f46e54	4	157640707	160952848	2066	0.7143
34fd7e91-a4da-43d7-ba49-7702e4f46e54	4	160958866	160963767	22	-0.7449
34fd7e91-a4da-43d7-ba49-7702e4f46e54	4	160963806	167099967	3901	0.667
34fd7e91-a4da-43d7-ba49-7702e4f46e54	4	167105965	168628495	1015	0.9801
34fd7e91-a4da-43d7-ba49-7702e4f46e54	4	168631904	170430676	1114	1.3277
34fd7e91-a4da-43d7-ba49-7702e4f46e54	4	170430690	171448195	636	0.3732
34fd7e91-a4da-43d7-ba49-7702e4f46e54	4	171453733	171456625	12	-0.7626
34fd7e91-a4da-43d7-ba49-7702e4f46e54	4	171459220	172066777	397	0.3652
34fd7e91-a4da-43d7-ba49-7702e4f46e54	4	172067997	172074828	13	-0.2995
34fd7e91-a4da-43d7-ba49-7702e4f46e54	4	172075742	172480226	217	0.3552
34fd7e91-a4da-43d7-ba49-7702e4f46e54	4	172489540	175628395	1765	0.4236
34fd7e91-a4da-43d7-ba49-7702e4f46e54	4	175628571	179500744	2633	0.3382
34fd7e91-a4da-43d7-ba49-7702e4f46e54	4	179508381	190106768	7450	-0.6241
34fd7e91-a4da-43d7-ba49-7702e4f46e54	5	15532	685633	306	0.0217
34fd7e91-a4da-43d7-ba49-7702e4f46e54	5	698256	773453	27	-1.2611
34fd7e91-a4da-43d7-ba49-7702e4f46e54	5	779766	2449061	1090	-0.0216
34fd7e91-a4da-43d7-ba49-7702e4f46e54	5	2453263	5001117	2324	-0.0936
34fd7e91-a4da-43d7-ba49-7702e4f46e54	5	5003973	8725852	3220	-0.0472
34fd7e91-a4da-43d7-ba49-7702e4f46e54	5	8726039	10866000	1846	0.0039
34fd7e91-a4da-43d7-ba49-7702e4f46e54	5	10866348	12819201	1380	-0.0667
34fd7e91-a4da-43d7-ba49-7702e4f46e54	5	12819263	12838421	11	-1.6143
34fd7e91-a4da-43d7-ba49-7702e4f46e54	5	12849089	17629411	3186	-0.0228
34fd7e91-a4da-43d7-ba49-7702e4f46e54	5	17630366	17655029	8	-1.1355
34fd7e91-a4da-43d7-ba49-7702e4f46e54	5	17662996	27521042	5849	-0.0516
34fd7e91-a4da-43d7-ba49-7702e4f46e54	5	27524345	27525913	11	-0.6546
34fd7e91-a4da-43d7-ba49-7702e4f46e54	5	27527372	46271006	11418	-0.0397
34fd7e91-a4da-43d7-ba49-7702e4f46e54	5	46271828	46273400	6	-2.5992
34fd7e91-a4da-43d7-ba49-7702e4f46e54	5	46278110	122215226	44012	-0.0295
34fd7e91-a4da-43d7-ba49-7702e4f46e54	5	122217024	131349157	5635	0.0058
34fd7e91-a4da-43d7-ba49-7702e4f46e54	5	131352961	142458169	6393	-0.0313
34fd7e91-a4da-43d7-ba49-7702e4f46e54	5	142459942	142462360	5	-0.919
34fd7e91-a4da-43d7-ba49-7702e4f46e54	5	142463127	151344552	6039	-0.028
34fd7e91-a4da-43d7-ba49-7702e4f46e54	5	151346195	154465243	2218	-0.0585
34fd7e91-a4da-43d7-ba49-7702e4f46e54	5	154465433	154465503	2	-1.553
34fd7e91-a4da-43d7-ba49-7702e4f46e54	5	154476927	156049910	1062	-0.0494
34fd7e91-a4da-43d7-ba49-7702e4f46e54	5	156049988	156055186	6	-1.118
34fd7e91-a4da-43d7-ba49-7702e4f46e54	5	156055427	158454312	1665	-0.0768
34fd7e91-a4da-43d7-ba49-7702e4f46e54	5	158457891	164577921	4003	-0.0296
34fd7e91-a4da-43d7-ba49-7702e4f46e54	5	164583359	170267249	4273	-0.0666
34fd7e91-a4da-43d7-ba49-7702e4f46e54	5	170278157	170287166	4	0.3996
34fd7e91-a4da-43d7-ba49-7702e4f46e54	5	170290619	175225233	3600	-0.0228
34fd7e91-a4da-43d7-ba49-7702e4f46e54	5	175225864	175226106	3	-1.1518
34fd7e91-a4da-43d7-ba49-7702e4f46e54	5	175226263	175946505	516	-0.0225
34fd7e91-a4da-43d7-ba49-7702e4f46e54	5	175960543	176033084	13	0.4753
34fd7e91-a4da-43d7-ba49-7702e4f46e54	5	176038686	176042504	2	-2.9036
34fd7e91-a4da-43d7-ba49-7702e4f46e54	5	176043321	177771448	724	-0.0441
34fd7e91-a4da-43d7-ba49-7702e4f46e54	5	177800550	177805604	3	3.0418
34fd7e91-a4da-43d7-ba49-7702e4f46e54	5	177827964	180947523	1796	-0.043
34fd7e91-a4da-43d7-ba49-7702e4f46e54	5	180951710	180991103	19	0.7788
34fd7e91-a4da-43d7-ba49-7702e4f46e54	5	181006225	181363319	170	0.026
34fd7e91-a4da-43d7-ba49-7702e4f46e54	6	149661	257353	102	0.3497
34fd7e91-a4da-43d7-ba49-7702e4f46e54	6	258265	381149	100	-0.0347
34fd7e91-a4da-43d7-ba49-7702e4f46e54	6	382559	4701267	3570	0.3975
34fd7e91-a4da-43d7-ba49-7702e4f46e54	6	4703145	6204568	1258	0.3348
34fd7e91-a4da-43d7-ba49-7702e4f46e54	6	6205609	6551792	321	0.3951
34fd7e91-a4da-43d7-ba49-7702e4f46e54	6	6552679	6798855	203	0.7234
34fd7e91-a4da-43d7-ba49-7702e4f46e54	6	6802854	6804826	3	1.3677
34fd7e91-a4da-43d7-ba49-7702e4f46e54	6	6805099	6854533	54	0.7125
34fd7e91-a4da-43d7-ba49-7702e4f46e54	6	6857036	6857087	2	-1.0732
34fd7e91-a4da-43d7-ba49-7702e4f46e54	6	6859093	12777537	4474	0.6882
34fd7e91-a4da-43d7-ba49-7702e4f46e54	6	12779016	13262225	399	0.3537
34fd7e91-a4da-43d7-ba49-7702e4f46e54	6	13262274	13262357	2	-0.9362
34fd7e91-a4da-43d7-ba49-7702e4f46e54	6	13262908	15750201	1772	0.3375
34fd7e91-a4da-43d7-ba49-7702e4f46e54	6	15750287	15931901	176	0.6399
34fd7e91-a4da-43d7-ba49-7702e4f46e54	6	15932661	16701103	644	0.3409
34fd7e91-a4da-43d7-ba49-7702e4f46e54	6	16708541	17352214	440	0.9013
34fd7e91-a4da-43d7-ba49-7702e4f46e54	6	17353180	18186316	503	0.4074
34fd7e91-a4da-43d7-ba49-7702e4f46e54	6	18186499	26743855	6216	0.8962
34fd7e91-a4da-43d7-ba49-7702e4f46e54	6	26747492	26759781	5	-0.3301
34fd7e91-a4da-43d7-ba49-7702e4f46e54	6	26831719	28774563	958	0.88
34fd7e91-a4da-43d7-ba49-7702e4f46e54	6	28791051	28833606	9	0.5488
34fd7e91-a4da-43d7-ba49-7702e4f46e54	6	28838541	29663967	277	0.3422
34fd7e91-a4da-43d7-ba49-7702e4f46e54	6	29673518	29882589	189	0.6827
34fd7e91-a4da-43d7-ba49-7702e4f46e54	6	29882603	29933799	16	-0.6961
34fd7e91-a4da-43d7-ba49-7702e4f46e54	6	29940692	32481273	1151	0.6648
34fd7e91-a4da-43d7-ba49-7702e4f46e54	6	32485024	32533522	17	0.0043
34fd7e91-a4da-43d7-ba49-7702e4f46e54	6	32540699	32605994	16	2.0362
34fd7e91-a4da-43d7-ba49-7702e4f46e54	6	32606237	32614112	10	0.7333
34fd7e91-a4da-43d7-ba49-7702e4f46e54	6	32614426	32637799	12	-0.5276
34fd7e91-a4da-43d7-ba49-7702e4f46e54	6	32638107	32658841	9	1.4855
34fd7e91-a4da-43d7-ba49-7702e4f46e54	6	32682835	36181594	1972	0.6472
34fd7e91-a4da-43d7-ba49-7702e4f46e54	6	36185992	44788663	5714	-0.0359
34fd7e91-a4da-43d7-ba49-7702e4f46e54	6	44797798	54066477	6017	0.0013
34fd7e91-a4da-43d7-ba49-7702e4f46e54	6	54066582	54067057	4	1.3839
34fd7e91-a4da-43d7-ba49-7702e4f46e54	6	54070550	57385590	1986	0.0071
34fd7e91-a4da-43d7-ba49-7702e4f46e54	6	57387090	60746457	353	-0.0679
34fd7e91-a4da-43d7-ba49-7702e4f46e54	6	60749069	61153934	137	-0.2367
34fd7e91-a4da-43d7-ba49-7702e4f46e54	6	61166720	73882142	7912	-0.0392
34fd7e91-a4da-43d7-ba49-7702e4f46e54	6	73882509	73887625	9	0.9296
34fd7e91-a4da-43d7-ba49-7702e4f46e54	6	73891694	76726815	1772	-0.0219
34fd7e91-a4da-43d7-ba49-7702e4f46e54	6	76730151	76742956	19	-0.6143
34fd7e91-a4da-43d7-ba49-7702e4f46e54	6	76742972	92868861	10355	-0.0328
34fd7e91-a4da-43d7-ba49-7702e4f46e54	6	92868912	92949115	69	0.3601
34fd7e91-a4da-43d7-ba49-7702e4f46e54	6	92957110	94970302	1357	-0.0338
34fd7e91-a4da-43d7-ba49-7702e4f46e54	6	95386776	95470619	49	0.3158
34fd7e91-a4da-43d7-ba49-7702e4f46e54	6	95477871	114996934	12081	-0.0355
34fd7e91-a4da-43d7-ba49-7702e4f46e54	6	114997858	115003343	2	-1.7154
34fd7e91-a4da-43d7-ba49-7702e4f46e54	6	115004524	120707963	3337	-0.0243
34fd7e91-a4da-43d7-ba49-7702e4f46e54	6	120708659	120708730	2	-2.0872
34fd7e91-a4da-43d7-ba49-7702e4f46e54	6	120708803	131410711	6692	0.0027
34fd7e91-a4da-43d7-ba49-7702e4f46e54	6	131411062	135005144	2459	-0.0585
34fd7e91-a4da-43d7-ba49-7702e4f46e54	6	135005744	140544869	3672	-0.0068
34fd7e91-a4da-43d7-ba49-7702e4f46e54	6	140545499	140548647	2	-1.4689
34fd7e91-a4da-43d7-ba49-7702e4f46e54	6	140549273	149668321	5868	-0.0101
34fd7e91-a4da-43d7-ba49-7702e4f46e54	6	149675584	149675858	2	-1.5463
34fd7e91-a4da-43d7-ba49-7702e4f46e54	6	149678651	151098670	1033	0.006
34fd7e91-a4da-43d7-ba49-7702e4f46e54	6	151103362	160011299	6092	-0.0473
34fd7e91-a4da-43d7-ba49-7702e4f46e54	6	160011327	161079718	774	-0.016
34fd7e91-a4da-43d7-ba49-7702e4f46e54	6	161081062	164576543	2822	-0.1051
34fd7e91-a4da-43d7-ba49-7702e4f46e54	6	164576593	170741917	4115	-0.0411
34fd7e91-a4da-43d7-ba49-7702e4f46e54	7	43355	34828861	24913	-0.0122
34fd7e91-a4da-43d7-ba49-7702e4f46e54	7	34829312	39318293	3304	-0.0664
34fd7e91-a4da-43d7-ba49-7702e4f46e54	7	39318784	39799782	292	0.046
34fd7e91-a4da-43d7-ba49-7702e4f46e54	7	39803411	42802615	1997	-0.0836
34fd7e91-a4da-43d7-ba49-7702e4f46e54	7	42802892	48880795	3935	-0.005
34fd7e91-a4da-43d7-ba49-7702e4f46e54	7	48881602	50439876	1075	-0.0714
34fd7e91-a4da-43d7-ba49-7702e4f46e54	7	50440871	56776129	4562	-0.0086
34fd7e91-a4da-43d7-ba49-7702e4f46e54	7	56776894	69812389	3832	-0.0689
34fd7e91-a4da-43d7-ba49-7702e4f46e54	7	69816125	70955452	704	-0.0046
34fd7e91-a4da-43d7-ba49-7702e4f46e54	7	70958264	70961155	2	-2.6717
34fd7e91-a4da-43d7-ba49-7702e4f46e54	7	70963257	85129226	7851	-0.0295
34fd7e91-a4da-43d7-ba49-7702e4f46e54	7	85130563	85132797	2	-1.9036
34fd7e91-a4da-43d7-ba49-7702e4f46e54	7	85134507	107732304	13056	-0.0352
34fd7e91-a4da-43d7-ba49-7702e4f46e54	7	107737711	109797044	1408	-0.6142
34fd7e91-a4da-43d7-ba49-7702e4f46e54	7	109797612	109800866	15	0.1825
34fd7e91-a4da-43d7-ba49-7702e4f46e54	7	109801155	118303075	5198	-0.6095
34fd7e91-a4da-43d7-ba49-7702e4f46e54	7	118303970	118410924	59	-1.0836
34fd7e91-a4da-43d7-ba49-7702e4f46e54	7	118411989	118491168	76	-0.5974
34fd7e91-a4da-43d7-ba49-7702e4f46e54	7	118491626	126405632	4702	-0.0194
34fd7e91-a4da-43d7-ba49-7702e4f46e54	7	126405690	126406561	8	-1.2932
34fd7e91-a4da-43d7-ba49-7702e4f46e54	7	126406822	134100424	4701	-0.0443
34fd7e91-a4da-43d7-ba49-7702e4f46e54	7	134100442	134113805	33	0.5948
34fd7e91-a4da-43d7-ba49-7702e4f46e54	7	134114093	142052076	5182	-0.0393
34fd7e91-a4da-43d7-ba49-7702e4f46e54	7	142052984	144264193	1255	0.0313
34fd7e91-a4da-43d7-ba49-7702e4f46e54	7	144295437	144312471	3	1.2712
34fd7e91-a4da-43d7-ba49-7702e4f46e54	7	144326306	144503840	90	0.0221
34fd7e91-a4da-43d7-ba49-7702e4f46e54	7	144504519	148719571	2828	-0.0522
34fd7e91-a4da-43d7-ba49-7702e4f46e54	7	148720071	148755846	28	-0.6001
34fd7e91-a4da-43d7-ba49-7702e4f46e54	7	148756711	159324709	6690	-0.0423
34fd7e91-a4da-43d7-ba49-7702e4f46e54	7	159324804	159334314	16	-1.0303
34fd7e91-a4da-43d7-ba49-7702e4f46e54	8	81254	7598502	7763	-0.0631
34fd7e91-a4da-43d7-ba49-7702e4f46e54	8	7775900	7838739	3	-2.653
34fd7e91-a4da-43d7-ba49-7702e4f46e54	8	7873171	12092042	3248	-0.0165
34fd7e91-a4da-43d7-ba49-7702e4f46e54	8	12130217	12143614	6	-1.2815
34fd7e91-a4da-43d7-ba49-7702e4f46e54	8	12176798	12376891	13	0.4162
34fd7e91-a4da-43d7-ba49-7702e4f46e54	8	12382326	16404738	3553	-0.0496
34fd7e91-a4da-43d7-ba49-7702e4f46e54	8	16404755	16421186	27	-1.0173
34fd7e91-a4da-43d7-ba49-7702e4f46e54	8	16425078	25114437	6857	-0.0437
34fd7e91-a4da-43d7-ba49-7702e4f46e54	8	25114672	25126818	28	0.7353
34fd7e91-a4da-43d7-ba49-7702e4f46e54	8	25133589	74731303	29348	-0.0395
34fd7e91-a4da-43d7-ba49-7702e4f46e54	8	74732204	81876978	4193	0.0023
34fd7e91-a4da-43d7-ba49-7702e4f46e54	8	81877374	93365410	6528	-0.0454
34fd7e91-a4da-43d7-ba49-7702e4f46e54	8	93365691	95708756	1550	0.0073
34fd7e91-a4da-43d7-ba49-7702e4f46e54	8	95712584	98529080	1882	-0.0552
34fd7e91-a4da-43d7-ba49-7702e4f46e54	8	98529140	98580396	31	-0.6485
34fd7e91-a4da-43d7-ba49-7702e4f46e54	8	98583571	103931281	3105	-0.0201
34fd7e91-a4da-43d7-ba49-7702e4f46e54	8	103932253	108780359	3074	-0.0702
34fd7e91-a4da-43d7-ba49-7702e4f46e54	8	108780542	114619814	3185	-0.0219
34fd7e91-a4da-43d7-ba49-7702e4f46e54	8	114622258	114622678	6	-0.4355
34fd7e91-a4da-43d7-ba49-7702e4f46e54	8	114622851	114623125	5	-1.4518
34fd7e91-a4da-43d7-ba49-7702e4f46e54	8	114623457	114629502	24	-0.559
34fd7e91-a4da-43d7-ba49-7702e4f46e54	8	114638468	117543963	1842	-0.0707
34fd7e91-a4da-43d7-ba49-7702e4f46e54	8	117544204	130536079	9106	-0.0158
34fd7e91-a4da-43d7-ba49-7702e4f46e54	8	130536321	131326565	641	-0.0678
34fd7e91-a4da-43d7-ba49-7702e4f46e54	8	131326651	131331384	4	-1.2507
34fd7e91-a4da-43d7-ba49-7702e4f46e54	8	131331668	131561922	161	-0.058
34fd7e91-a4da-43d7-ba49-7702e4f46e54	8	131562611	131566822	3	-0.7676
34fd7e91-a4da-43d7-ba49-7702e4f46e54	8	131569807	131825447	177	-0.0058
34fd7e91-a4da-43d7-ba49-7702e4f46e54	8	131826674	134052663	1914	-0.0917
34fd7e91-a4da-43d7-ba49-7702e4f46e54	8	134053644	139809580	4714	-0.0383
34fd7e91-a4da-43d7-ba49-7702e4f46e54	8	139812082	139945228	86	-0.6557
34fd7e91-a4da-43d7-ba49-7702e4f46e54	8	139949611	140620316	418	-0.0504
34fd7e91-a4da-43d7-ba49-7702e4f46e54	8	140625507	141036137	235	0.1138
34fd7e91-a4da-43d7-ba49-7702e4f46e54	8	141040922	143217284	1109	-0.0308
34fd7e91-a4da-43d7-ba49-7702e4f46e54	8	143217495	143217531	2	-1.3938
34fd7e91-a4da-43d7-ba49-7702e4f46e54	8	143222462	143616987	130	0.0045
34fd7e91-a4da-43d7-ba49-7702e4f46e54	8	143623027	143624851	7	-1.5948
34fd7e91-a4da-43d7-ba49-7702e4f46e54	8	143636819	145072769	503	0.0203
34fd7e91-a4da-43d7-ba49-7702e4f46e54	9	46587	1436685	1446	0.0138
34fd7e91-a4da-43d7-ba49-7702e4f46e54	9	1438076	4181652	2864	-0.0588
34fd7e91-a4da-43d7-ba49-7702e4f46e54	9	4182238	5078423	931	0.0106
34fd7e91-a4da-43d7-ba49-7702e4f46e54	9	5078443	5081766	10	0.5693
34fd7e91-a4da-43d7-ba49-7702e4f46e54	9	5081852	5087087	19	0.0319
34fd7e91-a4da-43d7-ba49-7702e4f46e54	9	5097281	5108603	11	0.6466
34fd7e91-a4da-43d7-ba49-7702e4f46e54	9	5108648	15511564	8843	-0.0045
34fd7e91-a4da-43d7-ba49-7702e4f46e54	9	15515755	15546934	16	-0.9543
34fd7e91-a4da-43d7-ba49-7702e4f46e54	9	15549603	16265080	577	-0.0028
34fd7e91-a4da-43d7-ba49-7702e4f46e54	9	16265821	18367076	1891	-0.068
34fd7e91-a4da-43d7-ba49-7702e4f46e54	9	18371918	22492890	3232	0.0012
34fd7e91-a4da-43d7-ba49-7702e4f46e54	9	22501914	22502700	2	-3.2181
34fd7e91-a4da-43d7-ba49-7702e4f46e54	9	22509341	39547492	11333	-0.035
34fd7e91-a4da-43d7-ba49-7702e4f46e54	9	39588611	40099921	9	1.1423
34fd7e91-a4da-43d7-ba49-7702e4f46e54	9	40189830	41703482	94	-0.0852
34fd7e91-a4da-43d7-ba49-7702e4f46e54	9	41714376	42727685	55	-0.6437
34fd7e91-a4da-43d7-ba49-7702e4f46e54	9	42729302	68375055	247	-0.186
34fd7e91-a4da-43d7-ba49-7702e4f46e54	9	68381085	75338305	4926	-0.031
34fd7e91-a4da-43d7-ba49-7702e4f46e54	9	75341442	75352797	4	-1.4083
34fd7e91-a4da-43d7-ba49-7702e4f46e54	9	75359862	78657661	2541	-0.0124
34fd7e91-a4da-43d7-ba49-7702e4f46e54	9	78657681	80986707	1766	-0.0894
34fd7e91-a4da-43d7-ba49-7702e4f46e54	9	80987257	106427832	17516	-0.0365
34fd7e91-a4da-43d7-ba49-7702e4f46e54	9	106434801	113836432	5673	-0.0048
34fd7e91-a4da-43d7-ba49-7702e4f46e54	9	113836923	138200944	15484	-0.041
34fd7e91-a4da-43d7-ba49-7702e4f46e54	10	45792	751569	414	-0.0167
34fd7e91-a4da-43d7-ba49-7702e4f46e54	10	752021	754237	3	-2.3981
34fd7e91-a4da-43d7-ba49-7702e4f46e54	10	754273	2731586	1719	-0.0433
34fd7e91-a4da-43d7-ba49-7702e4f46e54	10	2738621	5810209	2779	0.0163
34fd7e91-a4da-43d7-ba49-7702e4f46e54	10	5810267	17907840	9938	-0.047
34fd7e91-a4da-43d7-ba49-7702e4f46e54	10	17910884	17929793	2	-1.7277
34fd7e91-a4da-43d7-ba49-7702e4f46e54	10	17934718	19632107	1375	-0.0061
34fd7e91-a4da-43d7-ba49-7702e4f46e54	10	19632174	24333362	3172	-0.0792
34fd7e91-a4da-43d7-ba49-7702e4f46e54	10	24333400	45798061	12025	-0.0313
34fd7e91-a4da-43d7-ba49-7702e4f46e54	10	45798171	45817039	2	-1.5661
34fd7e91-a4da-43d7-ba49-7702e4f46e54	10	45936113	46522514	235	-0.089
34fd7e91-a4da-43d7-ba49-7702e4f46e54	10	46522571	46526265	14	0.5642
34fd7e91-a4da-43d7-ba49-7702e4f46e54	10	46526280	48521737	601	-0.0222
34fd7e91-a4da-43d7-ba49-7702e4f46e54	10	48522876	48524943	4	-1.0194
34fd7e91-a4da-43d7-ba49-7702e4f46e54	10	48525216	50062639	1116	-0.0228
34fd7e91-a4da-43d7-ba49-7702e4f46e54	10	50070600	50097459	3	-1.4038
34fd7e91-a4da-43d7-ba49-7702e4f46e54	10	50107474	50264966	35	0.0336
34fd7e91-a4da-43d7-ba49-7702e4f46e54	10	50266583	50271518	3	-1.4851
34fd7e91-a4da-43d7-ba49-7702e4f46e54	10	50271732	50287043	8	-0.1696
34fd7e91-a4da-43d7-ba49-7702e4f46e54	10	50287088	50658327	310	0.1098
34fd7e91-a4da-43d7-ba49-7702e4f46e54	10	50658667	52493734	1396	-0.0725
34fd7e91-a4da-43d7-ba49-7702e4f46e54	10	52493900	53569656	835	0.0322
34fd7e91-a4da-43d7-ba49-7702e4f46e54	10	53570047	59349357	4204	-0.0457
34fd7e91-a4da-43d7-ba49-7702e4f46e54	10	59349970	62472067	2215	0.0179
34fd7e91-a4da-43d7-ba49-7702e4f46e54	10	62474018	66931441	3093	-0.0351
34fd7e91-a4da-43d7-ba49-7702e4f46e54	10	66931616	66935610	4	-1.1652
34fd7e91-a4da-43d7-ba49-7702e4f46e54	10	66939396	71075069	2739	-0.0277
34fd7e91-a4da-43d7-ba49-7702e4f46e54	10	71075156	71434094	254	0.3272
34fd7e91-a4da-43d7-ba49-7702e4f46e54	10	71436067	71519717	82	-0.068
34fd7e91-a4da-43d7-ba49-7702e4f46e54	10	71521981	83195139	7545	0.3737
34fd7e91-a4da-43d7-ba49-7702e4f46e54	10	83199628	83238012	24	1.0569
34fd7e91-a4da-43d7-ba49-7702e4f46e54	10	83245657	88613353	3636	0.3778
34fd7e91-a4da-43d7-ba49-7702e4f46e54	10	88614088	88614881	3	-0.9618
34fd7e91-a4da-43d7-ba49-7702e4f46e54	10	88617220	89199008	488	0.4294
34fd7e91-a4da-43d7-ba49-7702e4f46e54	10	89200990	89201963	4	1.2598
34fd7e91-a4da-43d7-ba49-7702e4f46e54	10	89202287	89987232	596	0.4201
34fd7e91-a4da-43d7-ba49-7702e4f46e54	10	89987395	92438951	1491	0.3524
34fd7e91-a4da-43d7-ba49-7702e4f46e54	10	92439751	95105427	1538	0.4144
34fd7e91-a4da-43d7-ba49-7702e4f46e54	10	95105451	95116202	18	-0.0576
34fd7e91-a4da-43d7-ba49-7702e4f46e54	10	95116218	105096602	6034	0.3845
34fd7e91-a4da-43d7-ba49-7702e4f46e54	10	105096899	108760189	2792	0.3178
34fd7e91-a4da-43d7-ba49-7702e4f46e54	10	108760545	113444969	3201	0.4095
34fd7e91-a4da-43d7-ba49-7702e4f46e54	10	113448998	113457106	8	-0.8998
34fd7e91-a4da-43d7-ba49-7702e4f46e54	10	113459555	115301755	1273	0.4262
34fd7e91-a4da-43d7-ba49-7702e4f46e54	10	115302018	120625523	3734	0.3627
34fd7e91-a4da-43d7-ba49-7702e4f46e54	10	120626507	122265093	1553	0.4193
34fd7e91-a4da-43d7-ba49-7702e4f46e54	10	122268273	133266702	7929	0.371
34fd7e91-a4da-43d7-ba49-7702e4f46e54	10	133279086	133654968	203	0.4369
34fd7e91-a4da-43d7-ba49-7702e4f46e54	11	198510	2695821	902	-0.5939
34fd7e91-a4da-43d7-ba49-7702e4f46e54	11	2695953	5769582	2338	-0.0359
34fd7e91-a4da-43d7-ba49-7702e4f46e54	11	5769733	5795002	30	0.3783
34fd7e91-a4da-43d7-ba49-7702e4f46e54	11	5795055	18919309	9400	-0.0117
34fd7e91-a4da-43d7-ba49-7702e4f46e54	11	18919323	18939855	40	-0.421
34fd7e91-a4da-43d7-ba49-7702e4f46e54	11	18940050	26349034	5892	-0.0492
34fd7e91-a4da-43d7-ba49-7702e4f46e54	11	26358622	28264072	1257	0.0291
34fd7e91-a4da-43d7-ba49-7702e4f46e54	11	28267388	32325172	2564	-0.0511
34fd7e91-a4da-43d7-ba49-7702e4f46e54	11	32325288	40937538	6132	-0.0045
34fd7e91-a4da-43d7-ba49-7702e4f46e54	11	40937595	55593885	5913	-0.0375
34fd7e91-a4da-43d7-ba49-7702e4f46e54	11	55593934	55608547	8	-0.9249
34fd7e91-a4da-43d7-ba49-7702e4f46e54	11	55608760	55674842	43	-2.042
34fd7e91-a4da-43d7-ba49-7702e4f46e54	11	55676735	55677818	4	0.519
34fd7e91-a4da-43d7-ba49-7702e4f46e54	11	55678469	55685533	7	-2.4858
34fd7e91-a4da-43d7-ba49-7702e4f46e54	11	55686100	121774919	42245	-0.0234
34fd7e91-a4da-43d7-ba49-7702e4f46e54	11	121775405	124257530	1837	-0.0973
34fd7e91-a4da-43d7-ba49-7702e4f46e54	11	124259451	128713049	3432	-0.047
34fd7e91-a4da-43d7-ba49-7702e4f46e54	11	128716029	131242273	1759	0.0056
34fd7e91-a4da-43d7-ba49-7702e4f46e54	11	131242418	135064169	3016	-0.0589
34fd7e91-a4da-43d7-ba49-7702e4f46e54	11	135067837	135074876	4	-0.4837
34fd7e91-a4da-43d7-ba49-7702e4f46e54	12	51460	1935994	1127	0.0356
34fd7e91-a4da-43d7-ba49-7702e4f46e54	12	1936005	9474642	5046	-0.0384
34fd7e91-a4da-43d7-ba49-7702e4f46e54	12	9477960	9583090	28	0.3755
34fd7e91-a4da-43d7-ba49-7702e4f46e54	12	9584060	10216408	477	-0.0371
34fd7e91-a4da-43d7-ba49-7702e4f46e54	12	10216450	11068125	557	0.0188
34fd7e91-a4da-43d7-ba49-7702e4f46e54	12	11070111	11088933	9	-1.3755
34fd7e91-a4da-43d7-ba49-7702e4f46e54	12	11099275	24164215	8828	-0.0072
34fd7e91-a4da-43d7-ba49-7702e4f46e54	12	24164241	24767113	435	-0.1037
34fd7e91-a4da-43d7-ba49-7702e4f46e54	12	24767350	33141726	6272	-0.0019
34fd7e91-a4da-43d7-ba49-7702e4f46e54	12	33148472	33154440	27	-0.6526
34fd7e91-a4da-43d7-ba49-7702e4f46e54	12	33155426	37593924	829	0.0038
34fd7e91-a4da-43d7-ba49-7702e4f46e54	12	37618765	37620216	2	-1.9586
34fd7e91-a4da-43d7-ba49-7702e4f46e54	12	37640556	58391169	12036	-0.0181
34fd7e91-a4da-43d7-ba49-7702e4f46e54	12	58391477	59282711	690	0.0653
34fd7e91-a4da-43d7-ba49-7702e4f46e54	12	59283447	70762141	7426	-0.0302
34fd7e91-a4da-43d7-ba49-7702e4f46e54	12	70762330	71455263	460	0.0918
34fd7e91-a4da-43d7-ba49-7702e4f46e54	12	71457979	80446147	5673	-0.0127
34fd7e91-a4da-43d7-ba49-7702e4f46e54	12	80446276	80456533	2	-2.1857
34fd7e91-a4da-43d7-ba49-7702e4f46e54	12	80458189	84064044	2260	-0.0514
34fd7e91-a4da-43d7-ba49-7702e4f46e54	12	84066282	84107460	23	-0.6223
34fd7e91-a4da-43d7-ba49-7702e4f46e54	12	84108573	86487001	1373	-0.0695
34fd7e91-a4da-43d7-ba49-7702e4f46e54	12	86488051	86488178	2	-2.8165
34fd7e91-a4da-43d7-ba49-7702e4f46e54	12	86496238	99022951	8269	-0.0078
34fd7e91-a4da-43d7-ba49-7702e4f46e54	12	99024109	129398557	20516	-0.0367
34fd7e91-a4da-43d7-ba49-7702e4f46e54	12	129400266	130456415	946	0.048
34fd7e91-a4da-43d7-ba49-7702e4f46e54	12	130456605	133029983	1449	-0.0446
34fd7e91-a4da-43d7-ba49-7702e4f46e54	12	133037546	133201603	69	0.1083
34fd7e91-a4da-43d7-ba49-7702e4f46e54	13	18452809	23055025	2852	-0.0272
34fd7e91-a4da-43d7-ba49-7702e4f46e54	13	23055038	23064056	16	0.6024
34fd7e91-a4da-43d7-ba49-7702e4f46e54	13	23064071	23522312	374	-0.0472
34fd7e91-a4da-43d7-ba49-7702e4f46e54	13	23524464	24886691	1049	0.0528
34fd7e91-a4da-43d7-ba49-7702e4f46e54	13	24888038	41715935	12139	-0.0238
34fd7e91-a4da-43d7-ba49-7702e4f46e54	13	41719626	44407070	2040	0.0411
34fd7e91-a4da-43d7-ba49-7702e4f46e54	13	44407675	49772097	3428	-0.0075
34fd7e91-a4da-43d7-ba49-7702e4f46e54	13	49772371	50954020	704	0.0587
34fd7e91-a4da-43d7-ba49-7702e4f46e54	13	50957539	71323685	12114	-0.0295
34fd7e91-a4da-43d7-ba49-7702e4f46e54	13	71325342	71902850	326	0.0156
34fd7e91-a4da-43d7-ba49-7702e4f46e54	13	71903417	71906467	5	1.0688
34fd7e91-a4da-43d7-ba49-7702e4f46e54	13	71912345	76239181	3221	0.0169
34fd7e91-a4da-43d7-ba49-7702e4f46e54	13	76239574	79043084	1884	-0.0617
34fd7e91-a4da-43d7-ba49-7702e4f46e54	13	79043551	79817409	450	0.0461
34fd7e91-a4da-43d7-ba49-7702e4f46e54	13	79824244	79824497	2	-1.6708
34fd7e91-a4da-43d7-ba49-7702e4f46e54	13	79825250	105059144	16886	-0.0355
34fd7e91-a4da-43d7-ba49-7702e4f46e54	13	105060057	114342922	6648	0.0088
34fd7e91-a4da-43d7-ba49-7702e4f46e54	14	18239283	19955213	167	-0.2882
34fd7e91-a4da-43d7-ba49-7702e4f46e54	14	19956767	73003509	33814	-0.0232
34fd7e91-a4da-43d7-ba49-7702e4f46e54	14	73004549	73009047	8	-1.226
34fd7e91-a4da-43d7-ba49-7702e4f46e54	14	73009884	75881373	1595	-0.0195
34fd7e91-a4da-43d7-ba49-7702e4f46e54	14	75881898	75882339	5	-1.0648
34fd7e91-a4da-43d7-ba49-7702e4f46e54	14	75884780	98632455	15722	-0.043
34fd7e91-a4da-43d7-ba49-7702e4f46e54	14	98632876	106069067	3718	-0.0056
34fd7e91-a4da-43d7-ba49-7702e4f46e54	14	106070718	106321086	97	0.512
34fd7e91-a4da-43d7-ba49-7702e4f46e54	14	106340102	106412640	36	0.0884
34fd7e91-a4da-43d7-ba49-7702e4f46e54	14	106416146	106492557	55	-0.6955
34fd7e91-a4da-43d7-ba49-7702e4f46e54	14	106493062	106877229	190	-0.0915
34fd7e91-a4da-43d7-ba49-7702e4f46e54	15	19811075	27878553	3742	-0.0985
34fd7e91-a4da-43d7-ba49-7702e4f46e54	15	27879929	30199184	1090	-0.0239
34fd7e91-a4da-43d7-ba49-7702e4f46e54	15	30201158	30269364	10	-1.157
34fd7e91-a4da-43d7-ba49-7702e4f46e54	15	30281107	53902792	14578	-0.0228
34fd7e91-a4da-43d7-ba49-7702e4f46e54	15	53908153	53910302	3	-1.9004
34fd7e91-a4da-43d7-ba49-7702e4f46e54	15	53912031	57789074	2565	-0.0183
34fd7e91-a4da-43d7-ba49-7702e4f46e54	15	57789648	57791230	3	-1.8344
34fd7e91-a4da-43d7-ba49-7702e4f46e54	15	57796193	62849289	3949	0.0054
34fd7e91-a4da-43d7-ba49-7702e4f46e54	15	62850004	62850446	2	-1.9276
34fd7e91-a4da-43d7-ba49-7702e4f46e54	15	62852037	76042215	7647	-0.0294
34fd7e91-a4da-43d7-ba49-7702e4f46e54	15	76048529	76052548	3	-1.9679
34fd7e91-a4da-43d7-ba49-7702e4f46e54	15	76056133	76598900	312	0.004
34fd7e91-a4da-43d7-ba49-7702e4f46e54	15	76599170	76599700	8	1.3531
34fd7e91-a4da-43d7-ba49-7702e4f46e54	15	76599852	76603434	13	0.8599
34fd7e91-a4da-43d7-ba49-7702e4f46e54	15	76609838	98125508	14784	-0.0298
34fd7e91-a4da-43d7-ba49-7702e4f46e54	15	98128809	101343255	2396	0.3637
34fd7e91-a4da-43d7-ba49-7702e4f46e54	15	101343732	101864933	407	0.4727
34fd7e91-a4da-43d7-ba49-7702e4f46e54	15	101880399	101928837	12	0.1168
34fd7e91-a4da-43d7-ba49-7702e4f46e54	16	10777	5144954	2216	-0.0143
34fd7e91-a4da-43d7-ba49-7702e4f46e54	16	5146084	5150514	5	-1.4043
34fd7e91-a4da-43d7-ba49-7702e4f46e54	16	5151597	6217863	1167	-0.062
34fd7e91-a4da-43d7-ba49-7702e4f46e54	16	6218154	6244486	24	-0.5058
34fd7e91-a4da-43d7-ba49-7702e4f46e54	16	6244808	6516695	341	-0.0314
34fd7e91-a4da-43d7-ba49-7702e4f46e54	16	6519771	6718476	281	-0.6486
34fd7e91-a4da-43d7-ba49-7702e4f46e54	16	6720487	8193033	1775	-0.0481
34fd7e91-a4da-43d7-ba49-7702e4f46e54	16	8194537	9548162	1181	0.021
34fd7e91-a4da-43d7-ba49-7702e4f46e54	16	9548647	15022400	4175	-0.046
34fd7e91-a4da-43d7-ba49-7702e4f46e54	16	15031584	17083464	846	0.0243
34fd7e91-a4da-43d7-ba49-7702e4f46e54	16	17083597	17084333	2	-1.4025
34fd7e91-a4da-43d7-ba49-7702e4f46e54	16	17084441	18335528	760	0.012
34fd7e91-a4da-43d7-ba49-7702e4f46e54	16	18540265	18751134	21	0.4921
34fd7e91-a4da-43d7-ba49-7702e4f46e54	16	18754907	18920752	66	0.0766
34fd7e91-a4da-43d7-ba49-7702e4f46e54	16	18924799	18939760	6	-0.727
34fd7e91-a4da-43d7-ba49-7702e4f46e54	16	18946466	19381921	293	0.0142
34fd7e91-a4da-43d7-ba49-7702e4f46e54	16	19382496	32169655	6810	-0.0424
34fd7e91-a4da-43d7-ba49-7702e4f46e54	16	32197425	33992188	65	-0.3654
34fd7e91-a4da-43d7-ba49-7702e4f46e54	16	33997462	55762682	6895	-0.0414
34fd7e91-a4da-43d7-ba49-7702e4f46e54	16	55764310	55764867	3	2.7181
34fd7e91-a4da-43d7-ba49-7702e4f46e54	16	55770436	78337711	14287	-0.0351
34fd7e91-a4da-43d7-ba49-7702e4f46e54	16	78338543	78350841	15	-2.1238
34fd7e91-a4da-43d7-ba49-7702e4f46e54	16	78350868	79915031	1954	-0.0701
34fd7e91-a4da-43d7-ba49-7702e4f46e54	16	79915451	90080548	8652	-0.0128
34fd7e91-a4da-43d7-ba49-7702e4f46e54	16	90082041	90096867	7	-0.3918
34fd7e91-a4da-43d7-ba49-7702e4f46e54	17	150733	18452078	11392	-0.017
34fd7e91-a4da-43d7-ba49-7702e4f46e54	17	18455632	18550123	24	-1.5627
34fd7e91-a4da-43d7-ba49-7702e4f46e54	17	18561272	36108874	6835	-0.0281
34fd7e91-a4da-43d7-ba49-7702e4f46e54	17	36109139	36200725	38	0.3841
34fd7e91-a4da-43d7-ba49-7702e4f46e54	17	36208249	46284997	5170	-0.0277
34fd7e91-a4da-43d7-ba49-7702e4f46e54	17	46286804	46446345	4	-1.194
34fd7e91-a4da-43d7-ba49-7702e4f46e54	17	46446360	52861230	3571	-0.0017
34fd7e91-a4da-43d7-ba49-7702e4f46e54	17	52861306	52868536	3	-1.3055
34fd7e91-a4da-43d7-ba49-7702e4f46e54	17	52870155	65292530	7198	-0.0297
34fd7e91-a4da-43d7-ba49-7702e4f46e54	17	65292559	66503190	768	0.0472
34fd7e91-a4da-43d7-ba49-7702e4f46e54	17	66504825	67054202	481	-0.0585
34fd7e91-a4da-43d7-ba49-7702e4f46e54	17	67054518	67055437	4	0.9346
34fd7e91-a4da-43d7-ba49-7702e4f46e54	17	67056188	70040594	1780	-0.0476
34fd7e91-a4da-43d7-ba49-7702e4f46e54	17	70040628	72898302	2339	0.0244
34fd7e91-a4da-43d7-ba49-7702e4f46e54	17	72901640	83091923	5420	-0.0155
34fd7e91-a4da-43d7-ba49-7702e4f46e54	18	48133	4551820	3290	0.0197
34fd7e91-a4da-43d7-ba49-7702e4f46e54	18	4552061	30608964	12977	-0.0338
34fd7e91-a4da-43d7-ba49-7702e4f46e54	18	30609037	31454277	540	0.0741
34fd7e91-a4da-43d7-ba49-7702e4f46e54	18	31454326	40680516	5969	-0.0277
34fd7e91-a4da-43d7-ba49-7702e4f46e54	18	40680526	40685413	13	-0.8484
34fd7e91-a4da-43d7-ba49-7702e4f46e54	18	40685425	46939611	4100	-0.0635
34fd7e91-a4da-43d7-ba49-7702e4f46e54	18	46940426	75413184	20431	-0.0245
34fd7e91-a4da-43d7-ba49-7702e4f46e54	18	75413914	79635113	3081	-0.0672
34fd7e91-a4da-43d7-ba49-7702e4f46e54	18	79635757	80257174	322	0.0466
34fd7e91-a4da-43d7-ba49-7702e4f46e54	19	90910	28803286	12025	-0.0408
34fd7e91-a4da-43d7-ba49-7702e4f46e54	19	28804412	28804682	2	-1.7887
34fd7e91-a4da-43d7-ba49-7702e4f46e54	19	28808537	40524803	7298	-0.0525
34fd7e91-a4da-43d7-ba49-7702e4f46e54	19	40525487	45408812	2510	0.004
34fd7e91-a4da-43d7-ba49-7702e4f46e54	19	45409085	58586487	7254	-0.0423
34fd7e91-a4da-43d7-ba49-7702e4f46e54	20	80664	1587007	1208	0.0133
34fd7e91-a4da-43d7-ba49-7702e4f46e54	20	1587075	1613247	37	-0.6561
34fd7e91-a4da-43d7-ba49-7702e4f46e54	20	1617300	3656993	1483	-0.0591
34fd7e91-a4da-43d7-ba49-7702e4f46e54	20	3657463	4130288	277	0.0733
34fd7e91-a4da-43d7-ba49-7702e4f46e54	20	4134266	5392434	994	-0.0537
34fd7e91-a4da-43d7-ba49-7702e4f46e54	20	5393520	15830031	8129	0.0102
34fd7e91-a4da-43d7-ba49-7702e4f46e54	20	15830155	15830171	2	-1.8221
34fd7e91-a4da-43d7-ba49-7702e4f46e54	20	15831848	20694472	4133	0.0018
34fd7e91-a4da-43d7-ba49-7702e4f46e54	20	20694510	24559595	2854	-0.0701
34fd7e91-a4da-43d7-ba49-7702e4f46e54	20	24561815	60043537	20558	-0.0252
34fd7e91-a4da-43d7-ba49-7702e4f46e54	20	60043748	64324800	2695	-0.0519
34fd7e91-a4da-43d7-ba49-7702e4f46e54	21	10354168	15210811	1151	-0.046
34fd7e91-a4da-43d7-ba49-7702e4f46e54	21	15212881	18393224	2191	0.0138
34fd7e91-a4da-43d7-ba49-7702e4f46e54	21	18393603	27079051	6676	-0.0517
34fd7e91-a4da-43d7-ba49-7702e4f46e54	21	27079090	27085616	9	-1.2821
34fd7e91-a4da-43d7-ba49-7702e4f46e54	21	27087592	37026378	7000	-0.0347
34fd7e91-a4da-43d7-ba49-7702e4f46e54	21	37027024	37056782	20	-0.6979
34fd7e91-a4da-43d7-ba49-7702e4f46e54	21	37056824	46677045	6812	-0.0132
34fd7e91-a4da-43d7-ba49-7702e4f46e54	22	15294547	18986128	1163	-0.0548
34fd7e91-a4da-43d7-ba49-7702e4f46e54	22	18987042	19960419	634	0.0555
34fd7e91-a4da-43d7-ba49-7702e4f46e54	22	19960814	50796027	21470	-0.0282
34fd7e91-a4da-43d7-ba49-7702e4f46e54	X	251810	5779660	2328	0.0237
34fd7e91-a4da-43d7-ba49-7702e4f46e54	X	5781049	5781353	2	-5.1552
34fd7e91-a4da-43d7-ba49-7702e4f46e54	X	5783136	10196495	3402	-0.0041
34fd7e91-a4da-43d7-ba49-7702e4f46e54	X	10196687	18015391	5208	0.0672
34fd7e91-a4da-43d7-ba49-7702e4f46e54	X	18016835	34790552	10765	0.0062
34fd7e91-a4da-43d7-ba49-7702e4f46e54	X	34790850	34792696	2	-3.478
34fd7e91-a4da-43d7-ba49-7702e4f46e54	X	34793377	35980336	694	-0.045
34fd7e91-a4da-43d7-ba49-7702e4f46e54	X	35981969	48046202	6571	0.0382
34fd7e91-a4da-43d7-ba49-7702e4f46e54	X	48046594	56122239	3344	-0.0182
34fd7e91-a4da-43d7-ba49-7702e4f46e54	X	56124298	78720929	7864	0.0357
34fd7e91-a4da-43d7-ba49-7702e4f46e54	X	78722473	80869449	1266	-0.0479
34fd7e91-a4da-43d7-ba49-7702e4f46e54	X	80869668	80870939	3	-2.5136
34fd7e91-a4da-43d7-ba49-7702e4f46e54	X	80871292	85028328	2138	-0.0305
34fd7e91-a4da-43d7-ba49-7702e4f46e54	X	85031320	85810844	478	0.1125
34fd7e91-a4da-43d7-ba49-7702e4f46e54	X	85810919	93668425	3989	-0.0151
34fd7e91-a4da-43d7-ba49-7702e4f46e54	X	93669112	93669139	2	-4.1946
34fd7e91-a4da-43d7-ba49-7702e4f46e54	X	93669153	124561178	17185	0.0159
34fd7e91-a4da-43d7-ba49-7702e4f46e54	X	124561265	124561338	2	-4.1812
34fd7e91-a4da-43d7-ba49-7702e4f46e54	X	124562237	138486125	7611	0.0108
34fd7e91-a4da-43d7-ba49-7702e4f46e54	X	138487253	138487325	2	-5.5446
34fd7e91-a4da-43d7-ba49-7702e4f46e54	X	138487380	155952689	10675	-0.0035
34fd7e91-a4da-43d7-ba49-7702e4f46e54	Y	2782397	22237545	6354	-0.9869
34fd7e91-a4da-43d7-ba49-7702e4f46e54	Y	22238391	22239245	3	-3.623
34fd7e91-a4da-43d7-ba49-7702e4f46e54	Y	22239325	56872112	279	-1.0286
