GDC_Aliquot	Chromosome	Start	End	Num_Probes	Segment_Mean
dd8f5f4c-e457-4bd8-a6f0-08e39e877a5b	1	62920	16569132	8642	-0.007
dd8f5f4c-e457-4bd8-a6f0-08e39e877a5b	1	16570326	16951445	111	0.3984
dd8f5f4c-e457-4bd8-a6f0-08e39e877a5b	1	16955930	47049121	17082	0.0027
dd8f5f4c-e457-4bd8-a6f0-08e39e877a5b	1	47050750	70836880	16035	-0.0355
dd8f5f4c-e457-4bd8-a6f0-08e39e877a5b	1	70839424	72303233	880	0.0255
dd8f5f4c-e457-4bd8-a6f0-08e39e877a5b	1	72303253	72345465	45	-1.0831
dd8f5f4c-e457-4bd8-a6f0-08e39e877a5b	1	72346221	105079911	20714	0.0004
dd8f5f4c-e457-4bd8-a6f0-08e39e877a5b	1	105080318	105080931	2	2.0689
dd8f5f4c-e457-4bd8-a6f0-08e39e877a5b	1	105084196	109690352	2869	0.0044
dd8f5f4c-e457-4bd8-a6f0-08e39e877a5b	1	109690415	109697556	12	-1.2427
dd8f5f4c-e457-4bd8-a6f0-08e39e877a5b	1	109702376	110799868	809	-0.007
dd8f5f4c-e457-4bd8-a6f0-08e39e877a5b	1	110799906	110858346	81	0.1678
dd8f5f4c-e457-4bd8-a6f0-08e39e877a5b	1	110858427	112147704	1058	0.0039
dd8f5f4c-e457-4bd8-a6f0-08e39e877a5b	1	112153343	112154591	22	-1.6988
dd8f5f4c-e457-4bd8-a6f0-08e39e877a5b	1	112154619	152789532	7806	0.0145
dd8f5f4c-e457-4bd8-a6f0-08e39e877a5b	1	152789570	152796094	32	0.5828
dd8f5f4c-e457-4bd8-a6f0-08e39e877a5b	1	152796224	174826800	14793	0.0052
dd8f5f4c-e457-4bd8-a6f0-08e39e877a5b	1	174827128	174835918	37	0.3788
dd8f5f4c-e457-4bd8-a6f0-08e39e877a5b	1	174835932	189354974	9666	0.0066
dd8f5f4c-e457-4bd8-a6f0-08e39e877a5b	1	189357207	189568201	128	-0.8594
dd8f5f4c-e457-4bd8-a6f0-08e39e877a5b	1	189577840	193186325	2418	0.0044
dd8f5f4c-e457-4bd8-a6f0-08e39e877a5b	1	193186382	193187218	7	0.8409
dd8f5f4c-e457-4bd8-a6f0-08e39e877a5b	1	193190593	196742057	2392	0.0114
dd8f5f4c-e457-4bd8-a6f0-08e39e877a5b	1	196745692	196832720	60	0.4793
dd8f5f4c-e457-4bd8-a6f0-08e39e877a5b	1	196843377	243163650	32082	0.0022
dd8f5f4c-e457-4bd8-a6f0-08e39e877a5b	1	243164636	243173458	2	2.0807
dd8f5f4c-e457-4bd8-a6f0-08e39e877a5b	1	243174914	248930189	3702	0.0291
dd8f5f4c-e457-4bd8-a6f0-08e39e877a5b	2	12784	24376380	17919	-0.0013
dd8f5f4c-e457-4bd8-a6f0-08e39e877a5b	2	24378642	24392774	24	-0.6425
dd8f5f4c-e457-4bd8-a6f0-08e39e877a5b	2	24392823	52512042	19173	0.0104
dd8f5f4c-e457-4bd8-a6f0-08e39e877a5b	2	52512079	52554404	43	0.6749
dd8f5f4c-e457-4bd8-a6f0-08e39e877a5b	2	52560811	87134049	21990	0.0074
dd8f5f4c-e457-4bd8-a6f0-08e39e877a5b	2	87146770	87835245	117	-0.5543
dd8f5f4c-e457-4bd8-a6f0-08e39e877a5b	2	87853065	89897956	655	-0.0064
dd8f5f4c-e457-4bd8-a6f0-08e39e877a5b	2	89920951	89960252	6	1.1943
dd8f5f4c-e457-4bd8-a6f0-08e39e877a5b	2	89963133	97210040	1048	0.0323
dd8f5f4c-e457-4bd8-a6f0-08e39e877a5b	2	97210463	97211069	3	-1.2688
dd8f5f4c-e457-4bd8-a6f0-08e39e877a5b	2	97211264	97359885	15	-0.0611
dd8f5f4c-e457-4bd8-a6f0-08e39e877a5b	2	97524284	97545247	8	1.07
dd8f5f4c-e457-4bd8-a6f0-08e39e877a5b	2	97545726	106266773	5571	0.0003
dd8f5f4c-e457-4bd8-a6f0-08e39e877a5b	2	106266875	106270952	9	-0.6337
dd8f5f4c-e457-4bd8-a6f0-08e39e877a5b	2	106271414	111541447	2639	0.0201
dd8f5f4c-e457-4bd8-a6f0-08e39e877a5b	2	111553264	111610248	11	-0.8264
dd8f5f4c-e457-4bd8-a6f0-08e39e877a5b	2	111615592	127099470	9699	0.0027
dd8f5f4c-e457-4bd8-a6f0-08e39e877a5b	2	127100187	127100370	2	2.396
dd8f5f4c-e457-4bd8-a6f0-08e39e877a5b	2	127101070	137642524	6244	-0.0064
dd8f5f4c-e457-4bd8-a6f0-08e39e877a5b	2	137646962	138104202	295	0.1116
dd8f5f4c-e457-4bd8-a6f0-08e39e877a5b	2	138104269	146104517	4906	-0.0106
dd8f5f4c-e457-4bd8-a6f0-08e39e877a5b	2	146106836	146109230	22	-1.5086
dd8f5f4c-e457-4bd8-a6f0-08e39e877a5b	2	146109341	208189585	37346	0.0082
dd8f5f4c-e457-4bd8-a6f0-08e39e877a5b	2	208190524	208193673	2	2.0071
dd8f5f4c-e457-4bd8-a6f0-08e39e877a5b	2	208195839	242147305	21656	-0.0058
dd8f5f4c-e457-4bd8-a6f0-08e39e877a5b	3	20930	36242239	26485	0.0367
dd8f5f4c-e457-4bd8-a6f0-08e39e877a5b	3	36242465	36243538	3	-1.9268
dd8f5f4c-e457-4bd8-a6f0-08e39e877a5b	3	36243787	60277992	14463	0.03
dd8f5f4c-e457-4bd8-a6f0-08e39e877a5b	3	60278199	60600589	353	-0.3309
dd8f5f4c-e457-4bd8-a6f0-08e39e877a5b	3	60601070	68697013	6450	0.0336
dd8f5f4c-e457-4bd8-a6f0-08e39e877a5b	3	68697108	68698262	14	-0.9136
dd8f5f4c-e457-4bd8-a6f0-08e39e877a5b	3	68699607	89334971	12606	0.0238
dd8f5f4c-e457-4bd8-a6f0-08e39e877a5b	3	89335001	89367227	52	0.288
dd8f5f4c-e457-4bd8-a6f0-08e39e877a5b	3	89367367	130057015	21971	0.025
dd8f5f4c-e457-4bd8-a6f0-08e39e877a5b	3	130057833	130087393	35	0.6299
dd8f5f4c-e457-4bd8-a6f0-08e39e877a5b	3	130088081	161797809	19570	0.031
dd8f5f4c-e457-4bd8-a6f0-08e39e877a5b	3	161797839	161797861	2	1.9626
dd8f5f4c-e457-4bd8-a6f0-08e39e877a5b	3	161798156	162790480	675	0.0362
dd8f5f4c-e457-4bd8-a6f0-08e39e877a5b	3	162794869	162807070	12	-2.0856
dd8f5f4c-e457-4bd8-a6f0-08e39e877a5b	3	162810842	162827928	11	0.0413
dd8f5f4c-e457-4bd8-a6f0-08e39e877a5b	3	162828441	162908207	47	-1.1676
dd8f5f4c-e457-4bd8-a6f0-08e39e877a5b	3	162908784	193160113	19156	0.0366
dd8f5f4c-e457-4bd8-a6f0-08e39e877a5b	3	193160173	193165114	19	-0.8422
dd8f5f4c-e457-4bd8-a6f0-08e39e877a5b	3	193168646	194830659	1095	0.0439
dd8f5f4c-e457-4bd8-a6f0-08e39e877a5b	3	194831045	194834085	4	-0.9144
dd8f5f4c-e457-4bd8-a6f0-08e39e877a5b	3	194834156	195685341	387	0.0368
dd8f5f4c-e457-4bd8-a6f0-08e39e877a5b	3	195691392	195729040	24	0.5183
dd8f5f4c-e457-4bd8-a6f0-08e39e877a5b	3	195729053	198169247	1181	0.0529
dd8f5f4c-e457-4bd8-a6f0-08e39e877a5b	4	68929	9455251	5155	-0.0008
dd8f5f4c-e457-4bd8-a6f0-08e39e877a5b	4	9459504	9477699	6	1.6937
dd8f5f4c-e457-4bd8-a6f0-08e39e877a5b	4	9484440	10208766	540	-0.019
dd8f5f4c-e457-4bd8-a6f0-08e39e877a5b	4	10221792	10229874	28	-1.8772
dd8f5f4c-e457-4bd8-a6f0-08e39e877a5b	4	10232590	10233644	7	-0.5079
dd8f5f4c-e457-4bd8-a6f0-08e39e877a5b	4	10234518	12329132	1753	0.0052
dd8f5f4c-e457-4bd8-a6f0-08e39e877a5b	4	12340485	12347791	7	1.0961
dd8f5f4c-e457-4bd8-a6f0-08e39e877a5b	4	12349390	34785333	15207	-0.0031
dd8f5f4c-e457-4bd8-a6f0-08e39e877a5b	4	34785368	34785527	2	-1.0337
dd8f5f4c-e457-4bd8-a6f0-08e39e877a5b	4	34785541	34806721	21	-0.2313
dd8f5f4c-e457-4bd8-a6f0-08e39e877a5b	4	34812568	34819718	11	-0.6332
dd8f5f4c-e457-4bd8-a6f0-08e39e877a5b	4	34822561	40158914	3535	0.0113
dd8f5f4c-e457-4bd8-a6f0-08e39e877a5b	4	40160152	40161351	4	-1.5199
dd8f5f4c-e457-4bd8-a6f0-08e39e877a5b	4	40162041	44954398	3035	0.0143
dd8f5f4c-e457-4bd8-a6f0-08e39e877a5b	4	44957749	44958572	3	-1.6496
dd8f5f4c-e457-4bd8-a6f0-08e39e877a5b	4	44958782	48066766	1724	-0.0107
dd8f5f4c-e457-4bd8-a6f0-08e39e877a5b	4	48066809	49203901	656	0.1265
dd8f5f4c-e457-4bd8-a6f0-08e39e877a5b	4	49204422	69255175	10854	-0.0023
dd8f5f4c-e457-4bd8-a6f0-08e39e877a5b	4	69255532	69414814	80	0.2705
dd8f5f4c-e457-4bd8-a6f0-08e39e877a5b	4	69415349	87842633	11510	0.0074
dd8f5f4c-e457-4bd8-a6f0-08e39e877a5b	4	87842735	87849248	16	0.6086
dd8f5f4c-e457-4bd8-a6f0-08e39e877a5b	4	87849407	103294549	9093	0.0016
dd8f5f4c-e457-4bd8-a6f0-08e39e877a5b	4	103296943	103296944	2	1.7411
dd8f5f4c-e457-4bd8-a6f0-08e39e877a5b	4	103296945	103824414	365	0.0121
dd8f5f4c-e457-4bd8-a6f0-08e39e877a5b	4	103830473	103832444	8	0.8196
dd8f5f4c-e457-4bd8-a6f0-08e39e877a5b	4	103832580	107145228	1859	0.0035
dd8f5f4c-e457-4bd8-a6f0-08e39e877a5b	4	107145578	107150731	14	0.5485
dd8f5f4c-e457-4bd8-a6f0-08e39e877a5b	4	107152350	114252544	4418	0.008
dd8f5f4c-e457-4bd8-a6f0-08e39e877a5b	4	114254167	114263110	26	0.8687
dd8f5f4c-e457-4bd8-a6f0-08e39e877a5b	4	114263154	115243289	601	0.033
dd8f5f4c-e457-4bd8-a6f0-08e39e877a5b	4	115243304	115259399	33	0.3291
dd8f5f4c-e457-4bd8-a6f0-08e39e877a5b	4	115261423	137168393	12580	-0.0039
dd8f5f4c-e457-4bd8-a6f0-08e39e877a5b	4	137170949	137173804	17	-0.6568
dd8f5f4c-e457-4bd8-a6f0-08e39e877a5b	4	137173818	188300104	32718	0.0045
dd8f5f4c-e457-4bd8-a6f0-08e39e877a5b	4	188300206	188300285	4	1.2403
dd8f5f4c-e457-4bd8-a6f0-08e39e877a5b	4	188301659	190106768	1142	0.013
dd8f5f4c-e457-4bd8-a6f0-08e39e877a5b	5	15532	659353	293	0.0174
dd8f5f4c-e457-4bd8-a6f0-08e39e877a5b	5	659490	2049210	752	-0.0675
dd8f5f4c-e457-4bd8-a6f0-08e39e877a5b	5	2050189	12785150	9128	0.0047
dd8f5f4c-e457-4bd8-a6f0-08e39e877a5b	5	12790757	12815668	5	1.1518
dd8f5f4c-e457-4bd8-a6f0-08e39e877a5b	5	12815753	21449167	5518	0.0139
dd8f5f4c-e457-4bd8-a6f0-08e39e877a5b	5	21451091	21452329	5	-1.8815
dd8f5f4c-e457-4bd8-a6f0-08e39e877a5b	5	21452387	46196012	14926	0.0171
dd8f5f4c-e457-4bd8-a6f0-08e39e877a5b	5	46199332	46199333	2	-1.9758
dd8f5f4c-e457-4bd8-a6f0-08e39e877a5b	5	46209197	46271006	15	0.1314
dd8f5f4c-e457-4bd8-a6f0-08e39e877a5b	5	46271828	46273400	6	0.9953
dd8f5f4c-e457-4bd8-a6f0-08e39e877a5b	5	46278110	50352191	87	0.0571
dd8f5f4c-e457-4bd8-a6f0-08e39e877a5b	5	50364025	50799188	181	0.1772
dd8f5f4c-e457-4bd8-a6f0-08e39e877a5b	5	50799926	85009498	20788	0.0199
dd8f5f4c-e457-4bd8-a6f0-08e39e877a5b	5	85011741	85011924	2	-1.6731
dd8f5f4c-e457-4bd8-a6f0-08e39e877a5b	5	85015403	86815939	987	0.0056
dd8f5f4c-e457-4bd8-a6f0-08e39e877a5b	5	86819561	86823329	3	-1.5391
dd8f5f4c-e457-4bd8-a6f0-08e39e877a5b	5	86825812	98951850	6656	0.0209
dd8f5f4c-e457-4bd8-a6f0-08e39e877a5b	5	98954847	100040785	656	0.1164
dd8f5f4c-e457-4bd8-a6f0-08e39e877a5b	5	100041063	106800794	3909	0.0301
dd8f5f4c-e457-4bd8-a6f0-08e39e877a5b	5	106801184	106948631	124	0.1809
dd8f5f4c-e457-4bd8-a6f0-08e39e877a5b	5	106958184	112887024	4096	0.0035
dd8f5f4c-e457-4bd8-a6f0-08e39e877a5b	5	112890964	112892102	2	-1.4479
dd8f5f4c-e457-4bd8-a6f0-08e39e877a5b	5	112894017	116205742	2369	0.0167
dd8f5f4c-e457-4bd8-a6f0-08e39e877a5b	5	116205773	116205948	2	-1.6276
dd8f5f4c-e457-4bd8-a6f0-08e39e877a5b	5	116207153	120940944	3302	0.0096
dd8f5f4c-e457-4bd8-a6f0-08e39e877a5b	5	120943004	164735114	27920	0.0307
dd8f5f4c-e457-4bd8-a6f0-08e39e877a5b	5	164736041	175946505	8309	0.0019
dd8f5f4c-e457-4bd8-a6f0-08e39e877a5b	5	175960543	175966609	3	1.5793
dd8f5f4c-e457-4bd8-a6f0-08e39e877a5b	5	175966747	180934266	2529	-0.0044
dd8f5f4c-e457-4bd8-a6f0-08e39e877a5b	5	180934813	180991103	24	-0.4582
dd8f5f4c-e457-4bd8-a6f0-08e39e877a5b	5	181006225	181363319	170	-0.0183
dd8f5f4c-e457-4bd8-a6f0-08e39e877a5b	6	149661	254283	100	-0.0234
dd8f5f4c-e457-4bd8-a6f0-08e39e877a5b	6	257353	375277	95	0.2576
dd8f5f4c-e457-4bd8-a6f0-08e39e877a5b	6	375759	16086019	12356	-0.0019
dd8f5f4c-e457-4bd8-a6f0-08e39e877a5b	6	16087003	16090743	9	-0.8466
dd8f5f4c-e457-4bd8-a6f0-08e39e877a5b	6	16092762	29731476	8952	0.0038
dd8f5f4c-e457-4bd8-a6f0-08e39e877a5b	6	29731936	29732302	2	-1.7112
dd8f5f4c-e457-4bd8-a6f0-08e39e877a5b	6	29732406	29873244	122	-0.071
dd8f5f4c-e457-4bd8-a6f0-08e39e877a5b	6	29875657	29909182	17	0.6513
dd8f5f4c-e457-4bd8-a6f0-08e39e877a5b	6	29913249	31313046	653	-0.0257
dd8f5f4c-e457-4bd8-a6f0-08e39e877a5b	6	31318499	31328176	8	1.4586
dd8f5f4c-e457-4bd8-a6f0-08e39e877a5b	6	31328210	32656814	561	-0.0142
dd8f5f4c-e457-4bd8-a6f0-08e39e877a5b	6	32657318	32658841	4	-1.4949
dd8f5f4c-e457-4bd8-a6f0-08e39e877a5b	6	32682835	48963228	10380	0.003
dd8f5f4c-e457-4bd8-a6f0-08e39e877a5b	6	48964092	48967563	4	-1.94
dd8f5f4c-e457-4bd8-a6f0-08e39e877a5b	6	48978926	60709007	5623	0.0023
dd8f5f4c-e457-4bd8-a6f0-08e39e877a5b	6	60710125	60713828	2	-1.5012
dd8f5f4c-e457-4bd8-a6f0-08e39e877a5b	6	60714219	65689656	2610	0.0065
dd8f5f4c-e457-4bd8-a6f0-08e39e877a5b	6	65689660	65693959	19	-0.6277
dd8f5f4c-e457-4bd8-a6f0-08e39e877a5b	6	65697234	66146460	293	0.0197
dd8f5f4c-e457-4bd8-a6f0-08e39e877a5b	6	66149545	66156016	9	-0.7225
dd8f5f4c-e457-4bd8-a6f0-08e39e877a5b	6	66165740	66283625	70	-0.0247
dd8f5f4c-e457-4bd8-a6f0-08e39e877a5b	6	66285029	66360419	91	0.2095
dd8f5f4c-e457-4bd8-a6f0-08e39e877a5b	6	66362651	76708370	6728	-0.0042
dd8f5f4c-e457-4bd8-a6f0-08e39e877a5b	6	76708490	76742924	35	0.3384
dd8f5f4c-e457-4bd8-a6f0-08e39e877a5b	6	76742956	78261995	981	0.0102
dd8f5f4c-e457-4bd8-a6f0-08e39e877a5b	6	78262064	78322600	103	0.424
dd8f5f4c-e457-4bd8-a6f0-08e39e877a5b	6	78322875	93781590	9909	0.0055
dd8f5f4c-e457-4bd8-a6f0-08e39e877a5b	6	93787331	94893921	732	0.0821
dd8f5f4c-e457-4bd8-a6f0-08e39e877a5b	6	94895192	103286954	4816	-0.0008
dd8f5f4c-e457-4bd8-a6f0-08e39e877a5b	6	103290101	103299557	11	-0.8883
dd8f5f4c-e457-4bd8-a6f0-08e39e877a5b	6	103299578	103303463	8	0.3946
dd8f5f4c-e457-4bd8-a6f0-08e39e877a5b	6	103303689	103314186	27	-0.8658
dd8f5f4c-e457-4bd8-a6f0-08e39e877a5b	6	103317795	170741917	44132	0.0031
dd8f5f4c-e457-4bd8-a6f0-08e39e877a5b	7	43355	148300	90	-0.1002
dd8f5f4c-e457-4bd8-a6f0-08e39e877a5b	7	155066	158626	10	-0.7647
dd8f5f4c-e457-4bd8-a6f0-08e39e877a5b	7	161442	3683635	1632	0.006
dd8f5f4c-e457-4bd8-a6f0-08e39e877a5b	7	3683730	3687967	2	1.5643
dd8f5f4c-e457-4bd8-a6f0-08e39e877a5b	7	3688126	4634827	781	-0.0106
dd8f5f4c-e457-4bd8-a6f0-08e39e877a5b	7	4644145	4644206	2	-2.0542
dd8f5f4c-e457-4bd8-a6f0-08e39e877a5b	7	4644243	16850302	9051	0.0138
dd8f5f4c-e457-4bd8-a6f0-08e39e877a5b	7	16850744	17664503	636	0.1004
dd8f5f4c-e457-4bd8-a6f0-08e39e877a5b	7	17664979	19000121	1073	0.0128
dd8f5f4c-e457-4bd8-a6f0-08e39e877a5b	7	19000201	19723571	733	0.1051
dd8f5f4c-e457-4bd8-a6f0-08e39e877a5b	7	19723696	22395161	2034	0.0107
dd8f5f4c-e457-4bd8-a6f0-08e39e877a5b	7	22395853	22396868	2	-2.7413
dd8f5f4c-e457-4bd8-a6f0-08e39e877a5b	7	22399135	54305455	22393	0.0033
dd8f5f4c-e457-4bd8-a6f0-08e39e877a5b	7	54318812	54318824	6	-1.4577
dd8f5f4c-e457-4bd8-a6f0-08e39e877a5b	7	54325795	134100442	43193	0.0061
dd8f5f4c-e457-4bd8-a6f0-08e39e877a5b	7	134100458	134130738	40	0.5335
dd8f5f4c-e457-4bd8-a6f0-08e39e877a5b	7	134133228	159334314	16070	0.0011
dd8f5f4c-e457-4bd8-a6f0-08e39e877a5b	8	81254	643041	322	-0.0403
dd8f5f4c-e457-4bd8-a6f0-08e39e877a5b	8	644944	645790	7	0.5689
dd8f5f4c-e457-4bd8-a6f0-08e39e877a5b	8	645875	645908	3	2.9894
dd8f5f4c-e457-4bd8-a6f0-08e39e877a5b	8	656117	16595194	14418	-0.0248
dd8f5f4c-e457-4bd8-a6f0-08e39e877a5b	8	16599252	16619032	14	-1.1883
dd8f5f4c-e457-4bd8-a6f0-08e39e877a5b	8	16625400	25116928	6687	-0.0215
dd8f5f4c-e457-4bd8-a6f0-08e39e877a5b	8	25116961	25126708	24	0.7451
dd8f5f4c-e457-4bd8-a6f0-08e39e877a5b	8	25126735	39373140	9005	-0.0168
dd8f5f4c-e457-4bd8-a6f0-08e39e877a5b	8	39378084	39529446	58	-1.6406
dd8f5f4c-e457-4bd8-a6f0-08e39e877a5b	8	39530780	57923483	9713	0.0092
dd8f5f4c-e457-4bd8-a6f0-08e39e877a5b	8	57928349	57929420	5	-0.8617
dd8f5f4c-e457-4bd8-a6f0-08e39e877a5b	8	57935654	63936079	3924	0.0256
dd8f5f4c-e457-4bd8-a6f0-08e39e877a5b	8	63936340	63936953	7	0.8797
dd8f5f4c-e457-4bd8-a6f0-08e39e877a5b	8	63937166	94545084	18064	0.0209
dd8f5f4c-e457-4bd8-a6f0-08e39e877a5b	8	94545324	94545764	7	0.9432
dd8f5f4c-e457-4bd8-a6f0-08e39e877a5b	8	94545887	106030769	7063	0.0248
dd8f5f4c-e457-4bd8-a6f0-08e39e877a5b	8	106030898	106137832	58	0.1653
dd8f5f4c-e457-4bd8-a6f0-08e39e877a5b	8	106140524	114568142	4933	0.0412
dd8f5f4c-e457-4bd8-a6f0-08e39e877a5b	8	114568336	114642539	64	0.2931
dd8f5f4c-e457-4bd8-a6f0-08e39e877a5b	8	114650365	140711719	19088	0.0398
dd8f5f4c-e457-4bd8-a6f0-08e39e877a5b	8	140711886	141031601	190	0.1706
dd8f5f4c-e457-4bd8-a6f0-08e39e877a5b	8	141031695	145072769	1758	-0.0089
dd8f5f4c-e457-4bd8-a6f0-08e39e877a5b	9	46587	11952280	11201	0.0199
dd8f5f4c-e457-4bd8-a6f0-08e39e877a5b	9	11952643	12566059	491	0.1277
dd8f5f4c-e457-4bd8-a6f0-08e39e877a5b	9	12566834	39140318	19412	0.0062
dd8f5f4c-e457-4bd8-a6f0-08e39e877a5b	9	39140350	68328914	435	0.2996
dd8f5f4c-e457-4bd8-a6f0-08e39e877a5b	9	68335112	116090405	34164	0.0036
dd8f5f4c-e457-4bd8-a6f0-08e39e877a5b	9	116092945	116097104	6	0.9881
dd8f5f4c-e457-4bd8-a6f0-08e39e877a5b	9	116098328	138200944	13713	-0.0007
dd8f5f4c-e457-4bd8-a6f0-08e39e877a5b	10	45792	76493093	51172	0.0009
dd8f5f4c-e457-4bd8-a6f0-08e39e877a5b	10	76497303	76497852	2	2.616
dd8f5f4c-e457-4bd8-a6f0-08e39e877a5b	10	76501509	133654968	39395	-0.0003
dd8f5f4c-e457-4bd8-a6f0-08e39e877a5b	11	198510	4946021	2416	0.0128
dd8f5f4c-e457-4bd8-a6f0-08e39e877a5b	11	4946166	4952799	27	0.8359
dd8f5f4c-e457-4bd8-a6f0-08e39e877a5b	11	4953934	5755762	772	0.009
dd8f5f4c-e457-4bd8-a6f0-08e39e877a5b	11	5755823	5787909	47	0.4575
dd8f5f4c-e457-4bd8-a6f0-08e39e877a5b	11	5788108	5864616	78	-0.051
dd8f5f4c-e457-4bd8-a6f0-08e39e877a5b	11	5865016	5922193	35	0.5474
dd8f5f4c-e457-4bd8-a6f0-08e39e877a5b	11	5922814	19474064	9811	0.0079
dd8f5f4c-e457-4bd8-a6f0-08e39e877a5b	11	19474369	19474907	2	-2.3994
dd8f5f4c-e457-4bd8-a6f0-08e39e877a5b	11	19476278	55566640	21214	0.0054
dd8f5f4c-e457-4bd8-a6f0-08e39e877a5b	11	55568402	56200722	454	0.1513
dd8f5f4c-e457-4bd8-a6f0-08e39e877a5b	11	56203903	59042524	1700	0.0074
dd8f5f4c-e457-4bd8-a6f0-08e39e877a5b	11	59043768	59086292	22	1.0227
dd8f5f4c-e457-4bd8-a6f0-08e39e877a5b	11	59087546	92097323	19188	0.0043
dd8f5f4c-e457-4bd8-a6f0-08e39e877a5b	11	92097492	92097877	2	3.2132
dd8f5f4c-e457-4bd8-a6f0-08e39e877a5b	11	92099538	101723653	7253	0.0047
dd8f5f4c-e457-4bd8-a6f0-08e39e877a5b	11	101727129	101727233	4	2.0001
dd8f5f4c-e457-4bd8-a6f0-08e39e877a5b	11	101727481	134739499	23430	-0.0024
dd8f5f4c-e457-4bd8-a6f0-08e39e877a5b	11	134739663	134740048	3	1.3278
dd8f5f4c-e457-4bd8-a6f0-08e39e877a5b	11	134740846	135074876	274	-0.0225
dd8f5f4c-e457-4bd8-a6f0-08e39e877a5b	12	51460	9481274	6167	0.0058
dd8f5f4c-e457-4bd8-a6f0-08e39e877a5b	12	9485313	9575696	23	0.8457
dd8f5f4c-e457-4bd8-a6f0-08e39e877a5b	12	9582373	11061546	1033	0.0015
dd8f5f4c-e457-4bd8-a6f0-08e39e877a5b	12	11062773	11184579	48	0.315
dd8f5f4c-e457-4bd8-a6f0-08e39e877a5b	12	11190547	30080125	13208	0.0102
dd8f5f4c-e457-4bd8-a6f0-08e39e877a5b	12	30080397	30088437	21	-0.5636
dd8f5f4c-e457-4bd8-a6f0-08e39e877a5b	12	30090521	42854100	6269	0.0061
dd8f5f4c-e457-4bd8-a6f0-08e39e877a5b	12	42854314	42855082	3	2.2689
dd8f5f4c-e457-4bd8-a6f0-08e39e877a5b	12	42856554	90089573	28813	0.0015
dd8f5f4c-e457-4bd8-a6f0-08e39e877a5b	12	90097892	90098297	7	-1.6524
dd8f5f4c-e457-4bd8-a6f0-08e39e877a5b	12	90099780	130028387	27267	0.0003
dd8f5f4c-e457-4bd8-a6f0-08e39e877a5b	12	130034810	130035119	2	2.2055
dd8f5f4c-e457-4bd8-a6f0-08e39e877a5b	12	130035265	130449039	375	-0.0244
dd8f5f4c-e457-4bd8-a6f0-08e39e877a5b	12	130449142	130449461	2	-1.4829
dd8f5f4c-e457-4bd8-a6f0-08e39e877a5b	12	130450251	131532954	856	-0.0233
dd8f5f4c-e457-4bd8-a6f0-08e39e877a5b	12	131537662	131537679	2	-1.8115
dd8f5f4c-e457-4bd8-a6f0-08e39e877a5b	12	131537855	133201603	669	-0.012
dd8f5f4c-e457-4bd8-a6f0-08e39e877a5b	13	18452809	31957984	9554	0.0039
dd8f5f4c-e457-4bd8-a6f0-08e39e877a5b	13	31958485	31964286	18	0.4369
dd8f5f4c-e457-4bd8-a6f0-08e39e877a5b	13	31965910	37496998	3898	0.0072
dd8f5f4c-e457-4bd8-a6f0-08e39e877a5b	13	37497899	37510620	16	-1.8027
dd8f5f4c-e457-4bd8-a6f0-08e39e877a5b	13	37514193	57176962	12511	0.0084
dd8f5f4c-e457-4bd8-a6f0-08e39e877a5b	13	57184136	57204246	34	-0.4972
dd8f5f4c-e457-4bd8-a6f0-08e39e877a5b	13	57215580	57332514	76	0.1013
dd8f5f4c-e457-4bd8-a6f0-08e39e877a5b	13	57332823	57333706	2	1.4522
dd8f5f4c-e457-4bd8-a6f0-08e39e877a5b	13	57336060	71903417	8901	0.0015
dd8f5f4c-e457-4bd8-a6f0-08e39e877a5b	13	71905409	71906467	4	1.2598
dd8f5f4c-e457-4bd8-a6f0-08e39e877a5b	13	71912345	114342922	29056	0.0023
dd8f5f4c-e457-4bd8-a6f0-08e39e877a5b	14	18239283	19957350	169	0.5413
dd8f5f4c-e457-4bd8-a6f0-08e39e877a5b	14	19957701	40139724	12858	0.0071
dd8f5f4c-e457-4bd8-a6f0-08e39e877a5b	14	40144718	40147715	2	-2.3033
dd8f5f4c-e457-4bd8-a6f0-08e39e877a5b	14	40148961	73540003	21181	0.006
dd8f5f4c-e457-4bd8-a6f0-08e39e877a5b	14	73540147	73554275	7	-2.0034
dd8f5f4c-e457-4bd8-a6f0-08e39e877a5b	14	73563196	105578033	20634	-0.0022
dd8f5f4c-e457-4bd8-a6f0-08e39e877a5b	14	105588560	105700900	16	-0.6652
dd8f5f4c-e457-4bd8-a6f0-08e39e877a5b	14	105701150	106340102	212	0.0697
dd8f5f4c-e457-4bd8-a6f0-08e39e877a5b	14	106340305	106346129	6	-2.5125
dd8f5f4c-e457-4bd8-a6f0-08e39e877a5b	14	106360014	106418444	31	-0.0739
dd8f5f4c-e457-4bd8-a6f0-08e39e877a5b	14	106423925	106462724	49	0.298
dd8f5f4c-e457-4bd8-a6f0-08e39e877a5b	14	106475361	106877229	194	0.0001
dd8f5f4c-e457-4bd8-a6f0-08e39e877a5b	15	19811075	20376202	93	-0.0505
dd8f5f4c-e457-4bd8-a6f0-08e39e877a5b	15	20376309	20381704	12	1.0448
dd8f5f4c-e457-4bd8-a6f0-08e39e877a5b	15	20384774	22005276	75	0.0205
dd8f5f4c-e457-4bd8-a6f0-08e39e877a5b	15	22227530	22299523	26	-0.6542
dd8f5f4c-e457-4bd8-a6f0-08e39e877a5b	15	22385639	34378326	7207	0.0052
dd8f5f4c-e457-4bd8-a6f0-08e39e877a5b	15	34378801	34576695	73	0.6402
dd8f5f4c-e457-4bd8-a6f0-08e39e877a5b	15	34576808	47914023	8143	0.0083
dd8f5f4c-e457-4bd8-a6f0-08e39e877a5b	15	47916046	47922506	10	-1.0769
dd8f5f4c-e457-4bd8-a6f0-08e39e877a5b	15	47925808	76586021	18242	0.0045
dd8f5f4c-e457-4bd8-a6f0-08e39e877a5b	15	76598900	76603434	22	0.6372
dd8f5f4c-e457-4bd8-a6f0-08e39e877a5b	15	76609838	100261398	16365	0.0019
dd8f5f4c-e457-4bd8-a6f0-08e39e877a5b	15	100261493	100266441	12	-0.6626
dd8f5f4c-e457-4bd8-a6f0-08e39e877a5b	15	100266816	101928837	1222	0.0086
dd8f5f4c-e457-4bd8-a6f0-08e39e877a5b	16	10777	14954911	11104	0.0001
dd8f5f4c-e457-4bd8-a6f0-08e39e877a5b	16	14954987	14993319	46	-0.7724
dd8f5f4c-e457-4bd8-a6f0-08e39e877a5b	16	14993320	15911711	362	0.0317
dd8f5f4c-e457-4bd8-a6f0-08e39e877a5b	16	15916726	15920411	2	1.6277
dd8f5f4c-e457-4bd8-a6f0-08e39e877a5b	16	15921005	16614737	256	-0.0046
dd8f5f4c-e457-4bd8-a6f0-08e39e877a5b	16	16620150	16645406	3	1.2799
dd8f5f4c-e457-4bd8-a6f0-08e39e877a5b	16	16645581	55762682	15140	-0.0046
dd8f5f4c-e457-4bd8-a6f0-08e39e877a5b	16	55764310	55764867	3	2.995
dd8f5f4c-e457-4bd8-a6f0-08e39e877a5b	16	55770436	55788532	15	0.6949
dd8f5f4c-e457-4bd8-a6f0-08e39e877a5b	16	55808442	78337711	14270	-0.0033
dd8f5f4c-e457-4bd8-a6f0-08e39e877a5b	16	78338543	78350841	16	0.8022
dd8f5f4c-e457-4bd8-a6f0-08e39e877a5b	16	78350868	87327787	9350	-0.0115
dd8f5f4c-e457-4bd8-a6f0-08e39e877a5b	16	87328225	87328258	2	-1.8769
dd8f5f4c-e457-4bd8-a6f0-08e39e877a5b	16	87330772	90096867	1255	-0.0416
dd8f5f4c-e457-4bd8-a6f0-08e39e877a5b	17	150733	16750987	10459	0.0014
dd8f5f4c-e457-4bd8-a6f0-08e39e877a5b	17	16754017	16819487	10	-0.8225
dd8f5f4c-e457-4bd8-a6f0-08e39e877a5b	17	16834846	18452078	910	0.0034
dd8f5f4c-e457-4bd8-a6f0-08e39e877a5b	17	18455632	18561272	25	0.8432
dd8f5f4c-e457-4bd8-a6f0-08e39e877a5b	17	18561907	19100750	170	0.0478
dd8f5f4c-e457-4bd8-a6f0-08e39e877a5b	17	19126843	19190137	2	-1.7714
dd8f5f4c-e457-4bd8-a6f0-08e39e877a5b	17	19245973	36109315	6657	0.0047
dd8f5f4c-e457-4bd8-a6f0-08e39e877a5b	17	36109735	36208249	37	0.9963
dd8f5f4c-e457-4bd8-a6f0-08e39e877a5b	17	36460442	41266838	2527	0.0183
dd8f5f4c-e457-4bd8-a6f0-08e39e877a5b	17	41266851	41273934	17	1.036
dd8f5f4c-e457-4bd8-a6f0-08e39e877a5b	17	41274198	83091923	24190	0.0059
dd8f5f4c-e457-4bd8-a6f0-08e39e877a5b	18	48133	59474321	35549	0.0029
dd8f5f4c-e457-4bd8-a6f0-08e39e877a5b	18	59474885	59475548	3	-3.2561
dd8f5f4c-e457-4bd8-a6f0-08e39e877a5b	18	59477319	67294271	5541	0.0076
dd8f5f4c-e457-4bd8-a6f0-08e39e877a5b	18	67294286	67300028	9	-0.945
dd8f5f4c-e457-4bd8-a6f0-08e39e877a5b	18	67300481	69076108	1375	0.0097
dd8f5f4c-e457-4bd8-a6f0-08e39e877a5b	18	69078869	69086089	38	-0.6194
dd8f5f4c-e457-4bd8-a6f0-08e39e877a5b	18	69090459	71447639	1622	-0.0085
dd8f5f4c-e457-4bd8-a6f0-08e39e877a5b	18	71448171	73901716	1979	0.038
dd8f5f4c-e457-4bd8-a6f0-08e39e877a5b	18	73903639	80257174	4561	-0.0185
dd8f5f4c-e457-4bd8-a6f0-08e39e877a5b	19	90910	20138657	8758	-0.0084
dd8f5f4c-e457-4bd8-a6f0-08e39e877a5b	19	20138880	20832230	403	0.1079
dd8f5f4c-e457-4bd8-a6f0-08e39e877a5b	19	20832327	24196300	1944	0.0008
dd8f5f4c-e457-4bd8-a6f0-08e39e877a5b	19	24197707	27705312	119	0.1869
dd8f5f4c-e457-4bd8-a6f0-08e39e877a5b	19	27706033	40839253	8263	-0.0114
dd8f5f4c-e457-4bd8-a6f0-08e39e877a5b	19	40845091	40863500	18	-0.7881
dd8f5f4c-e457-4bd8-a6f0-08e39e877a5b	19	40864842	42782612	895	-0.001
dd8f5f4c-e457-4bd8-a6f0-08e39e877a5b	19	42783304	43037267	115	-0.8122
dd8f5f4c-e457-4bd8-a6f0-08e39e877a5b	19	43038679	58586487	8579	-0.0067
dd8f5f4c-e457-4bd8-a6f0-08e39e877a5b	20	80664	1178828	868	-0.0094
dd8f5f4c-e457-4bd8-a6f0-08e39e877a5b	20	1179183	1181726	2	1.6971
dd8f5f4c-e457-4bd8-a6f0-08e39e877a5b	20	1181885	1601561	370	-0.01
dd8f5f4c-e457-4bd8-a6f0-08e39e877a5b	20	1609611	1613247	5	-1.4445
dd8f5f4c-e457-4bd8-a6f0-08e39e877a5b	20	1617300	64324800	41097	0.0046
dd8f5f4c-e457-4bd8-a6f0-08e39e877a5b	21	10354168	10590583	64	0.0166
dd8f5f4c-e457-4bd8-a6f0-08e39e877a5b	21	10591170	13300202	88	0.2776
dd8f5f4c-e457-4bd8-a6f0-08e39e877a5b	21	13300216	22278814	6139	0.0064
dd8f5f4c-e457-4bd8-a6f0-08e39e877a5b	21	22283580	22292338	9	-0.838
dd8f5f4c-e457-4bd8-a6f0-08e39e877a5b	21	22294679	23061396	575	0.0257
dd8f5f4c-e457-4bd8-a6f0-08e39e877a5b	21	23061463	23061523	2	1.7919
dd8f5f4c-e457-4bd8-a6f0-08e39e877a5b	21	23061642	46677045	16956	0.0021
dd8f5f4c-e457-4bd8-a6f0-08e39e877a5b	22	15294547	19270020	1358	-0.003
dd8f5f4c-e457-4bd8-a6f0-08e39e877a5b	22	19271127	19296849	15	-1.0226
dd8f5f4c-e457-4bd8-a6f0-08e39e877a5b	22	19296944	22398127	2081	-0.0303
dd8f5f4c-e457-4bd8-a6f0-08e39e877a5b	22	22398345	22398545	4	-1.2134
dd8f5f4c-e457-4bd8-a6f0-08e39e877a5b	22	22402989	22587641	87	0.0109
dd8f5f4c-e457-4bd8-a6f0-08e39e877a5b	22	22588299	22601454	3	-0.8946
dd8f5f4c-e457-4bd8-a6f0-08e39e877a5b	22	22602579	22685456	40	-0.0434
dd8f5f4c-e457-4bd8-a6f0-08e39e877a5b	22	22688887	22689044	2	-2.4862
dd8f5f4c-e457-4bd8-a6f0-08e39e877a5b	22	22690773	33777419	8040	-0.0023
dd8f5f4c-e457-4bd8-a6f0-08e39e877a5b	22	33778960	33778998	4	-2.2181
dd8f5f4c-e457-4bd8-a6f0-08e39e877a5b	22	33785435	38891905	3548	-0.0086
dd8f5f4c-e457-4bd8-a6f0-08e39e877a5b	22	38894915	38900899	4	1.1554
dd8f5f4c-e457-4bd8-a6f0-08e39e877a5b	22	38903109	38954217	37	0.0854
dd8f5f4c-e457-4bd8-a6f0-08e39e877a5b	22	38955461	38993700	26	-0.6462
dd8f5f4c-e457-4bd8-a6f0-08e39e877a5b	22	38993715	49146410	7054	-0.0074
dd8f5f4c-e457-4bd8-a6f0-08e39e877a5b	22	49146485	49533318	366	-0.1243
dd8f5f4c-e457-4bd8-a6f0-08e39e877a5b	22	49533378	50796027	590	-0.0276
dd8f5f4c-e457-4bd8-a6f0-08e39e877a5b	X	251810	2859805	152	0.0217
dd8f5f4c-e457-4bd8-a6f0-08e39e877a5b	X	2860281	2860304	2	-2.4593
dd8f5f4c-e457-4bd8-a6f0-08e39e877a5b	X	2860392	7259795	3304	0.0093
dd8f5f4c-e457-4bd8-a6f0-08e39e877a5b	X	7262489	7264451	3	-2.6191
dd8f5f4c-e457-4bd8-a6f0-08e39e877a5b	X	7264530	18762234	7815	0.0182
dd8f5f4c-e457-4bd8-a6f0-08e39e877a5b	X	18763587	18763919	2	-2.9691
dd8f5f4c-e457-4bd8-a6f0-08e39e877a5b	X	18764103	19169468	217	0.0054
dd8f5f4c-e457-4bd8-a6f0-08e39e877a5b	X	19169931	19169952	2	-3.6656
dd8f5f4c-e457-4bd8-a6f0-08e39e877a5b	X	19170299	53297234	19492	0.0122
dd8f5f4c-e457-4bd8-a6f0-08e39e877a5b	X	53300766	53301366	2	-3.1619
dd8f5f4c-e457-4bd8-a6f0-08e39e877a5b	X	53303249	105335137	23265	0.0147
dd8f5f4c-e457-4bd8-a6f0-08e39e877a5b	X	105335719	105339871	5	-2.7361
dd8f5f4c-e457-4bd8-a6f0-08e39e877a5b	X	105342655	128007152	12799	0.0161
dd8f5f4c-e457-4bd8-a6f0-08e39e877a5b	X	128011058	128107138	54	-2.7204
dd8f5f4c-e457-4bd8-a6f0-08e39e877a5b	X	128110796	155952689	16184	-0.0016
dd8f5f4c-e457-4bd8-a6f0-08e39e877a5b	Y	2782397	12525800	2830	-0.9046
dd8f5f4c-e457-4bd8-a6f0-08e39e877a5b	Y	12526171	12527059	2	1.8822
dd8f5f4c-e457-4bd8-a6f0-08e39e877a5b	Y	12528594	17455526	2383	-0.9153
dd8f5f4c-e457-4bd8-a6f0-08e39e877a5b	Y	17953528	17953562	2	-3.1907
dd8f5f4c-e457-4bd8-a6f0-08e39e877a5b	Y	18640448	56872112	1420	-0.8878
