GDC_Aliquot	Chromosome	Start	End	Num_Probes	Segment_Mean
e174cea5-8f30-4631-aeb8-51639d26428a	1	62920	12565994	6342	-0.1235
e174cea5-8f30-4631-aeb8-51639d26428a	1	12566181	12566520	2	-1.9226
e174cea5-8f30-4631-aeb8-51639d26428a	1	12567450	16542868	2298	-0.0972
e174cea5-8f30-4631-aeb8-51639d26428a	1	16544783	16766922	44	0.5294
e174cea5-8f30-4631-aeb8-51639d26428a	1	16767520	25256850	5326	-0.1119
e174cea5-8f30-4631-aeb8-51639d26428a	1	25266637	25318693	19	-0.6786
e174cea5-8f30-4631-aeb8-51639d26428a	1	25319167	61973626	21685	-0.1016
e174cea5-8f30-4631-aeb8-51639d26428a	1	61973643	62000561	36	-0.6685
e174cea5-8f30-4631-aeb8-51639d26428a	1	62002981	67078551	3738	-0.0839
e174cea5-8f30-4631-aeb8-51639d26428a	1	67086738	67099366	11	-0.8957
e174cea5-8f30-4631-aeb8-51639d26428a	1	67103141	72303233	3269	-0.0965
e174cea5-8f30-4631-aeb8-51639d26428a	1	72303253	72345450	44	-1.1227
e174cea5-8f30-4631-aeb8-51639d26428a	1	72345465	103589737	20008	-0.0943
e174cea5-8f30-4631-aeb8-51639d26428a	1	103613021	103616762	9	0.8199
e174cea5-8f30-4631-aeb8-51639d26428a	1	103620877	105470132	922	-0.1079
e174cea5-8f30-4631-aeb8-51639d26428a	1	105470754	105479753	18	-1.4699
e174cea5-8f30-4631-aeb8-51639d26428a	1	105481433	110837198	3503	-0.0996
e174cea5-8f30-4631-aeb8-51639d26428a	1	110837398	110841332	16	-0.7094
e174cea5-8f30-4631-aeb8-51639d26428a	1	110841350	143494500	6265	-0.091
e174cea5-8f30-4631-aeb8-51639d26428a	1	143541857	143748012	96	-1.0483
e174cea5-8f30-4631-aeb8-51639d26428a	1	143748074	143754798	18	-0.2054
e174cea5-8f30-4631-aeb8-51639d26428a	1	143759680	143942271	12	-0.8941
e174cea5-8f30-4631-aeb8-51639d26428a	1	144432083	196762956	32017	-0.101
e174cea5-8f30-4631-aeb8-51639d26428a	1	196769493	196830375	50	0.4363
e174cea5-8f30-4631-aeb8-51639d26428a	1	196832298	248574146	35638	-0.1067
e174cea5-8f30-4631-aeb8-51639d26428a	1	248585893	248626987	28	-1.0441
e174cea5-8f30-4631-aeb8-51639d26428a	1	248631163	248930189	145	-0.1413
e174cea5-8f30-4631-aeb8-51639d26428a	2	12784	1622367	1060	0.0045
e174cea5-8f30-4631-aeb8-51639d26428a	2	1622620	1627280	2	-3.1619
e174cea5-8f30-4631-aeb8-51639d26428a	2	1628754	14712369	10066	0.0496
e174cea5-8f30-4631-aeb8-51639d26428a	2	14713007	14713963	2	-2.3712
e174cea5-8f30-4631-aeb8-51639d26428a	2	14716790	34427804	12944	0.061
e174cea5-8f30-4631-aeb8-51639d26428a	2	34434869	34511990	57	0.6195
e174cea5-8f30-4631-aeb8-51639d26428a	2	34512096	39055210	3356	0.0679
e174cea5-8f30-4631-aeb8-51639d26428a	2	39055417	39055543	2	-2.7664
e174cea5-8f30-4631-aeb8-51639d26428a	2	39059061	40381231	942	0.0727
e174cea5-8f30-4631-aeb8-51639d26428a	2	40385644	40386349	2	-3.0817
e174cea5-8f30-4631-aeb8-51639d26428a	2	40387528	87476268	30811	0.0653
e174cea5-8f30-4631-aeb8-51639d26428a	2	87476397	87476789	2	-1.9578
e174cea5-8f30-4631-aeb8-51639d26428a	2	87487629	106263639	7344	0.0585
e174cea5-8f30-4631-aeb8-51639d26428a	2	106264257	106270799	12	-1.5472
e174cea5-8f30-4631-aeb8-51639d26428a	2	106270952	113604438	3785	0.0602
e174cea5-8f30-4631-aeb8-51639d26428a	2	113604837	113604839	2	-1.9546
e174cea5-8f30-4631-aeb8-51639d26428a	2	113623244	136706101	14141	0.0607
e174cea5-8f30-4631-aeb8-51639d26428a	2	136706702	136706718	2	-1.924
e174cea5-8f30-4631-aeb8-51639d26428a	2	136708052	146104517	5889	0.0599
e174cea5-8f30-4631-aeb8-51639d26428a	2	146106836	146109366	24	0.7541
e174cea5-8f30-4631-aeb8-51639d26428a	2	146120238	225868751	48897	0.0637
e174cea5-8f30-4631-aeb8-51639d26428a	2	225869074	225870874	3	-1.8389
e174cea5-8f30-4631-aeb8-51639d26428a	2	225873135	230213733	2818	0.063
e174cea5-8f30-4631-aeb8-51639d26428a	2	230213930	230214061	2	-1.8361
e174cea5-8f30-4631-aeb8-51639d26428a	2	230217409	242147305	7321	0.0413
e174cea5-8f30-4631-aeb8-51639d26428a	3	20930	60852613	41590	-0.0433
e174cea5-8f30-4631-aeb8-51639d26428a	3	60853386	60977409	134	-0.3716
e174cea5-8f30-4631-aeb8-51639d26428a	3	60985136	61081314	108	-0.602
e174cea5-8f30-4631-aeb8-51639d26428a	3	61085325	61185558	99	-0.2792
e174cea5-8f30-4631-aeb8-51639d26428a	3	61185605	68697013	5857	-0.0315
e174cea5-8f30-4631-aeb8-51639d26428a	3	68697108	68698262	14	0.9859
e174cea5-8f30-4631-aeb8-51639d26428a	3	68699607	99218940	15906	-0.0443
e174cea5-8f30-4631-aeb8-51639d26428a	3	99225614	99230577	38	0.4432
e174cea5-8f30-4631-aeb8-51639d26428a	3	99232120	114936935	9463	-0.0393
e174cea5-8f30-4631-aeb8-51639d26428a	3	114941745	114950103	7	-2.1508
e174cea5-8f30-4631-aeb8-51639d26428a	3	114950171	189642965	46273	-0.042
e174cea5-8f30-4631-aeb8-51639d26428a	3	189645889	189646849	11	-1.0333
e174cea5-8f30-4631-aeb8-51639d26428a	3	189653199	193161217	2498	-0.0463
e174cea5-8f30-4631-aeb8-51639d26428a	3	193162684	193165114	13	0.9922
e174cea5-8f30-4631-aeb8-51639d26428a	3	193168646	195691392	1488	-0.0574
e174cea5-8f30-4631-aeb8-51639d26428a	3	195695418	195747892	38	-0.4218
e174cea5-8f30-4631-aeb8-51639d26428a	3	195751823	198169247	1164	-0.0296
e174cea5-8f30-4631-aeb8-51639d26428a	4	68929	3884081	1568	-0.1396
e174cea5-8f30-4631-aeb8-51639d26428a	4	3896017	4117959	58	-0.8378
e174cea5-8f30-4631-aeb8-51639d26428a	4	4121101	9433608	3518	-0.1289
e174cea5-8f30-4631-aeb8-51639d26428a	4	9433998	9484440	19	0.4492
e174cea5-8f30-4631-aeb8-51639d26428a	4	9494650	10208766	538	-0.1078
e174cea5-8f30-4631-aeb8-51639d26428a	4	10212536	10222224	4	1.7557
e174cea5-8f30-4631-aeb8-51639d26428a	4	10227159	34777382	16996	-0.1061
e174cea5-8f30-4631-aeb8-51639d26428a	4	34777403	34823103	41	0.6396
e174cea5-8f30-4631-aeb8-51639d26428a	4	34828250	41403149	4360	-0.0974
e174cea5-8f30-4631-aeb8-51639d26428a	4	41404113	41405550	17	-0.9582
e174cea5-8f30-4631-aeb8-51639d26428a	4	41407153	54353318	6218	-0.0897
e174cea5-8f30-4631-aeb8-51639d26428a	4	54353363	54354188	8	-0.9499
e174cea5-8f30-4631-aeb8-51639d26428a	4	54355243	63806949	5941	-0.0979
e174cea5-8f30-4631-aeb8-51639d26428a	4	63807836	63861138	50	0.2099
e174cea5-8f30-4631-aeb8-51639d26428a	4	63861158	68378716	2841	-0.1055
e174cea5-8f30-4631-aeb8-51639d26428a	4	68389352	68395346	5	1.1024
e174cea5-8f30-4631-aeb8-51639d26428a	4	68416487	68569894	47	-0.2609
e174cea5-8f30-4631-aeb8-51639d26428a	4	68570184	68570195	3	-2.1525
e174cea5-8f30-4631-aeb8-51639d26428a	4	68570854	69257792	347	-0.0647
e174cea5-8f30-4631-aeb8-51639d26428a	4	69261926	69366081	54	-0.7614
e174cea5-8f30-4631-aeb8-51639d26428a	4	69366304	96312146	16660	-0.0971
e174cea5-8f30-4631-aeb8-51639d26428a	4	96312159	96316977	2	-2.0013
e174cea5-8f30-4631-aeb8-51639d26428a	4	96320386	160952788	38639	-0.1039
e174cea5-8f30-4631-aeb8-51639d26428a	4	160952848	160963448	21	-0.7203
e174cea5-8f30-4631-aeb8-51639d26428a	4	160963756	171448195	6668	-0.1147
e174cea5-8f30-4631-aeb8-51639d26428a	4	171453733	171456625	12	0.7182
e174cea5-8f30-4631-aeb8-51639d26428a	4	171459220	186921554	10458	-0.1153
e174cea5-8f30-4631-aeb8-51639d26428a	4	186924434	186927018	2	-1.9821
e174cea5-8f30-4631-aeb8-51639d26428a	4	186927142	188300104	880	-0.1154
e174cea5-8f30-4631-aeb8-51639d26428a	4	188300206	188300285	4	1.7538
e174cea5-8f30-4631-aeb8-51639d26428a	4	188301659	190106768	1141	-0.0906
e174cea5-8f30-4631-aeb8-51639d26428a	5	15532	12791608	10187	0.3305
e174cea5-8f30-4631-aeb8-51639d26428a	5	12800777	12826538	12	1.2293
e174cea5-8f30-4631-aeb8-51639d26428a	5	12833745	21434769	5503	0.3607
e174cea5-8f30-4631-aeb8-51639d26428a	5	21435254	21454830	16	-0.4642
e174cea5-8f30-4631-aeb8-51639d26428a	5	21468257	29019297	4377	0.3412
e174cea5-8f30-4631-aeb8-51639d26428a	5	29019981	29020510	4	-1.3044
e174cea5-8f30-4631-aeb8-51639d26428a	5	29023197	30237892	779	0.337
e174cea5-8f30-4631-aeb8-51639d26428a	5	30245531	30245651	3	-0.9593
e174cea5-8f30-4631-aeb8-51639d26428a	5	30246045	46191782	9772	0.3592
e174cea5-8f30-4631-aeb8-51639d26428a	5	46195781	46199333	4	-1.3808
e174cea5-8f30-4631-aeb8-51639d26428a	5	46209197	46271006	15	0.3384
e174cea5-8f30-4631-aeb8-51639d26428a	5	46271828	46273400	6	1.6966
e174cea5-8f30-4631-aeb8-51639d26428a	5	46278110	46328343	9	0.23
e174cea5-8f30-4631-aeb8-51639d26428a	5	46334235	180947523	81970	-0.1064
e174cea5-8f30-4631-aeb8-51639d26428a	5	180951710	181006264	21	-0.8726
e174cea5-8f30-4631-aeb8-51639d26428a	5	181015400	181363319	168	-0.1535
e174cea5-8f30-4631-aeb8-51639d26428a	6	149661	4467770	3565	0.1357
e174cea5-8f30-4631-aeb8-51639d26428a	6	4470144	4470347	2	-1.642
e174cea5-8f30-4631-aeb8-51639d26428a	6	4471238	29869295	18093	0.1495
e174cea5-8f30-4631-aeb8-51639d26428a	6	29869410	29906865	22	-0.9067
e174cea5-8f30-4631-aeb8-51639d26428a	6	29906932	31313046	658	0.1153
e174cea5-8f30-4631-aeb8-51639d26428a	6	31318499	31318528	2	-1.7793
e174cea5-8f30-4631-aeb8-51639d26428a	6	31318754	32486746	512	0.0984
e174cea5-8f30-4631-aeb8-51639d26428a	6	32488906	32658841	60	-0.375
e174cea5-8f30-4631-aeb8-51639d26428a	6	32682835	32718419	36	0.2144
e174cea5-8f30-4631-aeb8-51639d26428a	6	32720838	32723053	11	-0.6713
e174cea5-8f30-4631-aeb8-51639d26428a	6	32732907	54066477	13658	0.1414
e174cea5-8f30-4631-aeb8-51639d26428a	6	54066582	54067057	4	1.9559
e174cea5-8f30-4631-aeb8-51639d26428a	6	54070550	66355312	5408	0.1675
e174cea5-8f30-4631-aeb8-51639d26428a	6	66355582	66359506	2	-1.4089
e174cea5-8f30-4631-aeb8-51639d26428a	6	66360171	73882142	4980	0.146
e174cea5-8f30-4631-aeb8-51639d26428a	6	73882509	73891694	10	1.3899
e174cea5-8f30-4631-aeb8-51639d26428a	6	73893839	76733530	1780	0.1655
e174cea5-8f30-4631-aeb8-51639d26428a	6	76736482	76742972	9	-0.4896
e174cea5-8f30-4631-aeb8-51639d26428a	6	76743040	78259348	979	0.1475
e174cea5-8f30-4631-aeb8-51639d26428a	6	78259388	78342127	122	0.5798
e174cea5-8f30-4631-aeb8-51639d26428a	6	78342235	92595738	9051	0.1558
e174cea5-8f30-4631-aeb8-51639d26428a	6	92596385	94252833	1146	-0.6203
e174cea5-8f30-4631-aeb8-51639d26428a	6	94254969	94259138	3	-3.4051
e174cea5-8f30-4631-aeb8-51639d26428a	6	94262603	118659989	14678	-0.6393
e174cea5-8f30-4631-aeb8-51639d26428a	6	118660696	164795109	30779	0.1491
e174cea5-8f30-4631-aeb8-51639d26428a	6	164795327	169248672	3200	0.0979
e174cea5-8f30-4631-aeb8-51639d26428a	6	169249104	170741917	798	0.136
e174cea5-8f30-4631-aeb8-51639d26428a	7	43355	6797437	3415	0.0539
e174cea5-8f30-4631-aeb8-51639d26428a	7	6799093	6823062	4	-1.8144
e174cea5-8f30-4631-aeb8-51639d26428a	7	6824452	54305455	35047	0.0754
e174cea5-8f30-4631-aeb8-51639d26428a	7	54318812	54318824	6	-2.0275
e174cea5-8f30-4631-aeb8-51639d26428a	7	54325795	54467709	89	0.0701
e174cea5-8f30-4631-aeb8-51639d26428a	7	54467767	54467776	2	-2.7735
e174cea5-8f30-4631-aeb8-51639d26428a	7	54467893	55022686	420	0.0567
e174cea5-8f30-4631-aeb8-51639d26428a	7	55022920	55023177	7	-1.1252
e174cea5-8f30-4631-aeb8-51639d26428a	7	55025406	56733561	1059	0.0789
e174cea5-8f30-4631-aeb8-51639d26428a	7	56740039	56908389	38	-1.4613
e174cea5-8f30-4631-aeb8-51639d26428a	7	56997653	61093309	430	0.0426
e174cea5-8f30-4631-aeb8-51639d26428a	7	62239187	62332999	22	-0.7662
e174cea5-8f30-4631-aeb8-51639d26428a	7	62526795	63675854	286	0.1368
e174cea5-8f30-4631-aeb8-51639d26428a	7	63677725	63841552	25	0.9314
e174cea5-8f30-4631-aeb8-51639d26428a	7	63842064	67172252	1356	0.0643
e174cea5-8f30-4631-aeb8-51639d26428a	7	67176387	67180245	5	-2.2742
e174cea5-8f30-4631-aeb8-51639d26428a	7	67182652	71431704	2738	0.0633
e174cea5-8f30-4631-aeb8-51639d26428a	7	71432530	71493319	41	-3.1016
e174cea5-8f30-4631-aeb8-51639d26428a	7	71493340	85581394	7713	0.0788
e174cea5-8f30-4631-aeb8-51639d26428a	7	85581500	85581892	2	-2.6558
e174cea5-8f30-4631-aeb8-51639d26428a	7	85589423	88563524	1657	0.0616
e174cea5-8f30-4631-aeb8-51639d26428a	7	88566274	88566450	2	2.0501
e174cea5-8f30-4631-aeb8-51639d26428a	7	88567140	90508731	1296	0.1429
e174cea5-8f30-4631-aeb8-51639d26428a	7	90509076	91243341	510	0.0521
e174cea5-8f30-4631-aeb8-51639d26428a	7	91243441	91245462	2	-1.5372
e174cea5-8f30-4631-aeb8-51639d26428a	7	91245532	93910482	1745	0.0718
e174cea5-8f30-4631-aeb8-51639d26428a	7	93915505	93916019	2	-2.1473
e174cea5-8f30-4631-aeb8-51639d26428a	7	93916756	97777749	2407	0.0688
e174cea5-8f30-4631-aeb8-51639d26428a	7	97788295	97791337	3	-1.5375
e174cea5-8f30-4631-aeb8-51639d26428a	7	97791338	107925543	5302	0.0692
e174cea5-8f30-4631-aeb8-51639d26428a	7	107926043	107926324	2	-2.9391
e174cea5-8f30-4631-aeb8-51639d26428a	7	107932809	119513288	7183	0.0795
e174cea5-8f30-4631-aeb8-51639d26428a	7	119516469	119522393	11	-1.5678
e174cea5-8f30-4631-aeb8-51639d26428a	7	119522676	126404920	4144	0.0779
e174cea5-8f30-4631-aeb8-51639d26428a	7	126405428	126406561	12	1.029
e174cea5-8f30-4631-aeb8-51639d26428a	7	126406822	159334314	20822	0.0622
e174cea5-8f30-4631-aeb8-51639d26428a	8	81254	208062	4	0.2602
e174cea5-8f30-4631-aeb8-51639d26428a	8	212672	643041	314	-0.5849
e174cea5-8f30-4631-aeb8-51639d26428a	8	644944	645875	8	0.707
e174cea5-8f30-4631-aeb8-51639d26428a	8	645892	645908	2	4.0247
e174cea5-8f30-4631-aeb8-51639d26428a	8	656117	2356644	1293	-0.5793
e174cea5-8f30-4631-aeb8-51639d26428a	8	2359634	2361881	4	-2.51
e174cea5-8f30-4631-aeb8-51639d26428a	8	2363075	5936498	4595	-0.5276
e174cea5-8f30-4631-aeb8-51639d26428a	8	5936527	12374907	4768	-0.5798
e174cea5-8f30-4631-aeb8-51639d26428a	8	12376131	23544795	9280	-0.5211
e174cea5-8f30-4631-aeb8-51639d26428a	8	23550227	23550358	5	-2.3754
e174cea5-8f30-4631-aeb8-51639d26428a	8	23550392	25114672	1133	-0.5259
e174cea5-8f30-4631-aeb8-51639d26428a	8	25116928	25126818	27	0.0086
e174cea5-8f30-4631-aeb8-51639d26428a	8	25133589	32821348	5418	-0.5211
e174cea5-8f30-4631-aeb8-51639d26428a	8	32825580	32830895	8	1.4643
e174cea5-8f30-4631-aeb8-51639d26428a	8	32834588	35389920	1450	-0.5303
e174cea5-8f30-4631-aeb8-51639d26428a	8	35391230	35538629	74	0.736
e174cea5-8f30-4631-aeb8-51639d26428a	8	35541901	36122284	304	-0.5525
e174cea5-8f30-4631-aeb8-51639d26428a	8	36126731	36335055	121	0.6887
e174cea5-8f30-4631-aeb8-51639d26428a	8	36338517	37067019	401	-0.5049
e174cea5-8f30-4631-aeb8-51639d26428a	8	37068563	37071854	2	-2.3238
e174cea5-8f30-4631-aeb8-51639d26428a	8	37071920	37354066	224	-0.5295
e174cea5-8f30-4631-aeb8-51639d26428a	8	37356605	37451254	59	0.7311
e174cea5-8f30-4631-aeb8-51639d26428a	8	37451731	37451998	2	-0.7316
e174cea5-8f30-4631-aeb8-51639d26428a	8	37452009	38266279	351	0.692
e174cea5-8f30-4631-aeb8-51639d26428a	8	38270728	38339886	27	-0.5151
e174cea5-8f30-4631-aeb8-51639d26428a	8	38346560	39372806	561	0.6881
e174cea5-8f30-4631-aeb8-51639d26428a	8	39373140	39530780	61	1.4037
e174cea5-8f30-4631-aeb8-51639d26428a	8	39531260	40324459	585	0.715
e174cea5-8f30-4631-aeb8-51639d26428a	8	40324478	40336910	38	0.2805
e174cea5-8f30-4631-aeb8-51639d26428a	8	40336937	54296370	6632	0.6897
e174cea5-8f30-4631-aeb8-51639d26428a	8	54296488	54298558	7	-3.9326
e174cea5-8f30-4631-aeb8-51639d26428a	8	54298653	57204927	1920	0.6917
e174cea5-8f30-4631-aeb8-51639d26428a	8	57205493	57217466	3	-2.5615
e174cea5-8f30-4631-aeb8-51639d26428a	8	57220239	74396083	10899	0.696
e174cea5-8f30-4631-aeb8-51639d26428a	8	74406948	74415359	5	-0.9426
e174cea5-8f30-4631-aeb8-51639d26428a	8	74416300	84345754	5783	0.7052
e174cea5-8f30-4631-aeb8-51639d26428a	8	84350648	84356431	19	-0.5771
e174cea5-8f30-4631-aeb8-51639d26428a	8	84358447	88913391	2427	0.6945
e174cea5-8f30-4631-aeb8-51639d26428a	8	88916149	88917766	5	-1.0813
e174cea5-8f30-4631-aeb8-51639d26428a	8	88917857	141985794	35432	0.693
e174cea5-8f30-4631-aeb8-51639d26428a	8	141986677	142004283	7	-1.0553
e174cea5-8f30-4631-aeb8-51639d26428a	8	142004701	145072769	1175	0.6218
e174cea5-8f30-4631-aeb8-51639d26428a	9	46587	4545685	4682	-0.0802
e174cea5-8f30-4631-aeb8-51639d26428a	9	4547288	4547320	2	-2.0249
e174cea5-8f30-4631-aeb8-51639d26428a	9	4547412	8208014	3212	-0.0577
e174cea5-8f30-4631-aeb8-51639d26428a	9	8208407	8208825	2	-1.86
e174cea5-8f30-4631-aeb8-51639d26428a	9	8208999	13217801	4254	-0.0521
e174cea5-8f30-4631-aeb8-51639d26428a	9	13219571	13219688	2	-2.4492
e174cea5-8f30-4631-aeb8-51639d26428a	9	13220511	25465154	9786	-0.0706
e174cea5-8f30-4631-aeb8-51639d26428a	9	25465751	25466643	2	-1.961
e174cea5-8f30-4631-aeb8-51639d26428a	9	25467901	29338612	2984	-0.0599
e174cea5-8f30-4631-aeb8-51639d26428a	9	29340916	31248791	1332	-0.4735
e174cea5-8f30-4631-aeb8-51639d26428a	9	31249991	42143196	5019	-0.0858
e174cea5-8f30-4631-aeb8-51639d26428a	9	42145255	42230926	12	0.8728
e174cea5-8f30-4631-aeb8-51639d26428a	9	42259927	42709174	20	0.0711
e174cea5-8f30-4631-aeb8-51639d26428a	9	42709863	42726239	7	-0.7137
e174cea5-8f30-4631-aeb8-51639d26428a	9	42727685	61521913	44	-0.029
e174cea5-8f30-4631-aeb8-51639d26428a	9	61523548	61665362	29	0.4015
e174cea5-8f30-4631-aeb8-51639d26428a	9	61668104	69413658	1038	-0.0821
e174cea5-8f30-4631-aeb8-51639d26428a	9	69420283	69434112	16	1.4611
e174cea5-8f30-4631-aeb8-51639d26428a	9	69434688	81060581	8440	-0.0797
e174cea5-8f30-4631-aeb8-51639d26428a	9	81060594	81060598	2	-2.3999
e174cea5-8f30-4631-aeb8-51639d26428a	9	81060651	110062586	20399	-0.0862
e174cea5-8f30-4631-aeb8-51639d26428a	9	110067939	110068334	3	-2.8337
e174cea5-8f30-4631-aeb8-51639d26428a	9	110069252	129844762	13546	-0.0884
e174cea5-8f30-4631-aeb8-51639d26428a	9	129848337	129852133	11	-1.301
e174cea5-8f30-4631-aeb8-51639d26428a	9	129852157	137692080	4308	-0.1148
e174cea5-8f30-4631-aeb8-51639d26428a	9	137692188	137692201	2	-1.9527
e174cea5-8f30-4631-aeb8-51639d26428a	9	137696929	138177488	299	-0.0989
e174cea5-8f30-4631-aeb8-51639d26428a	9	138180185	138200944	5	0.5839
e174cea5-8f30-4631-aeb8-51639d26428a	10	45792	1186069	684	-0.1203
e174cea5-8f30-4631-aeb8-51639d26428a	10	1189453	1190390	2	-2.7506
e174cea5-8f30-4631-aeb8-51639d26428a	10	1190536	56753095	37576	-0.0907
e174cea5-8f30-4631-aeb8-51639d26428a	10	56756615	56767077	41	-0.9502
e174cea5-8f30-4631-aeb8-51639d26428a	10	56772992	65581795	6155	-0.0839
e174cea5-8f30-4631-aeb8-51639d26428a	10	65583696	65584197	8	-0.9376
e174cea5-8f30-4631-aeb8-51639d26428a	10	65585009	66466860	691	-0.0696
e174cea5-8f30-4631-aeb8-51639d26428a	10	66476203	66481771	5	-1.9503
e174cea5-8f30-4631-aeb8-51639d26428a	10	66483604	66548579	50	-0.2027
e174cea5-8f30-4631-aeb8-51639d26428a	10	66551816	130334322	43338	-0.0939
e174cea5-8f30-4631-aeb8-51639d26428a	10	130336278	133654968	2107	-0.1662
e174cea5-8f30-4631-aeb8-51639d26428a	11	198510	4946166	2418	0.0519
e174cea5-8f30-4631-aeb8-51639d26428a	11	4946420	4952664	25	0.8582
e174cea5-8f30-4631-aeb8-51639d26428a	11	4952799	5766175	789	0.1026
e174cea5-8f30-4631-aeb8-51639d26428a	11	5766850	5791130	35	0.6032
e174cea5-8f30-4631-aeb8-51639d26428a	11	5794956	18917623	9399	0.0717
e174cea5-8f30-4631-aeb8-51639d26428a	11	18918546	18958446	72	0.3368
e174cea5-8f30-4631-aeb8-51639d26428a	11	18961087	30150367	8256	0.0763
e174cea5-8f30-4631-aeb8-51639d26428a	11	30150621	30158896	27	-0.6694
e174cea5-8f30-4631-aeb8-51639d26428a	11	30159138	49686823	12708	0.0665
e174cea5-8f30-4631-aeb8-51639d26428a	11	49689309	49736119	16	-0.5025
e174cea5-8f30-4631-aeb8-51639d26428a	11	49736215	55608804	740	0.0926
e174cea5-8f30-4631-aeb8-51639d26428a	11	55609022	55663588	35	0.7244
e174cea5-8f30-4631-aeb8-51639d26428a	11	55667651	59050978	2092	0.0951
e174cea5-8f30-4631-aeb8-51639d26428a	11	59051284	59082384	14	0.7965
e174cea5-8f30-4631-aeb8-51639d26428a	11	59086292	65803739	3385	0.0467
e174cea5-8f30-4631-aeb8-51639d26428a	11	65803841	65813167	9	-1.1032
e174cea5-8f30-4631-aeb8-51639d26428a	11	65814108	135074876	46814	0.0613
e174cea5-8f30-4631-aeb8-51639d26428a	12	51460	760112	420	0.1114
e174cea5-8f30-4631-aeb8-51639d26428a	12	760150	764338	12	-0.6928
e174cea5-8f30-4631-aeb8-51639d26428a	12	764778	7964300	4978	0.0965
e174cea5-8f30-4631-aeb8-51639d26428a	12	7964473	7965573	2	-1.4366
e174cea5-8f30-4631-aeb8-51639d26428a	12	7966272	8404097	182	0.0889
e174cea5-8f30-4631-aeb8-51639d26428a	12	8405892	8432076	18	1.0672
e174cea5-8f30-4631-aeb8-51639d26428a	12	8442298	9477960	559	0.0997
e174cea5-8f30-4631-aeb8-51639d26428a	12	9481274	9533184	13	0.631
e174cea5-8f30-4631-aeb8-51639d26428a	12	9537219	11358643	1190	0.0989
e174cea5-8f30-4631-aeb8-51639d26428a	12	11358644	11399258	31	-0.6596
e174cea5-8f30-4631-aeb8-51639d26428a	12	11399668	12387533	837	0.1164
e174cea5-8f30-4631-aeb8-51639d26428a	12	12388935	12393825	13	-0.5841
e174cea5-8f30-4631-aeb8-51639d26428a	12	12396569	33233822	14591	0.1096
e174cea5-8f30-4631-aeb8-51639d26428a	12	33235894	33242207	4	-2.2826
e174cea5-8f30-4631-aeb8-51639d26428a	12	33242483	45510655	5536	0.1046
e174cea5-8f30-4631-aeb8-51639d26428a	12	45512057	45515754	3	-2.0007
e174cea5-8f30-4631-aeb8-51639d26428a	12	45519509	133201603	56449	0.0949
e174cea5-8f30-4631-aeb8-51639d26428a	13	18452809	37496998	13487	0.3597
e174cea5-8f30-4631-aeb8-51639d26428a	13	37497899	37510406	14	1.1616
e174cea5-8f30-4631-aeb8-51639d26428a	13	37510595	57097752	12496	0.3686
e174cea5-8f30-4631-aeb8-51639d26428a	13	57099677	57404533	203	0.5635
e174cea5-8f30-4631-aeb8-51639d26428a	13	57421579	62979513	3283	0.36
e174cea5-8f30-4631-aeb8-51639d26428a	13	62979918	62979930	2	-2.7199
e174cea5-8f30-4631-aeb8-51639d26428a	13	62982658	63569716	331	0.334
e174cea5-8f30-4631-aeb8-51639d26428a	13	63578674	64372566	469	0.4649
e174cea5-8f30-4631-aeb8-51639d26428a	13	64373621	65796575	834	0.3652
e174cea5-8f30-4631-aeb8-51639d26428a	13	65796864	65796877	2	-1.3107
e174cea5-8f30-4631-aeb8-51639d26428a	13	65797105	71902850	3940	0.3475
e174cea5-8f30-4631-aeb8-51639d26428a	13	71903417	71906418	4	1.6417
e174cea5-8f30-4631-aeb8-51639d26428a	13	71906467	114342922	29106	0.3608
e174cea5-8f30-4631-aeb8-51639d26428a	14	18239283	19766357	80	-0.1837
e174cea5-8f30-4631-aeb8-51639d26428a	14	19773638	19954424	86	-0.5737
e174cea5-8f30-4631-aeb8-51639d26428a	14	19955213	20082381	93	-0.0318
e174cea5-8f30-4631-aeb8-51639d26428a	14	20085125	20087037	2	2.0096
e174cea5-8f30-4631-aeb8-51639d26428a	14	20089108	21380012	891	-0.0981
e174cea5-8f30-4631-aeb8-51639d26428a	14	21380640	21380762	3	-1.7514
e174cea5-8f30-4631-aeb8-51639d26428a	14	21387092	106407609	53983	-0.0885
e174cea5-8f30-4631-aeb8-51639d26428a	14	106407612	106462169	52	0.242
e174cea5-8f30-4631-aeb8-51639d26428a	14	106462183	106689547	116	-0.0961
e174cea5-8f30-4631-aeb8-51639d26428a	14	106696326	106711719	7	-0.9622
e174cea5-8f30-4631-aeb8-51639d26428a	14	106719325	106877229	73	-0.0504
e174cea5-8f30-4631-aeb8-51639d26428a	15	19811075	20026653	47	-0.0296
e174cea5-8f30-4631-aeb8-51639d26428a	15	20041119	20217125	15	0.627
e174cea5-8f30-4631-aeb8-51639d26428a	15	20235285	20373168	26	1.2369
e174cea5-8f30-4631-aeb8-51639d26428a	15	20376198	20376202	5	-0.5363
e174cea5-8f30-4631-aeb8-51639d26428a	15	20376309	20384774	13	1.6979
e174cea5-8f30-4631-aeb8-51639d26428a	15	20384789	22385639	101	1.0823
e174cea5-8f30-4631-aeb8-51639d26428a	15	22395047	34421922	7221	-0.006
e174cea5-8f30-4631-aeb8-51639d26428a	15	34430601	34576808	67	-0.7222
e174cea5-8f30-4631-aeb8-51639d26428a	15	34577438	45067896	6266	0.0097
e174cea5-8f30-4631-aeb8-51639d26428a	15	45075326	45075651	2	-2.0778
e174cea5-8f30-4631-aeb8-51639d26428a	15	45078326	56497449	7374	0.0014
e174cea5-8f30-4631-aeb8-51639d26428a	15	56498505	56508779	25	-0.6868
e174cea5-8f30-4631-aeb8-51639d26428a	15	56509425	58020148	1038	-0.0008
e174cea5-8f30-4631-aeb8-51639d26428a	15	58023736	58033305	4	-1.7578
e174cea5-8f30-4631-aeb8-51639d26428a	15	58034757	70423017	8408	0.0022
e174cea5-8f30-4631-aeb8-51639d26428a	15	70423361	76575886	3301	0.0696
e174cea5-8f30-4631-aeb8-51639d26428a	15	76577448	76603434	25	0.8682
e174cea5-8f30-4631-aeb8-51639d26428a	15	76609838	81682553	3248	0.0544
e174cea5-8f30-4631-aeb8-51639d26428a	15	81683702	81683734	2	-1.5952
e174cea5-8f30-4631-aeb8-51639d26428a	15	81689200	83871965	1164	0.0548
e174cea5-8f30-4631-aeb8-51639d26428a	15	83871986	83874673	5	-2.6985
e174cea5-8f30-4631-aeb8-51639d26428a	15	83874798	101928837	13195	0.0592
e174cea5-8f30-4631-aeb8-51639d26428a	16	10777	12016	3	-0.7432
e174cea5-8f30-4631-aeb8-51639d26428a	16	35827	6253162	3423	-0.1019
e174cea5-8f30-4631-aeb8-51639d26428a	16	6253484	6305865	70	-0.8598
e174cea5-8f30-4631-aeb8-51639d26428a	16	6306186	6730300	549	-1.7999
e174cea5-8f30-4631-aeb8-51639d26428a	16	6731829	6962471	273	-0.783
e174cea5-8f30-4631-aeb8-51639d26428a	16	6963199	29114439	14650	-0.0848
e174cea5-8f30-4631-aeb8-51639d26428a	16	29114764	29122575	11	-1.086
e174cea5-8f30-4631-aeb8-51639d26428a	16	29122679	46824225	1615	-0.0902
e174cea5-8f30-4631-aeb8-51639d26428a	16	46825555	53978402	4787	-0.0305
e174cea5-8f30-4631-aeb8-51639d26428a	16	53980325	55762682	1538	-0.0993
e174cea5-8f30-4631-aeb8-51639d26428a	16	55764310	55764867	3	2.93
e174cea5-8f30-4631-aeb8-51639d26428a	16	55770436	79025272	15238	-0.075
e174cea5-8f30-4631-aeb8-51639d26428a	16	79026255	79029101	13	-0.8158
e174cea5-8f30-4631-aeb8-51639d26428a	16	79029245	83856075	5293	-0.0899
e174cea5-8f30-4631-aeb8-51639d26428a	16	83857855	83858738	7	-1.5959
e174cea5-8f30-4631-aeb8-51639d26428a	16	83859123	90096867	4379	-0.1338
e174cea5-8f30-4631-aeb8-51639d26428a	17	150733	16754017	10452	-0.5267
e174cea5-8f30-4631-aeb8-51639d26428a	17	16759600	16819487	9	-1.827
e174cea5-8f30-4631-aeb8-51639d26428a	17	16834846	18461528	912	-0.5363
e174cea5-8f30-4631-aeb8-51639d26428a	17	18462631	18550123	20	0.2676
e174cea5-8f30-4631-aeb8-51639d26428a	17	18561272	21605628	1243	-0.4984
e174cea5-8f30-4631-aeb8-51639d26428a	17	21609755	36124052	5599	0.0508
e174cea5-8f30-4631-aeb8-51639d26428a	17	36124527	36143611	16	-0.5057
e174cea5-8f30-4631-aeb8-51639d26428a	17	36148151	41257158	2527	0.0532
e174cea5-8f30-4631-aeb8-51639d26428a	17	41258395	41273905	24	-0.3645
e174cea5-8f30-4631-aeb8-51639d26428a	17	41273921	41274198	3	-2.2261
e174cea5-8f30-4631-aeb8-51639d26428a	17	41274279	41348341	74	0.0311
e174cea5-8f30-4631-aeb8-51639d26428a	17	41348899	41366243	30	-0.6892
e174cea5-8f30-4631-aeb8-51639d26428a	17	41370057	46131308	2429	0.0454
e174cea5-8f30-4631-aeb8-51639d26428a	17	46135062	46351954	93	-0.4942
e174cea5-8f30-4631-aeb8-51639d26428a	17	46446345	48080476	719	0.0358
e174cea5-8f30-4631-aeb8-51639d26428a	17	48080490	57610128	6285	0.0747
e174cea5-8f30-4631-aeb8-51639d26428a	17	57610972	57611632	2	-1.8211
e174cea5-8f30-4631-aeb8-51639d26428a	17	57614632	73711344	9705	0.0659
e174cea5-8f30-4631-aeb8-51639d26428a	17	73711538	83071333	4852	0.0226
e174cea5-8f30-4631-aeb8-51639d26428a	17	83071714	83091923	6	-0.3537
e174cea5-8f30-4631-aeb8-51639d26428a	18	48133	1929820	1352	-0.535
e174cea5-8f30-4631-aeb8-51639d26428a	18	1929969	40678223	21388	-0.5075
e174cea5-8f30-4631-aeb8-51639d26428a	18	40678272	40680834	18	0.1371
e174cea5-8f30-4631-aeb8-51639d26428a	18	40680846	73699619	23138	-0.4976
e174cea5-8f30-4631-aeb8-51639d26428a	18	73699797	80257174	4746	-0.5551
e174cea5-8f30-4631-aeb8-51639d26428a	19	90910	1791100	391	-0.5415
e174cea5-8f30-4631-aeb8-51639d26428a	19	1793062	11593815	4107	0.1771
e174cea5-8f30-4631-aeb8-51639d26428a	19	11594158	11762567	101	0.0358
e174cea5-8f30-4631-aeb8-51639d26428a	19	11762735	11763643	2	-1.5413
e174cea5-8f30-4631-aeb8-51639d26428a	19	11763858	12655485	457	0.0604
e174cea5-8f30-4631-aeb8-51639d26428a	19	12655556	20411869	3861	0.1771
e174cea5-8f30-4631-aeb8-51639d26428a	19	20413400	20518647	58	-0.5929
e174cea5-8f30-4631-aeb8-51639d26428a	19	20520465	20533360	7	0.0653
e174cea5-8f30-4631-aeb8-51639d26428a	19	20533528	20538428	5	-0.625
e174cea5-8f30-4631-aeb8-51639d26428a	19	20538656	27589907	2213	0.1948
e174cea5-8f30-4631-aeb8-51639d26428a	19	27590132	28846445	867	0.0376
e174cea5-8f30-4631-aeb8-51639d26428a	19	28847133	28848671	4	-2.6528
e174cea5-8f30-4631-aeb8-51639d26428a	19	28849867	34648631	4136	0.0225
e174cea5-8f30-4631-aeb8-51639d26428a	19	34653238	34655825	4	-1.2455
e174cea5-8f30-4631-aeb8-51639d26428a	19	34660589	36354973	947	0.0235
e174cea5-8f30-4631-aeb8-51639d26428a	19	36355248	36356596	10	-1.4161
e174cea5-8f30-4631-aeb8-51639d26428a	19	36356735	51628560	7586	0.0231
e174cea5-8f30-4631-aeb8-51639d26428a	19	51639099	51644944	11	-1.3766
e174cea5-8f30-4631-aeb8-51639d26428a	19	51651652	55766684	2488	0.0232
e174cea5-8f30-4631-aeb8-51639d26428a	19	55770704	55771701	5	1.564
e174cea5-8f30-4631-aeb8-51639d26428a	19	55774927	57041718	916	0.0153
e174cea5-8f30-4631-aeb8-51639d26428a	19	57042718	57042807	2	-3.2092
e174cea5-8f30-4631-aeb8-51639d26428a	19	57046484	58586487	920	0.0143
e174cea5-8f30-4631-aeb8-51639d26428a	20	80664	1579897	1197	-0.5369
e174cea5-8f30-4631-aeb8-51639d26428a	20	1579916	1598316	36	0.015
e174cea5-8f30-4631-aeb8-51639d26428a	20	1598475	14378448	9639	-0.5243
e174cea5-8f30-4631-aeb8-51639d26428a	20	14385379	14539796	80	-1.519
e174cea5-8f30-4631-aeb8-51639d26428a	20	14543066	14812166	196	-0.5106
e174cea5-8f30-4631-aeb8-51639d26428a	20	14812188	14812192	2	-3.0639
e174cea5-8f30-4631-aeb8-51639d26428a	20	14812769	22952704	6647	-0.5262
e174cea5-8f30-4631-aeb8-51639d26428a	20	22956037	26324855	2183	1.0101
e174cea5-8f30-4631-aeb8-51639d26428a	20	26324943	30271154	17	-0.4609
e174cea5-8f30-4631-aeb8-51639d26428a	20	30293217	37056247	2816	1.0095
e174cea5-8f30-4631-aeb8-51639d26428a	20	37068156	37093618	90	0.7265
e174cea5-8f30-4631-aeb8-51639d26428a	20	37093952	64324800	19451	0.9922
e174cea5-8f30-4631-aeb8-51639d26428a	21	10354168	10448914	13	-0.4254
e174cea5-8f30-4631-aeb8-51639d26428a	21	10458564	41460711	20804	0.057
e174cea5-8f30-4631-aeb8-51639d26428a	21	41463567	46561965	2943	0.0104
e174cea5-8f30-4631-aeb8-51639d26428a	21	46563024	46630476	71	0.5655
e174cea5-8f30-4631-aeb8-51639d26428a	21	46630634	46677045	37	0.0324
e174cea5-8f30-4631-aeb8-51639d26428a	22	15294547	24749621	4809	0.0213
e174cea5-8f30-4631-aeb8-51639d26428a	22	24749686	26339682	1470	0.069
e174cea5-8f30-4631-aeb8-51639d26428a	22	26339833	26339847	2	-1.7064
e174cea5-8f30-4631-aeb8-51639d26428a	22	26341182	44734586	12515	0.0594
e174cea5-8f30-4631-aeb8-51639d26428a	22	44737460	44741026	5	-1.0509
e174cea5-8f30-4631-aeb8-51639d26428a	22	44750545	48573818	3007	0.0673
e174cea5-8f30-4631-aeb8-51639d26428a	22	48573901	50796027	1458	-0.0102
e174cea5-8f30-4631-aeb8-51639d26428a	X	251810	13102178	7862	0.0048
e174cea5-8f30-4631-aeb8-51639d26428a	X	13104087	13107016	3	-3.0604
e174cea5-8f30-4631-aeb8-51639d26428a	X	13108573	42905904	18383	0.0237
e174cea5-8f30-4631-aeb8-51639d26428a	X	42914145	42920378	5	-4.7426
e174cea5-8f30-4631-aeb8-51639d26428a	X	42928514	86661757	18431	0.03
e174cea5-8f30-4631-aeb8-51639d26428a	X	86662204	86662711	2	-3.276
e174cea5-8f30-4631-aeb8-51639d26428a	X	86663759	93108394	3031	0.0159
e174cea5-8f30-4631-aeb8-51639d26428a	X	93108601	93108617	2	-2.6891
e174cea5-8f30-4631-aeb8-51639d26428a	X	93109169	137106593	24309	0.018
e174cea5-8f30-4631-aeb8-51639d26428a	X	137106860	137107870	2	-3.1602
e174cea5-8f30-4631-aeb8-51639d26428a	X	137113966	140410704	2040	0.0017
e174cea5-8f30-4631-aeb8-51639d26428a	X	140410975	140419029	8	-1.9865
e174cea5-8f30-4631-aeb8-51639d26428a	X	140422569	151708283	7516	0.0084
e174cea5-8f30-4631-aeb8-51639d26428a	X	151709072	151709740	4	-5.4818
e174cea5-8f30-4631-aeb8-51639d26428a	X	151710185	155952689	1954	-0.0162
e174cea5-8f30-4631-aeb8-51639d26428a	Y	2782397	6252391	785	-1.8155
e174cea5-8f30-4631-aeb8-51639d26428a	Y	6256239	8632861	1176	-2.043
e174cea5-8f30-4631-aeb8-51639d26428a	Y	8634195	8640707	3	-5.4092
e174cea5-8f30-4631-aeb8-51639d26428a	Y	8641028	13478396	1299	-2.0047
e174cea5-8f30-4631-aeb8-51639d26428a	Y	13478462	13482643	3	-6.6439
e174cea5-8f30-4631-aeb8-51639d26428a	Y	13483009	17058562	1755	-1.9835
e174cea5-8f30-4631-aeb8-51639d26428a	Y	17067455	17067583	2	-7.5123
e174cea5-8f30-4631-aeb8-51639d26428a	Y	17067660	56872112	1613	-1.9989
