GDC_Aliquot	Chromosome	Start	End	Num_Probes	Segment_Mean
d896fbc8-6813-49d3-8615-59778d3713a6	1	62920	1946351	321	0.0169
d896fbc8-6813-49d3-8615-59778d3713a6	1	1948516	1956754	2	-1.4341
d896fbc8-6813-49d3-8615-59778d3713a6	1	1956930	13110913	6200	-0.0142
d896fbc8-6813-49d3-8615-59778d3713a6	1	13114062	15034225	1298	-0.5589
d896fbc8-6813-49d3-8615-59778d3713a6	1	15035860	15036048	2	-2.1714
d896fbc8-6813-49d3-8615-59778d3713a6	1	15039744	15794878	471	-0.52
d896fbc8-6813-49d3-8615-59778d3713a6	1	15798086	15822848	35	-0.2456
d896fbc8-6813-49d3-8615-59778d3713a6	1	15823420	15827744	9	0.4057
d896fbc8-6813-49d3-8615-59778d3713a6	1	15828471	15855150	11	-0.2674
d896fbc8-6813-49d3-8615-59778d3713a6	1	15863614	16018332	74	-0.4681
d896fbc8-6813-49d3-8615-59778d3713a6	1	16018760	16042482	5	-1.4206
d896fbc8-6813-49d3-8615-59778d3713a6	1	16047835	16482199	198	-0.5113
d896fbc8-6813-49d3-8615-59778d3713a6	1	16487426	16679483	45	-0.1329
d896fbc8-6813-49d3-8615-59778d3713a6	1	16685961	16721984	9	-0.7667
d896fbc8-6813-49d3-8615-59778d3713a6	1	16766762	16863509	15	-0.0665
d896fbc8-6813-49d3-8615-59778d3713a6	1	16864367	20233914	2372	-0.529
d896fbc8-6813-49d3-8615-59778d3713a6	1	20234208	20234602	4	-1.7935
d896fbc8-6813-49d3-8615-59778d3713a6	1	20234941	25256850	2931	-0.5166
d896fbc8-6813-49d3-8615-59778d3713a6	1	25266637	25277975	11	-1.2962
d896fbc8-6813-49d3-8615-59778d3713a6	1	25278567	25284961	3	-3.3545
d896fbc8-6813-49d3-8615-59778d3713a6	1	25289805	25318693	5	-1.1178
d896fbc8-6813-49d3-8615-59778d3713a6	1	25319167	31731827	3309	-0.5197
d896fbc8-6813-49d3-8615-59778d3713a6	1	31737650	34637053	1636	-0.002
d896fbc8-6813-49d3-8615-59778d3713a6	1	34637069	34650960	22	-0.4469
d896fbc8-6813-49d3-8615-59778d3713a6	1	34652324	48576677	7840	-0.0024
d896fbc8-6813-49d3-8615-59778d3713a6	1	48577280	50137991	810	-0.0605
d896fbc8-6813-49d3-8615-59778d3713a6	1	50138323	68377102	12759	-0.0063
d896fbc8-6813-49d3-8615-59778d3713a6	1	68379056	69897918	879	-0.0639
d896fbc8-6813-49d3-8615-59778d3713a6	1	69897964	72303233	1449	-0.0267
d896fbc8-6813-49d3-8615-59778d3713a6	1	72303253	72345465	45	-1.0056
d896fbc8-6813-49d3-8615-59778d3713a6	1	72346221	83115380	6983	-0.0457
d896fbc8-6813-49d3-8615-59778d3713a6	1	83116351	86086651	1999	0.0123
d896fbc8-6813-49d3-8615-59778d3713a6	1	86087223	93937567	4839	-0.0222
d896fbc8-6813-49d3-8615-59778d3713a6	1	93939225	94668626	582	0.0268
d896fbc8-6813-49d3-8615-59778d3713a6	1	94668661	94668741	2	-1.11
d896fbc8-6813-49d3-8615-59778d3713a6	1	94668773	96401546	1209	0.0142
d896fbc8-6813-49d3-8615-59778d3713a6	1	96401652	105470754	5321	-0.0425
d896fbc8-6813-49d3-8615-59778d3713a6	1	105476583	105479753	17	-1.8156
d896fbc8-6813-49d3-8615-59778d3713a6	1	105481433	109684893	2634	-0.0112
d896fbc8-6813-49d3-8615-59778d3713a6	1	109690352	109697556	13	1.1182
d896fbc8-6813-49d3-8615-59778d3713a6	1	109702376	118693528	6122	-0.0051
d896fbc8-6813-49d3-8615-59778d3713a6	1	118697830	118723508	15	0.3802
d896fbc8-6813-49d3-8615-59778d3713a6	1	118724998	120064540	877	-0.0081
d896fbc8-6813-49d3-8615-59778d3713a6	1	120089042	121000674	22	0.361
d896fbc8-6813-49d3-8615-59778d3713a6	1	121013779	146062439	399	0.0834
d896fbc8-6813-49d3-8615-59778d3713a6	1	146150530	152583230	2130	0.194
d896fbc8-6813-49d3-8615-59778d3713a6	1	152583291	152614064	32	-1.5397
d896fbc8-6813-49d3-8615-59778d3713a6	1	152614100	158989785	3877	0.168
d896fbc8-6813-49d3-8615-59778d3713a6	1	158992249	158993006	2	-1.0309
d896fbc8-6813-49d3-8615-59778d3713a6	1	158997074	165001123	4226	0.1784
d896fbc8-6813-49d3-8615-59778d3713a6	1	165001654	165005570	4	-0.5115
d896fbc8-6813-49d3-8615-59778d3713a6	1	165010578	169247699	3361	0.1785
d896fbc8-6813-49d3-8615-59778d3713a6	1	169264736	169272528	7	0.9014
d896fbc8-6813-49d3-8615-59778d3713a6	1	169273163	172761310	2399	0.1826
d896fbc8-6813-49d3-8615-59778d3713a6	1	172761689	175320200	1436	0.116
d896fbc8-6813-49d3-8615-59778d3713a6	1	175320263	179652946	2952	0.1602
d896fbc8-6813-49d3-8615-59778d3713a6	1	179654109	186706708	4694	0.1142
d896fbc8-6813-49d3-8615-59778d3713a6	1	186709745	192555096	3801	0.0741
d896fbc8-6813-49d3-8615-59778d3713a6	1	192555139	196762956	2888	0.0989
d896fbc8-6813-49d3-8615-59778d3713a6	1	196769493	196846661	57	-0.195
d896fbc8-6813-49d3-8615-59778d3713a6	1	196847600	199142235	1372	0.0928
d896fbc8-6813-49d3-8615-59778d3713a6	1	199142298	199143343	5	-0.6823
d896fbc8-6813-49d3-8615-59778d3713a6	1	199143396	199626239	345	0.0486
d896fbc8-6813-49d3-8615-59778d3713a6	1	199626639	208264265	5671	0.1373
d896fbc8-6813-49d3-8615-59778d3713a6	1	208264476	208283592	32	0.5087
d896fbc8-6813-49d3-8615-59778d3713a6	1	208284364	209897717	1355	0.1285
d896fbc8-6813-49d3-8615-59778d3713a6	1	209908268	209910639	3	1.0954
d896fbc8-6813-49d3-8615-59778d3713a6	1	209913207	216128067	4245	0.1287
d896fbc8-6813-49d3-8615-59778d3713a6	1	216130941	222878913	4705	0.1009
d896fbc8-6813-49d3-8615-59778d3713a6	1	222881637	236137172	8869	0.1306
d896fbc8-6813-49d3-8615-59778d3713a6	1	236137516	238687677	2122	0.0725
d896fbc8-6813-49d3-8615-59778d3713a6	1	238688967	240041029	1024	0.1266
d896fbc8-6813-49d3-8615-59778d3713a6	1	240042757	243730937	2699	0.0767
d896fbc8-6813-49d3-8615-59778d3713a6	1	243731466	247704953	2658	0.1199
d896fbc8-6813-49d3-8615-59778d3713a6	1	247708106	248442451	477	0.0451
d896fbc8-6813-49d3-8615-59778d3713a6	1	248446755	248574146	28	0.3459
d896fbc8-6813-49d3-8615-59778d3713a6	1	248585893	248646068	35	-0.5548
d896fbc8-6813-49d3-8615-59778d3713a6	1	248661836	248703943	34	0.2347
d896fbc8-6813-49d3-8615-59778d3713a6	1	248704056	248930189	104	-0.0451
d896fbc8-6813-49d3-8615-59778d3713a6	2	12784	715029	506	-0.0233
d896fbc8-6813-49d3-8615-59778d3713a6	2	715471	1875506	706	-0.1265
d896fbc8-6813-49d3-8615-59778d3713a6	2	1876748	4168879	1780	-0.0208
d896fbc8-6813-49d3-8615-59778d3713a6	2	4169315	4176429	36	0.2792
d896fbc8-6813-49d3-8615-59778d3713a6	2	4182472	4679228	408	-0.0176
d896fbc8-6813-49d3-8615-59778d3713a6	2	4682042	6308270	1434	-0.0774
d896fbc8-6813-49d3-8615-59778d3713a6	2	6308649	12212574	4504	-0.0059
d896fbc8-6813-49d3-8615-59778d3713a6	2	12214538	13310640	763	-0.0721
d896fbc8-6813-49d3-8615-59778d3713a6	2	13315936	13932753	391	-0.0213
d896fbc8-6813-49d3-8615-59778d3713a6	2	13936567	14761549	635	0.03
d896fbc8-6813-49d3-8615-59778d3713a6	2	14762036	19406651	3480	-0.0372
d896fbc8-6813-49d3-8615-59778d3713a6	2	19406723	33194902	8439	-0.0032
d896fbc8-6813-49d3-8615-59778d3713a6	2	33203167	34466002	994	-0.0551
d896fbc8-6813-49d3-8615-59778d3713a6	2	34474248	34511990	46	-1.5599
d896fbc8-6813-49d3-8615-59778d3713a6	2	34512096	35750907	872	-0.0423
d896fbc8-6813-49d3-8615-59778d3713a6	2	35752724	35762850	6	-1.4053
d896fbc8-6813-49d3-8615-59778d3713a6	2	35762881	48266043	9138	-0.012
d896fbc8-6813-49d3-8615-59778d3713a6	2	48268576	52245678	2777	-0.0671
d896fbc8-6813-49d3-8615-59778d3713a6	2	52246039	52527330	201	-0.0134
d896fbc8-6813-49d3-8615-59778d3713a6	2	52527342	52554404	39	-1.823
d896fbc8-6813-49d3-8615-59778d3713a6	2	52560811	76614189	15530	-0.0217
d896fbc8-6813-49d3-8615-59778d3713a6	2	76614547	83231042	4351	-0.0565
d896fbc8-6813-49d3-8615-59778d3713a6	2	83232019	87117615	2110	-0.0152
d896fbc8-6813-49d3-8615-59778d3713a6	2	87134049	87674944	113	-0.5744
d896fbc8-6813-49d3-8615-59778d3713a6	2	87695122	97359885	1731	0.0039
d896fbc8-6813-49d3-8615-59778d3713a6	2	97524284	97560849	15	0.6206
d896fbc8-6813-49d3-8615-59778d3713a6	2	97562741	101619946	2410	-0.0082
d896fbc8-6813-49d3-8615-59778d3713a6	2	101620655	104691246	1951	-0.047
d896fbc8-6813-49d3-8615-59778d3713a6	2	104693238	106258266	1196	0.0015
d896fbc8-6813-49d3-8615-59778d3713a6	2	106263639	106266773	5	-0.9124
d896fbc8-6813-49d3-8615-59778d3713a6	2	106266875	106268901	7	-2.3249
d896fbc8-6813-49d3-8615-59778d3713a6	2	106270799	111686555	2711	-0.0096
d896fbc8-6813-49d3-8615-59778d3713a6	2	111686882	111689789	3	-1.5729
d896fbc8-6813-49d3-8615-59778d3713a6	2	111693810	125684646	8721	-0.0256
d896fbc8-6813-49d3-8615-59778d3713a6	2	125694074	125694336	2	-1.9054
d896fbc8-6813-49d3-8615-59778d3713a6	2	125694355	128385778	1594	-0.0045
d896fbc8-6813-49d3-8615-59778d3713a6	2	128387930	128880904	346	-0.0556
d896fbc8-6813-49d3-8615-59778d3713a6	2	128880928	128881653	11	0.3694
d896fbc8-6813-49d3-8615-59778d3713a6	2	128881662	129026586	113	-0.076
d896fbc8-6813-49d3-8615-59778d3713a6	2	129027150	129031535	4	-0.9807
d896fbc8-6813-49d3-8615-59778d3713a6	2	129031762	130036283	761	-0.0802
d896fbc8-6813-49d3-8615-59778d3713a6	2	130036310	130116915	13	0.4188
d896fbc8-6813-49d3-8615-59778d3713a6	2	130117303	137604394	4282	-0.0438
d896fbc8-6813-49d3-8615-59778d3713a6	2	137604618	139202238	984	0.0148
d896fbc8-6813-49d3-8615-59778d3713a6	2	139205228	146018565	4205	-0.0764
d896fbc8-6813-49d3-8615-59778d3713a6	2	146019131	146100801	38	-0.0096
d896fbc8-6813-49d3-8615-59778d3713a6	2	146101283	146104517	8	-0.1259
d896fbc8-6813-49d3-8615-59778d3713a6	2	146106836	146109366	24	0.5674
d896fbc8-6813-49d3-8615-59778d3713a6	2	146120238	163780342	10580	-0.0307
d896fbc8-6813-49d3-8615-59778d3713a6	2	163786978	163788616	5	-1.0785
d896fbc8-6813-49d3-8615-59778d3713a6	2	163790132	167695338	2238	-0.027
d896fbc8-6813-49d3-8615-59778d3713a6	2	167696550	167772511	57	0.4495
d896fbc8-6813-49d3-8615-59778d3713a6	2	167773997	208741220	24879	-0.0152
d896fbc8-6813-49d3-8615-59778d3713a6	2	208745823	221796046	8402	-0.0444
d896fbc8-6813-49d3-8615-59778d3713a6	2	221796729	232146578	6540	-0.0159
d896fbc8-6813-49d3-8615-59778d3713a6	2	232148445	232158299	2	-1.4927
d896fbc8-6813-49d3-8615-59778d3713a6	2	232158362	242147305	6318	-0.0081
d896fbc8-6813-49d3-8615-59778d3713a6	3	20930	2935457	2548	-0.0674
d896fbc8-6813-49d3-8615-59778d3713a6	3	2936153	7896943	4450	-0.006
d896fbc8-6813-49d3-8615-59778d3713a6	3	7898219	15295157	5308	0.0297
d896fbc8-6813-49d3-8615-59778d3713a6	3	15296518	16951070	1147	-0.0156
d896fbc8-6813-49d3-8615-59778d3713a6	3	16952003	17331268	220	-0.1931
d896fbc8-6813-49d3-8615-59778d3713a6	3	17332536	23994915	4223	-0.0323
d896fbc8-6813-49d3-8615-59778d3713a6	3	23997375	25657109	1502	0.0232
d896fbc8-6813-49d3-8615-59778d3713a6	3	25657213	29509172	2646	-0.0304
d896fbc8-6813-49d3-8615-59778d3713a6	3	29509679	34868680	3486	0.0257
d896fbc8-6813-49d3-8615-59778d3713a6	3	34870505	36590559	1205	-0.0251
d896fbc8-6813-49d3-8615-59778d3713a6	3	36590971	54512457	10004	0.0172
d896fbc8-6813-49d3-8615-59778d3713a6	3	54513861	56092208	1346	-0.0482
d896fbc8-6813-49d3-8615-59778d3713a6	3	56096486	59505358	1974	0.0182
d896fbc8-6813-49d3-8615-59778d3713a6	3	59505464	60748162	1415	-0.0523
d896fbc8-6813-49d3-8615-59778d3713a6	3	60749325	67104522	5203	0.0184
d896fbc8-6813-49d3-8615-59778d3713a6	3	67106068	68697295	1082	-0.02
d896fbc8-6813-49d3-8615-59778d3713a6	3	68697557	68697672	4	-0.8692
d896fbc8-6813-49d3-8615-59778d3713a6	3	68697689	68698262	7	-0.2883
d896fbc8-6813-49d3-8615-59778d3713a6	3	68699607	72588623	2980	-0.0189
d896fbc8-6813-49d3-8615-59778d3713a6	3	72590078	72590181	2	-1.4921
d896fbc8-6813-49d3-8615-59778d3713a6	3	72592265	73895285	975	0.0162
d896fbc8-6813-49d3-8615-59778d3713a6	3	73895380	75519398	969	-0.0196
d896fbc8-6813-49d3-8615-59778d3713a6	3	75523398	75537654	6	0.7365
d896fbc8-6813-49d3-8615-59778d3713a6	3	75546030	84651145	4978	-0.0177
d896fbc8-6813-49d3-8615-59778d3713a6	3	84651166	84653449	14	0.4197
d896fbc8-6813-49d3-8615-59778d3713a6	3	84657133	99218119	5974	-0.0253
d896fbc8-6813-49d3-8615-59778d3713a6	3	99218940	99232539	41	0.239
d896fbc8-6813-49d3-8615-59778d3713a6	3	99232990	107355637	4794	-0.0171
d896fbc8-6813-49d3-8615-59778d3713a6	3	107356016	116815740	5962	0.0066
d896fbc8-6813-49d3-8615-59778d3713a6	3	116815962	117028050	153	-0.1723
d896fbc8-6813-49d3-8615-59778d3713a6	3	117030171	119631498	1704	-0.0041
d896fbc8-6813-49d3-8615-59778d3713a6	3	119632551	119635091	4	-4.8421
d896fbc8-6813-49d3-8615-59778d3713a6	3	119636564	130044855	6084	0.0112
d896fbc8-6813-49d3-8615-59778d3713a6	3	130047743	130087393	37	0.4819
d896fbc8-6813-49d3-8615-59778d3713a6	3	130088081	162815162	20270	-0.0043
d896fbc8-6813-49d3-8615-59778d3713a6	3	162816942	162822221	4	-0.624
d896fbc8-6813-49d3-8615-59778d3713a6	3	162822685	162822702	2	-1.7227
d896fbc8-6813-49d3-8615-59778d3713a6	3	162827928	162906109	46	0.3631
d896fbc8-6813-49d3-8615-59778d3713a6	3	162908192	162996729	74	-0.0562
d896fbc8-6813-49d3-8615-59778d3713a6	3	162999939	163001774	2	-2.2324
d896fbc8-6813-49d3-8615-59778d3713a6	3	163008371	167561478	2510	-0.0283
d896fbc8-6813-49d3-8615-59778d3713a6	3	167561862	188474267	13235	0.006
d896fbc8-6813-49d3-8615-59778d3713a6	3	188476329	193160256	3335	-0.026
d896fbc8-6813-49d3-8615-59778d3713a6	3	193160406	193165114	17	0.9752
d896fbc8-6813-49d3-8615-59778d3713a6	3	193168646	195702737	1491	0.0304
d896fbc8-6813-49d3-8615-59778d3713a6	3	195702830	195751823	35	0.3078
d896fbc8-6813-49d3-8615-59778d3713a6	3	195751990	196430461	295	0.0087
d896fbc8-6813-49d3-8615-59778d3713a6	3	196437412	198111467	852	0.3789
d896fbc8-6813-49d3-8615-59778d3713a6	3	198111566	198122834	10	-1.2201
d896fbc8-6813-49d3-8615-59778d3713a6	3	198124354	198169247	8	0.1949
d896fbc8-6813-49d3-8615-59778d3713a6	4	68929	4952548	2263	-0.0033
d896fbc8-6813-49d3-8615-59778d3713a6	4	4953717	5156957	156	-0.0642
d896fbc8-6813-49d3-8615-59778d3713a6	4	5157525	5157927	2	-1.0206
d896fbc8-6813-49d3-8615-59778d3713a6	4	5159044	5922072	667	-0.0599
d896fbc8-6813-49d3-8615-59778d3713a6	4	5922318	6290855	292	0.0247
d896fbc8-6813-49d3-8615-59778d3713a6	4	6291091	6300067	6	-0.692
d896fbc8-6813-49d3-8615-59778d3713a6	4	6300792	8704538	1697	-0.005
d896fbc8-6813-49d3-8615-59778d3713a6	4	8705301	9679677	132	-0.3763
d896fbc8-6813-49d3-8615-59778d3713a6	4	9686390	10208766	480	-0.5307
d896fbc8-6813-49d3-8615-59778d3713a6	4	10221792	10229874	28	2.1197
d896fbc8-6813-49d3-8615-59778d3713a6	4	10232590	10233644	7	0.7006
d896fbc8-6813-49d3-8615-59778d3713a6	4	10234518	10377011	160	-0.5763
d896fbc8-6813-49d3-8615-59778d3713a6	4	10377455	10399044	26	-0.1689
d896fbc8-6813-49d3-8615-59778d3713a6	4	10401094	12149839	1467	0.0147
d896fbc8-6813-49d3-8615-59778d3713a6	4	12152884	12160517	3	-0.7948
d896fbc8-6813-49d3-8615-59778d3713a6	4	12164300	12382773	161	0.027
d896fbc8-6813-49d3-8615-59778d3713a6	4	12382846	23460843	7853	-0.0395
d896fbc8-6813-49d3-8615-59778d3713a6	4	23460944	26287196	2050	0.0038
d896fbc8-6813-49d3-8615-59778d3713a6	4	26290363	26293154	3	-0.9609
d896fbc8-6813-49d3-8615-59778d3713a6	4	26293552	27667771	847	-0.0217
d896fbc8-6813-49d3-8615-59778d3713a6	4	27670003	34584731	4267	-0.0617
d896fbc8-6813-49d3-8615-59778d3713a6	4	34585555	34777382	121	-0.0349
d896fbc8-6813-49d3-8615-59778d3713a6	4	34777403	34823103	41	0.3141
d896fbc8-6813-49d3-8615-59778d3713a6	4	34828250	37048728	1460	-0.0369
d896fbc8-6813-49d3-8615-59778d3713a6	4	37050204	41680794	3105	0.0045
d896fbc8-6813-49d3-8615-59778d3713a6	4	41681195	47705588	3551	-0.0522
d896fbc8-6813-49d3-8615-59778d3713a6	4	47705625	51878425	909	0.0324
d896fbc8-6813-49d3-8615-59778d3713a6	4	51878916	57521303	3801	-0.0372
d896fbc8-6813-49d3-8615-59778d3713a6	4	57521954	58331687	547	-0.0657
d896fbc8-6813-49d3-8615-59778d3713a6	4	58334927	58666080	180	-0.2126
d896fbc8-6813-49d3-8615-59778d3713a6	4	58669228	63822533	2984	-0.0749
d896fbc8-6813-49d3-8615-59778d3713a6	4	63823000	63851308	36	0.202
d896fbc8-6813-49d3-8615-59778d3713a6	4	63852325	67324909	2221	-0.0585
d896fbc8-6813-49d3-8615-59778d3713a6	4	67325288	68389352	626	-0.0325
d896fbc8-6813-49d3-8615-59778d3713a6	4	68391041	68422424	9	0.7317
d896fbc8-6813-49d3-8615-59778d3713a6	4	68429081	69257792	390	0.001
d896fbc8-6813-49d3-8615-59778d3713a6	4	69261926	69366081	54	-0.4947
d896fbc8-6813-49d3-8615-59778d3713a6	4	69366304	73141280	2266	-0.0396
d896fbc8-6813-49d3-8615-59778d3713a6	4	73141521	79066449	3918	0.0062
d896fbc8-6813-49d3-8615-59778d3713a6	4	79066882	86054070	4248	-0.032
d896fbc8-6813-49d3-8615-59778d3713a6	4	86054941	86058548	18	-0.5723
d896fbc8-6813-49d3-8615-59778d3713a6	4	86058611	90363792	2654	-0.0326
d896fbc8-6813-49d3-8615-59778d3713a6	4	90366001	90370365	9	-1.1056
d896fbc8-6813-49d3-8615-59778d3713a6	4	90373217	90826513	241	-0.0321
d896fbc8-6813-49d3-8615-59778d3713a6	4	90826536	91319774	335	-0.1582
d896fbc8-6813-49d3-8615-59778d3713a6	4	91322878	95477479	2396	-0.0347
d896fbc8-6813-49d3-8615-59778d3713a6	4	95478455	97667870	1318	-0.0717
d896fbc8-6813-49d3-8615-59778d3713a6	4	97671475	114252544	9906	-0.0263
d896fbc8-6813-49d3-8615-59778d3713a6	4	114254167	114263166	28	0.5898
d896fbc8-6813-49d3-8615-59778d3713a6	4	114263224	129141596	8710	-0.0363
d896fbc8-6813-49d3-8615-59778d3713a6	4	129146391	129147005	2	1.1386
d896fbc8-6813-49d3-8615-59778d3713a6	4	129151408	133275372	2380	-0.0473
d896fbc8-6813-49d3-8615-59778d3713a6	4	133278778	134506116	659	-0.2598
d896fbc8-6813-49d3-8615-59778d3713a6	4	134506627	137017547	1353	-0.0577
d896fbc8-6813-49d3-8615-59778d3713a6	4	137017561	154607418	10732	-0.0263
d896fbc8-6813-49d3-8615-59778d3713a6	4	154610103	156035480	1023	-0.0718
d896fbc8-6813-49d3-8615-59778d3713a6	4	156046823	156053545	17	-0.614
d896fbc8-6813-49d3-8615-59778d3713a6	4	156056476	172067997	10151	-0.0388
d896fbc8-6813-49d3-8615-59778d3713a6	4	172068015	172074828	12	0.7118
d896fbc8-6813-49d3-8615-59778d3713a6	4	172075742	175778211	2074	-0.018
d896fbc8-6813-49d3-8615-59778d3713a6	4	175779215	175779314	2	-1.5407
d896fbc8-6813-49d3-8615-59778d3713a6	4	175779418	180971617	3647	-0.0546
d896fbc8-6813-49d3-8615-59778d3713a6	4	180973692	180977717	2	-1.2878
d896fbc8-6813-49d3-8615-59778d3713a6	4	180977894	182941086	1609	-0.046
d896fbc8-6813-49d3-8615-59778d3713a6	4	182941585	187984224	3383	0.0039
d896fbc8-6813-49d3-8615-59778d3713a6	4	187984449	188300076	200	-0.0492
d896fbc8-6813-49d3-8615-59778d3713a6	4	188300104	188300221	3	-1.2943
d896fbc8-6813-49d3-8615-59778d3713a6	4	188300270	190106768	1142	-0.0794
d896fbc8-6813-49d3-8615-59778d3713a6	5	15532	8523870	6768	-0.1351
d896fbc8-6813-49d3-8615-59778d3713a6	5	8523980	10907790	2080	-0.0738
d896fbc8-6813-49d3-8615-59778d3713a6	5	10907894	12998813	1392	-0.1396
d896fbc8-6813-49d3-8615-59778d3713a6	5	13005102	13014395	3	-1.4984
d896fbc8-6813-49d3-8615-59778d3713a6	5	13014933	14237685	897	-0.1068
d896fbc8-6813-49d3-8615-59778d3713a6	5	14238016	15465257	853	-0.0454
d896fbc8-6813-49d3-8615-59778d3713a6	5	15466076	21440955	3694	-0.1201
d896fbc8-6813-49d3-8615-59778d3713a6	5	21445849	21452387	10	0.4759
d896fbc8-6813-49d3-8615-59778d3713a6	5	21454830	25053311	2074	-0.1223
d896fbc8-6813-49d3-8615-59778d3713a6	5	25053472	25053532	2	-1.2074
d896fbc8-6813-49d3-8615-59778d3713a6	5	25053895	26552789	896	-0.1344
d896fbc8-6813-49d3-8615-59778d3713a6	5	26553759	26588241	27	-0.6624
d896fbc8-6813-49d3-8615-59778d3713a6	5	26589012	26731234	83	-0.1466
d896fbc8-6813-49d3-8615-59778d3713a6	5	26736847	26911237	141	0.1906
d896fbc8-6813-49d3-8615-59778d3713a6	5	26919816	45880280	11642	-0.1014
d896fbc8-6813-49d3-8615-59778d3713a6	5	45888402	45888562	2	-1.5023
d896fbc8-6813-49d3-8615-59778d3713a6	5	45892447	46271828	75	-0.0669
d896fbc8-6813-49d3-8615-59778d3713a6	5	46272419	46278110	6	-1.7525
d896fbc8-6813-49d3-8615-59778d3713a6	5	46313245	53625463	2073	-0.1304
d896fbc8-6813-49d3-8615-59778d3713a6	5	53626326	58030453	2999	-0.1692
d896fbc8-6813-49d3-8615-59778d3713a6	5	58033288	58035852	12	-0.6607
d896fbc8-6813-49d3-8615-59778d3713a6	5	58035867	75868467	10212	-0.1673
d896fbc8-6813-49d3-8615-59778d3713a6	5	75868542	114314748	23228	-0.1888
d896fbc8-6813-49d3-8615-59778d3713a6	5	114314858	121255711	4858	-0.1673
d896fbc8-6813-49d3-8615-59778d3713a6	5	121255730	133430064	7399	-0.1423
d896fbc8-6813-49d3-8615-59778d3713a6	5	133430439	136918649	2341	-0.0991
d896fbc8-6813-49d3-8615-59778d3713a6	5	136921464	137553118	510	-0.1367
d896fbc8-6813-49d3-8615-59778d3713a6	5	137559336	138343081	369	-0.4857
d896fbc8-6813-49d3-8615-59778d3713a6	5	138348962	140839137	1122	-0.1116
d896fbc8-6813-49d3-8615-59778d3713a6	5	140844251	140864171	12	-1.0468
d896fbc8-6813-49d3-8615-59778d3713a6	5	140872578	156049910	10202	-0.1215
d896fbc8-6813-49d3-8615-59778d3713a6	5	156049988	156055719	12	-1.169
d896fbc8-6813-49d3-8615-59778d3713a6	5	156068240	163431168	4908	-0.1282
d896fbc8-6813-49d3-8615-59778d3713a6	5	163435178	163435536	2	-2.1668
d896fbc8-6813-49d3-8615-59778d3713a6	5	163439542	166964881	2363	-0.1525
d896fbc8-6813-49d3-8615-59778d3713a6	5	166965050	169017988	1578	-0.1055
d896fbc8-6813-49d3-8615-59778d3713a6	5	169019344	170803684	1526	-0.1543
d896fbc8-6813-49d3-8615-59778d3713a6	5	170804495	178291388	4589	-0.1
d896fbc8-6813-49d3-8615-59778d3713a6	5	178291516	180947523	1617	-0.1219
d896fbc8-6813-49d3-8615-59778d3713a6	5	180951710	180991103	19	-1.7229
d896fbc8-6813-49d3-8615-59778d3713a6	5	181006225	181363319	170	-0.1058
d896fbc8-6813-49d3-8615-59778d3713a6	6	149661	294837	124	-0.0749
d896fbc8-6813-49d3-8615-59778d3713a6	6	302306	381149	77	-0.4601
d896fbc8-6813-49d3-8615-59778d3713a6	6	382559	726515	277	-0.0584
d896fbc8-6813-49d3-8615-59778d3713a6	6	726736	8509068	6408	0.0021
d896fbc8-6813-49d3-8615-59778d3713a6	6	8509224	22507512	10377	-0.024
d896fbc8-6813-49d3-8615-59778d3713a6	6	22507687	22903102	318	-0.2199
d896fbc8-6813-49d3-8615-59778d3713a6	6	22905088	22905603	4	-1.2793
d896fbc8-6813-49d3-8615-59778d3713a6	6	22909104	24339070	1031	-0.2468
d896fbc8-6813-49d3-8615-59778d3713a6	6	24340032	26670022	1596	-0.047
d896fbc8-6813-49d3-8615-59778d3713a6	6	26671100	26929769	29	0.2579
d896fbc8-6813-49d3-8615-59778d3713a6	6	26936980	29869295	1393	-0.0443
d896fbc8-6813-49d3-8615-59778d3713a6	6	29869410	33970222	2050	0.0103
d896fbc8-6813-49d3-8615-59778d3713a6	6	33970966	33974928	7	-1.1934
d896fbc8-6813-49d3-8615-59778d3713a6	6	33976809	42775385	5735	0.0207
d896fbc8-6813-49d3-8615-59778d3713a6	6	42775710	42860812	33	-0.4537
d896fbc8-6813-49d3-8615-59778d3713a6	6	42867068	44600894	961	0.0199
d896fbc8-6813-49d3-8615-59778d3713a6	6	44601028	44604077	2	-1.1756
d896fbc8-6813-49d3-8615-59778d3713a6	6	44604353	48062009	2345	0.033
d896fbc8-6813-49d3-8615-59778d3713a6	6	48063332	51913278	2248	-0.0044
d896fbc8-6813-49d3-8615-59778d3713a6	6	51914099	54066582	1562	0.0373
d896fbc8-6813-49d3-8615-59778d3713a6	6	54066621	54067057	3	-2.0177
d896fbc8-6813-49d3-8615-59778d3713a6	6	54070550	57290018	1942	0.0078
d896fbc8-6813-49d3-8615-59778d3713a6	6	57294155	57296099	4	0.7357
d896fbc8-6813-49d3-8615-59778d3713a6	6	57296402	64627049	2276	-0.0044
d896fbc8-6813-49d3-8615-59778d3713a6	6	64637651	64639099	2	1.1488
d896fbc8-6813-49d3-8615-59778d3713a6	6	64640883	64970112	220	0.005
d896fbc8-6813-49d3-8615-59778d3713a6	6	64977189	73882509	5936	-0.0506
d896fbc8-6813-49d3-8615-59778d3713a6	6	73882741	73891694	9	-2.2672
d896fbc8-6813-49d3-8615-59778d3713a6	6	73893839	74823796	611	-0.0383
d896fbc8-6813-49d3-8615-59778d3713a6	6	74824464	74824465	2	1.9914
d896fbc8-6813-49d3-8615-59778d3713a6	6	74824680	76718872	1148	-0.0416
d896fbc8-6813-49d3-8615-59778d3713a6	6	76719482	76743040	27	0.2645
d896fbc8-6813-49d3-8615-59778d3713a6	6	76751356	78253172	976	-0.0659
d896fbc8-6813-49d3-8615-59778d3713a6	6	78259348	78331916	114	-0.517
d896fbc8-6813-49d3-8615-59778d3713a6	6	78332002	78986097	399	-0.0311
d896fbc8-6813-49d3-8615-59778d3713a6	6	78986552	80589537	1068	0.0257
d896fbc8-6813-49d3-8615-59778d3713a6	6	80589745	81367397	523	-0.0609
d896fbc8-6813-49d3-8615-59778d3713a6	6	81367444	88889392	4602	-0.0201
d896fbc8-6813-49d3-8615-59778d3713a6	6	88890570	94481005	3766	-0.0541
d896fbc8-6813-49d3-8615-59778d3713a6	6	94483388	94484007	2	1.2069
d896fbc8-6813-49d3-8615-59778d3713a6	6	94486928	103286954	5093	-0.0466
d896fbc8-6813-49d3-8615-59778d3713a6	6	103290101	103314186	46	-0.9308
d896fbc8-6813-49d3-8615-59778d3713a6	6	103317795	105135671	1120	-0.0582
d896fbc8-6813-49d3-8615-59778d3713a6	6	105137821	112348392	4499	-0.0091
d896fbc8-6813-49d3-8615-59778d3713a6	6	112348848	112820165	271	-0.0555
d896fbc8-6813-49d3-8615-59778d3713a6	6	112822317	112823066	2	-1.1188
d896fbc8-6813-49d3-8615-59778d3713a6	6	112824464	114155611	948	-0.0163
d896fbc8-6813-49d3-8615-59778d3713a6	6	114156933	118019988	2144	0.1431
d896fbc8-6813-49d3-8615-59778d3713a6	6	118021506	130675270	7839	-0.0321
d896fbc8-6813-49d3-8615-59778d3713a6	6	130676640	138955964	5724	-0.0037
d896fbc8-6813-49d3-8615-59778d3713a6	6	138958792	151848812	8303	-0.0278
d896fbc8-6813-49d3-8615-59778d3713a6	6	151849112	153409974	1230	-0.0869
d896fbc8-6813-49d3-8615-59778d3713a6	6	153416612	161082039	5135	-0.0168
d896fbc8-6813-49d3-8615-59778d3713a6	6	161082892	166050337	3916	-0.0581
d896fbc8-6813-49d3-8615-59778d3713a6	6	166051351	170741917	3010	-0.0304
d896fbc8-6813-49d3-8615-59778d3713a6	7	43355	148300	90	0.4675
d896fbc8-6813-49d3-8615-59778d3713a6	7	155066	161442	11	-0.241
d896fbc8-6813-49d3-8615-59778d3713a6	7	161517	3520128	1478	0.4868
d896fbc8-6813-49d3-8615-59778d3713a6	7	3520194	7017623	1907	0.4356
d896fbc8-6813-49d3-8615-59778d3713a6	7	7018199	8822192	1614	0.4845
d896fbc8-6813-49d3-8615-59778d3713a6	7	8822487	11579048	2194	0.4072
d896fbc8-6813-49d3-8615-59778d3713a6	7	11579496	13129557	1236	0.4769
d896fbc8-6813-49d3-8615-59778d3713a6	7	13129570	15392007	1839	0.4175
d896fbc8-6813-49d3-8615-59778d3713a6	7	15392045	17191390	1483	0.5038
d896fbc8-6813-49d3-8615-59778d3713a6	7	17194223	19297394	1812	0.4262
d896fbc8-6813-49d3-8615-59778d3713a6	7	19298325	41154823	15634	0.4566
d896fbc8-6813-49d3-8615-59778d3713a6	7	41159894	44865056	2302	0.4234
d896fbc8-6813-49d3-8615-59778d3713a6	7	44866840	48449763	2528	0.4702
d896fbc8-6813-49d3-8615-59778d3713a6	7	48450460	50245770	1239	0.4032
d896fbc8-6813-49d3-8615-59778d3713a6	7	50246124	51914662	1290	0.4773
d896fbc8-6813-49d3-8615-59778d3713a6	7	51915958	52661195	601	0.4224
d896fbc8-6813-49d3-8615-59778d3713a6	7	52669031	52674701	3	1.3304
d896fbc8-6813-49d3-8615-59778d3713a6	7	52675050	54305455	1187	0.392
d896fbc8-6813-49d3-8615-59778d3713a6	7	54318812	54318824	6	-0.5681
d896fbc8-6813-49d3-8615-59778d3713a6	7	54325795	56793985	1597	0.4579
d896fbc8-6813-49d3-8615-59778d3713a6	7	56794828	64774694	1273	0.355
d896fbc8-6813-49d3-8615-59778d3713a6	7	64775451	65604760	345	0.5653
d896fbc8-6813-49d3-8615-59778d3713a6	7	65604865	65800367	48	0.2231
d896fbc8-6813-49d3-8615-59778d3713a6	7	65805317	65811213	3	1.0314
d896fbc8-6813-49d3-8615-59778d3713a6	7	65811405	67446281	593	0.2086
d896fbc8-6813-49d3-8615-59778d3713a6	7	67446729	70027792	1680	0.1158
d896fbc8-6813-49d3-8615-59778d3713a6	7	70030672	82976253	6945	0.1926
d896fbc8-6813-49d3-8615-59778d3713a6	7	82979988	82980099	2	-1.1962
d896fbc8-6813-49d3-8615-59778d3713a6	7	82980800	100727566	10616	0.19
d896fbc8-6813-49d3-8615-59778d3713a6	7	100731621	100731642	2	-1.7642
d896fbc8-6813-49d3-8615-59778d3713a6	7	100735219	104254254	1678	0.1879
d896fbc8-6813-49d3-8615-59778d3713a6	7	104254667	108901136	3069	0.2201
d896fbc8-6813-49d3-8615-59778d3713a6	7	108904404	117497489	5342	0.1786
d896fbc8-6813-49d3-8615-59778d3713a6	7	117502048	117519344	8	-0.8504
d896fbc8-6813-49d3-8615-59778d3713a6	7	117522118	126405502	5274	0.1788
d896fbc8-6813-49d3-8615-59778d3713a6	7	126405597	126406822	11	-0.9682
d896fbc8-6813-49d3-8615-59778d3713a6	7	126406823	128522840	1398	0.2272
d896fbc8-6813-49d3-8615-59778d3713a6	7	128523281	128534838	3	-0.7758
d896fbc8-6813-49d3-8615-59778d3713a6	7	128535534	134100424	3295	0.1882
d896fbc8-6813-49d3-8615-59778d3713a6	7	134100442	134105690	24	0.8089
d896fbc8-6813-49d3-8615-59778d3713a6	7	134110881	134355556	174	0.2155
d896fbc8-6813-49d3-8615-59778d3713a6	7	134355866	139199109	3246	0.1712
d896fbc8-6813-49d3-8615-59778d3713a6	7	139199570	142063324	1779	0.2143
d896fbc8-6813-49d3-8615-59778d3713a6	7	142069843	142092307	33	-1.8626
d896fbc8-6813-49d3-8615-59778d3713a6	7	142099190	144264193	1209	0.2161
d896fbc8-6813-49d3-8615-59778d3713a6	7	144295437	144336758	5	-1.5258
d896fbc8-6813-49d3-8615-59778d3713a6	7	144343967	147424248	1947	0.1627
d896fbc8-6813-49d3-8615-59778d3713a6	7	147425067	150856669	2090	0.2284
d896fbc8-6813-49d3-8615-59778d3713a6	7	150856772	150863234	8	-0.3166
d896fbc8-6813-49d3-8615-59778d3713a6	7	150865574	153517366	1574	0.2049
d896fbc8-6813-49d3-8615-59778d3713a6	7	153517377	154598185	785	0.1606
d896fbc8-6813-49d3-8615-59778d3713a6	7	154601461	154607903	4	-1.738
d896fbc8-6813-49d3-8615-59778d3713a6	7	154609120	154635962	27	0.1603
d896fbc8-6813-49d3-8615-59778d3713a6	7	154636288	154636708	3	-1.4412
d896fbc8-6813-49d3-8615-59778d3713a6	7	154637850	155095451	419	0.2013
d896fbc8-6813-49d3-8615-59778d3713a6	7	155095616	155096080	13	-0.2258
d896fbc8-6813-49d3-8615-59778d3713a6	7	155096782	156592980	1143	0.2258
d896fbc8-6813-49d3-8615-59778d3713a6	7	156599096	156601485	4	-2.277
d896fbc8-6813-49d3-8615-59778d3713a6	7	156602214	159334314	1622	0.2104
d896fbc8-6813-49d3-8615-59778d3713a6	8	81254	2844412	2035	-0.5691
d896fbc8-6813-49d3-8615-59778d3713a6	8	2846011	2846377	7	-1.5444
d896fbc8-6813-49d3-8615-59778d3713a6	8	2849649	12376708	8961	-0.5591
d896fbc8-6813-49d3-8615-59778d3713a6	8	12376742	12695342	64	-0.2255
d896fbc8-6813-49d3-8615-59778d3713a6	8	12697234	25117007	10356	-0.542
d896fbc8-6813-49d3-8615-59778d3713a6	8	25117062	25126708	22	-1.1342
d896fbc8-6813-49d3-8615-59778d3713a6	8	25126735	28943607	2851	-0.5419
d896fbc8-6813-49d3-8615-59778d3713a6	8	28948391	31772935	1694	0.4068
d896fbc8-6813-49d3-8615-59778d3713a6	8	31772998	31807178	38	0.7926
d896fbc8-6813-49d3-8615-59778d3713a6	8	31813831	32785278	808	-0.5723
d896fbc8-6813-49d3-8615-59778d3713a6	8	32786798	33031886	165	0.4855
d896fbc8-6813-49d3-8615-59778d3713a6	8	33034817	35993884	1643	0.7269
d896fbc8-6813-49d3-8615-59778d3713a6	8	36003435	36284772	142	-0.5284
d896fbc8-6813-49d3-8615-59778d3713a6	8	36289956	37686979	861	0.799
d896fbc8-6813-49d3-8615-59778d3713a6	8	37690259	38073432	120	0.4299
d896fbc8-6813-49d3-8615-59778d3713a6	8	38082834	38229806	59	-0.463
d896fbc8-6813-49d3-8615-59778d3713a6	8	38236965	38528396	221	0.4377
d896fbc8-6813-49d3-8615-59778d3713a6	8	38529873	39373140	401	0.5784
d896fbc8-6813-49d3-8615-59778d3713a6	8	39378084	39529446	59	1.1979
d896fbc8-6813-49d3-8615-59778d3713a6	8	39530780	41445217	1394	0.5279
d896fbc8-6813-49d3-8615-59778d3713a6	8	41445940	46613954	1373	0.6844
d896fbc8-6813-49d3-8615-59778d3713a6	8	46615926	46624924	9	1.3172
d896fbc8-6813-49d3-8615-59778d3713a6	8	46634473	47254843	279	0.678
d896fbc8-6813-49d3-8615-59778d3713a6	8	47256652	49046825	869	0.7775
d896fbc8-6813-49d3-8615-59778d3713a6	8	49047971	51049640	1239	0.7142
d896fbc8-6813-49d3-8615-59778d3713a6	8	51050551	51930430	557	0.7776
d896fbc8-6813-49d3-8615-59778d3713a6	8	51931851	52792060	567	0.8514
d896fbc8-6813-49d3-8615-59778d3713a6	8	52793185	57134367	2844	0.7747
d896fbc8-6813-49d3-8615-59778d3713a6	8	57134487	58402508	950	0.7174
d896fbc8-6813-49d3-8615-59778d3713a6	8	58402539	58583931	124	0.8521
d896fbc8-6813-49d3-8615-59778d3713a6	8	58584113	60044392	893	0.7374
d896fbc8-6813-49d3-8615-59778d3713a6	8	60044446	63139175	2126	0.8089
d896fbc8-6813-49d3-8615-59778d3713a6	8	63139288	67565891	2238	0.7587
d896fbc8-6813-49d3-8615-59778d3713a6	8	67566102	69294368	1219	0.7312
d896fbc8-6813-49d3-8615-59778d3713a6	8	69295362	69296082	7	-0.0704
d896fbc8-6813-49d3-8615-59778d3713a6	8	69299337	70040504	502	0.7553
d896fbc8-6813-49d3-8615-59778d3713a6	8	70041692	70051137	17	0.3216
d896fbc8-6813-49d3-8615-59778d3713a6	8	70051197	70577543	271	0.7603
d896fbc8-6813-49d3-8615-59778d3713a6	8	70579530	86574659	9535	0.5487
d896fbc8-6813-49d3-8615-59778d3713a6	8	86575667	86677134	70	0.7929
d896fbc8-6813-49d3-8615-59778d3713a6	8	86680742	87192511	299	0.5124
d896fbc8-6813-49d3-8615-59778d3713a6	8	87192689	92007424	2826	0.7548
d896fbc8-6813-49d3-8615-59778d3713a6	8	92007733	92007901	4	-0.0443
d896fbc8-6813-49d3-8615-59778d3713a6	8	92008360	93094982	597	0.7226
d896fbc8-6813-49d3-8615-59778d3713a6	8	93095985	103439813	6517	0.7922
d896fbc8-6813-49d3-8615-59778d3713a6	8	103439971	104449428	538	0.7414
d896fbc8-6813-49d3-8615-59778d3713a6	8	104452426	104453645	2	-0.8283
d896fbc8-6813-49d3-8615-59778d3713a6	8	104455038	111282237	4115	0.7626
d896fbc8-6813-49d3-8615-59778d3713a6	8	111282417	111283031	7	1.7033
d896fbc8-6813-49d3-8615-59778d3713a6	8	111288052	116504678	2999	0.7249
d896fbc8-6813-49d3-8615-59778d3713a6	8	116505459	128765208	8651	0.8041
d896fbc8-6813-49d3-8615-59778d3713a6	8	128766360	134100783	4096	0.7676
d896fbc8-6813-49d3-8615-59778d3713a6	8	134103179	134460725	318	-0.0669
d896fbc8-6813-49d3-8615-59778d3713a6	8	134462335	134635561	184	0.7998
d896fbc8-6813-49d3-8615-59778d3713a6	8	134641662	134642499	4	-0.425
d896fbc8-6813-49d3-8615-59778d3713a6	8	134642834	136679162	1480	0.7819
d896fbc8-6813-49d3-8615-59778d3713a6	8	136679682	138160823	1225	0.7291
d896fbc8-6813-49d3-8615-59778d3713a6	8	138161193	138280359	113	0.7835
d896fbc8-6813-49d3-8615-59778d3713a6	8	138280517	138280641	2	1.8196
d896fbc8-6813-49d3-8615-59778d3713a6	8	138281388	139141133	727	0.7467
d896fbc8-6813-49d3-8615-59778d3713a6	8	139141600	139143199	3	-0.3148
d896fbc8-6813-49d3-8615-59778d3713a6	8	139144082	139147994	6	0.966
d896fbc8-6813-49d3-8615-59778d3713a6	8	139148252	139180596	23	0.622
d896fbc8-6813-49d3-8615-59778d3713a6	8	139184734	139190602	4	0.8533
d896fbc8-6813-49d3-8615-59778d3713a6	8	139191542	145072769	3056	-0.0341
d896fbc8-6813-49d3-8615-59778d3713a6	9	46587	10028851	9636	-0.0056
d896fbc8-6813-49d3-8615-59778d3713a6	9	10029787	11622644	1332	-0.0652
d896fbc8-6813-49d3-8615-59778d3713a6	9	11623065	12281372	513	-0.0126
d896fbc8-6813-49d3-8615-59778d3713a6	9	12282052	13094022	593	0.0591
d896fbc8-6813-49d3-8615-59778d3713a6	9	13094358	28048934	11884	-0.014
d896fbc8-6813-49d3-8615-59778d3713a6	9	28049520	32088306	2864	-0.0552
d896fbc8-6813-49d3-8615-59778d3713a6	9	32088490	61520021	4535	-0.0182
d896fbc8-6813-49d3-8615-59778d3713a6	9	61521913	61665362	30	-0.9633
d896fbc8-6813-49d3-8615-59778d3713a6	9	61668104	67168711	154	0.0777
d896fbc8-6813-49d3-8615-59778d3713a6	9	67216687	67375814	2	1.2747
d896fbc8-6813-49d3-8615-59778d3713a6	9	67402423	76527389	5984	-0.0121
d896fbc8-6813-49d3-8615-59778d3713a6	9	76535422	76545547	14	-0.8567
d896fbc8-6813-49d3-8615-59778d3713a6	9	76548592	78689426	1517	-0.0033
d896fbc8-6813-49d3-8615-59778d3713a6	9	78694820	81001701	1757	-0.074
d896fbc8-6813-49d3-8615-59778d3713a6	9	81002181	86974442	4125	-0.0308
d896fbc8-6813-49d3-8615-59778d3713a6	9	86977373	87907679	821	-0.0808
d896fbc8-6813-49d3-8615-59778d3713a6	9	87939236	87939304	2	-1.5809
d896fbc8-6813-49d3-8615-59778d3713a6	9	87943042	88729097	462	-0.0603
d896fbc8-6813-49d3-8615-59778d3713a6	9	88729378	93707815	3439	-0.008
d896fbc8-6813-49d3-8615-59778d3713a6	9	93708429	93708675	2	-1.6245
d896fbc8-6813-49d3-8615-59778d3713a6	9	93710664	101776593	5217	-0.013
d896fbc8-6813-49d3-8615-59778d3713a6	9	101776683	102278981	438	-0.1978
d896fbc8-6813-49d3-8615-59778d3713a6	9	102280342	105118122	2160	-0.0332
d896fbc8-6813-49d3-8615-59778d3713a6	9	105118145	113726914	6435	0.0117
d896fbc8-6813-49d3-8615-59778d3713a6	9	113727190	115352313	1265	-0.009
d896fbc8-6813-49d3-8615-59778d3713a6	9	115352514	120213982	4068	-0.0345
d896fbc8-6813-49d3-8615-59778d3713a6	9	120214560	130234182	5800	-0.0007
d896fbc8-6813-49d3-8615-59778d3713a6	9	130234596	130273395	21	-0.4334
d896fbc8-6813-49d3-8615-59778d3713a6	9	130274994	135266407	3239	-0.0081
d896fbc8-6813-49d3-8615-59778d3713a6	9	135266911	135326901	41	-0.2861
d896fbc8-6813-49d3-8615-59778d3713a6	9	135326957	138200944	1102	-0.0176
d896fbc8-6813-49d3-8615-59778d3713a6	10	45792	6862218	5889	-0.0024
d896fbc8-6813-49d3-8615-59778d3713a6	10	6862256	10385832	2920	-0.0488
d896fbc8-6813-49d3-8615-59778d3713a6	10	10386002	17885034	6024	-0.0146
d896fbc8-6813-49d3-8615-59778d3713a6	10	17896194	17910884	3	-1.3759
d896fbc8-6813-49d3-8615-59778d3713a6	10	17929793	30957581	9358	-0.0278
d896fbc8-6813-49d3-8615-59778d3713a6	10	30962405	30962809	10	-0.5219
d896fbc8-6813-49d3-8615-59778d3713a6	10	30962850	36056357	3342	-0.0182
d896fbc8-6813-49d3-8615-59778d3713a6	10	36057654	37166217	755	-0.0692
d896fbc8-6813-49d3-8615-59778d3713a6	10	37172220	37190956	4	-0.7195
d896fbc8-6813-49d3-8615-59778d3713a6	10	37193077	37980587	466	-0.0877
d896fbc8-6813-49d3-8615-59778d3713a6	10	37982189	37982566	2	-1.1995
d896fbc8-6813-49d3-8615-59778d3713a6	10	37985033	42370860	330	-0.0625
d896fbc8-6813-49d3-8615-59778d3713a6	10	42372623	43029180	395	-0.0391
d896fbc8-6813-49d3-8615-59778d3713a6	10	43029253	43030294	2	-1.6043
d896fbc8-6813-49d3-8615-59778d3713a6	10	43030575	59115746	10507	-0.0392
d896fbc8-6813-49d3-8615-59778d3713a6	10	59116280	62175233	2198	0.0033
d896fbc8-6813-49d3-8615-59778d3713a6	10	62176335	65546518	2169	-0.0326
d896fbc8-6813-49d3-8615-59778d3713a6	10	65548165	65563168	30	0.4331
d896fbc8-6813-49d3-8615-59778d3713a6	10	65565695	65598983	44	-0.0122
d896fbc8-6813-49d3-8615-59778d3713a6	10	65599638	65602156	2	-1.0147
d896fbc8-6813-49d3-8615-59778d3713a6	10	65602423	66313623	562	-0.0496
d896fbc8-6813-49d3-8615-59778d3713a6	10	66317834	66347738	31	-0.9926
d896fbc8-6813-49d3-8615-59778d3713a6	10	66349315	81549156	9721	-0.0216
d896fbc8-6813-49d3-8615-59778d3713a6	10	81550606	82729288	940	-0.0794
d896fbc8-6813-49d3-8615-59778d3713a6	10	82729820	104740339	13892	-0.013
d896fbc8-6813-49d3-8615-59778d3713a6	10	104744167	109166226	3351	-0.0707
d896fbc8-6813-49d3-8615-59778d3713a6	10	109166240	112635035	2380	0.005
d896fbc8-6813-49d3-8615-59778d3713a6	10	112635052	112809432	140	-0.1731
d896fbc8-6813-49d3-8615-59778d3713a6	10	112815365	112821434	2	-1.2669
d896fbc8-6813-49d3-8615-59778d3713a6	10	112822880	113195570	216	-0.123
d896fbc8-6813-49d3-8615-59778d3713a6	10	113209142	130348091	12807	-0.0073
d896fbc8-6813-49d3-8615-59778d3713a6	10	130348547	130788291	385	-0.0948
d896fbc8-6813-49d3-8615-59778d3713a6	10	130792557	130797707	4	-1.064
d896fbc8-6813-49d3-8615-59778d3713a6	10	130797728	131076437	285	-0.0714
d896fbc8-6813-49d3-8615-59778d3713a6	10	131077980	131079424	2	-1.2311
d896fbc8-6813-49d3-8615-59778d3713a6	10	131081353	131718014	504	-0.0936
d896fbc8-6813-49d3-8615-59778d3713a6	10	131718077	133654968	919	-0.0056
d896fbc8-6813-49d3-8615-59778d3713a6	11	198510	4217824	1736	-0.0171
d896fbc8-6813-49d3-8615-59778d3713a6	11	4228783	4314648	25	-1.119
d896fbc8-6813-49d3-8615-59778d3713a6	11	4314837	4933377	631	-0.0295
d896fbc8-6813-49d3-8615-59778d3713a6	11	4940288	4940599	4	0.8131
d896fbc8-6813-49d3-8615-59778d3713a6	11	4940679	4946166	20	0.1121
d896fbc8-6813-49d3-8615-59778d3713a6	11	4946420	4954475	29	0.6801
d896fbc8-6813-49d3-8615-59778d3713a6	11	4955027	5761882	781	-0.0625
d896fbc8-6813-49d3-8615-59778d3713a6	11	5762165	5787909	36	0.3052
d896fbc8-6813-49d3-8615-59778d3713a6	11	5788108	5855957	73	-0.1205
d896fbc8-6813-49d3-8615-59778d3713a6	11	5857091	20357730	10669	-0.0201
d896fbc8-6813-49d3-8615-59778d3713a6	11	20359791	25633389	3985	-0.0507
d896fbc8-6813-49d3-8615-59778d3713a6	11	25633667	25639130	2	-3.1663
d896fbc8-6813-49d3-8615-59778d3713a6	11	25641188	26520274	729	-0.0691
d896fbc8-6813-49d3-8615-59778d3713a6	11	26521708	27880766	947	0.0037
d896fbc8-6813-49d3-8615-59778d3713a6	11	27881584	31371747	2112	-0.0589
d896fbc8-6813-49d3-8615-59778d3713a6	11	31372721	31375533	2	-1.5423
d896fbc8-6813-49d3-8615-59778d3713a6	11	31376660	32571218	872	-0.0539
d896fbc8-6813-49d3-8615-59778d3713a6	11	32572408	37253563	3610	-0.0032
d896fbc8-6813-49d3-8615-59778d3713a6	11	37254073	44700994	4971	-0.059
d896fbc8-6813-49d3-8615-59778d3713a6	11	44702321	48572716	2035	-0.01
d896fbc8-6813-49d3-8615-59778d3713a6	11	48576870	48581124	3	0.9097
d896fbc8-6813-49d3-8615-59778d3713a6	11	48584766	49131689	188	0.0311
d896fbc8-6813-49d3-8615-59778d3713a6	11	49132649	54581250	625	-0.0649
d896fbc8-6813-49d3-8615-59778d3713a6	11	54581255	55695531	427	0.6576
d896fbc8-6813-49d3-8615-59778d3713a6	11	55695678	57449124	1186	0.7803
d896fbc8-6813-49d3-8615-59778d3713a6	11	57451616	59586987	1181	-0.0285
d896fbc8-6813-49d3-8615-59778d3713a6	11	59590470	78828070	9710	0.1291
d896fbc8-6813-49d3-8615-59778d3713a6	11	78828165	80256469	1167	0.0802
d896fbc8-6813-49d3-8615-59778d3713a6	11	80256504	80256520	2	-2.5474
d896fbc8-6813-49d3-8615-59778d3713a6	11	80256642	82342495	1712	0.0656
d896fbc8-6813-49d3-8615-59778d3713a6	11	82342514	87584249	3476	0.1118
d896fbc8-6813-49d3-8615-59778d3713a6	11	87584427	93064604	3575	0.0732
d896fbc8-6813-49d3-8615-59778d3713a6	11	93064704	96802593	2693	0.1206
d896fbc8-6813-49d3-8615-59778d3713a6	11	96803413	97526553	553	0.0755
d896fbc8-6813-49d3-8615-59778d3713a6	11	97527349	101723653	3273	-0.0552
d896fbc8-6813-49d3-8615-59778d3713a6	11	101727129	101727233	4	1.5596
d896fbc8-6813-49d3-8615-59778d3713a6	11	101727481	103214025	952	0.0058
d896fbc8-6813-49d3-8615-59778d3713a6	11	103214109	116113991	8690	-0.05
d896fbc8-6813-49d3-8615-59778d3713a6	11	116116910	122234857	4321	-0.0175
d896fbc8-6813-49d3-8615-59778d3713a6	11	122236706	127873455	4184	-0.06
d896fbc8-6813-49d3-8615-59778d3713a6	11	127873471	130897163	2219	-0.0104
d896fbc8-6813-49d3-8615-59778d3713a6	11	130897560	135074876	3336	-0.0687
d896fbc8-6813-49d3-8615-59778d3713a6	12	51460	756804	416	0.0128
d896fbc8-6813-49d3-8615-59778d3713a6	12	759943	764863	18	-0.6548
d896fbc8-6813-49d3-8615-59778d3713a6	12	766188	9477960	5733	-0.0069
d896fbc8-6813-49d3-8615-59778d3713a6	12	9481274	9575696	24	1.3576
d896fbc8-6813-49d3-8615-59778d3713a6	12	9582373	10427861	631	-0.0572
d896fbc8-6813-49d3-8615-59778d3713a6	12	10430768	10443207	5	-0.6537
d896fbc8-6813-49d3-8615-59778d3713a6	12	10446203	10488385	22	-0.11
d896fbc8-6813-49d3-8615-59778d3713a6	12	10494386	17032215	4568	0.0045
d896fbc8-6813-49d3-8615-59778d3713a6	12	17035572	25844858	6025	-0.045
d896fbc8-6813-49d3-8615-59778d3713a6	12	25845011	33141726	5322	-0.0151
d896fbc8-6813-49d3-8615-59778d3713a6	12	33148472	33155999	35	0.274
d896fbc8-6813-49d3-8615-59778d3713a6	12	33156051	33487798	218	0.0126
d896fbc8-6813-49d3-8615-59778d3713a6	12	33488622	33572297	56	0.1944
d896fbc8-6813-49d3-8615-59778d3713a6	12	33573643	39934955	1658	-0.0245
d896fbc8-6813-49d3-8615-59778d3713a6	12	39935813	41351329	988	-0.0631
d896fbc8-6813-49d3-8615-59778d3713a6	12	41353971	41435436	92	-0.2564
d896fbc8-6813-49d3-8615-59778d3713a6	12	41436571	43037857	1107	-0.0613
d896fbc8-6813-49d3-8615-59778d3713a6	12	43038823	45510655	1454	-0.0165
d896fbc8-6813-49d3-8615-59778d3713a6	12	45512057	45515754	3	-1.18
d896fbc8-6813-49d3-8615-59778d3713a6	12	45519509	53101712	4413	-0.0061
d896fbc8-6813-49d3-8615-59778d3713a6	12	53103914	53108732	6	-0.8291
d896fbc8-6813-49d3-8615-59778d3713a6	12	53112094	59480486	3646	-0.0052
d896fbc8-6813-49d3-8615-59778d3713a6	12	59486697	62214382	1675	-0.0683
d896fbc8-6813-49d3-8615-59778d3713a6	12	62216815	70478078	5421	-0.0247
d896fbc8-6813-49d3-8615-59778d3713a6	12	70478895	70483970	5	-2.3411
d896fbc8-6813-49d3-8615-59778d3713a6	12	70483985	70484247	4	-0.9872
d896fbc8-6813-49d3-8615-59778d3713a6	12	70485605	71116475	478	0.0303
d896fbc8-6813-49d3-8615-59778d3713a6	12	71127747	71173551	36	0.474
d896fbc8-6813-49d3-8615-59778d3713a6	12	71183321	84266941	8219	-0.0232
d896fbc8-6813-49d3-8615-59778d3713a6	12	84267134	84303507	25	-0.3571
d896fbc8-6813-49d3-8615-59778d3713a6	12	84307630	93034233	5275	-0.0209
d896fbc8-6813-49d3-8615-59778d3713a6	12	93034915	93510432	253	-0.2057
d896fbc8-6813-49d3-8615-59778d3713a6	12	93520266	128678171	23801	-0.0191
d896fbc8-6813-49d3-8615-59778d3713a6	12	128679608	128679878	2	-1.4713
d896fbc8-6813-49d3-8615-59778d3713a6	12	128680779	129724980	989	-0.0788
d896fbc8-6813-49d3-8615-59778d3713a6	12	129725934	133201603	2144	-0.0108
d896fbc8-6813-49d3-8615-59778d3713a6	13	18452809	19535577	522	-0.1193
d896fbc8-6813-49d3-8615-59778d3713a6	13	19536055	20894406	790	0.2733
d896fbc8-6813-49d3-8615-59778d3713a6	13	20895330	23555001	1939	0.2215
d896fbc8-6813-49d3-8615-59778d3713a6	13	23556715	24056776	376	0.2954
d896fbc8-6813-49d3-8615-59778d3713a6	13	24058001	24058911	4	-0.6975
d896fbc8-6813-49d3-8615-59778d3713a6	13	24061115	25475500	1041	0.2609
d896fbc8-6813-49d3-8615-59778d3713a6	13	25479396	25878055	294	0.1726
d896fbc8-6813-49d3-8615-59778d3713a6	13	25879167	26515750	447	0.2561
d896fbc8-6813-49d3-8615-59778d3713a6	13	26516736	27801556	1011	0.296
d896fbc8-6813-49d3-8615-59778d3713a6	13	27805328	31957984	3126	0.2443
d896fbc8-6813-49d3-8615-59778d3713a6	13	31958485	31964286	18	-0.6465
d896fbc8-6813-49d3-8615-59778d3713a6	13	31965910	37501828	3900	0.2094
d896fbc8-6813-49d3-8615-59778d3713a6	13	37502130	37510620	12	-0.4923
d896fbc8-6813-49d3-8615-59778d3713a6	13	37514193	38470360	697	0.2049
d896fbc8-6813-49d3-8615-59778d3713a6	13	38475694	38490920	6	0.7799
d896fbc8-6813-49d3-8615-59778d3713a6	13	38491096	38767454	203	0.2028
d896fbc8-6813-49d3-8615-59778d3713a6	13	38767877	47327189	5932	0.2565
d896fbc8-6813-49d3-8615-59778d3713a6	13	47327667	48877342	1122	0.2036
d896fbc8-6813-49d3-8615-59778d3713a6	13	48877727	51506543	1486	0.2604
d896fbc8-6813-49d3-8615-59778d3713a6	13	51507493	52519687	451	0.2109
d896fbc8-6813-49d3-8615-59778d3713a6	13	52520664	52531650	4	-0.9974
d896fbc8-6813-49d3-8615-59778d3713a6	13	52543744	57176962	2618	0.1995
d896fbc8-6813-49d3-8615-59778d3713a6	13	57184136	57204246	34	-0.535
d896fbc8-6813-49d3-8615-59778d3713a6	13	57215580	70702392	8266	0.2003
d896fbc8-6813-49d3-8615-59778d3713a6	13	70702408	72089067	876	0.251
d896fbc8-6813-49d3-8615-59778d3713a6	13	72089205	72317130	199	0.3327
d896fbc8-6813-49d3-8615-59778d3713a6	13	72317872	72376622	32	0.1783
d896fbc8-6813-49d3-8615-59778d3713a6	13	72379759	72379916	3	-0.4613
d896fbc8-6813-49d3-8615-59778d3713a6	13	72380356	74009654	1159	0.2955
d896fbc8-6813-49d3-8615-59778d3713a6	13	74010431	78058395	2820	0.2233
d896fbc8-6813-49d3-8615-59778d3713a6	13	78061737	78064228	4	-0.6114
d896fbc8-6813-49d3-8615-59778d3713a6	13	78068815	81873970	2499	0.2425
d896fbc8-6813-49d3-8615-59778d3713a6	13	81878758	85746955	2458	0.1805
d896fbc8-6813-49d3-8615-59778d3713a6	13	85747076	85747377	3	-0.9313
d896fbc8-6813-49d3-8615-59778d3713a6	13	85752817	93747673	4936	0.1977
d896fbc8-6813-49d3-8615-59778d3713a6	13	93752235	105453139	8470	0.2334
d896fbc8-6813-49d3-8615-59778d3713a6	13	105453241	105806776	278	0.2679
d896fbc8-6813-49d3-8615-59778d3713a6	13	105807906	106709967	760	0.3219
d896fbc8-6813-49d3-8615-59778d3713a6	13	106718939	113049090	4734	0.2581
d896fbc8-6813-49d3-8615-59778d3713a6	13	113050071	113053299	2	1.3373
d896fbc8-6813-49d3-8615-59778d3713a6	13	113053344	114342922	547	0.2666
d896fbc8-6813-49d3-8615-59778d3713a6	14	18239283	19110634	33	-0.0481
d896fbc8-6813-49d3-8615-59778d3713a6	14	19134873	19955213	134	0.7807
d896fbc8-6813-49d3-8615-59778d3713a6	14	19956767	21913580	1326	-0.007
d896fbc8-6813-49d3-8615-59778d3713a6	14	21913900	22526139	550	0.1109
d896fbc8-6813-49d3-8615-59778d3713a6	14	22526849	26962143	2840	-0.0099
d896fbc8-6813-49d3-8615-59778d3713a6	14	26962265	27569401	376	-0.1429
d896fbc8-6813-49d3-8615-59778d3713a6	14	27569432	29254523	934	-0.0525
d896fbc8-6813-49d3-8615-59778d3713a6	14	29258648	29259148	2	1.0954
d896fbc8-6813-49d3-8615-59778d3713a6	14	29262456	30597419	763	-0.0451
d896fbc8-6813-49d3-8615-59778d3713a6	14	30598884	36109423	3588	0.0016
d896fbc8-6813-49d3-8615-59778d3713a6	14	36113214	48264531	7432	-0.0332
d896fbc8-6813-49d3-8615-59778d3713a6	14	48273194	48391516	69	-0.7796
d896fbc8-6813-49d3-8615-59778d3713a6	14	48397525	50870838	1353	0.0009
d896fbc8-6813-49d3-8615-59778d3713a6	14	50875135	53774394	2059	-0.0329
d896fbc8-6813-49d3-8615-59778d3713a6	14	53774527	56733676	2148	0.0092
d896fbc8-6813-49d3-8615-59778d3713a6	14	56733737	64279477	4819	-0.0289
d896fbc8-6813-49d3-8615-59778d3713a6	14	64279519	69551330	3155	0.0117
d896fbc8-6813-49d3-8615-59778d3713a6	14	69551651	69555567	5	-0.7941
d896fbc8-6813-49d3-8615-59778d3713a6	14	69555582	73540003	2628	-0.0146
d896fbc8-6813-49d3-8615-59778d3713a6	14	73540147	73563196	8	-1.1539
d896fbc8-6813-49d3-8615-59778d3713a6	14	73563211	78662574	3344	0.0036
d896fbc8-6813-49d3-8615-59778d3713a6	14	78662723	80136029	1053	-0.0589
d896fbc8-6813-49d3-8615-59778d3713a6	14	80137381	82599694	1525	-0.0149
d896fbc8-6813-49d3-8615-59778d3713a6	14	82599810	87422919	3285	-0.0656
d896fbc8-6813-49d3-8615-59778d3713a6	14	87429186	106221676	11603	-0.004
d896fbc8-6813-49d3-8615-59778d3713a6	14	106222434	106345838	52	0.2091
d896fbc8-6813-49d3-8615-59778d3713a6	14	106346115	106423925	34	-0.0617
d896fbc8-6813-49d3-8615-59778d3713a6	14	106425447	106462183	47	-1.7224
d896fbc8-6813-49d3-8615-59778d3713a6	14	106462724	106877229	195	-0.0092
d896fbc8-6813-49d3-8615-59778d3713a6	15	19811075	25174845	1690	-0.0486
d896fbc8-6813-49d3-8615-59778d3713a6	15	25176460	25191032	11	-0.953
d896fbc8-6813-49d3-8615-59778d3713a6	15	25191042	29472178	2735	-0.1003
d896fbc8-6813-49d3-8615-59778d3713a6	15	29472327	30253522	403	-0.021
d896fbc8-6813-49d3-8615-59778d3713a6	15	30259942	30269364	2	1.0141
d896fbc8-6813-49d3-8615-59778d3713a6	15	30281107	30515739	19	-0.0933
d896fbc8-6813-49d3-8615-59778d3713a6	15	30595753	30608675	2	-1.3207
d896fbc8-6813-49d3-8615-59778d3713a6	15	30621384	30816472	66	0.0392
d896fbc8-6813-49d3-8615-59778d3713a6	15	30816586	30818340	2	-1.4894
d896fbc8-6813-49d3-8615-59778d3713a6	15	30821161	31800862	689	-0.0154
d896fbc8-6813-49d3-8615-59778d3713a6	15	31804086	31804788	4	-0.7894
d896fbc8-6813-49d3-8615-59778d3713a6	15	31807224	33724218	1333	-0.0385
d896fbc8-6813-49d3-8615-59778d3713a6	15	33724853	34430601	470	-0.0729
d896fbc8-6813-49d3-8615-59778d3713a6	15	34431231	34520918	61	-0.5754
d896fbc8-6813-49d3-8615-59778d3713a6	15	34522159	35051776	372	-0.0158
d896fbc8-6813-49d3-8615-59778d3713a6	15	35054154	47221056	7223	-0.067
d896fbc8-6813-49d3-8615-59778d3713a6	15	47226610	47227348	5	-1.3268
d896fbc8-6813-49d3-8615-59778d3713a6	15	47227357	56494995	6021	-0.0865
d896fbc8-6813-49d3-8615-59778d3713a6	15	56495478	65521764	6236	-0.0302
d896fbc8-6813-49d3-8615-59778d3713a6	15	65524604	65526049	3	-2.2453
d896fbc8-6813-49d3-8615-59778d3713a6	15	65530196	65986238	238	-0.0348
d896fbc8-6813-49d3-8615-59778d3713a6	15	65991362	67048893	787	-0.5304
d896fbc8-6813-49d3-8615-59778d3713a6	15	67049472	86322696	11349	-0.0195
d896fbc8-6813-49d3-8615-59778d3713a6	15	86323471	88260034	1620	-0.059
d896fbc8-6813-49d3-8615-59778d3713a6	15	88260612	97404397	6823	-0.0201
d896fbc8-6813-49d3-8615-59778d3713a6	15	97404432	98478219	830	-0.5013
d896fbc8-6813-49d3-8615-59778d3713a6	15	98480739	101928837	2514	-0.0327
d896fbc8-6813-49d3-8615-59778d3713a6	16	10777	5819649	2941	0.006
d896fbc8-6813-49d3-8615-59778d3713a6	16	5820605	6395053	669	-0.0624
d896fbc8-6813-49d3-8615-59778d3713a6	16	6398437	6446027	64	-0.5645
d896fbc8-6813-49d3-8615-59778d3713a6	16	6446332	6502266	57	-0.0283
d896fbc8-6813-49d3-8615-59778d3713a6	16	6504252	6919294	565	-0.2825
d896fbc8-6813-49d3-8615-59778d3713a6	16	6919670	7501704	737	-0.0624
d896fbc8-6813-49d3-8615-59778d3713a6	16	7502275	7593245	127	-0.5892
d896fbc8-6813-49d3-8615-59778d3713a6	16	7595394	14686797	5927	-0.0021
d896fbc8-6813-49d3-8615-59778d3713a6	16	14794738	14954911	18	0.5099
d896fbc8-6813-49d3-8615-59778d3713a6	16	14954987	15446683	132	0.0825
d896fbc8-6813-49d3-8615-59778d3713a6	16	15448342	16202055	500	-0.1696
d896fbc8-6813-49d3-8615-59778d3713a6	16	16236633	19934328	1722	-0.0165
d896fbc8-6813-49d3-8615-59778d3713a6	16	19934486	19956040	28	0.3766
d896fbc8-6813-49d3-8615-59778d3713a6	16	19958932	21552867	904	-0.0224
d896fbc8-6813-49d3-8615-59778d3713a6	16	21557881	22753242	491	0.093
d896fbc8-6813-49d3-8615-59778d3713a6	16	22753262	35080991	5174	-0.0185
d896fbc8-6813-49d3-8615-59778d3713a6	16	35082020	35533640	274	-0.1703
d896fbc8-6813-49d3-8615-59778d3713a6	16	35533876	59599288	8974	-0.0116
d896fbc8-6813-49d3-8615-59778d3713a6	16	59602533	65890466	4264	-0.0551
d896fbc8-6813-49d3-8615-59778d3713a6	16	65891075	78337711	7645	-0.0092
d896fbc8-6813-49d3-8615-59778d3713a6	16	78338543	78350841	15	-1.9076
d896fbc8-6813-49d3-8615-59778d3713a6	16	78350868	79287620	1250	-0.0773
d896fbc8-6813-49d3-8615-59778d3713a6	16	79287923	90096867	9355	-0.0149
d896fbc8-6813-49d3-8615-59778d3713a6	17	150733	7180181	4029	-0.0005
d896fbc8-6813-49d3-8615-59778d3713a6	17	7188331	7966447	329	-0.4983
d896fbc8-6813-49d3-8615-59778d3713a6	17	7983417	8339592	173	0.0165
d896fbc8-6813-49d3-8615-59778d3713a6	17	8344229	8344415	2	-2.1785
d896fbc8-6813-49d3-8615-59778d3713a6	17	8346140	9842997	1035	-0.0182
d896fbc8-6813-49d3-8615-59778d3713a6	17	9843747	14221179	3318	-0.2002
d896fbc8-6813-49d3-8615-59778d3713a6	17	14221290	14937924	611	-0.2715
d896fbc8-6813-49d3-8615-59778d3713a6	17	14938653	21399695	3080	-0.1733
d896fbc8-6813-49d3-8615-59778d3713a6	17	21414459	21624398	84	0.2815
d896fbc8-6813-49d3-8615-59778d3713a6	17	21661661	22718353	220	-0.2205
d896fbc8-6813-49d3-8615-59778d3713a6	17	22718556	33477382	3374	0.0015
d896fbc8-6813-49d3-8615-59778d3713a6	17	33477387	33477551	2	-1.1849
d896fbc8-6813-49d3-8615-59778d3713a6	17	33477966	33669000	179	-0.0132
d896fbc8-6813-49d3-8615-59778d3713a6	17	33669214	34499852	782	-0.0709
d896fbc8-6813-49d3-8615-59778d3713a6	17	34500288	34502353	5	-0.7506
d896fbc8-6813-49d3-8615-59778d3713a6	17	34502389	34771104	230	-0.0693
d896fbc8-6813-49d3-8615-59778d3713a6	17	34771524	41266762	3349	0.004
d896fbc8-6813-49d3-8615-59778d3713a6	17	41266774	41274279	23	0.933
d896fbc8-6813-49d3-8615-59778d3713a6	17	41276472	46136800	2537	-0.0024
d896fbc8-6813-49d3-8615-59778d3713a6	17	46137998	46664059	94	-0.2259
d896fbc8-6813-49d3-8615-59778d3713a6	17	46687628	52242365	3124	-0.0002
d896fbc8-6813-49d3-8615-59778d3713a6	17	52243065	54669614	1539	-0.0486
d896fbc8-6813-49d3-8615-59778d3713a6	17	54669735	55973566	1019	-0.0014
d896fbc8-6813-49d3-8615-59778d3713a6	17	55973857	56073702	88	-0.1417
d896fbc8-6813-49d3-8615-59778d3713a6	17	56073853	57610128	1226	0.0007
d896fbc8-6813-49d3-8615-59778d3713a6	17	57610972	57611632	2	-1.2874
d896fbc8-6813-49d3-8615-59778d3713a6	17	57614632	79271487	12841	-0.005
d896fbc8-6813-49d3-8615-59778d3713a6	17	79272003	79272071	2	-1.3494
d896fbc8-6813-49d3-8615-59778d3713a6	17	79272174	83091923	1705	-0.0072
d896fbc8-6813-49d3-8615-59778d3713a6	18	48133	2329840	1664	-0.4976
d896fbc8-6813-49d3-8615-59778d3713a6	18	2330829	2336090	2	-2.3327
d896fbc8-6813-49d3-8615-59778d3713a6	18	2336478	14144901	8361	-0.5163
d896fbc8-6813-49d3-8615-59778d3713a6	18	14149484	22248595	925	-0.4148
d896fbc8-6813-49d3-8615-59778d3713a6	18	22248660	29662331	4698	-0.5175
d896fbc8-6813-49d3-8615-59778d3713a6	18	29664194	37249995	4837	-0.4746
d896fbc8-6813-49d3-8615-59778d3713a6	18	37252168	40678118	2232	-0.5282
d896fbc8-6813-49d3-8615-59778d3713a6	18	40678132	40685425	32	-0.1094
d896fbc8-6813-49d3-8615-59778d3713a6	18	40688060	53681183	8885	-0.518
d896fbc8-6813-49d3-8615-59778d3713a6	18	53683207	53684270	2	-4.2959
d896fbc8-6813-49d3-8615-59778d3713a6	18	53685778	53997831	224	-0.4854
d896fbc8-6813-49d3-8615-59778d3713a6	18	53998472	53998629	2	-2.1916
d896fbc8-6813-49d3-8615-59778d3713a6	18	53998782	65532840	7965	-0.4982
d896fbc8-6813-49d3-8615-59778d3713a6	18	65533230	65537481	18	0.0715
d896fbc8-6813-49d3-8615-59778d3713a6	18	65540037	66054343	356	-0.5155
d896fbc8-6813-49d3-8615-59778d3713a6	18	66060256	66065527	14	0.0892
d896fbc8-6813-49d3-8615-59778d3713a6	18	66065571	69619541	2676	-0.4962
d896fbc8-6813-49d3-8615-59778d3713a6	18	69619667	69621723	5	-2.1825
d896fbc8-6813-49d3-8615-59778d3713a6	18	69624838	80257174	7722	-0.5365
d896fbc8-6813-49d3-8615-59778d3713a6	19	90910	3305832	888	-0.0107
d896fbc8-6813-49d3-8615-59778d3713a6	19	3308078	3308098	2	-1.6097
d896fbc8-6813-49d3-8615-59778d3713a6	19	3319720	20970252	8332	-0.0103
d896fbc8-6813-49d3-8615-59778d3713a6	19	20970273	31761528	5070	-0.058
d896fbc8-6813-49d3-8615-59778d3713a6	19	31767055	35167825	2226	-0.0097
d896fbc8-6813-49d3-8615-59778d3713a6	19	35172871	35173089	5	-0.9005
d896fbc8-6813-49d3-8615-59778d3713a6	19	35173140	35323014	137	0.0151
d896fbc8-6813-49d3-8615-59778d3713a6	19	35325496	35385973	63	0.1654
d896fbc8-6813-49d3-8615-59778d3713a6	19	35387478	43159526	3837	-0.0272
d896fbc8-6813-49d3-8615-59778d3713a6	19	43159720	43282526	52	0.2003
d896fbc8-6813-49d3-8615-59778d3713a6	19	43285762	51639099	4131	-0.0121
d896fbc8-6813-49d3-8615-59778d3713a6	19	51639362	51651652	11	-0.6176
d896fbc8-6813-49d3-8615-59778d3713a6	19	51652217	54740939	2015	-0.029
d896fbc8-6813-49d3-8615-59778d3713a6	19	54772391	54867244	46	-0.8181
d896fbc8-6813-49d3-8615-59778d3713a6	19	54868000	58586487	2270	-0.0234
d896fbc8-6813-49d3-8615-59778d3713a6	20	80664	92905	23	-0.0437
d896fbc8-6813-49d3-8615-59778d3713a6	20	93706	1579321	1169	-0.5275
d896fbc8-6813-49d3-8615-59778d3713a6	20	1579412	1580353	10	-0.1382
d896fbc8-6813-49d3-8615-59778d3713a6	20	1580934	1617460	43	1.2282
d896fbc8-6813-49d3-8615-59778d3713a6	20	1617690	11135633	7303	-0.5196
d896fbc8-6813-49d3-8615-59778d3713a6	20	11135749	11414905	255	0.7246
d896fbc8-6813-49d3-8615-59778d3713a6	20	11417311	12834565	1076	-0.5225
d896fbc8-6813-49d3-8615-59778d3713a6	20	12835847	12843239	9	0.8512
d896fbc8-6813-49d3-8615-59778d3713a6	20	12845003	14829057	1290	-0.5424
d896fbc8-6813-49d3-8615-59778d3713a6	20	14829628	14911141	88	-0.8123
d896fbc8-6813-49d3-8615-59778d3713a6	20	14912030	15119904	195	0.2288
d896fbc8-6813-49d3-8615-59778d3713a6	20	15120818	16491480	1308	0.4261
d896fbc8-6813-49d3-8615-59778d3713a6	20	16491908	18296342	1549	0.8306
d896fbc8-6813-49d3-8615-59778d3713a6	20	18296733	18296750	2	0.2855
d896fbc8-6813-49d3-8615-59778d3713a6	20	18304459	25881914	5514	-0.5331
d896fbc8-6813-49d3-8615-59778d3713a6	20	25883232	26324943	151	-0.3498
d896fbc8-6813-49d3-8615-59778d3713a6	20	30185676	37003824	2774	0.8215
d896fbc8-6813-49d3-8615-59778d3713a6	20	37009466	37094427	147	0.6055
d896fbc8-6813-49d3-8615-59778d3713a6	20	37097999	38627993	962	0.8323
d896fbc8-6813-49d3-8615-59778d3713a6	20	38629982	40470832	1290	0.7835
d896fbc8-6813-49d3-8615-59778d3713a6	20	40472055	41730880	794	0.8512
d896fbc8-6813-49d3-8615-59778d3713a6	20	41731384	41731388	5	0.1128
d896fbc8-6813-49d3-8615-59778d3713a6	20	41732145	43078927	1236	0.7821
d896fbc8-6813-49d3-8615-59778d3713a6	20	43080491	54633882	8188	0.837
d896fbc8-6813-49d3-8615-59778d3713a6	20	54635020	56967893	1916	0.803
d896fbc8-6813-49d3-8615-59778d3713a6	20	56968690	58583589	1287	0.8872
d896fbc8-6813-49d3-8615-59778d3713a6	20	58588823	64284715	3751	0.8353
d896fbc8-6813-49d3-8615-59778d3713a6	20	64323342	64324800	5	-0.6293
d896fbc8-6813-49d3-8615-59778d3713a6	21	10354168	10585552	60	-0.0787
d896fbc8-6813-49d3-8615-59778d3713a6	21	10589032	13933932	247	-0.3541
d896fbc8-6813-49d3-8615-59778d3713a6	21	13942760	26908194	9528	-0.518
d896fbc8-6813-49d3-8615-59778d3713a6	21	26910341	26910533	3	-2.2705
d896fbc8-6813-49d3-8615-59778d3713a6	21	26911285	30333125	2551	-0.5105
d896fbc8-6813-49d3-8615-59778d3713a6	21	30335137	41136979	8134	-0.0062
d896fbc8-6813-49d3-8615-59778d3713a6	21	41137857	41247585	98	0.2025
d896fbc8-6813-49d3-8615-59778d3713a6	21	41247617	46677045	3210	-0.002
d896fbc8-6813-49d3-8615-59778d3713a6	22	15294547	17386576	548	0.0091
d896fbc8-6813-49d3-8615-59778d3713a6	22	17387100	18190590	582	0.0621
d896fbc8-6813-49d3-8615-59778d3713a6	22	18392404	18783014	7	0.7897
d896fbc8-6813-49d3-8615-59778d3713a6	22	18818348	33274957	10004	0.0548
d896fbc8-6813-49d3-8615-59778d3713a6	22	33275885	37346951	3278	-0.0012
d896fbc8-6813-49d3-8615-59778d3713a6	22	37352689	37353906	4	-1.3148
d896fbc8-6813-49d3-8615-59778d3713a6	22	37354627	42045757	2483	0.0014
d896fbc8-6813-49d3-8615-59778d3713a6	22	42046785	48427664	4769	-0.5373
d896fbc8-6813-49d3-8615-59778d3713a6	22	48427931	49536576	1000	-0.6754
d896fbc8-6813-49d3-8615-59778d3713a6	22	49536704	50042973	245	-0.5696
d896fbc8-6813-49d3-8615-59778d3713a6	22	50045900	50046464	3	-2.0859
d896fbc8-6813-49d3-8615-59778d3713a6	22	50048163	50750050	319	-0.5133
d896fbc8-6813-49d3-8615-59778d3713a6	22	50750078	50796027	9	-0.2374
d896fbc8-6813-49d3-8615-59778d3713a6	X	251810	2748312	94	0.0382
d896fbc8-6813-49d3-8615-59778d3713a6	X	2785350	6981422	3174	-0.4398
d896fbc8-6813-49d3-8615-59778d3713a6	X	6986404	7100977	89	-0.751
d896fbc8-6813-49d3-8615-59778d3713a6	X	7101461	11439179	3100	-0.4397
d896fbc8-6813-49d3-8615-59778d3713a6	X	11439736	12291062	717	-0.8191
d896fbc8-6813-49d3-8615-59778d3713a6	X	12291362	52657472	23617	-0.4527
d896fbc8-6813-49d3-8615-59778d3713a6	X	52789762	53679929	342	0.3334
d896fbc8-6813-49d3-8615-59778d3713a6	X	53682714	53991951	123	0.4573
d896fbc8-6813-49d3-8615-59778d3713a6	X	53998097	55032690	423	0.3034
d896fbc8-6813-49d3-8615-59778d3713a6	X	55039915	55042927	2	-1.5936
d896fbc8-6813-49d3-8615-59778d3713a6	X	55045437	76372355	7581	0.3075
d896fbc8-6813-49d3-8615-59778d3713a6	X	76379257	84782361	4073	0.2516
d896fbc8-6813-49d3-8615-59778d3713a6	X	84782649	85601931	488	0.3848
d896fbc8-6813-49d3-8615-59778d3713a6	X	85602129	86545275	678	0.2775
d896fbc8-6813-49d3-8615-59778d3713a6	X	86547774	86547798	2	-1.1306
d896fbc8-6813-49d3-8615-59778d3713a6	X	86548509	88473437	1275	0.2273
d896fbc8-6813-49d3-8615-59778d3713a6	X	88473897	88754429	196	0.3433
d896fbc8-6813-49d3-8615-59778d3713a6	X	88754699	90318967	617	0.2077
d896fbc8-6813-49d3-8615-59778d3713a6	X	90321513	91478232	459	0.34
d896fbc8-6813-49d3-8615-59778d3713a6	X	91493418	94985800	1727	0.245
d896fbc8-6813-49d3-8615-59778d3713a6	X	94990897	95158595	100	0.3096
d896fbc8-6813-49d3-8615-59778d3713a6	X	95159272	96362477	672	0.4008
d896fbc8-6813-49d3-8615-59778d3713a6	X	96362878	98223733	1132	0.3031
d896fbc8-6813-49d3-8615-59778d3713a6	X	98224197	99401588	610	0.2352
d896fbc8-6813-49d3-8615-59778d3713a6	X	99401631	100883979	791	0.3226
d896fbc8-6813-49d3-8615-59778d3713a6	X	100889499	101095445	99	0.5454
d896fbc8-6813-49d3-8615-59778d3713a6	X	101095511	103917238	1381	0.3002
d896fbc8-6813-49d3-8615-59778d3713a6	X	103924147	103955573	25	1.5361
d896fbc8-6813-49d3-8615-59778d3713a6	X	103988453	104006616	28	0.3997
d896fbc8-6813-49d3-8615-59778d3713a6	X	104006747	104050792	51	1.584
d896fbc8-6813-49d3-8615-59778d3713a6	X	104083894	106179266	1075	0.2725
d896fbc8-6813-49d3-8615-59778d3713a6	X	106187828	107779343	760	0.3564
d896fbc8-6813-49d3-8615-59778d3713a6	X	107780507	114737822	3861	0.2449
d896fbc8-6813-49d3-8615-59778d3713a6	X	114738050	115951030	578	0.3307
d896fbc8-6813-49d3-8615-59778d3713a6	X	115951069	117723881	1129	0.2559
d896fbc8-6813-49d3-8615-59778d3713a6	X	117723905	125094145	4408	0.3237
d896fbc8-6813-49d3-8615-59778d3713a6	X	125094655	128147419	1743	0.2525
d896fbc8-6813-49d3-8615-59778d3713a6	X	128147496	135943090	4052	0.3278
d896fbc8-6813-49d3-8615-59778d3713a6	X	135948342	139653413	2294	0.2585
d896fbc8-6813-49d3-8615-59778d3713a6	X	139655951	140419029	410	0.3828
d896fbc8-6813-49d3-8615-59778d3713a6	X	140422569	141897295	822	0.2687
d896fbc8-6813-49d3-8615-59778d3713a6	X	141899967	141983459	89	0.0503
d896fbc8-6813-49d3-8615-59778d3713a6	X	141983939	142382126	362	0.2123
d896fbc8-6813-49d3-8615-59778d3713a6	X	142382190	142382510	5	1.0131
d896fbc8-6813-49d3-8615-59778d3713a6	X	142383004	147765687	3725	0.2499
d896fbc8-6813-49d3-8615-59778d3713a6	X	147765710	147766545	7	0.9207
d896fbc8-6813-49d3-8615-59778d3713a6	X	147766617	149297459	1020	0.2697
d896fbc8-6813-49d3-8615-59778d3713a6	X	149298216	151124426	1080	0.3501
d896fbc8-6813-49d3-8615-59778d3713a6	X	151125462	151126987	2	-1.575
d896fbc8-6813-49d3-8615-59778d3713a6	X	151128083	154752630	1949	0.3277
d896fbc8-6813-49d3-8615-59778d3713a6	X	154752743	155952689	412	0.439
d896fbc8-6813-49d3-8615-59778d3713a6	Y	2782397	3117554	150	-1.7854
d896fbc8-6813-49d3-8615-59778d3713a6	Y	3137227	6064433	566	-1.6176
d896fbc8-6813-49d3-8615-59778d3713a6	Y	6071948	13478396	2545	-1.8135
d896fbc8-6813-49d3-8615-59778d3713a6	Y	13478462	13482643	3	-6.7527
d896fbc8-6813-49d3-8615-59778d3713a6	Y	13483009	56872112	3365	-1.826
