GDC_Aliquot	Chromosome	Start	End	Num_Probes	Segment_Mean
cce9277a-fd51-403b-9a58-91e324c8a3a9	1	62920	259407	14	0.3151
cce9277a-fd51-403b-9a58-91e324c8a3a9	1	259422	1815255	257	-0.7301
cce9277a-fd51-403b-9a58-91e324c8a3a9	1	1817848	5722709	2299	-0.8896
cce9277a-fd51-403b-9a58-91e324c8a3a9	1	5725075	12779433	3825	-0.7075
cce9277a-fd51-403b-9a58-91e324c8a3a9	1	12792599	12797904	3	-7.3808
cce9277a-fd51-403b-9a58-91e324c8a3a9	1	12799143	12802201	8	-0.7375
cce9277a-fd51-403b-9a58-91e324c8a3a9	1	12806954	12807830	9	-2.5876
cce9277a-fd51-403b-9a58-91e324c8a3a9	1	12813243	16686246	2137	-0.7569
cce9277a-fd51-403b-9a58-91e324c8a3a9	1	16689764	16935752	76	-0.3223
cce9277a-fd51-403b-9a58-91e324c8a3a9	1	16949746	22873760	3873	-0.7271
cce9277a-fd51-403b-9a58-91e324c8a3a9	1	22877690	22891311	8	-3.0879
cce9277a-fd51-403b-9a58-91e324c8a3a9	1	22891524	25256850	1308	-0.6949
cce9277a-fd51-403b-9a58-91e324c8a3a9	1	25266637	25336819	25	-1.9215
cce9277a-fd51-403b-9a58-91e324c8a3a9	1	25336853	29828461	1996	-0.6955
cce9277a-fd51-403b-9a58-91e324c8a3a9	1	29828480	29838030	5	-2.9943
cce9277a-fd51-403b-9a58-91e324c8a3a9	1	29838050	33798358	2255	-0.7208
cce9277a-fd51-403b-9a58-91e324c8a3a9	1	33800368	49867213	9204	0.2902
cce9277a-fd51-403b-9a58-91e324c8a3a9	1	49869856	49991165	48	-0.7104
cce9277a-fd51-403b-9a58-91e324c8a3a9	1	49991796	55782620	3382	0.2735
cce9277a-fd51-403b-9a58-91e324c8a3a9	1	55785707	58073205	1917	0.2026
cce9277a-fd51-403b-9a58-91e324c8a3a9	1	58073449	60908023	2002	0.301
cce9277a-fd51-403b-9a58-91e324c8a3a9	1	60908124	70948151	7068	0.2444
cce9277a-fd51-403b-9a58-91e324c8a3a9	1	70948625	70971064	18	0.5191
cce9277a-fd51-403b-9a58-91e324c8a3a9	1	70972456	72303253	785	0.1421
cce9277a-fd51-403b-9a58-91e324c8a3a9	1	72305460	72345450	43	-1.1959
cce9277a-fd51-403b-9a58-91e324c8a3a9	1	72345465	83072387	6948	0.1653
cce9277a-fd51-403b-9a58-91e324c8a3a9	1	83072448	86776379	2446	0.2635
cce9277a-fd51-403b-9a58-91e324c8a3a9	1	86779595	89009572	1540	0.195
cce9277a-fd51-403b-9a58-91e324c8a3a9	1	89012275	89012522	2	-3.0865
cce9277a-fd51-403b-9a58-91e324c8a3a9	1	89015841	93053276	2432	0.2068
cce9277a-fd51-403b-9a58-91e324c8a3a9	1	93053289	94666219	1038	0.3008
cce9277a-fd51-403b-9a58-91e324c8a3a9	1	94668245	94668773	5	1.4906
cce9277a-fd51-403b-9a58-91e324c8a3a9	1	94669551	96409037	1222	0.275
cce9277a-fd51-403b-9a58-91e324c8a3a9	1	96409149	103614695	4384	0.1772
cce9277a-fd51-403b-9a58-91e324c8a3a9	1	103614714	103717410	9	-0.7563
cce9277a-fd51-403b-9a58-91e324c8a3a9	1	103717617	105459540	917	0.1701
cce9277a-fd51-403b-9a58-91e324c8a3a9	1	105470132	105479722	17	1.292
cce9277a-fd51-403b-9a58-91e324c8a3a9	1	105479738	107061283	1044	0.215
cce9277a-fd51-403b-9a58-91e324c8a3a9	1	107061554	108223733	912	0.2748
cce9277a-fd51-403b-9a58-91e324c8a3a9	1	108226680	108274557	2	-3.0343
cce9277a-fd51-403b-9a58-91e324c8a3a9	1	108310648	109684893	676	0.3184
cce9277a-fd51-403b-9a58-91e324c8a3a9	1	109690352	109697556	13	-1.0926
cce9277a-fd51-403b-9a58-91e324c8a3a9	1	109702376	118559299	6038	0.2529
cce9277a-fd51-403b-9a58-91e324c8a3a9	1	118560107	157882598	6561	0.3049
cce9277a-fd51-403b-9a58-91e324c8a3a9	1	157882935	161425765	2430	0.2212
cce9277a-fd51-403b-9a58-91e324c8a3a9	1	161426316	161426352	2	-1.6365
cce9277a-fd51-403b-9a58-91e324c8a3a9	1	161426746	167912165	5037	0.2204
cce9277a-fd51-403b-9a58-91e324c8a3a9	1	167913148	169731967	1383	0.285
cce9277a-fd51-403b-9a58-91e324c8a3a9	1	169732053	174560261	3036	0.2103
cce9277a-fd51-403b-9a58-91e324c8a3a9	1	174562714	174627185	34	-0.8397
cce9277a-fd51-403b-9a58-91e324c8a3a9	1	174627835	177172387	1645	0.1524
cce9277a-fd51-403b-9a58-91e324c8a3a9	1	177173089	184649888	5186	0.226
cce9277a-fd51-403b-9a58-91e324c8a3a9	1	184650779	196745743	7921	0.1694
cce9277a-fd51-403b-9a58-91e324c8a3a9	1	196758720	196775006	17	0.9795
cce9277a-fd51-403b-9a58-91e324c8a3a9	1	196775070	196788990	18	0.0723
cce9277a-fd51-403b-9a58-91e324c8a3a9	1	196789019	196832525	22	0.7435
cce9277a-fd51-403b-9a58-91e324c8a3a9	1	196832720	200274960	2198	0.1638
cce9277a-fd51-403b-9a58-91e324c8a3a9	1	200278574	200676791	259	0.2316
cce9277a-fd51-403b-9a58-91e324c8a3a9	1	200676810	206474107	3668	0.297
cce9277a-fd51-403b-9a58-91e324c8a3a9	1	206474444	209897717	2660	0.2163
cce9277a-fd51-403b-9a58-91e324c8a3a9	1	209908268	209910639	3	-1.8639
cce9277a-fd51-403b-9a58-91e324c8a3a9	1	209913207	215344585	3749	0.2583
cce9277a-fd51-403b-9a58-91e324c8a3a9	1	215345885	222847162	5188	0.1661
cce9277a-fd51-403b-9a58-91e324c8a3a9	1	222849581	222850262	2	-3.4109
cce9277a-fd51-403b-9a58-91e324c8a3a9	1	222850427	230926260	5099	0.2347
cce9277a-fd51-403b-9a58-91e324c8a3a9	1	230926830	230992876	45	-0.907
cce9277a-fd51-403b-9a58-91e324c8a3a9	1	230994930	234178451	2482	0.2082
cce9277a-fd51-403b-9a58-91e324c8a3a9	1	234180567	234229704	48	-0.3727
cce9277a-fd51-403b-9a58-91e324c8a3a9	1	234232249	236734076	1678	0.2806
cce9277a-fd51-403b-9a58-91e324c8a3a9	1	236735742	241900226	4186	0.2
cce9277a-fd51-403b-9a58-91e324c8a3a9	1	241900849	244006892	1383	0.1149
cce9277a-fd51-403b-9a58-91e324c8a3a9	1	244007727	244439441	309	0.1821
cce9277a-fd51-403b-9a58-91e324c8a3a9	1	244439556	248585893	2661	0.2531
cce9277a-fd51-403b-9a58-91e324c8a3a9	1	248585918	248645808	33	-0.5774
cce9277a-fd51-403b-9a58-91e324c8a3a9	1	248646068	248930189	138	0.2073
cce9277a-fd51-403b-9a58-91e324c8a3a9	2	12784	1084856	739	0.1168
cce9277a-fd51-403b-9a58-91e324c8a3a9	2	1090824	2211396	684	-0.0237
cce9277a-fd51-403b-9a58-91e324c8a3a9	2	2211431	7652808	4584	0.1254
cce9277a-fd51-403b-9a58-91e324c8a3a9	2	7653200	11659972	2847	0.2769
cce9277a-fd51-403b-9a58-91e324c8a3a9	2	11667090	19133046	5608	0.1829
cce9277a-fd51-403b-9a58-91e324c8a3a9	2	19133347	29195358	5945	0.2554
cce9277a-fd51-403b-9a58-91e324c8a3a9	2	29195541	31435605	1781	0.1677
cce9277a-fd51-403b-9a58-91e324c8a3a9	2	31436226	32410216	370	0.2509
cce9277a-fd51-403b-9a58-91e324c8a3a9	2	32410662	32808398	208	0.4008
cce9277a-fd51-403b-9a58-91e324c8a3a9	2	32808788	34427804	1288	0.1961
cce9277a-fd51-403b-9a58-91e324c8a3a9	2	34434869	34511990	57	1.0571
cce9277a-fd51-403b-9a58-91e324c8a3a9	2	34512096	35510563	674	0.1929
cce9277a-fd51-403b-9a58-91e324c8a3a9	2	35510570	41011683	4130	0.2435
cce9277a-fd51-403b-9a58-91e324c8a3a9	2	41011848	41015457	2	-1.6564
cce9277a-fd51-403b-9a58-91e324c8a3a9	2	41015499	47686875	4933	0.2764
cce9277a-fd51-403b-9a58-91e324c8a3a9	2	47686910	52527423	3260	0.1708
cce9277a-fd51-403b-9a58-91e324c8a3a9	2	52527590	52527743	3	-2.414
cce9277a-fd51-403b-9a58-91e324c8a3a9	2	52531615	52554404	33	-0.1148
cce9277a-fd51-403b-9a58-91e324c8a3a9	2	52560811	52995824	375	0.1881
cce9277a-fd51-403b-9a58-91e324c8a3a9	2	52995900	55917975	2086	0.2537
cce9277a-fd51-403b-9a58-91e324c8a3a9	2	55921599	62716862	4276	0.1558
cce9277a-fd51-403b-9a58-91e324c8a3a9	2	62719523	62877476	66	-0.8073
cce9277a-fd51-403b-9a58-91e324c8a3a9	2	62880712	66437526	2211	0.2612
cce9277a-fd51-403b-9a58-91e324c8a3a9	2	66438014	68372930	1420	0.1615
cce9277a-fd51-403b-9a58-91e324c8a3a9	2	68374343	76729697	5185	0.2437
cce9277a-fd51-403b-9a58-91e324c8a3a9	2	76729962	82725799	3999	0.1506
cce9277a-fd51-403b-9a58-91e324c8a3a9	2	82730693	87260822	2408	0.2761
cce9277a-fd51-403b-9a58-91e324c8a3a9	2	87261116	96301969	1431	0.1847
cce9277a-fd51-403b-9a58-91e324c8a3a9	2	96303098	97535071	383	0.288
cce9277a-fd51-403b-9a58-91e324c8a3a9	2	97537802	97545726	5	1.6963
cce9277a-fd51-403b-9a58-91e324c8a3a9	2	97550415	109018899	7226	0.2179
cce9277a-fd51-403b-9a58-91e324c8a3a9	2	109019449	114772893	2836	0.2747
cce9277a-fd51-403b-9a58-91e324c8a3a9	2	114772914	119351314	2993	0.1872
cce9277a-fd51-403b-9a58-91e324c8a3a9	2	119352399	121821952	1380	0.2811
cce9277a-fd51-403b-9a58-91e324c8a3a9	2	121832742	122719438	612	0.2063
cce9277a-fd51-403b-9a58-91e324c8a3a9	2	122722323	122726355	12	-0.6474
cce9277a-fd51-403b-9a58-91e324c8a3a9	2	122729255	123518268	580	0.2043
cce9277a-fd51-403b-9a58-91e324c8a3a9	2	123520065	124854693	900	0.1133
cce9277a-fd51-403b-9a58-91e324c8a3a9	2	124854715	132429936	4042	0.2163
cce9277a-fd51-403b-9a58-91e324c8a3a9	2	132430212	137697701	3611	0.1207
cce9277a-fd51-403b-9a58-91e324c8a3a9	2	137698069	138307433	377	0.2975
cce9277a-fd51-403b-9a58-91e324c8a3a9	2	138307553	142962382	3011	0.1416
cce9277a-fd51-403b-9a58-91e324c8a3a9	2	142962773	146104517	1788	0.0346
cce9277a-fd51-403b-9a58-91e324c8a3a9	2	146106836	146107615	8	0.3841
cce9277a-fd51-403b-9a58-91e324c8a3a9	2	146107675	146109366	16	1.504
cce9277a-fd51-403b-9a58-91e324c8a3a9	2	146120238	148947155	1422	0.122
cce9277a-fd51-403b-9a58-91e324c8a3a9	2	148949357	150759633	1203	0.2133
cce9277a-fd51-403b-9a58-91e324c8a3a9	2	150760366	154594279	2599	0.1389
cce9277a-fd51-403b-9a58-91e324c8a3a9	2	154595226	160096538	3245	0.2464
cce9277a-fd51-403b-9a58-91e324c8a3a9	2	160096597	164229573	2364	0.1961
cce9277a-fd51-403b-9a58-91e324c8a3a9	2	164230314	174412086	6464	0.2545
cce9277a-fd51-403b-9a58-91e324c8a3a9	2	174412824	177921409	2237	0.2039
cce9277a-fd51-403b-9a58-91e324c8a3a9	2	177922093	181715984	2421	0.147
cce9277a-fd51-403b-9a58-91e324c8a3a9	2	181716500	197311458	8919	0.2049
cce9277a-fd51-403b-9a58-91e324c8a3a9	2	197312042	198363791	554	0.2624
cce9277a-fd51-403b-9a58-91e324c8a3a9	2	198364304	199270109	575	0.3717
cce9277a-fd51-403b-9a58-91e324c8a3a9	2	199278840	206263567	4182	0.2339
cce9277a-fd51-403b-9a58-91e324c8a3a9	2	206263589	206269093	2	-1.9285
cce9277a-fd51-403b-9a58-91e324c8a3a9	2	206271106	207485315	758	0.204
cce9277a-fd51-403b-9a58-91e324c8a3a9	2	207485467	207494795	26	0.7673
cce9277a-fd51-403b-9a58-91e324c8a3a9	2	207494836	209422112	1211	0.2568
cce9277a-fd51-403b-9a58-91e324c8a3a9	2	209426143	213213613	2486	0.1445
cce9277a-fd51-403b-9a58-91e324c8a3a9	2	213221183	242106953	18119	-0.8403
cce9277a-fd51-403b-9a58-91e324c8a3a9	2	242109214	242147305	6	-0.1743
cce9277a-fd51-403b-9a58-91e324c8a3a9	3	20930	7468246	6546	0.1925
cce9277a-fd51-403b-9a58-91e324c8a3a9	3	7468297	15906821	6109	0.2772
cce9277a-fd51-403b-9a58-91e324c8a3a9	3	15913927	27881193	8179	0.1675
cce9277a-fd51-403b-9a58-91e324c8a3a9	3	27890400	65196604	24453	0.2535
cce9277a-fd51-403b-9a58-91e324c8a3a9	3	65200174	65224640	53	-0.4923
cce9277a-fd51-403b-9a58-91e324c8a3a9	3	65224777	68682877	2424	0.2157
cce9277a-fd51-403b-9a58-91e324c8a3a9	3	68697013	68699607	16	1.2885
cce9277a-fd51-403b-9a58-91e324c8a3a9	3	68699635	77352362	5934	0.2213
cce9277a-fd51-403b-9a58-91e324c8a3a9	3	77352402	95737262	8115	0.1761
cce9277a-fd51-403b-9a58-91e324c8a3a9	3	95748036	95749266	2	-3.5828
cce9277a-fd51-403b-9a58-91e324c8a3a9	3	95749836	99205206	1837	0.1461
cce9277a-fd51-403b-9a58-91e324c8a3a9	3	99205642	99232539	47	-0.3971
cce9277a-fd51-403b-9a58-91e324c8a3a9	3	99232990	119598904	12589	0.1917
cce9277a-fd51-403b-9a58-91e324c8a3a9	3	119599199	125080798	3273	0.2521
cce9277a-fd51-403b-9a58-91e324c8a3a9	3	125081238	125122169	35	-0.7555
cce9277a-fd51-403b-9a58-91e324c8a3a9	3	125129058	125717394	335	0.2704
cce9277a-fd51-403b-9a58-91e324c8a3a9	3	125724765	125739919	10	1.5734
cce9277a-fd51-403b-9a58-91e324c8a3a9	3	125743486	130067531	2464	0.2465
cce9277a-fd51-403b-9a58-91e324c8a3a9	3	130067896	130087393	29	1.0629
cce9277a-fd51-403b-9a58-91e324c8a3a9	3	130088081	130141782	22	0.2799
cce9277a-fd51-403b-9a58-91e324c8a3a9	3	130149891	132081405	1236	0.1738
cce9277a-fd51-403b-9a58-91e324c8a3a9	3	132081865	132549625	352	0.2329
cce9277a-fd51-403b-9a58-91e324c8a3a9	3	132550591	132552789	4	-0.258
cce9277a-fd51-403b-9a58-91e324c8a3a9	3	132554831	132562086	5	-1.0757
cce9277a-fd51-403b-9a58-91e324c8a3a9	3	132563380	152638752	12530	0.2275
cce9277a-fd51-403b-9a58-91e324c8a3a9	3	152638845	162790404	6117	0.1665
cce9277a-fd51-403b-9a58-91e324c8a3a9	3	162790480	162898127	65	0.8604
cce9277a-fd51-403b-9a58-91e324c8a3a9	3	162906054	166794791	2243	0.1834
cce9277a-fd51-403b-9a58-91e324c8a3a9	3	166797236	179166084	7757	0.273
cce9277a-fd51-403b-9a58-91e324c8a3a9	3	179166158	181294852	1271	0.1247
cce9277a-fd51-403b-9a58-91e324c8a3a9	3	181296808	189642114	5394	0.2535
cce9277a-fd51-403b-9a58-91e324c8a3a9	3	189642489	189646849	13	-0.6363
cce9277a-fd51-403b-9a58-91e324c8a3a9	3	189653199	193211453	2550	0.2367
cce9277a-fd51-403b-9a58-91e324c8a3a9	3	193211757	195526402	1426	0.3317
cce9277a-fd51-403b-9a58-91e324c8a3a9	3	195529851	195720051	38	0.7601
cce9277a-fd51-403b-9a58-91e324c8a3a9	3	195728637	198082074	1132	0.3063
cce9277a-fd51-403b-9a58-91e324c8a3a9	3	198082104	198142659	48	0.216
cce9277a-fd51-403b-9a58-91e324c8a3a9	3	198169114	198169247	4	-1.08
cce9277a-fd51-403b-9a58-91e324c8a3a9	4	68929	2719853	988	-0.7388
cce9277a-fd51-403b-9a58-91e324c8a3a9	4	2721522	2721539	2	-3.1424
cce9277a-fd51-403b-9a58-91e324c8a3a9	4	2721804	3905987	558	-0.7681
cce9277a-fd51-403b-9a58-91e324c8a3a9	4	3907820	4151033	59	-0.2446
cce9277a-fd51-403b-9a58-91e324c8a3a9	4	4158336	5309029	879	-0.8388
cce9277a-fd51-403b-9a58-91e324c8a3a9	4	5313707	5319207	4	-4.9336
cce9277a-fd51-403b-9a58-91e324c8a3a9	4	5321568	10208766	3105	-0.7943
cce9277a-fd51-403b-9a58-91e324c8a3a9	4	10212536	10229874	29	-2.1971
cce9277a-fd51-403b-9a58-91e324c8a3a9	4	10232590	13088026	2340	-0.7824
cce9277a-fd51-403b-9a58-91e324c8a3a9	4	13089673	13090383	2	-3.8306
cce9277a-fd51-403b-9a58-91e324c8a3a9	4	13090571	20072455	4908	-0.8323
cce9277a-fd51-403b-9a58-91e324c8a3a9	4	20077435	20092740	17	-5.304
cce9277a-fd51-403b-9a58-91e324c8a3a9	4	20097350	34777432	9562	-0.8187
cce9277a-fd51-403b-9a58-91e324c8a3a9	4	34784878	34823103	38	-2.1258
cce9277a-fd51-403b-9a58-91e324c8a3a9	4	34828250	63841887	16439	-0.8017
cce9277a-fd51-403b-9a58-91e324c8a3a9	4	63842036	63842540	6	-2.7665
cce9277a-fd51-403b-9a58-91e324c8a3a9	4	63850713	68509442	2848	-0.8173
cce9277a-fd51-403b-9a58-91e324c8a3a9	4	68509630	68623617	63	-1.6099
cce9277a-fd51-403b-9a58-91e324c8a3a9	4	68639397	69459100	420	-0.5673
cce9277a-fd51-403b-9a58-91e324c8a3a9	4	69459710	114245962	27059	-0.7798
cce9277a-fd51-403b-9a58-91e324c8a3a9	4	114249434	114254188	22	-0.4568
cce9277a-fd51-403b-9a58-91e324c8a3a9	4	114254202	114263166	26	-0.0525
cce9277a-fd51-403b-9a58-91e324c8a3a9	4	114263224	114839231	350	-0.6983
cce9277a-fd51-403b-9a58-91e324c8a3a9	4	114839467	115085670	156	-4.2081
cce9277a-fd51-403b-9a58-91e324c8a3a9	4	115091747	154881396	23352	-0.7986
cce9277a-fd51-403b-9a58-91e324c8a3a9	4	154881853	154881926	3	-3.3624
cce9277a-fd51-403b-9a58-91e324c8a3a9	4	154882047	156150653	901	-0.8246
cce9277a-fd51-403b-9a58-91e324c8a3a9	4	156155260	156200062	35	-5.1955
cce9277a-fd51-403b-9a58-91e324c8a3a9	4	156205469	160958989	2956	-0.7391
cce9277a-fd51-403b-9a58-91e324c8a3a9	4	160959045	160963448	17	-2.2655
cce9277a-fd51-403b-9a58-91e324c8a3a9	4	160963756	165778586	3139	-0.844
cce9277a-fd51-403b-9a58-91e324c8a3a9	4	165790087	172065827	3860	-0.8031
cce9277a-fd51-403b-9a58-91e324c8a3a9	4	172065874	172068382	21	-0.1107
cce9277a-fd51-403b-9a58-91e324c8a3a9	4	172074828	173129788	559	-0.7643
cce9277a-fd51-403b-9a58-91e324c8a3a9	4	173129963	183919072	7239	-0.8609
cce9277a-fd51-403b-9a58-91e324c8a3a9	4	183919415	183919958	2	-3.5347
cce9277a-fd51-403b-9a58-91e324c8a3a9	4	183920817	184973501	785	-0.8231
cce9277a-fd51-403b-9a58-91e324c8a3a9	4	184974083	187946742	2021	-0.7157
cce9277a-fd51-403b-9a58-91e324c8a3a9	4	187948207	190106768	1351	-0.8325
cce9277a-fd51-403b-9a58-91e324c8a3a9	5	15532	29341	7	-0.5334
cce9277a-fd51-403b-9a58-91e324c8a3a9	5	30499	667394	290	0.216
cce9277a-fd51-403b-9a58-91e324c8a3a9	5	670630	698390	10	-0.3277
cce9277a-fd51-403b-9a58-91e324c8a3a9	5	717264	773453	24	1.2592
cce9277a-fd51-403b-9a58-91e324c8a3a9	5	779766	8666554	6566	0.1569
cce9277a-fd51-403b-9a58-91e324c8a3a9	5	8671743	10550726	1628	0.2419
cce9277a-fd51-403b-9a58-91e324c8a3a9	5	10550861	12619177	1558	0.1812
cce9277a-fd51-403b-9a58-91e324c8a3a9	5	12623390	15718383	2077	0.2681
cce9277a-fd51-403b-9a58-91e324c8a3a9	5	15719113	15720488	11	-0.7929
cce9277a-fd51-403b-9a58-91e324c8a3a9	5	15723237	18057497	1479	0.2484
cce9277a-fd51-403b-9a58-91e324c8a3a9	5	18058167	21376735	2000	0.1456
cce9277a-fd51-403b-9a58-91e324c8a3a9	5	21377730	21377744	2	2.1994
cce9277a-fd51-403b-9a58-91e324c8a3a9	5	21385957	30045299	5096	0.1456
cce9277a-fd51-403b-9a58-91e324c8a3a9	5	30046935	34683032	3139	0.2373
cce9277a-fd51-403b-9a58-91e324c8a3a9	5	34683313	38721537	2701	0.134
cce9277a-fd51-403b-9a58-91e324c8a3a9	5	38723787	46209780	4045	0.2031
cce9277a-fd51-403b-9a58-91e324c8a3a9	5	46209816	46271006	13	-0.1498
cce9277a-fd51-403b-9a58-91e324c8a3a9	5	46271828	46273400	6	-2.7345
cce9277a-fd51-403b-9a58-91e324c8a3a9	5	46278110	54074235	2358	0.2261
cce9277a-fd51-403b-9a58-91e324c8a3a9	5	54075790	54600649	393	0.1016
cce9277a-fd51-403b-9a58-91e324c8a3a9	5	54601388	58025819	2322	0.2161
cce9277a-fd51-403b-9a58-91e324c8a3a9	5	58030200	58036248	20	2.8043
cce9277a-fd51-403b-9a58-91e324c8a3a9	5	58036448	58037688	10	1.2394
cce9277a-fd51-403b-9a58-91e324c8a3a9	5	58042530	73186530	8414	0.2133
cce9277a-fd51-403b-9a58-91e324c8a3a9	5	73187804	75057877	1332	0.3129
cce9277a-fd51-403b-9a58-91e324c8a3a9	5	75061046	82720816	4847	0.2079
cce9277a-fd51-403b-9a58-91e324c8a3a9	5	82722203	89907793	3930	0.1539
cce9277a-fd51-403b-9a58-91e324c8a3a9	5	89909943	96597458	3680	0.2035
cce9277a-fd51-403b-9a58-91e324c8a3a9	5	96601863	100151716	2099	0.2704
cce9277a-fd51-403b-9a58-91e324c8a3a9	5	100152852	113822325	8763	0.1499
cce9277a-fd51-403b-9a58-91e324c8a3a9	5	113824069	113834748	6	-1.5994
cce9277a-fd51-403b-9a58-91e324c8a3a9	5	113841208	114541530	521	0.1904
cce9277a-fd51-403b-9a58-91e324c8a3a9	5	114542585	116278639	1247	0.2422
cce9277a-fd51-403b-9a58-91e324c8a3a9	5	116278810	121060934	3317	0.1519
cce9277a-fd51-403b-9a58-91e324c8a3a9	5	121062317	142754377	13030	0.2592
cce9277a-fd51-403b-9a58-91e324c8a3a9	5	142754488	145078104	1561	0.185
cce9277a-fd51-403b-9a58-91e324c8a3a9	5	145080872	146498220	871	0.2759
cce9277a-fd51-403b-9a58-91e324c8a3a9	5	146498416	148506506	1413	0.1789
cce9277a-fd51-403b-9a58-91e324c8a3a9	5	148507848	150808263	1571	0.2782
cce9277a-fd51-403b-9a58-91e324c8a3a9	5	150812825	150843825	15	0.8043
cce9277a-fd51-403b-9a58-91e324c8a3a9	5	150844533	151082906	169	0.2894
cce9277a-fd51-403b-9a58-91e324c8a3a9	5	151083077	154465243	2401	0.1735
cce9277a-fd51-403b-9a58-91e324c8a3a9	5	154465433	154465503	2	-1.4164
cce9277a-fd51-403b-9a58-91e324c8a3a9	5	154476927	156048095	1056	0.1991
cce9277a-fd51-403b-9a58-91e324c8a3a9	5	156049762	156055719	14	-0.8415
cce9277a-fd51-403b-9a58-91e324c8a3a9	5	156068240	159764121	2528	0.1383
cce9277a-fd51-403b-9a58-91e324c8a3a9	5	159765339	162149243	1586	0.211
cce9277a-fd51-403b-9a58-91e324c8a3a9	5	162149412	170740509	6217	0.1456
cce9277a-fd51-403b-9a58-91e324c8a3a9	5	170741183	180754412	6154	0.255
cce9277a-fd51-403b-9a58-91e324c8a3a9	5	180754586	181363319	298	0.1238
cce9277a-fd51-403b-9a58-91e324c8a3a9	6	149661	1036050	787	1.5433
cce9277a-fd51-403b-9a58-91e324c8a3a9	6	1037778	1048782	12	-0.0327
cce9277a-fd51-403b-9a58-91e324c8a3a9	6	1049123	9286311	6597	0.2563
cce9277a-fd51-403b-9a58-91e324c8a3a9	6	9286857	15494328	4667	0.2044
cce9277a-fd51-403b-9a58-91e324c8a3a9	6	15495121	15505302	12	-0.4793
cce9277a-fd51-403b-9a58-91e324c8a3a9	6	15506242	17431257	1471	0.195
cce9277a-fd51-403b-9a58-91e324c8a3a9	6	17432092	22987858	4095	0.2411
cce9277a-fd51-403b-9a58-91e324c8a3a9	6	22987864	29673518	3821	0.1864
cce9277a-fd51-403b-9a58-91e324c8a3a9	6	29674732	29875657	178	0.2988
cce9277a-fd51-403b-9a58-91e324c8a3a9	6	29876257	29882419	8	1.6462
cce9277a-fd51-403b-9a58-91e324c8a3a9	6	29882497	29953446	37	-0.2536
cce9277a-fd51-403b-9a58-91e324c8a3a9	6	29958684	31313046	625	0.3209
cce9277a-fd51-403b-9a58-91e324c8a3a9	6	31318499	31328176	8	-2.0664
cce9277a-fd51-403b-9a58-91e324c8a3a9	6	31328210	32529429	514	0.2804
cce9277a-fd51-403b-9a58-91e324c8a3a9	6	32533522	32559507	7	-1.5153
cce9277a-fd51-403b-9a58-91e324c8a3a9	6	32562367	32657318	37	0.0715
cce9277a-fd51-403b-9a58-91e324c8a3a9	6	32658111	32658841	3	-1.6994
cce9277a-fd51-403b-9a58-91e324c8a3a9	6	32682835	35720985	1709	0.3138
cce9277a-fd51-403b-9a58-91e324c8a3a9	6	35721797	35721942	2	-1.8379
cce9277a-fd51-403b-9a58-91e324c8a3a9	6	35733503	37788155	1336	0.3159
cce9277a-fd51-403b-9a58-91e324c8a3a9	6	37788324	40734743	2232	0.2318
cce9277a-fd51-403b-9a58-91e324c8a3a9	6	40734883	48557420	4851	0.2925
cce9277a-fd51-403b-9a58-91e324c8a3a9	6	48557954	51691511	1837	0.204
cce9277a-fd51-403b-9a58-91e324c8a3a9	6	51696727	52226788	364	0.2832
cce9277a-fd51-403b-9a58-91e324c8a3a9	6	52227288	52227636	2	-1.6547
cce9277a-fd51-403b-9a58-91e324c8a3a9	6	52229258	54060406	1352	0.2701
cce9277a-fd51-403b-9a58-91e324c8a3a9	6	54066269	54067057	9	-1.3459
cce9277a-fd51-403b-9a58-91e324c8a3a9	6	54070550	58272056	2136	0.2707
cce9277a-fd51-403b-9a58-91e324c8a3a9	6	58273092	73878292	8238	0.1793
cce9277a-fd51-403b-9a58-91e324c8a3a9	6	73878589	76599200	1691	0.2642
cce9277a-fd51-403b-9a58-91e324c8a3a9	6	76601428	76726815	95	0.1428
cce9277a-fd51-403b-9a58-91e324c8a3a9	6	76730151	76743040	21	-0.3734
cce9277a-fd51-403b-9a58-91e324c8a3a9	6	76751356	78263236	991	0.2155
cce9277a-fd51-403b-9a58-91e324c8a3a9	6	78269395	78331916	98	0.6589
cce9277a-fd51-403b-9a58-91e324c8a3a9	6	78332002	82742370	2853	0.2432
cce9277a-fd51-403b-9a58-91e324c8a3a9	6	82742478	104847505	13626	0.1692
cce9277a-fd51-403b-9a58-91e324c8a3a9	6	104847583	117957280	7986	0.2331
cce9277a-fd51-403b-9a58-91e324c8a3a9	6	117958965	117996375	18	-0.9448
cce9277a-fd51-403b-9a58-91e324c8a3a9	6	118002887	125718848	4811	0.1626
cce9277a-fd51-403b-9a58-91e324c8a3a9	6	125719495	143612349	11498	0.2306
cce9277a-fd51-403b-9a58-91e324c8a3a9	6	143612362	148995642	3616	0.1821
cce9277a-fd51-403b-9a58-91e324c8a3a9	6	148996111	151396167	1640	0.2458
cce9277a-fd51-403b-9a58-91e324c8a3a9	6	151396399	154642532	2440	0.1641
cce9277a-fd51-403b-9a58-91e324c8a3a9	6	154643380	160968095	4160	0.2575
cce9277a-fd51-403b-9a58-91e324c8a3a9	6	160968906	162260073	1105	0.1476
cce9277a-fd51-403b-9a58-91e324c8a3a9	6	162260693	162264551	2	-1.5864
cce9277a-fd51-403b-9a58-91e324c8a3a9	6	162265840	162317965	41	0.1739
cce9277a-fd51-403b-9a58-91e324c8a3a9	6	162318099	162318733	9	0.8687
cce9277a-fd51-403b-9a58-91e324c8a3a9	6	162319074	164742996	1832	0.1168
cce9277a-fd51-403b-9a58-91e324c8a3a9	6	164744510	169556286	3453	0.2336
cce9277a-fd51-403b-9a58-91e324c8a3a9	6	169556655	170741917	567	0.1037
cce9277a-fd51-403b-9a58-91e324c8a3a9	7	43355	4634827	2513	0.2383
cce9277a-fd51-403b-9a58-91e324c8a3a9	7	4644145	4644243	3	-1.5057
cce9277a-fd51-403b-9a58-91e324c8a3a9	7	4645497	5143168	221	0.2213
cce9277a-fd51-403b-9a58-91e324c8a3a9	7	5148686	9396151	2860	0.2985
cce9277a-fd51-403b-9a58-91e324c8a3a9	7	9396164	11075657	1179	0.1986
cce9277a-fd51-403b-9a58-91e324c8a3a9	7	11076288	11119350	22	-0.8367
cce9277a-fd51-403b-9a58-91e324c8a3a9	7	11121509	15392007	3564	0.2255
cce9277a-fd51-403b-9a58-91e324c8a3a9	7	15392045	15393664	2	-1.8481
cce9277a-fd51-403b-9a58-91e324c8a3a9	7	15394440	16895434	1230	0.2571
cce9277a-fd51-403b-9a58-91e324c8a3a9	7	16898202	17748192	702	0.3524
cce9277a-fd51-403b-9a58-91e324c8a3a9	7	17754106	21142391	2729	0.239
cce9277a-fd51-403b-9a58-91e324c8a3a9	7	21143052	25133942	3021	0.185
cce9277a-fd51-403b-9a58-91e324c8a3a9	7	25135245	31988479	4975	0.2741
cce9277a-fd51-403b-9a58-91e324c8a3a9	7	31988718	35981930	2562	0.2008
cce9277a-fd51-403b-9a58-91e324c8a3a9	7	35985749	36547234	473	0.2487
cce9277a-fd51-403b-9a58-91e324c8a3a9	7	36549349	38246926	1282	0.1465
cce9277a-fd51-403b-9a58-91e324c8a3a9	7	38248326	38289443	42	0.7688
cce9277a-fd51-403b-9a58-91e324c8a3a9	7	38289492	38309503	42	0.3085
cce9277a-fd51-403b-9a58-91e324c8a3a9	7	38312229	38317207	13	0.896
cce9277a-fd51-403b-9a58-91e324c8a3a9	7	38317474	42491016	2832	0.1491
cce9277a-fd51-403b-9a58-91e324c8a3a9	7	42492556	54305455	8176	0.2165
cce9277a-fd51-403b-9a58-91e324c8a3a9	7	54318812	54318824	6	2.7017
cce9277a-fd51-403b-9a58-91e324c8a3a9	7	54325795	55017506	509	0.2324
cce9277a-fd51-403b-9a58-91e324c8a3a9	7	55020722	63369248	1821	0.1381
cce9277a-fd51-403b-9a58-91e324c8a3a9	7	63369505	63636802	21	-0.6341
cce9277a-fd51-403b-9a58-91e324c8a3a9	7	63672748	70490383	3443	0.1731
cce9277a-fd51-403b-9a58-91e324c8a3a9	7	70492601	70955452	331	0.2481
cce9277a-fd51-403b-9a58-91e324c8a3a9	7	70958264	70961155	2	-2.5269
cce9277a-fd51-403b-9a58-91e324c8a3a9	7	70963257	72138707	802	0.2058
cce9277a-fd51-403b-9a58-91e324c8a3a9	7	72139251	72147480	3	-1.3907
cce9277a-fd51-403b-9a58-91e324c8a3a9	7	72150451	76671318	1377	0.2884
cce9277a-fd51-403b-9a58-91e324c8a3a9	7	76672717	76673986	3	-1.0694
cce9277a-fd51-403b-9a58-91e324c8a3a9	7	76678531	77105116	129	0.4277
cce9277a-fd51-403b-9a58-91e324c8a3a9	7	77106361	79172331	1496	0.2555
cce9277a-fd51-403b-9a58-91e324c8a3a9	7	79172345	79178821	7	0.6072
cce9277a-fd51-403b-9a58-91e324c8a3a9	7	79178868	97756621	11877	0.2098
cce9277a-fd51-403b-9a58-91e324c8a3a9	7	97756658	97773163	17	-0.552
cce9277a-fd51-403b-9a58-91e324c8a3a9	7	97774928	101320594	1509	0.2748
cce9277a-fd51-403b-9a58-91e324c8a3a9	7	101322320	101323817	2	-1.5738
cce9277a-fd51-403b-9a58-91e324c8a3a9	7	101325082	101814008	244	0.305
cce9277a-fd51-403b-9a58-91e324c8a3a9	7	101820653	115460636	8219	0.2252
cce9277a-fd51-403b-9a58-91e324c8a3a9	7	115464060	119307670	2425	0.2744
cce9277a-fd51-403b-9a58-91e324c8a3a9	7	119308397	125869880	3881	0.1967
cce9277a-fd51-403b-9a58-91e324c8a3a9	7	125870295	132228978	3846	0.2694
cce9277a-fd51-403b-9a58-91e324c8a3a9	7	132229106	138127623	4053	0.1674
cce9277a-fd51-403b-9a58-91e324c8a3a9	7	138131628	144264193	3649	0.235
cce9277a-fd51-403b-9a58-91e324c8a3a9	7	144295437	144312471	3	1.9976
cce9277a-fd51-403b-9a58-91e324c8a3a9	7	144326306	146966476	1608	0.1645
cce9277a-fd51-403b-9a58-91e324c8a3a9	7	146966701	152312842	3260	0.2418
cce9277a-fd51-403b-9a58-91e324c8a3a9	7	152320139	155263552	2211	0.1874
cce9277a-fd51-403b-9a58-91e324c8a3a9	7	155264673	157901336	1670	0.3242
cce9277a-fd51-403b-9a58-91e324c8a3a9	7	157903382	157903394	2	-1.6663
cce9277a-fd51-403b-9a58-91e324c8a3a9	7	157903713	158923759	618	0.2781
cce9277a-fd51-403b-9a58-91e324c8a3a9	7	158924191	159324952	267	0.2173
cce9277a-fd51-403b-9a58-91e324c8a3a9	7	159325204	159334314	12	-0.8463
cce9277a-fd51-403b-9a58-91e324c8a3a9	8	81254	212672	5	0.4011
cce9277a-fd51-403b-9a58-91e324c8a3a9	8	212832	7176273	7582	-0.8955
cce9277a-fd51-403b-9a58-91e324c8a3a9	8	7179297	8085660	63	0.2172
cce9277a-fd51-403b-9a58-91e324c8a3a9	8	8101440	8298002	82	-0.6829
cce9277a-fd51-403b-9a58-91e324c8a3a9	8	8298661	9373638	1054	0.9022
cce9277a-fd51-403b-9a58-91e324c8a3a9	8	9374151	12092042	2092	0.2314
cce9277a-fd51-403b-9a58-91e324c8a3a9	8	12130217	12177488	8	1.5151
cce9277a-fd51-403b-9a58-91e324c8a3a9	8	12323772	12982150	327	0.1661
cce9277a-fd51-403b-9a58-91e324c8a3a9	8	12982219	12982283	2	-1.781
cce9277a-fd51-403b-9a58-91e324c8a3a9	8	12982343	13745967	764	0.1908
cce9277a-fd51-403b-9a58-91e324c8a3a9	8	13752159	13752181	2	-1.6131
cce9277a-fd51-403b-9a58-91e324c8a3a9	8	13752255	16331674	2409	0.1875
cce9277a-fd51-403b-9a58-91e324c8a3a9	8	16332204	18517807	1955	0.3021
cce9277a-fd51-403b-9a58-91e324c8a3a9	8	18518317	21969880	2977	0.2019
cce9277a-fd51-403b-9a58-91e324c8a3a9	8	21970322	23719777	1026	0.3071
cce9277a-fd51-403b-9a58-91e324c8a3a9	8	23729799	25122472	1004	0.2166
cce9277a-fd51-403b-9a58-91e324c8a3a9	8	25126554	25126735	5	-1.2257
cce9277a-fd51-403b-9a58-91e324c8a3a9	8	25126818	31191955	4201	0.2442
cce9277a-fd51-403b-9a58-91e324c8a3a9	8	31192759	35810980	2934	0.1545
cce9277a-fd51-403b-9a58-91e324c8a3a9	8	35822097	39373140	1873	0.2716
cce9277a-fd51-403b-9a58-91e324c8a3a9	8	39378084	39529446	59	1.008
cce9277a-fd51-403b-9a58-91e324c8a3a9	8	39530780	42805261	2242	0.2157
cce9277a-fd51-403b-9a58-91e324c8a3a9	8	42806100	48036736	1135	-0.7542
cce9277a-fd51-403b-9a58-91e324c8a3a9	8	48040442	52543331	2779	0.176
cce9277a-fd51-403b-9a58-91e324c8a3a9	8	52543360	57068859	2907	-0.8771
cce9277a-fd51-403b-9a58-91e324c8a3a9	8	57072340	57459949	281	0.1051
cce9277a-fd51-403b-9a58-91e324c8a3a9	8	57461539	57462261	5	1.1856
cce9277a-fd51-403b-9a58-91e324c8a3a9	8	57462736	58976334	1103	0.1379
cce9277a-fd51-403b-9a58-91e324c8a3a9	8	58976749	62122706	2043	0.2245
cce9277a-fd51-403b-9a58-91e324c8a3a9	8	62127142	62127192	2	1.7015
cce9277a-fd51-403b-9a58-91e324c8a3a9	8	62127851	64304297	1305	0.2211
cce9277a-fd51-403b-9a58-91e324c8a3a9	8	64304379	66756899	1294	0.1321
cce9277a-fd51-403b-9a58-91e324c8a3a9	8	66760302	69295362	1545	0.2203
cce9277a-fd51-403b-9a58-91e324c8a3a9	8	69295681	69296082	6	1.1175
cce9277a-fd51-403b-9a58-91e324c8a3a9	8	69299337	76466444	4582	0.1893
cce9277a-fd51-403b-9a58-91e324c8a3a9	8	76467391	77647554	717	0.11
cce9277a-fd51-403b-9a58-91e324c8a3a9	8	77650334	83086387	3167	0.2298
cce9277a-fd51-403b-9a58-91e324c8a3a9	8	83092730	89692438	3723	0.1687
cce9277a-fd51-403b-9a58-91e324c8a3a9	8	89694039	90197475	326	0.3827
cce9277a-fd51-403b-9a58-91e324c8a3a9	8	90197505	92883940	1505	0.1523
cce9277a-fd51-403b-9a58-91e324c8a3a9	8	92885970	95852127	1989	0.2643
cce9277a-fd51-403b-9a58-91e324c8a3a9	8	95852922	95913099	48	0.1299
cce9277a-fd51-403b-9a58-91e324c8a3a9	8	95913509	96672136	539	-0.8745
cce9277a-fd51-403b-9a58-91e324c8a3a9	8	96675947	103822743	4213	0.2355
cce9277a-fd51-403b-9a58-91e324c8a3a9	8	103823371	105965001	1252	0.1103
cce9277a-fd51-403b-9a58-91e324c8a3a9	8	105971462	106110862	87	0.4044
cce9277a-fd51-403b-9a58-91e324c8a3a9	8	106119169	109613240	2246	0.1393
cce9277a-fd51-403b-9a58-91e324c8a3a9	8	109613901	111911110	1221	0.212
cce9277a-fd51-403b-9a58-91e324c8a3a9	8	111914892	114622478	1510	0.1348
cce9277a-fd51-403b-9a58-91e324c8a3a9	8	114622678	114628907	22	0.6466
cce9277a-fd51-403b-9a58-91e324c8a3a9	8	114628953	118451551	2568	0.1186
cce9277a-fd51-403b-9a58-91e324c8a3a9	8	118451914	128876761	7309	0.2376
cce9277a-fd51-403b-9a58-91e324c8a3a9	8	128876901	132118719	2287	0.1512
cce9277a-fd51-403b-9a58-91e324c8a3a9	8	132118872	134104396	1754	0.2405
cce9277a-fd51-403b-9a58-91e324c8a3a9	8	134109094	139466727	4311	0.1667
cce9277a-fd51-403b-9a58-91e324c8a3a9	8	139467032	143624714	2313	0.2454
cce9277a-fd51-403b-9a58-91e324c8a3a9	8	143624808	143624851	2	-4.16
cce9277a-fd51-403b-9a58-91e324c8a3a9	8	143636819	145072769	504	0.2829
cce9277a-fd51-403b-9a58-91e324c8a3a9	9	46587	1620690	1720	0.2667
cce9277a-fd51-403b-9a58-91e324c8a3a9	9	1620813	5123125	3589	0.1782
cce9277a-fd51-403b-9a58-91e324c8a3a9	9	5129013	9807179	4043	0.259
cce9277a-fd51-403b-9a58-91e324c8a3a9	9	9807269	11326457	1379	0.1582
cce9277a-fd51-403b-9a58-91e324c8a3a9	9	11327556	16143326	3842	0.2685
cce9277a-fd51-403b-9a58-91e324c8a3a9	9	16145379	17627058	1287	0.1852
cce9277a-fd51-403b-9a58-91e324c8a3a9	9	17627233	17630593	5	-0.7504
cce9277a-fd51-403b-9a58-91e324c8a3a9	9	17630729	17707202	91	0.1402
cce9277a-fd51-403b-9a58-91e324c8a3a9	9	17707283	22537256	3905	0.2566
cce9277a-fd51-403b-9a58-91e324c8a3a9	9	22537493	31269874	6421	0.1796
cce9277a-fd51-403b-9a58-91e324c8a3a9	9	31270016	38912300	4817	0.2619
cce9277a-fd51-403b-9a58-91e324c8a3a9	9	38916785	40753470	81	-0.1902
cce9277a-fd51-403b-9a58-91e324c8a3a9	9	40769393	42585140	128	0.4034
cce9277a-fd51-403b-9a58-91e324c8a3a9	9	42697878	61405110	54	-0.1758
cce9277a-fd51-403b-9a58-91e324c8a3a9	9	61520021	61629689	28	-1.4812
cce9277a-fd51-403b-9a58-91e324c8a3a9	9	61633080	66007200	133	-0.0569
cce9277a-fd51-403b-9a58-91e324c8a3a9	9	66015498	77154478	6536	0.2381
cce9277a-fd51-403b-9a58-91e324c8a3a9	9	77155482	77162488	29	0.9798
cce9277a-fd51-403b-9a58-91e324c8a3a9	9	77171212	78212333	661	0.2322
cce9277a-fd51-403b-9a58-91e324c8a3a9	9	78212980	78878751	474	0.1683
cce9277a-fd51-403b-9a58-91e324c8a3a9	9	78884538	80260421	998	0.0736
cce9277a-fd51-403b-9a58-91e324c8a3a9	9	80260705	87260384	4932	0.1832
cce9277a-fd51-403b-9a58-91e324c8a3a9	9	87261129	88321998	841	0.0942
cce9277a-fd51-403b-9a58-91e324c8a3a9	9	88328109	89232546	579	0.1827
cce9277a-fd51-403b-9a58-91e324c8a3a9	9	89232665	98909373	6476	0.2481
cce9277a-fd51-403b-9a58-91e324c8a3a9	9	98910530	100803365	1108	0.1287
cce9277a-fd51-403b-9a58-91e324c8a3a9	9	100804248	102946664	1582	0.247
cce9277a-fd51-403b-9a58-91e324c8a3a9	9	102948121	102951749	2	-1.8491
cce9277a-fd51-403b-9a58-91e324c8a3a9	9	102952188	116101797	9982	0.254
cce9277a-fd51-403b-9a58-91e324c8a3a9	9	116101893	120264637	3550	0.1847
cce9277a-fd51-403b-9a58-91e324c8a3a9	9	120265682	137866101	9966	0.305
cce9277a-fd51-403b-9a58-91e324c8a3a9	9	137866209	138200944	197	0.1618
cce9277a-fd51-403b-9a58-91e324c8a3a9	10	45792	450085	228	0.3236
cce9277a-fd51-403b-9a58-91e324c8a3a9	10	450891	4612464	3760	0.2305
cce9277a-fd51-403b-9a58-91e324c8a3a9	10	4614787	6369395	1401	0.3148
cce9277a-fd51-403b-9a58-91e324c8a3a9	10	6369412	6369519	4	2.6361
cce9277a-fd51-403b-9a58-91e324c8a3a9	10	6376792	10759279	3766	0.1688
cce9277a-fd51-403b-9a58-91e324c8a3a9	10	10759676	13369415	2043	0.2915
cce9277a-fd51-403b-9a58-91e324c8a3a9	10	13371913	23646851	7645	0.1761
cce9277a-fd51-403b-9a58-91e324c8a3a9	10	23647091	25498138	1319	0.2745
cce9277a-fd51-403b-9a58-91e324c8a3a9	10	25498604	26936975	1006	0.1697
cce9277a-fd51-403b-9a58-91e324c8a3a9	10	26937062	26941064	13	1.3574
cce9277a-fd51-403b-9a58-91e324c8a3a9	10	26941746	27233456	165	0.1376
cce9277a-fd51-403b-9a58-91e324c8a3a9	10	27243185	32067477	3565	0.2362
cce9277a-fd51-403b-9a58-91e324c8a3a9	10	32068628	32895730	502	0.3442
cce9277a-fd51-403b-9a58-91e324c8a3a9	10	32895748	35225214	1605	0.2452
cce9277a-fd51-403b-9a58-91e324c8a3a9	10	35226089	44308477	3410	0.1769
cce9277a-fd51-403b-9a58-91e324c8a3a9	10	44310594	44310606	2	-2.1111
cce9277a-fd51-403b-9a58-91e324c8a3a9	10	44313749	46446814	1206	0.1807
cce9277a-fd51-403b-9a58-91e324c8a3a9	10	46446817	46559733	36	-0.6962
cce9277a-fd51-403b-9a58-91e324c8a3a9	10	46559870	47711321	318	0.1865
cce9277a-fd51-403b-9a58-91e324c8a3a9	10	47724261	58252993	7356	-0.7963
cce9277a-fd51-403b-9a58-91e324c8a3a9	10	58256413	60502024	1679	0.2558
cce9277a-fd51-403b-9a58-91e324c8a3a9	10	60503764	60532054	26	-0.7774
cce9277a-fd51-403b-9a58-91e324c8a3a9	10	60532274	60706917	107	0.2145
cce9277a-fd51-403b-9a58-91e324c8a3a9	10	60716250	64654095	2484	-0.7946
cce9277a-fd51-403b-9a58-91e324c8a3a9	10	64655155	65538843	632	-0.7621
cce9277a-fd51-403b-9a58-91e324c8a3a9	10	65539931	65581336	54	-0.2065
cce9277a-fd51-403b-9a58-91e324c8a3a9	10	65581714	77245247	7268	-0.7444
cce9277a-fd51-403b-9a58-91e324c8a3a9	10	77245365	86282773	6550	-0.8233
cce9277a-fd51-403b-9a58-91e324c8a3a9	10	86282905	86291346	5	-3.5507
cce9277a-fd51-403b-9a58-91e324c8a3a9	10	86291657	87792526	690	-0.7584
cce9277a-fd51-403b-9a58-91e324c8a3a9	10	87795957	87857400	36	-4.4672
cce9277a-fd51-403b-9a58-91e324c8a3a9	10	87857644	87920960	120	-1.7952
cce9277a-fd51-403b-9a58-91e324c8a3a9	10	87923076	87926752	2	-7.4011
cce9277a-fd51-403b-9a58-91e324c8a3a9	10	87933783	87976151	87	-1.9148
cce9277a-fd51-403b-9a58-91e324c8a3a9	10	87977344	88920602	670	-4.49
cce9277a-fd51-403b-9a58-91e324c8a3a9	10	88922783	105688029	10201	-0.7737
cce9277a-fd51-403b-9a58-91e324c8a3a9	10	105691005	105858262	131	0.2285
cce9277a-fd51-403b-9a58-91e324c8a3a9	10	105858290	107999765	1718	0.1352
cce9277a-fd51-403b-9a58-91e324c8a3a9	10	108003297	108003994	3	-1.7337
cce9277a-fd51-403b-9a58-91e324c8a3a9	10	108004491	108424439	314	0.1534
cce9277a-fd51-403b-9a58-91e324c8a3a9	10	108426534	122806227	10398	0.2574
cce9277a-fd51-403b-9a58-91e324c8a3a9	10	122816119	123819582	826	-0.831
cce9277a-fd51-403b-9a58-91e324c8a3a9	10	123819716	123900960	41	0.2266
cce9277a-fd51-403b-9a58-91e324c8a3a9	10	123901894	124523123	313	-0.7281
cce9277a-fd51-403b-9a58-91e324c8a3a9	10	124523493	124688343	107	0.2208
cce9277a-fd51-403b-9a58-91e324c8a3a9	10	124694794	125960442	762	-0.8109
cce9277a-fd51-403b-9a58-91e324c8a3a9	10	125963506	126135313	182	0.2257
cce9277a-fd51-403b-9a58-91e324c8a3a9	10	126135969	126925782	655	-0.8446
cce9277a-fd51-403b-9a58-91e324c8a3a9	10	126968674	128464654	1192	0.2275
cce9277a-fd51-403b-9a58-91e324c8a3a9	10	128464670	131835550	2787	0.1158
cce9277a-fd51-403b-9a58-91e324c8a3a9	10	131835681	133654968	834	0.2248
cce9277a-fd51-403b-9a58-91e324c8a3a9	11	198510	1623675	484	0.9279
cce9277a-fd51-403b-9a58-91e324c8a3a9	11	1624736	1627418	4	-0.9073
cce9277a-fd51-403b-9a58-91e324c8a3a9	11	1628657	1752026	70	0.7676
cce9277a-fd51-403b-9a58-91e324c8a3a9	11	1755102	3531497	752	0.9362
cce9277a-fd51-403b-9a58-91e324c8a3a9	11	3532742	4946420	1106	0.8002
cce9277a-fd51-403b-9a58-91e324c8a3a9	11	4947280	4955042	30	-1.71
cce9277a-fd51-403b-9a58-91e324c8a3a9	11	4955781	11540710	5079	0.8043
cce9277a-fd51-403b-9a58-91e324c8a3a9	11	11544905	13461862	1657	0.895
cce9277a-fd51-403b-9a58-91e324c8a3a9	11	13466277	18096011	2962	0.8142
cce9277a-fd51-403b-9a58-91e324c8a3a9	11	18097343	18931457	551	0.7749
cce9277a-fd51-403b-9a58-91e324c8a3a9	11	18931475	18949201	26	0.0922
cce9277a-fd51-403b-9a58-91e324c8a3a9	11	18949628	26105292	5712	0.7511
cce9277a-fd51-403b-9a58-91e324c8a3a9	11	26106673	28223421	1416	0.8381
cce9277a-fd51-403b-9a58-91e324c8a3a9	11	28223607	33052647	3076	0.7382
cce9277a-fd51-403b-9a58-91e324c8a3a9	11	33053714	37793772	3677	0.8491
cce9277a-fd51-403b-9a58-91e324c8a3a9	11	37797599	44400421	4423	0.7307
cce9277a-fd51-403b-9a58-91e324c8a3a9	11	44400997	54766290	3176	0.8234
cce9277a-fd51-403b-9a58-91e324c8a3a9	11	54782119	55593955	279	-0.7227
cce9277a-fd51-403b-9a58-91e324c8a3a9	11	55595864	55667651	45	0.234
cce9277a-fd51-403b-9a58-91e324c8a3a9	11	55670243	55672514	3	1.7382
cce9277a-fd51-403b-9a58-91e324c8a3a9	11	55674842	55686100	13	-0.0449
cce9277a-fd51-403b-9a58-91e324c8a3a9	11	55693207	56979383	859	-0.7493
cce9277a-fd51-403b-9a58-91e324c8a3a9	11	56981089	57168325	151	0.8526
cce9277a-fd51-403b-9a58-91e324c8a3a9	11	57173060	66130195	4584	-0.736
cce9277a-fd51-403b-9a58-91e324c8a3a9	11	66131160	67265037	411	0.8754
cce9277a-fd51-403b-9a58-91e324c8a3a9	11	67268530	69404759	958	-0.7069
cce9277a-fd51-403b-9a58-91e324c8a3a9	11	69409738	69415474	4	-5.1447
cce9277a-fd51-403b-9a58-91e324c8a3a9	11	69415653	78666168	4871	-0.7423
cce9277a-fd51-403b-9a58-91e324c8a3a9	11	78668367	81226310	2080	-0.8633
cce9277a-fd51-403b-9a58-91e324c8a3a9	11	81226444	89966336	5779	-0.7727
cce9277a-fd51-403b-9a58-91e324c8a3a9	11	90043678	96506277	4621	-0.8371
cce9277a-fd51-403b-9a58-91e324c8a3a9	11	96510025	100011660	2581	-0.7778
cce9277a-fd51-403b-9a58-91e324c8a3a9	11	100012360	100012422	2	-3.4374
cce9277a-fd51-403b-9a58-91e324c8a3a9	11	100012966	107359993	5166	-0.7746
cce9277a-fd51-403b-9a58-91e324c8a3a9	11	107367930	107368402	7	-2.1319
cce9277a-fd51-403b-9a58-91e324c8a3a9	11	107381636	108278112	576	-0.7764
cce9277a-fd51-403b-9a58-91e324c8a3a9	11	108278149	116274820	5350	-0.8579
cce9277a-fd51-403b-9a58-91e324c8a3a9	11	116275433	121898411	3908	-0.7649
cce9277a-fd51-403b-9a58-91e324c8a3a9	11	121898773	125406561	2565	-0.8999
cce9277a-fd51-403b-9a58-91e324c8a3a9	11	125406847	125408812	2	-5.3777
cce9277a-fd51-403b-9a58-91e324c8a3a9	11	125409486	129020400	2840	-0.8502
cce9277a-fd51-403b-9a58-91e324c8a3a9	11	129026335	130184495	674	-0.6876
cce9277a-fd51-403b-9a58-91e324c8a3a9	11	130186169	131247102	806	-0.8116
cce9277a-fd51-403b-9a58-91e324c8a3a9	11	131247199	134733052	2679	-0.9521
cce9277a-fd51-403b-9a58-91e324c8a3a9	11	134734098	134737977	2	-5.7224
cce9277a-fd51-403b-9a58-91e324c8a3a9	11	134738185	135074876	274	-1.0208
cce9277a-fd51-403b-9a58-91e324c8a3a9	12	51460	233990	106	0.1327
cce9277a-fd51-403b-9a58-91e324c8a3a9	12	238493	3759340	2384	0.3028
cce9277a-fd51-403b-9a58-91e324c8a3a9	12	3765528	5248221	1272	0.2175
cce9277a-fd51-403b-9a58-91e324c8a3a9	12	5248261	7994093	1669	0.3008
cce9277a-fd51-403b-9a58-91e324c8a3a9	12	7994139	10523331	1439	0.1451
cce9277a-fd51-403b-9a58-91e324c8a3a9	12	10524650	11358644	507	0.2647
cce9277a-fd51-403b-9a58-91e324c8a3a9	12	11359558	11373355	19	1.0917
cce9277a-fd51-403b-9a58-91e324c8a3a9	12	11383179	12377763	830	0.2746
cce9277a-fd51-403b-9a58-91e324c8a3a9	12	12383285	12383712	4	1.8991
cce9277a-fd51-403b-9a58-91e324c8a3a9	12	12383727	17481171	3443	0.301
cce9277a-fd51-403b-9a58-91e324c8a3a9	12	17481407	25920953	5844	0.1796
cce9277a-fd51-403b-9a58-91e324c8a3a9	12	25924146	27497784	1096	0.2738
cce9277a-fd51-403b-9a58-91e324c8a3a9	12	27497889	27524572	22	0.7578
cce9277a-fd51-403b-9a58-91e324c8a3a9	12	27529795	33141688	4132	0.2286
cce9277a-fd51-403b-9a58-91e324c8a3a9	12	33141710	33154440	29	-0.4692
cce9277a-fd51-403b-9a58-91e324c8a3a9	12	33155426	33911260	497	0.3265
cce9277a-fd51-403b-9a58-91e324c8a3a9	12	33915613	45505721	5084	0.1641
cce9277a-fd51-403b-9a58-91e324c8a3a9	12	45506042	45515754	5	-1.3651
cce9277a-fd51-403b-9a58-91e324c8a3a9	12	45519509	47236814	1016	0.225
cce9277a-fd51-403b-9a58-91e324c8a3a9	12	47237238	59072645	6801	0.2951
cce9277a-fd51-403b-9a58-91e324c8a3a9	12	59075456	70267947	7216	0.2104
cce9277a-fd51-403b-9a58-91e324c8a3a9	12	70269222	72697501	1580	0.3111
cce9277a-fd51-403b-9a58-91e324c8a3a9	12	72697602	81770894	5747	0.2367
cce9277a-fd51-403b-9a58-91e324c8a3a9	12	81771080	87844493	3548	0.1649
cce9277a-fd51-403b-9a58-91e324c8a3a9	12	87844603	120089688	21752	0.2258
cce9277a-fd51-403b-9a58-91e324c8a3a9	12	120091955	125733298	2989	0.3067
cce9277a-fd51-403b-9a58-91e324c8a3a9	12	125736784	126904922	1038	0.2097
cce9277a-fd51-403b-9a58-91e324c8a3a9	12	126904978	127785458	761	0.1358
cce9277a-fd51-403b-9a58-91e324c8a3a9	12	127785633	127787703	2	-1.6903
cce9277a-fd51-403b-9a58-91e324c8a3a9	12	127788730	128335300	513	0.0973
cce9277a-fd51-403b-9a58-91e324c8a3a9	12	128335763	128336832	3	-1.5833
cce9277a-fd51-403b-9a58-91e324c8a3a9	12	128336909	129369258	932	0.1204
cce9277a-fd51-403b-9a58-91e324c8a3a9	12	129369614	133201603	2492	0.2281
cce9277a-fd51-403b-9a58-91e324c8a3a9	13	18452809	18833025	88	0.1845
cce9277a-fd51-403b-9a58-91e324c8a3a9	13	18833965	18842946	5	-1.3407
cce9277a-fd51-403b-9a58-91e324c8a3a9	13	18844220	21551186	1623	0.2316
cce9277a-fd51-403b-9a58-91e324c8a3a9	13	21556536	22681417	885	0.7636
cce9277a-fd51-403b-9a58-91e324c8a3a9	13	22682385	23552208	648	0.8246
cce9277a-fd51-403b-9a58-91e324c8a3a9	13	23554060	24688804	936	0.9069
cce9277a-fd51-403b-9a58-91e324c8a3a9	13	24689754	29085431	3184	0.8135
cce9277a-fd51-403b-9a58-91e324c8a3a9	13	29085744	31957984	2197	0.7613
cce9277a-fd51-403b-9a58-91e324c8a3a9	13	31958485	31963807	15	1.5771
cce9277a-fd51-403b-9a58-91e324c8a3a9	13	31963957	33776782	1376	0.8116
cce9277a-fd51-403b-9a58-91e324c8a3a9	13	33776969	37496998	2527	0.7368
cce9277a-fd51-403b-9a58-91e324c8a3a9	13	37497899	37510620	16	2.2539
cce9277a-fd51-403b-9a58-91e324c8a3a9	13	37514193	41664858	2898	0.7603
cce9277a-fd51-403b-9a58-91e324c8a3a9	13	41669470	41757538	71	0.2917
cce9277a-fd51-403b-9a58-91e324c8a3a9	13	41757744	41862479	55	0.7924
cce9277a-fd51-403b-9a58-91e324c8a3a9	13	41866845	46800582	3387	0.8472
cce9277a-fd51-403b-9a58-91e324c8a3a9	13	46801731	48524007	1274	0.752
cce9277a-fd51-403b-9a58-91e324c8a3a9	13	48524200	49920448	779	0.8176
cce9277a-fd51-403b-9a58-91e324c8a3a9	13	49923945	51037778	683	0.9409
cce9277a-fd51-403b-9a58-91e324c8a3a9	13	51041776	51507493	302	0.8403
cce9277a-fd51-403b-9a58-91e324c8a3a9	13	51507710	58010656	3528	0.7858
cce9277a-fd51-403b-9a58-91e324c8a3a9	13	58016147	58022896	6	-0.6776
cce9277a-fd51-403b-9a58-91e324c8a3a9	13	58027918	71902850	8567	0.7641
cce9277a-fd51-403b-9a58-91e324c8a3a9	13	71903417	71906418	4	-3.3964
cce9277a-fd51-403b-9a58-91e324c8a3a9	13	71906467	75657334	2735	0.8816
cce9277a-fd51-403b-9a58-91e324c8a3a9	13	75657613	95554606	12894	0.7591
cce9277a-fd51-403b-9a58-91e324c8a3a9	13	95557926	100543973	3092	0.8438
cce9277a-fd51-403b-9a58-91e324c8a3a9	13	100546811	105058403	3721	0.7636
cce9277a-fd51-403b-9a58-91e324c8a3a9	13	105058800	106847495	1467	0.8891
cce9277a-fd51-403b-9a58-91e324c8a3a9	13	106848741	108285615	1158	0.7999
cce9277a-fd51-403b-9a58-91e324c8a3a9	13	108295715	108300133	2	2.7683
cce9277a-fd51-403b-9a58-91e324c8a3a9	13	108300159	109175057	722	0.7584
cce9277a-fd51-403b-9a58-91e324c8a3a9	13	109176696	114342922	3296	0.8665
cce9277a-fd51-403b-9a58-91e324c8a3a9	14	18239283	18662134	20	-0.2201
cce9277a-fd51-403b-9a58-91e324c8a3a9	14	18674599	18950560	6	0.8223
cce9277a-fd51-403b-9a58-91e324c8a3a9	14	18976793	19951100	137	-0.2552
cce9277a-fd51-403b-9a58-91e324c8a3a9	14	19952080	20057674	78	0.3349
cce9277a-fd51-403b-9a58-91e324c8a3a9	14	20059131	20059235	2	-1.257
cce9277a-fd51-403b-9a58-91e324c8a3a9	14	20062107	21659410	1050	0.2718
cce9277a-fd51-403b-9a58-91e324c8a3a9	14	21660693	21663908	6	-0.2573
cce9277a-fd51-403b-9a58-91e324c8a3a9	14	21667112	22113325	374	0.4667
cce9277a-fd51-403b-9a58-91e324c8a3a9	14	22114075	22484618	308	0.6788
cce9277a-fd51-403b-9a58-91e324c8a3a9	14	22486728	22564643	106	0.4289
cce9277a-fd51-403b-9a58-91e324c8a3a9	14	22565090	22751549	120	0.303
cce9277a-fd51-403b-9a58-91e324c8a3a9	14	22752107	22755737	2	2.2384
cce9277a-fd51-403b-9a58-91e324c8a3a9	14	22756758	26314697	2295	0.2614
cce9277a-fd51-403b-9a58-91e324c8a3a9	14	26314707	26314712	6	-1.22
cce9277a-fd51-403b-9a58-91e324c8a3a9	14	26315707	29218640	1666	0.1732
cce9277a-fd51-403b-9a58-91e324c8a3a9	14	29218979	38834820	6134	0.2469
cce9277a-fd51-403b-9a58-91e324c8a3a9	14	38836581	41139155	1447	0.1839
cce9277a-fd51-403b-9a58-91e324c8a3a9	14	41141293	41188146	15	1.1205
cce9277a-fd51-403b-9a58-91e324c8a3a9	14	41200899	41226110	15	0.3352
cce9277a-fd51-403b-9a58-91e324c8a3a9	14	41229663	46263626	2917	0.1557
cce9277a-fd51-403b-9a58-91e324c8a3a9	14	46266309	46301210	16	-0.7194
cce9277a-fd51-403b-9a58-91e324c8a3a9	14	46303072	47723516	902	0.1408
cce9277a-fd51-403b-9a58-91e324c8a3a9	14	47723530	50866010	1780	0.2777
cce9277a-fd51-403b-9a58-91e324c8a3a9	14	50866180	53439266	1822	0.1714
cce9277a-fd51-403b-9a58-91e324c8a3a9	14	53441615	55780167	1553	0.271
cce9277a-fd51-403b-9a58-91e324c8a3a9	14	55780875	64375852	5737	0.1953
cce9277a-fd51-403b-9a58-91e324c8a3a9	14	64376034	69546084	3073	0.2768
cce9277a-fd51-403b-9a58-91e324c8a3a9	14	69546420	72448413	1970	0.191
cce9277a-fd51-403b-9a58-91e324c8a3a9	14	72452928	73529070	670	0.2734
cce9277a-fd51-403b-9a58-91e324c8a3a9	14	73534419	73554275	9	-1.9733
cce9277a-fd51-403b-9a58-91e324c8a3a9	14	73563196	78690034	3367	0.2641
cce9277a-fd51-403b-9a58-91e324c8a3a9	14	78690231	78703485	9	-0.6764
cce9277a-fd51-403b-9a58-91e324c8a3a9	14	78705008	80208171	1065	0.206
cce9277a-fd51-403b-9a58-91e324c8a3a9	14	80208191	84496730	2799	0.1508
cce9277a-fd51-403b-9a58-91e324c8a3a9	14	84497068	85911794	969	0.0584
cce9277a-fd51-403b-9a58-91e324c8a3a9	14	85911817	88689298	1798	0.1548
cce9277a-fd51-403b-9a58-91e324c8a3a9	14	88692703	96316677	5265	0.2372
cce9277a-fd51-403b-9a58-91e324c8a3a9	14	96321101	99229767	2373	0.1421
cce9277a-fd51-403b-9a58-91e324c8a3a9	14	99239053	105613310	3004	0.2892
cce9277a-fd51-403b-9a58-91e324c8a3a9	14	105616252	105650524	6	-0.8092
cce9277a-fd51-403b-9a58-91e324c8a3a9	14	105653302	105877104	76	0.2904
cce9277a-fd51-403b-9a58-91e324c8a3a9	14	105877120	105912076	2	-2.0075
cce9277a-fd51-403b-9a58-91e324c8a3a9	14	105935612	106308664	133	0.2701
cce9277a-fd51-403b-9a58-91e324c8a3a9	14	106310594	106475361	94	-0.2716
cce9277a-fd51-403b-9a58-91e324c8a3a9	14	106487515	106877229	193	0.2603
cce9277a-fd51-403b-9a58-91e324c8a3a9	15	19811075	20207225	60	0.214
cce9277a-fd51-403b-9a58-91e324c8a3a9	15	20210984	20373168	28	1.0063
cce9277a-fd51-403b-9a58-91e324c8a3a9	15	20376198	20376311	7	-1.2279
cce9277a-fd51-403b-9a58-91e324c8a3a9	15	20380735	21005443	62	1.0172
cce9277a-fd51-403b-9a58-91e324c8a3a9	15	21018354	21266108	12	0.1395
cce9277a-fd51-403b-9a58-91e324c8a3a9	15	21266481	22606745	49	0.9805
cce9277a-fd51-403b-9a58-91e324c8a3a9	15	22619116	23199669	304	0.2118
cce9277a-fd51-403b-9a58-91e324c8a3a9	15	23396367	23425837	12	-0.9774
cce9277a-fd51-403b-9a58-91e324c8a3a9	15	23426699	24429986	667	0.2199
cce9277a-fd51-403b-9a58-91e324c8a3a9	15	24435245	24485848	34	-0.6405
cce9277a-fd51-403b-9a58-91e324c8a3a9	15	24486725	29733750	3382	0.1321
cce9277a-fd51-403b-9a58-91e324c8a3a9	15	29748018	33403117	1994	0.2963
cce9277a-fd51-403b-9a58-91e324c8a3a9	15	33403912	37248478	2796	0.1726
cce9277a-fd51-403b-9a58-91e324c8a3a9	15	37252761	46605670	5299	0.2832
cce9277a-fd51-403b-9a58-91e324c8a3a9	15	46611719	49574891	1914	0.1814
cce9277a-fd51-403b-9a58-91e324c8a3a9	15	49575413	53478905	2464	0.2698
cce9277a-fd51-403b-9a58-91e324c8a3a9	15	53478928	56880267	2236	0.1708
cce9277a-fd51-403b-9a58-91e324c8a3a9	15	56883251	94572764	24752	0.274
cce9277a-fd51-403b-9a58-91e324c8a3a9	15	94572860	95190985	501	0.2148
cce9277a-fd51-403b-9a58-91e324c8a3a9	15	95191111	95251181	47	0.1509
cce9277a-fd51-403b-9a58-91e324c8a3a9	15	95251861	95252286	2	-1.477
cce9277a-fd51-403b-9a58-91e324c8a3a9	15	95252536	96831426	1163	0.1325
cce9277a-fd51-403b-9a58-91e324c8a3a9	15	96833534	101928837	3732	0.2211
cce9277a-fd51-403b-9a58-91e324c8a3a9	16	10777	896523	344	0.1928
cce9277a-fd51-403b-9a58-91e324c8a3a9	16	896896	5140546	1866	0.3389
cce9277a-fd51-403b-9a58-91e324c8a3a9	16	5141836	6124047	1088	0.2685
cce9277a-fd51-403b-9a58-91e324c8a3a9	16	6127574	6228880	96	-0.8324
cce9277a-fd51-403b-9a58-91e324c8a3a9	16	6229093	6497043	319	0.2222
cce9277a-fd51-403b-9a58-91e324c8a3a9	16	6497498	6732735	341	-0.891
cce9277a-fd51-403b-9a58-91e324c8a3a9	16	6736975	6741703	10	-2.8979
cce9277a-fd51-403b-9a58-91e324c8a3a9	16	6742053	6861209	153	-4.9167
cce9277a-fd51-403b-9a58-91e324c8a3a9	16	6861440	6991468	133	-0.7377
cce9277a-fd51-403b-9a58-91e324c8a3a9	16	6995132	7002773	16	-3.0208
cce9277a-fd51-403b-9a58-91e324c8a3a9	16	7013561	7383337	482	-0.8723
cce9277a-fd51-403b-9a58-91e324c8a3a9	16	7384140	7455887	109	-5.4605
cce9277a-fd51-403b-9a58-91e324c8a3a9	16	7458247	7588947	182	-0.8877
cce9277a-fd51-403b-9a58-91e324c8a3a9	16	7591098	19926800	8290	0.2647
cce9277a-fd51-403b-9a58-91e324c8a3a9	16	19927671	19959496	39	0.7954
cce9277a-fd51-403b-9a58-91e324c8a3a9	16	19959543	28620264	5395	0.2462
cce9277a-fd51-403b-9a58-91e324c8a3a9	16	28620700	28813550	9	-0.9111
cce9277a-fd51-403b-9a58-91e324c8a3a9	16	28814284	32016985	1058	0.2853
cce9277a-fd51-403b-9a58-91e324c8a3a9	16	32022253	35949422	501	0.0544
cce9277a-fd51-403b-9a58-91e324c8a3a9	16	35981677	52201517	3576	0.2598
cce9277a-fd51-403b-9a58-91e324c8a3a9	16	52206647	52207080	2	-1.5703
cce9277a-fd51-403b-9a58-91e324c8a3a9	16	52207459	52376939	130	0.3123
cce9277a-fd51-403b-9a58-91e324c8a3a9	16	52379038	52380779	2	-1.5334
cce9277a-fd51-403b-9a58-91e324c8a3a9	16	52383329	53281733	642	0.2758
cce9277a-fd51-403b-9a58-91e324c8a3a9	16	53282719	55439016	1831	0.1669
cce9277a-fd51-403b-9a58-91e324c8a3a9	16	55439880	55762682	288	0.2423
cce9277a-fd51-403b-9a58-91e324c8a3a9	16	55764310	55764867	3	2.2419
cce9277a-fd51-403b-9a58-91e324c8a3a9	16	55770436	55776295	9	-0.4492
cce9277a-fd51-403b-9a58-91e324c8a3a9	16	55782331	59538197	2328	0.2834
cce9277a-fd51-403b-9a58-91e324c8a3a9	16	59538322	64943950	3571	0.1478
cce9277a-fd51-403b-9a58-91e324c8a3a9	16	64945394	65180405	192	0.2099
cce9277a-fd51-403b-9a58-91e324c8a3a9	16	65180564	70515354	2805	0.3044
cce9277a-fd51-403b-9a58-91e324c8a3a9	16	70528579	70540076	4	-0.953
cce9277a-fd51-403b-9a58-91e324c8a3a9	16	70543793	76761567	3770	0.2796
cce9277a-fd51-403b-9a58-91e324c8a3a9	16	76764575	78337711	1611	0.155
cce9277a-fd51-403b-9a58-91e324c8a3a9	16	78338543	78345778	13	-2.4587
cce9277a-fd51-403b-9a58-91e324c8a3a9	16	78349243	80519845	2630	0.1707
cce9277a-fd51-403b-9a58-91e324c8a3a9	16	80520006	84170006	3818	0.2572
cce9277a-fd51-403b-9a58-91e324c8a3a9	16	84170124	84171165	2	-2.2253
cce9277a-fd51-403b-9a58-91e324c8a3a9	16	84172779	88542082	3484	0.3185
cce9277a-fd51-403b-9a58-91e324c8a3a9	16	88542118	88736086	84	-0.0181
cce9277a-fd51-403b-9a58-91e324c8a3a9	16	88742335	89222801	151	0.3763
cce9277a-fd51-403b-9a58-91e324c8a3a9	16	89223216	89368114	93	0.1773
cce9277a-fd51-403b-9a58-91e324c8a3a9	16	89374715	89871855	215	-0.0655
cce9277a-fd51-403b-9a58-91e324c8a3a9	16	89872043	90096867	127	0.3201
cce9277a-fd51-403b-9a58-91e324c8a3a9	17	150733	1169403	518	-0.805
cce9277a-fd51-403b-9a58-91e324c8a3a9	17	1170069	1176906	2	-4.2859
cce9277a-fd51-403b-9a58-91e324c8a3a9	17	1189284	11251590	6019	-0.7364
cce9277a-fd51-403b-9a58-91e324c8a3a9	17	11252879	11253225	4	-4.4221
cce9277a-fd51-403b-9a58-91e324c8a3a9	17	11253405	11403878	159	-0.6914
cce9277a-fd51-403b-9a58-91e324c8a3a9	17	11404637	15274075	2984	-0.8113
cce9277a-fd51-403b-9a58-91e324c8a3a9	17	15274737	33283693	6198	-0.707
cce9277a-fd51-403b-9a58-91e324c8a3a9	17	33286245	35143494	1592	-0.8644
cce9277a-fd51-403b-9a58-91e324c8a3a9	17	35143830	41251729	3090	-0.6966
cce9277a-fd51-403b-9a58-91e324c8a3a9	17	41257158	41273934	27	0.0809
cce9277a-fd51-403b-9a58-91e324c8a3a9	17	41274198	42435651	688	-0.6624
cce9277a-fd51-403b-9a58-91e324c8a3a9	17	42443469	42620379	66	0.3864
cce9277a-fd51-403b-9a58-91e324c8a3a9	17	42620415	52682735	5257	-0.7
cce9277a-fd51-403b-9a58-91e324c8a3a9	17	52682952	55464322	1821	-0.8021
cce9277a-fd51-403b-9a58-91e324c8a3a9	17	55464869	55465030	2	-3.6396
cce9277a-fd51-403b-9a58-91e324c8a3a9	17	55465230	56747381	1097	-0.8098
cce9277a-fd51-403b-9a58-91e324c8a3a9	17	56747711	83091923	15021	-0.7298
cce9277a-fd51-403b-9a58-91e324c8a3a9	18	48133	5976537	4203	-0.7328
cce9277a-fd51-403b-9a58-91e324c8a3a9	18	5978259	5978508	2	-5.0372
cce9277a-fd51-403b-9a58-91e324c8a3a9	18	5980878	12005279	4456	-0.8363
cce9277a-fd51-403b-9a58-91e324c8a3a9	18	12005766	12005934	3	-5.4274
cce9277a-fd51-403b-9a58-91e324c8a3a9	18	12006036	24648604	3631	-0.741
cce9277a-fd51-403b-9a58-91e324c8a3a9	18	24649530	24650026	3	-3.3135
cce9277a-fd51-403b-9a58-91e324c8a3a9	18	24651749	24979655	279	-0.7504
cce9277a-fd51-403b-9a58-91e324c8a3a9	18	24979684	29346232	2739	-0.8717
cce9277a-fd51-403b-9a58-91e324c8a3a9	18	29351376	36125647	4168	-0.7254
cce9277a-fd51-403b-9a58-91e324c8a3a9	18	36126297	46761613	7048	-0.8526
cce9277a-fd51-403b-9a58-91e324c8a3a9	18	46762262	59850736	8989	-0.7873
cce9277a-fd51-403b-9a58-91e324c8a3a9	18	59851744	59851878	2	-5.424
cce9277a-fd51-403b-9a58-91e324c8a3a9	18	59854230	73712988	9987	-0.7914
cce9277a-fd51-403b-9a58-91e324c8a3a9	18	73713071	78189051	3502	-0.9105
cce9277a-fd51-403b-9a58-91e324c8a3a9	18	78189137	78900693	470	-0.8229
cce9277a-fd51-403b-9a58-91e324c8a3a9	18	78902714	78904863	5	-5.6139
cce9277a-fd51-403b-9a58-91e324c8a3a9	18	78906449	80256253	692	-0.8839
cce9277a-fd51-403b-9a58-91e324c8a3a9	18	80256437	80257174	3	-5.8054
cce9277a-fd51-403b-9a58-91e324c8a3a9	19	90910	1156398	250	0.3368
cce9277a-fd51-403b-9a58-91e324c8a3a9	19	1170990	1723464	126	-0.6064
cce9277a-fd51-403b-9a58-91e324c8a3a9	19	1723571	1726234	3	-3.5697
cce9277a-fd51-403b-9a58-91e324c8a3a9	19	1728268	21249195	8907	-0.6708
cce9277a-fd51-403b-9a58-91e324c8a3a9	19	21249373	24065809	1615	-0.8474
cce9277a-fd51-403b-9a58-91e324c8a3a9	19	24068026	24400510	130	-0.6545
cce9277a-fd51-403b-9a58-91e324c8a3a9	19	24413948	27330071	10	0.4242
cce9277a-fd51-403b-9a58-91e324c8a3a9	19	27337678	27550604	26	0.9309
cce9277a-fd51-403b-9a58-91e324c8a3a9	19	27550922	28001431	230	0.6702
cce9277a-fd51-403b-9a58-91e324c8a3a9	19	28001812	28001908	2	-1.1765
cce9277a-fd51-403b-9a58-91e324c8a3a9	19	28002055	31530253	2699	0.7346
cce9277a-fd51-403b-9a58-91e324c8a3a9	19	31531033	36362538	3073	0.8684
cce9277a-fd51-403b-9a58-91e324c8a3a9	19	36362590	37304208	480	0.7377
cce9277a-fd51-403b-9a58-91e324c8a3a9	19	37304889	41668050	2282	0.8889
cce9277a-fd51-403b-9a58-91e324c8a3a9	19	41668514	42786621	456	0.3187
cce9277a-fd51-403b-9a58-91e324c8a3a9	19	42790238	43015210	101	-3.2975
cce9277a-fd51-403b-9a58-91e324c8a3a9	19	43020143	43038679	11	-1.4408
cce9277a-fd51-403b-9a58-91e324c8a3a9	19	43044862	43975343	524	0.3383
cce9277a-fd51-403b-9a58-91e324c8a3a9	19	43975607	43975608	2	-1.5084
cce9277a-fd51-403b-9a58-91e324c8a3a9	19	43978555	49557854	2599	0.3498
cce9277a-fd51-403b-9a58-91e324c8a3a9	19	49558134	55761691	3604	0.243
cce9277a-fd51-403b-9a58-91e324c8a3a9	19	55766684	55771701	6	2.1577
cce9277a-fd51-403b-9a58-91e324c8a3a9	19	55774927	58586487	1835	0.2062
cce9277a-fd51-403b-9a58-91e324c8a3a9	20	80664	1576544	1172	-0.78
cce9277a-fd51-403b-9a58-91e324c8a3a9	20	1576573	1579916	15	-3.2329
cce9277a-fd51-403b-9a58-91e324c8a3a9	20	1580141	18161920	12896	-0.7643
cce9277a-fd51-403b-9a58-91e324c8a3a9	20	18168563	23575578	4147	0.8529
cce9277a-fd51-403b-9a58-91e324c8a3a9	20	23575861	24385708	625	0.7348
cce9277a-fd51-403b-9a58-91e324c8a3a9	20	24387452	24438155	40	0.8696
cce9277a-fd51-403b-9a58-91e324c8a3a9	20	24438549	24443620	7	1.8528
cce9277a-fd51-403b-9a58-91e324c8a3a9	20	24444068	24615715	122	0.8484
cce9277a-fd51-403b-9a58-91e324c8a3a9	20	24616023	24623677	7	-0.115
cce9277a-fd51-403b-9a58-91e324c8a3a9	20	24628254	25577662	590	0.8762
cce9277a-fd51-403b-9a58-91e324c8a3a9	20	25578410	30400790	305	0.705
cce9277a-fd51-403b-9a58-91e324c8a3a9	20	30406589	37037185	2777	0.8934
cce9277a-fd51-403b-9a58-91e324c8a3a9	20	37037218	37129861	114	0.6027
cce9277a-fd51-403b-9a58-91e324c8a3a9	20	37133091	38878565	1092	0.8833
cce9277a-fd51-403b-9a58-91e324c8a3a9	20	38879072	42636782	2782	0.823
cce9277a-fd51-403b-9a58-91e324c8a3a9	20	42636853	42636859	2	-0.9889
cce9277a-fd51-403b-9a58-91e324c8a3a9	20	42639451	43436003	670	0.8015
cce9277a-fd51-403b-9a58-91e324c8a3a9	20	43437203	54028258	7386	0.8831
cce9277a-fd51-403b-9a58-91e324c8a3a9	20	54028329	54042054	37	0.3763
cce9277a-fd51-403b-9a58-91e324c8a3a9	20	54042112	54062640	25	0.9706
cce9277a-fd51-403b-9a58-91e324c8a3a9	20	54062656	54062840	6	0.3058
cce9277a-fd51-403b-9a58-91e324c8a3a9	20	54062953	54065056	7	0.9983
cce9277a-fd51-403b-9a58-91e324c8a3a9	20	54065071	54065374	5	1.6302
cce9277a-fd51-403b-9a58-91e324c8a3a9	20	54065389	54923019	725	0.8521
cce9277a-fd51-403b-9a58-91e324c8a3a9	20	54923050	54923988	2	-0.8226
cce9277a-fd51-403b-9a58-91e324c8a3a9	20	54924007	61584921	5452	0.8398
cce9277a-fd51-403b-9a58-91e324c8a3a9	20	61589644	62582087	519	0.9935
cce9277a-fd51-403b-9a58-91e324c8a3a9	20	62582181	62593393	5	-0.0802
cce9277a-fd51-403b-9a58-91e324c8a3a9	20	62597349	62863195	135	0.9862
cce9277a-fd51-403b-9a58-91e324c8a3a9	20	62864183	64324800	573	0.8619
cce9277a-fd51-403b-9a58-91e324c8a3a9	21	10354168	10524022	23	-0.7069
cce9277a-fd51-403b-9a58-91e324c8a3a9	21	10524066	13197963	92	-0.2121
cce9277a-fd51-403b-9a58-91e324c8a3a9	21	13197978	20480287	4754	-0.752
cce9277a-fd51-403b-9a58-91e324c8a3a9	21	20481670	32396410	8825	-0.8322
cce9277a-fd51-403b-9a58-91e324c8a3a9	21	32397185	43273430	8193	-0.7329
cce9277a-fd51-403b-9a58-91e324c8a3a9	21	43273999	43274823	3	-6.43
cce9277a-fd51-403b-9a58-91e324c8a3a9	21	43278060	45419989	1001	-0.7662
cce9277a-fd51-403b-9a58-91e324c8a3a9	21	45427844	45428584	3	-5.3876
cce9277a-fd51-403b-9a58-91e324c8a3a9	21	45428674	46677045	711	-0.819
cce9277a-fd51-403b-9a58-91e324c8a3a9	22	15294547	23293510	3939	-0.7782
cce9277a-fd51-403b-9a58-91e324c8a3a9	22	23293737	23294354	4	-4.376
cce9277a-fd51-403b-9a58-91e324c8a3a9	22	23295734	37659826	10476	-0.7465
cce9277a-fd51-403b-9a58-91e324c8a3a9	22	37661331	42729122	2658	-0.6725
cce9277a-fd51-403b-9a58-91e324c8a3a9	22	42730542	42734273	2	-3.3436
cce9277a-fd51-403b-9a58-91e324c8a3a9	22	42734392	43059485	202	-0.6411
cce9277a-fd51-403b-9a58-91e324c8a3a9	22	43059586	44863392	1402	-0.7757
cce9277a-fd51-403b-9a58-91e324c8a3a9	22	44863694	44880466	5	-4.0714
cce9277a-fd51-403b-9a58-91e324c8a3a9	22	44880732	46092348	758	-0.7588
cce9277a-fd51-403b-9a58-91e324c8a3a9	22	46093321	46098802	2	-5.0097
cce9277a-fd51-403b-9a58-91e324c8a3a9	22	46098918	48942839	2355	-0.8072
cce9277a-fd51-403b-9a58-91e324c8a3a9	22	48942893	48943499	2	-4.1677
cce9277a-fd51-403b-9a58-91e324c8a3a9	22	48950112	50796027	1170	-0.8423
cce9277a-fd51-403b-9a58-91e324c8a3a9	X	251810	10182296	5647	-0.0454
cce9277a-fd51-403b-9a58-91e324c8a3a9	X	10184971	132077262	63215	0.0274
cce9277a-fd51-403b-9a58-91e324c8a3a9	X	132078916	140913974	4903	-0.0545
cce9277a-fd51-403b-9a58-91e324c8a3a9	X	140914440	140920136	5	-2.9197
cce9277a-fd51-403b-9a58-91e324c8a3a9	X	140920239	153033320	7882	-0.0596
cce9277a-fd51-403b-9a58-91e324c8a3a9	X	153033368	153033676	2	-6.4477
cce9277a-fd51-403b-9a58-91e324c8a3a9	X	153034167	155952689	1123	0.102
cce9277a-fd51-403b-9a58-91e324c8a3a9	Y	2782397	6075631	719	-2.7968
cce9277a-fd51-403b-9a58-91e324c8a3a9	Y	6076562	9330531	1508	-3.2294
cce9277a-fd51-403b-9a58-91e324c8a3a9	Y	9332936	9554275	25	-4.8215
cce9277a-fd51-403b-9a58-91e324c8a3a9	Y	9554586	17053374	2765	-3.1634
cce9277a-fd51-403b-9a58-91e324c8a3a9	Y	17054981	17067660	8	-6.4689
cce9277a-fd51-403b-9a58-91e324c8a3a9	Y	17070391	23586854	1422	-3.2438
cce9277a-fd51-403b-9a58-91e324c8a3a9	Y	23784615	56872112	192	-2.7793
