GDC_Aliquot	Chromosome	Start	End	Num_Probes	Segment_Mean
f363ac53-40a7-4738-9ce0-0d811a93d2c0	1	62920	6377001	2961	-0.0747
f363ac53-40a7-4738-9ce0-0d811a93d2c0	1	6379893	6385218	3	-2.3738
f363ac53-40a7-4738-9ce0-0d811a93d2c0	1	6389578	12779433	3503	-0.049
f363ac53-40a7-4738-9ce0-0d811a93d2c0	1	12792599	12868035	32	-0.8065
f363ac53-40a7-4738-9ce0-0d811a93d2c0	1	12922922	22170210	5668	-0.0445
f363ac53-40a7-4738-9ce0-0d811a93d2c0	1	22175223	22177779	3	-1.3277
f363ac53-40a7-4738-9ce0-0d811a93d2c0	1	22180930	25269390	1808	-0.0421
f363ac53-40a7-4738-9ce0-0d811a93d2c0	1	25269456	25320455	22	0.4065
f363ac53-40a7-4738-9ce0-0d811a93d2c0	1	25336819	55826205	16946	-0.045
f363ac53-40a7-4738-9ce0-0d811a93d2c0	1	55826400	55826579	2	-2.3671
f363ac53-40a7-4738-9ce0-0d811a93d2c0	1	55826729	72302815	11743	-0.0451
f363ac53-40a7-4738-9ce0-0d811a93d2c0	1	72303233	72345450	45	-1.5898
f363ac53-40a7-4738-9ce0-0d811a93d2c0	1	72345465	74803600	1508	-0.0454
f363ac53-40a7-4738-9ce0-0d811a93d2c0	1	74805388	74808182	2	-1.875
f363ac53-40a7-4738-9ce0-0d811a93d2c0	1	74808303	89009572	9413	-0.046
f363ac53-40a7-4738-9ce0-0d811a93d2c0	1	89012275	89012522	2	-3.1711
f363ac53-40a7-4738-9ce0-0d811a93d2c0	1	89015841	103616762	9075	-0.0449
f363ac53-40a7-4738-9ce0-0d811a93d2c0	1	103620877	103760781	7	-1.0689
f363ac53-40a7-4738-9ce0-0d811a93d2c0	1	103760879	110833459	4409	-0.05
f363ac53-40a7-4738-9ce0-0d811a93d2c0	1	110833598	110850675	42	0.3305
f363ac53-40a7-4738-9ce0-0d811a93d2c0	1	110850774	111385772	445	-0.0401
f363ac53-40a7-4738-9ce0-0d811a93d2c0	1	111386515	111390609	5	-1.1549
f363ac53-40a7-4738-9ce0-0d811a93d2c0	1	111393046	115335048	2644	-0.0464
f363ac53-40a7-4738-9ce0-0d811a93d2c0	1	115339882	115339895	2	-1.2879
f363ac53-40a7-4738-9ce0-0d811a93d2c0	1	115339920	116093517	519	-0.0485
f363ac53-40a7-4738-9ce0-0d811a93d2c0	1	116099020	116103136	6	-0.9238
f363ac53-40a7-4738-9ce0-0d811a93d2c0	1	116105747	145709808	2785	-0.0373
f363ac53-40a7-4738-9ce0-0d811a93d2c0	1	145711635	147561883	541	0.0609
f363ac53-40a7-4738-9ce0-0d811a93d2c0	1	147562383	152580278	1734	-0.0337
f363ac53-40a7-4738-9ce0-0d811a93d2c0	1	152580343	152618018	40	0.2711
f363ac53-40a7-4738-9ce0-0d811a93d2c0	1	152618089	152787202	165	-0.0328
f363ac53-40a7-4738-9ce0-0d811a93d2c0	1	152789447	152805967	40	-0.4822
f363ac53-40a7-4738-9ce0-0d811a93d2c0	1	152806050	157300721	2344	-0.0426
f363ac53-40a7-4738-9ce0-0d811a93d2c0	1	157302724	157302880	2	-2.1442
f363ac53-40a7-4738-9ce0-0d811a93d2c0	1	157303925	158896783	1258	-0.0636
f363ac53-40a7-4738-9ce0-0d811a93d2c0	1	158898711	158899969	2	1.7247
f363ac53-40a7-4738-9ce0-0d811a93d2c0	1	158905028	169017063	7461	-0.0442
f363ac53-40a7-4738-9ce0-0d811a93d2c0	1	169017136	169017882	3	-1.2572
f363ac53-40a7-4738-9ce0-0d811a93d2c0	1	169017973	174827267	3711	-0.0423
f363ac53-40a7-4738-9ce0-0d811a93d2c0	1	174827418	174832716	17	-0.7275
f363ac53-40a7-4738-9ce0-0d811a93d2c0	1	174832734	189679027	9893	-0.0436
f363ac53-40a7-4738-9ce0-0d811a93d2c0	1	189679353	189679397	2	-2.0392
f363ac53-40a7-4738-9ce0-0d811a93d2c0	1	189682917	196745743	4734	-0.0379
f363ac53-40a7-4738-9ce0-0d811a93d2c0	1	196758720	196769493	5	1.2622
f363ac53-40a7-4738-9ce0-0d811a93d2c0	1	196769506	196832720	53	0.3171
f363ac53-40a7-4738-9ce0-0d811a93d2c0	1	196843377	214463026	11858	-0.043
f363ac53-40a7-4738-9ce0-0d811a93d2c0	1	214463757	214463783	2	-1.6215
f363ac53-40a7-4738-9ce0-0d811a93d2c0	1	214464465	223471064	6249	-0.0432
f363ac53-40a7-4738-9ce0-0d811a93d2c0	1	223471097	223471914	3	-2.1912
f363ac53-40a7-4738-9ce0-0d811a93d2c0	1	223472019	227849577	2670	-0.0267
f363ac53-40a7-4738-9ce0-0d811a93d2c0	1	227850423	245981134	13187	-0.0533
f363ac53-40a7-4738-9ce0-0d811a93d2c0	1	245984560	248930189	1767	-0.0064
f363ac53-40a7-4738-9ce0-0d811a93d2c0	2	12784	729482	515	-0.0682
f363ac53-40a7-4738-9ce0-0d811a93d2c0	2	734032	753489	9	-0.8911
f363ac53-40a7-4738-9ce0-0d811a93d2c0	2	754144	8026090	5798	-0.0696
f363ac53-40a7-4738-9ce0-0d811a93d2c0	2	8026343	29211634	14093	-0.0398
f363ac53-40a7-4738-9ce0-0d811a93d2c0	2	29212581	30732220	1162	-0.0722
f363ac53-40a7-4738-9ce0-0d811a93d2c0	2	30732597	30733925	2	-1.7176
f363ac53-40a7-4738-9ce0-0d811a93d2c0	2	30734814	32237364	889	-0.0694
f363ac53-40a7-4738-9ce0-0d811a93d2c0	2	32240508	33096637	496	0.0342
f363ac53-40a7-4738-9ce0-0d811a93d2c0	2	33100455	34466002	1071	-0.0785
f363ac53-40a7-4738-9ce0-0d811a93d2c0	2	34474248	34511990	46	-0.6434
f363ac53-40a7-4738-9ce0-0d811a93d2c0	2	34512096	52527330	12985	-0.0326
f363ac53-40a7-4738-9ce0-0d811a93d2c0	2	52527342	52554274	35	-0.6024
f363ac53-40a7-4738-9ce0-0d811a93d2c0	2	52554359	58656371	4259	-0.0324
f363ac53-40a7-4738-9ce0-0d811a93d2c0	2	58656677	60523425	1393	-0.094
f363ac53-40a7-4738-9ce0-0d811a93d2c0	2	60524171	86710564	16225	-0.0367
f363ac53-40a7-4738-9ce0-0d811a93d2c0	2	86725947	86726731	2	1.5359
f363ac53-40a7-4738-9ce0-0d811a93d2c0	2	86743283	87462096	153	-0.0424
f363ac53-40a7-4738-9ce0-0d811a93d2c0	2	87463778	87465499	2	-1.9461
f363ac53-40a7-4738-9ce0-0d811a93d2c0	2	87466706	97359885	1772	-0.0487
f363ac53-40a7-4738-9ce0-0d811a93d2c0	2	97524284	97545726	9	-0.9574
f363ac53-40a7-4738-9ce0-0d811a93d2c0	2	97550415	146107526	29343	-0.0483
f363ac53-40a7-4738-9ce0-0d811a93d2c0	2	146107615	146109366	17	0.8207
f363ac53-40a7-4738-9ce0-0d811a93d2c0	2	146120238	179548644	20470	-0.0406
f363ac53-40a7-4738-9ce0-0d811a93d2c0	2	179553484	179557410	30	-0.7538
f363ac53-40a7-4738-9ce0-0d811a93d2c0	2	179560916	203035077	13531	-0.0314
f363ac53-40a7-4738-9ce0-0d811a93d2c0	2	203035352	203037323	2	-2.1826
f363ac53-40a7-4738-9ce0-0d811a93d2c0	2	203039417	242147305	24948	-0.0445
f363ac53-40a7-4738-9ce0-0d811a93d2c0	3	20930	6604856	5804	-0.0176
f363ac53-40a7-4738-9ce0-0d811a93d2c0	3	6609441	6611645	23	-2.9786
f363ac53-40a7-4738-9ce0-0d811a93d2c0	3	6613391	17989735	8116	-0.0374
f363ac53-40a7-4738-9ce0-0d811a93d2c0	3	17994379	17994754	2	-2.2534
f363ac53-40a7-4738-9ce0-0d811a93d2c0	3	17995202	21159580	1862	-0.0425
f363ac53-40a7-4738-9ce0-0d811a93d2c0	3	21160176	21162279	3	-1.2322
f363ac53-40a7-4738-9ce0-0d811a93d2c0	3	21162524	22878799	1409	-0.0277
f363ac53-40a7-4738-9ce0-0d811a93d2c0	3	22881652	22906714	18	-0.4739
f363ac53-40a7-4738-9ce0-0d811a93d2c0	3	22907231	25354586	1762	-0.0463
f363ac53-40a7-4738-9ce0-0d811a93d2c0	3	25355269	25355374	2	-1.2133
f363ac53-40a7-4738-9ce0-0d811a93d2c0	3	25355474	26411736	861	-0.0367
f363ac53-40a7-4738-9ce0-0d811a93d2c0	3	26413793	26414873	4	-1.491
f363ac53-40a7-4738-9ce0-0d811a93d2c0	3	26419435	46760755	13272	-0.0388
f363ac53-40a7-4738-9ce0-0d811a93d2c0	3	46761427	46808099	35	0.2824
f363ac53-40a7-4738-9ce0-0d811a93d2c0	3	46817989	52998022	2504	-0.0313
f363ac53-40a7-4738-9ce0-0d811a93d2c0	3	52999132	53005100	24	-0.549
f363ac53-40a7-4738-9ce0-0d811a93d2c0	3	53005201	53774896	520	-0.0116
f363ac53-40a7-4738-9ce0-0d811a93d2c0	3	53775659	55767060	1579	-0.0977
f363ac53-40a7-4738-9ce0-0d811a93d2c0	3	55767436	59943125	2679	-0.0457
f363ac53-40a7-4738-9ce0-0d811a93d2c0	3	59944131	59955112	16	0.4519
f363ac53-40a7-4738-9ce0-0d811a93d2c0	3	59956066	60324697	458	-0.0242
f363ac53-40a7-4738-9ce0-0d811a93d2c0	3	60325952	60345910	28	-0.4647
f363ac53-40a7-4738-9ce0-0d811a93d2c0	3	60346142	60464567	120	-1.0952
f363ac53-40a7-4738-9ce0-0d811a93d2c0	3	60469045	60473454	8	-0.1643
f363ac53-40a7-4738-9ce0-0d811a93d2c0	3	60473468	60486485	22	-0.5031
f363ac53-40a7-4738-9ce0-0d811a93d2c0	3	60486677	98180575	21883	-0.0474
f363ac53-40a7-4738-9ce0-0d811a93d2c0	3	98189826	98195973	4	-1.3928
f363ac53-40a7-4738-9ce0-0d811a93d2c0	3	98197104	99202314	578	-0.0675
f363ac53-40a7-4738-9ce0-0d811a93d2c0	3	99203270	99230470	48	0.3114
f363ac53-40a7-4738-9ce0-0d811a93d2c0	3	99230577	130067531	18691	-0.0439
f363ac53-40a7-4738-9ce0-0d811a93d2c0	3	130067896	130079892	23	0.5701
f363ac53-40a7-4738-9ce0-0d811a93d2c0	3	130079938	161412282	19304	-0.0404
f363ac53-40a7-4738-9ce0-0d811a93d2c0	3	161412295	173914127	7618	-0.0144
f363ac53-40a7-4738-9ce0-0d811a93d2c0	3	173915081	175086598	769	-0.0509
f363ac53-40a7-4738-9ce0-0d811a93d2c0	3	175087178	175090139	2	-1.704
f363ac53-40a7-4738-9ce0-0d811a93d2c0	3	175090542	175369828	268	-0.0449
f363ac53-40a7-4738-9ce0-0d811a93d2c0	3	175369906	176038415	410	0.0588
f363ac53-40a7-4738-9ce0-0d811a93d2c0	3	176041258	193156958	11070	-0.0348
f363ac53-40a7-4738-9ce0-0d811a93d2c0	3	193160113	193165114	20	-0.818
f363ac53-40a7-4738-9ce0-0d811a93d2c0	3	193168646	195685341	1487	-0.0358
f363ac53-40a7-4738-9ce0-0d811a93d2c0	3	195691392	195751823	40	0.3513
f363ac53-40a7-4738-9ce0-0d811a93d2c0	3	195751990	195802815	22	-0.1616
f363ac53-40a7-4738-9ce0-0d811a93d2c0	3	195803507	198107699	1113	0.0023
f363ac53-40a7-4738-9ce0-0d811a93d2c0	3	198107849	198169247	27	-0.3482
f363ac53-40a7-4738-9ce0-0d811a93d2c0	4	68929	3597723	1437	-0.0425
f363ac53-40a7-4738-9ce0-0d811a93d2c0	4	3598142	3600457	2	-1.6221
f363ac53-40a7-4738-9ce0-0d811a93d2c0	4	3607663	9455251	3707	-0.0644
f363ac53-40a7-4738-9ce0-0d811a93d2c0	4	9459504	9484440	7	-1.0056
f363ac53-40a7-4738-9ce0-0d811a93d2c0	4	9494650	10208766	535	-0.0505
f363ac53-40a7-4738-9ce0-0d811a93d2c0	4	10221792	10232642	30	-1.8544
f363ac53-40a7-4738-9ce0-0d811a93d2c0	4	10232984	63828222	33531	-0.0495
f363ac53-40a7-4738-9ce0-0d811a93d2c0	4	63831751	63842540	28	-0.5523
f363ac53-40a7-4738-9ce0-0d811a93d2c0	4	63850713	68395346	2853	-0.0487
f363ac53-40a7-4738-9ce0-0d811a93d2c0	4	68416487	68422424	5	-1.3495
f363ac53-40a7-4738-9ce0-0d811a93d2c0	4	68429081	68663241	81	-0.2602
f363ac53-40a7-4738-9ce0-0d811a93d2c0	4	68671434	69523998	474	0.0285
f363ac53-40a7-4738-9ce0-0d811a93d2c0	4	69524143	69525061	2	-2.4175
f363ac53-40a7-4738-9ce0-0d811a93d2c0	4	69526170	69528847	7	-0.3248
f363ac53-40a7-4738-9ce0-0d811a93d2c0	4	69529454	114252544	27185	-0.0351
f363ac53-40a7-4738-9ce0-0d811a93d2c0	4	114254167	114261019	23	0.767
f363ac53-40a7-4738-9ce0-0d811a93d2c0	4	114263073	137171266	13215	-0.0453
f363ac53-40a7-4738-9ce0-0d811a93d2c0	4	137171362	137173804	13	-0.7443
f363ac53-40a7-4738-9ce0-0d811a93d2c0	4	137173818	171448195	21370	-0.0399
f363ac53-40a7-4738-9ce0-0d811a93d2c0	4	171453733	171456559	10	0.9058
f363ac53-40a7-4738-9ce0-0d811a93d2c0	4	171456573	190106768	12463	-0.0335
f363ac53-40a7-4738-9ce0-0d811a93d2c0	5	15532	12800777	10164	-0.0702
f363ac53-40a7-4738-9ce0-0d811a93d2c0	5	12815668	12838421	14	-1.5523
f363ac53-40a7-4738-9ce0-0d811a93d2c0	5	12849089	45327055	20133	-0.036
f363ac53-40a7-4738-9ce0-0d811a93d2c0	5	45327111	45735887	159	0.1111
f363ac53-40a7-4738-9ce0-0d811a93d2c0	5	45739534	53470139	2143	-0.0195
f363ac53-40a7-4738-9ce0-0d811a93d2c0	5	53472858	56361148	1874	-0.068
f363ac53-40a7-4738-9ce0-0d811a93d2c0	5	56361394	58030200	1198	-0.0227
f363ac53-40a7-4738-9ce0-0d811a93d2c0	5	58030336	58037688	30	-0.5163
f363ac53-40a7-4738-9ce0-0d811a93d2c0	5	58037706	69550476	7284	-0.039
f363ac53-40a7-4738-9ce0-0d811a93d2c0	5	69571467	70017861	9	-0.7495
f363ac53-40a7-4738-9ce0-0d811a93d2c0	5	70959068	87306828	9893	-0.044
f363ac53-40a7-4738-9ce0-0d811a93d2c0	5	87319547	87382604	31	-0.6249
f363ac53-40a7-4738-9ce0-0d811a93d2c0	5	87387288	97709417	5658	-0.0477
f363ac53-40a7-4738-9ce0-0d811a93d2c0	5	97712762	97763616	42	-0.9559
f363ac53-40a7-4738-9ce0-0d811a93d2c0	5	97763980	99134197	766	-0.0331
f363ac53-40a7-4738-9ce0-0d811a93d2c0	5	99134610	100333059	710	0.0397
f363ac53-40a7-4738-9ce0-0d811a93d2c0	5	100333594	118050922	11779	-0.0443
f363ac53-40a7-4738-9ce0-0d811a93d2c0	5	118052727	118053390	11	-0.7407
f363ac53-40a7-4738-9ce0-0d811a93d2c0	5	118068645	152134610	21342	-0.0405
f363ac53-40a7-4738-9ce0-0d811a93d2c0	5	152135825	152138790	14	-3.4102
f363ac53-40a7-4738-9ce0-0d811a93d2c0	5	152140710	156048092	2654	-0.0486
f363ac53-40a7-4738-9ce0-0d811a93d2c0	5	156048094	156055719	16	-0.5205
f363ac53-40a7-4738-9ce0-0d811a93d2c0	5	156068240	180947523	16574	-0.0548
f363ac53-40a7-4738-9ce0-0d811a93d2c0	5	180951710	180991103	19	-0.5293
f363ac53-40a7-4738-9ce0-0d811a93d2c0	5	181006225	181363319	170	-0.0744
f363ac53-40a7-4738-9ce0-0d811a93d2c0	6	149661	254283	100	-0.0405
f363ac53-40a7-4738-9ce0-0d811a93d2c0	6	257353	376937	97	0.269
f363ac53-40a7-4738-9ce0-0d811a93d2c0	6	378703	29111504	21016	-0.0363
f363ac53-40a7-4738-9ce0-0d811a93d2c0	6	29116310	29130592	3	-1.9175
f363ac53-40a7-4738-9ce0-0d811a93d2c0	6	29138691	29869295	391	-0.0723
f363ac53-40a7-4738-9ce0-0d811a93d2c0	6	29869410	29882603	20	-1.291
f363ac53-40a7-4738-9ce0-0d811a93d2c0	6	29903859	29931900	12	-0.2242
f363ac53-40a7-4738-9ce0-0d811a93d2c0	6	29933787	29946838	7	-1.0953
f363ac53-40a7-4738-9ce0-0d811a93d2c0	6	29947692	31309909	639	-0.0453
f363ac53-40a7-4738-9ce0-0d811a93d2c0	6	31313046	31328674	12	-2.114
f363ac53-40a7-4738-9ce0-0d811a93d2c0	6	31342147	32463515	495	-0.0238
f363ac53-40a7-4738-9ce0-0d811a93d2c0	6	32463775	32533522	19	1.0386
f363ac53-40a7-4738-9ce0-0d811a93d2c0	6	32540699	32720838	84	0.1049
f363ac53-40a7-4738-9ce0-0d811a93d2c0	6	32720855	32721076	2	-2.8367
f363ac53-40a7-4738-9ce0-0d811a93d2c0	6	32721547	33970222	761	-0.0303
f363ac53-40a7-4738-9ce0-0d811a93d2c0	6	33970966	33974928	7	-1.1759
f363ac53-40a7-4738-9ce0-0d811a93d2c0	6	33976809	54066477	12871	-0.0266
f363ac53-40a7-4738-9ce0-0d811a93d2c0	6	54066582	54067057	4	-1.4847
f363ac53-40a7-4738-9ce0-0d811a93d2c0	6	54070550	78251492	13141	-0.0271
f363ac53-40a7-4738-9ce0-0d811a93d2c0	6	78252227	78325468	123	0.2278
f363ac53-40a7-4738-9ce0-0d811a93d2c0	6	78329517	133945130	34538	-0.026
f363ac53-40a7-4738-9ce0-0d811a93d2c0	6	133947933	133948494	2	-2.3201
f363ac53-40a7-4738-9ce0-0d811a93d2c0	6	133950934	153636235	13163	-0.0289
f363ac53-40a7-4738-9ce0-0d811a93d2c0	6	153639651	153640284	2	-3.0964
f363ac53-40a7-4738-9ce0-0d811a93d2c0	6	153640764	170205840	11639	-0.0373
f363ac53-40a7-4738-9ce0-0d811a93d2c0	6	170222903	170223083	2	-2.021
f363ac53-40a7-4738-9ce0-0d811a93d2c0	6	170224362	170741917	249	-0.0778
f363ac53-40a7-4738-9ce0-0d811a93d2c0	7	43355	6928556	3446	-0.0584
f363ac53-40a7-4738-9ce0-0d811a93d2c0	7	6928997	9274374	2061	0.0031
f363ac53-40a7-4738-9ce0-0d811a93d2c0	7	9276658	9944473	519	-0.033
f363ac53-40a7-4738-9ce0-0d811a93d2c0	7	9948520	9948619	2	-1.8514
f363ac53-40a7-4738-9ce0-0d811a93d2c0	7	9949541	15392007	4327	-0.0392
f363ac53-40a7-4738-9ce0-0d811a93d2c0	7	15392045	15393664	2	-1.8969
f363ac53-40a7-4738-9ce0-0d811a93d2c0	7	15394440	17003226	1304	-0.0177
f363ac53-40a7-4738-9ce0-0d811a93d2c0	7	17005264	17721046	597	0.0957
f363ac53-40a7-4738-9ce0-0d811a93d2c0	7	17723294	18871438	840	-0.056
f363ac53-40a7-4738-9ce0-0d811a93d2c0	7	18871527	19724266	896	0.0328
f363ac53-40a7-4738-9ce0-0d811a93d2c0	7	19725890	26092670	4792	-0.0477
f363ac53-40a7-4738-9ce0-0d811a93d2c0	7	26102772	26105793	4	-3.2386
f363ac53-40a7-4738-9ce0-0d811a93d2c0	7	26107599	54305455	19617	-0.0506
f363ac53-40a7-4738-9ce0-0d811a93d2c0	7	54318812	54318824	6	1.0796
f363ac53-40a7-4738-9ce0-0d811a93d2c0	7	54325795	67405886	3826	-0.0296
f363ac53-40a7-4738-9ce0-0d811a93d2c0	7	67407515	69856384	1613	-0.1145
f363ac53-40a7-4738-9ce0-0d811a93d2c0	7	69859741	70955452	682	-0.0623
f363ac53-40a7-4738-9ce0-0d811a93d2c0	7	70958264	70961155	2	-2.1533
f363ac53-40a7-4738-9ce0-0d811a93d2c0	7	70963257	86641751	8671	-0.0435
f363ac53-40a7-4738-9ce0-0d811a93d2c0	7	86642700	86642978	2	-2.1495
f363ac53-40a7-4738-9ce0-0d811a93d2c0	7	86643483	88448111	997	-0.0455
f363ac53-40a7-4738-9ce0-0d811a93d2c0	7	88448185	90217022	1193	0.0474
f363ac53-40a7-4738-9ce0-0d811a93d2c0	7	90217494	126405502	21480	-0.0375
f363ac53-40a7-4738-9ce0-0d811a93d2c0	7	126405597	126406822	11	-0.9799
f363ac53-40a7-4738-9ce0-0d811a93d2c0	7	126406823	142063324	9903	-0.0502
f363ac53-40a7-4738-9ce0-0d811a93d2c0	7	142069843	142092307	34	-0.6873
f363ac53-40a7-4738-9ce0-0d811a93d2c0	7	142099190	144407069	1223	0.0026
f363ac53-40a7-4738-9ce0-0d811a93d2c0	7	144408848	153620182	5694	-0.0498
f363ac53-40a7-4738-9ce0-0d811a93d2c0	7	153620198	153698920	56	0.0472
f363ac53-40a7-4738-9ce0-0d811a93d2c0	7	153700626	153702303	4	-1.2712
f363ac53-40a7-4738-9ce0-0d811a93d2c0	7	153702335	156592980	2235	-0.0537
f363ac53-40a7-4738-9ce0-0d811a93d2c0	7	156599096	156602214	5	-0.8984
f363ac53-40a7-4738-9ce0-0d811a93d2c0	7	156602336	157975705	798	-0.0293
f363ac53-40a7-4738-9ce0-0d811a93d2c0	7	157978145	157978919	3	-1.586
f363ac53-40a7-4738-9ce0-0d811a93d2c0	7	157985169	158324903	184	-0.0423
f363ac53-40a7-4738-9ce0-0d811a93d2c0	7	158335896	158339473	2	1.3709
f363ac53-40a7-4738-9ce0-0d811a93d2c0	7	158344294	159334314	631	-0.0409
f363ac53-40a7-4738-9ce0-0d811a93d2c0	8	81254	644973	324	0.3999
f363ac53-40a7-4738-9ce0-0d811a93d2c0	8	645220	645875	6	1.4032
f363ac53-40a7-4738-9ce0-0d811a93d2c0	8	645892	645908	2	4.4444
f363ac53-40a7-4738-9ce0-0d811a93d2c0	8	656117	959400	193	0.3768
f363ac53-40a7-4738-9ce0-0d811a93d2c0	8	966042	968602	7	-1.1914
f363ac53-40a7-4738-9ce0-0d811a93d2c0	8	969095	5736745	5464	0.3924
f363ac53-40a7-4738-9ce0-0d811a93d2c0	8	5741204	5746973	26	-1.4126
f363ac53-40a7-4738-9ce0-0d811a93d2c0	8	5749566	7396819	1720	0.3881
f363ac53-40a7-4738-9ce0-0d811a93d2c0	8	7397588	8132772	42	-0.0742
f363ac53-40a7-4738-9ce0-0d811a93d2c0	8	8139659	8426157	185	0.4814
f363ac53-40a7-4738-9ce0-0d811a93d2c0	8	8429535	8433847	6	-1.5376
f363ac53-40a7-4738-9ce0-0d811a93d2c0	8	8434235	12143614	3035	0.4046
f363ac53-40a7-4738-9ce0-0d811a93d2c0	8	12176798	12376742	11	-0.6899
f363ac53-40a7-4738-9ce0-0d811a93d2c0	8	12376789	12670919	50	0.1053
f363ac53-40a7-4738-9ce0-0d811a93d2c0	8	12672773	15496925	2681	0.345
f363ac53-40a7-4738-9ce0-0d811a93d2c0	8	15497315	16500751	907	0.4057
f363ac53-40a7-4738-9ce0-0d811a93d2c0	8	16501359	16501508	3	-0.507
f363ac53-40a7-4738-9ce0-0d811a93d2c0	8	16503110	17061577	458	0.4057
f363ac53-40a7-4738-9ce0-0d811a93d2c0	8	17061615	17062159	2	-1.2299
f363ac53-40a7-4738-9ce0-0d811a93d2c0	8	17067188	19905221	2599	0.4189
f363ac53-40a7-4738-9ce0-0d811a93d2c0	8	19905629	21412551	1329	0.3472
f363ac53-40a7-4738-9ce0-0d811a93d2c0	8	21414704	25114672	2394	0.4146
f363ac53-40a7-4738-9ce0-0d811a93d2c0	8	25116928	25126818	27	-1.4112
f363ac53-40a7-4738-9ce0-0d811a93d2c0	8	25133589	25552565	317	0.4031
f363ac53-40a7-4738-9ce0-0d811a93d2c0	8	25552690	25557934	4	-0.6152
f363ac53-40a7-4738-9ce0-0d811a93d2c0	8	25559498	32821348	5107	0.3858
f363ac53-40a7-4738-9ce0-0d811a93d2c0	8	32825580	32830895	8	-0.5895
f363ac53-40a7-4738-9ce0-0d811a93d2c0	8	32834588	39373140	3575	0.3839
f363ac53-40a7-4738-9ce0-0d811a93d2c0	8	39378084	39529446	59	-1.078
f363ac53-40a7-4738-9ce0-0d811a93d2c0	8	39530780	46105170	2624	0.3896
f363ac53-40a7-4738-9ce0-0d811a93d2c0	8	46112531	46378091	63	0.1582
f363ac53-40a7-4738-9ce0-0d811a93d2c0	8	46389925	50118212	1889	0.3804
f363ac53-40a7-4738-9ce0-0d811a93d2c0	8	50119451	50120863	9	-0.8953
f363ac53-40a7-4738-9ce0-0d811a93d2c0	8	50126018	100724847	30894	0.3821
f363ac53-40a7-4738-9ce0-0d811a93d2c0	8	100733333	100850985	85	1.0837
f363ac53-40a7-4738-9ce0-0d811a93d2c0	8	100863407	103352828	1706	0.4061
f363ac53-40a7-4738-9ce0-0d811a93d2c0	8	103352868	105257095	1098	0.3441
f363ac53-40a7-4738-9ce0-0d811a93d2c0	8	105257350	105962834	387	0.3843
f363ac53-40a7-4738-9ce0-0d811a93d2c0	8	105965001	106415249	305	0.511
f363ac53-40a7-4738-9ce0-0d811a93d2c0	8	106415362	111279265	2924	0.3768
f363ac53-40a7-4738-9ce0-0d811a93d2c0	8	111282050	111283016	9	-1.2628
f363ac53-40a7-4738-9ce0-0d811a93d2c0	8	111283031	119139771	4962	0.3818
f363ac53-40a7-4738-9ce0-0d811a93d2c0	8	119142545	119147207	4	-1.4888
f363ac53-40a7-4738-9ce0-0d811a93d2c0	8	119150615	120814582	1078	0.3895
f363ac53-40a7-4738-9ce0-0d811a93d2c0	8	120815228	120815257	3	-0.5006
f363ac53-40a7-4738-9ce0-0d811a93d2c0	8	120816679	122559641	1176	0.3856
f363ac53-40a7-4738-9ce0-0d811a93d2c0	8	122561831	122562003	2	-1.0034
f363ac53-40a7-4738-9ce0-0d811a93d2c0	8	122562554	128846357	4478	0.4108
f363ac53-40a7-4738-9ce0-0d811a93d2c0	8	128846948	128849434	2	-1.941
f363ac53-40a7-4738-9ce0-0d811a93d2c0	8	128855292	136825395	6151	0.3756
f363ac53-40a7-4738-9ce0-0d811a93d2c0	8	136825506	136825777	4	-0.456
f363ac53-40a7-4738-9ce0-0d811a93d2c0	8	136825896	136881227	63	0.4045
f363ac53-40a7-4738-9ce0-0d811a93d2c0	8	136882257	136882271	2	-0.9504
f363ac53-40a7-4738-9ce0-0d811a93d2c0	8	136888490	140625549	2984	0.3705
f363ac53-40a7-4738-9ce0-0d811a93d2c0	8	140632456	140933929	138	0.5459
f363ac53-40a7-4738-9ce0-0d811a93d2c0	8	140936195	142265966	837	0.339
f363ac53-40a7-4738-9ce0-0d811a93d2c0	8	142270375	142295441	4	-0.6688
f363ac53-40a7-4738-9ce0-0d811a93d2c0	8	142297508	142409225	56	0.2943
f363ac53-40a7-4738-9ce0-0d811a93d2c0	8	142409456	142410372	3	-1.0905
f363ac53-40a7-4738-9ce0-0d811a93d2c0	8	142423108	143222462	305	0.401
f363ac53-40a7-4738-9ce0-0d811a93d2c0	8	143227585	143228447	10	-0.515
f363ac53-40a7-4738-9ce0-0d811a93d2c0	8	143232207	145072769	630	0.3957
f363ac53-40a7-4738-9ce0-0d811a93d2c0	9	46587	11449111	10811	-0.0386
f363ac53-40a7-4738-9ce0-0d811a93d2c0	9	11449242	12617397	910	0.0459
f363ac53-40a7-4738-9ce0-0d811a93d2c0	9	12617803	39138124	19353	-0.0462
f363ac53-40a7-4738-9ce0-0d811a93d2c0	9	39140235	39313823	12	-0.669
f363ac53-40a7-4738-9ce0-0d811a93d2c0	9	39337296	41741113	134	-0.0966
f363ac53-40a7-4738-9ce0-0d811a93d2c0	9	42014203	42211663	23	0.407
f363ac53-40a7-4738-9ce0-0d811a93d2c0	9	42230926	61405110	70	-0.0317
f363ac53-40a7-4738-9ce0-0d811a93d2c0	9	61520021	61647899	30	-1.4092
f363ac53-40a7-4738-9ce0-0d811a93d2c0	9	61665362	75310443	5086	-0.0444
f363ac53-40a7-4738-9ce0-0d811a93d2c0	9	75312020	75314497	2	-1.4343
f363ac53-40a7-4738-9ce0-0d811a93d2c0	9	75314555	77153789	1581	-0.0402
f363ac53-40a7-4738-9ce0-0d811a93d2c0	9	77154478	77162488	30	0.4942
f363ac53-40a7-4738-9ce0-0d811a93d2c0	9	77171212	91639868	10335	-0.0561
f363ac53-40a7-4738-9ce0-0d811a93d2c0	9	91639924	91641263	17	-0.7488
f363ac53-40a7-4738-9ce0-0d811a93d2c0	9	91641428	114924756	16334	-0.0405
f363ac53-40a7-4738-9ce0-0d811a93d2c0	9	114924758	114925924	2	-1.3642
f363ac53-40a7-4738-9ce0-0d811a93d2c0	9	114928990	116773384	1464	-0.0403
f363ac53-40a7-4738-9ce0-0d811a93d2c0	9	116773399	118531757	1500	-0.0969
f363ac53-40a7-4738-9ce0-0d811a93d2c0	9	118532430	118629136	88	0.0798
f363ac53-40a7-4738-9ce0-0d811a93d2c0	9	118631305	119380745	596	-0.0956
f363ac53-40a7-4738-9ce0-0d811a93d2c0	9	119381046	138200944	10961	-0.0493
f363ac53-40a7-4738-9ce0-0d811a93d2c0	10	45792	24086334	19151	-0.0585
f363ac53-40a7-4738-9ce0-0d811a93d2c0	10	24088745	24089125	11	0.8526
f363ac53-40a7-4738-9ce0-0d811a93d2c0	10	24089979	43117424	10410	-0.0503
f363ac53-40a7-4738-9ce0-0d811a93d2c0	10	43117517	43124446	19	-0.6187
f363ac53-40a7-4738-9ce0-0d811a93d2c0	10	43124537	46204128	1853	-0.0561
f363ac53-40a7-4738-9ce0-0d811a93d2c0	10	46215430	46967412	214	-0.2019
f363ac53-40a7-4738-9ce0-0d811a93d2c0	10	47002596	65546518	12660	-0.0434
f363ac53-40a7-4738-9ce0-0d811a93d2c0	10	65548165	65554688	28	-0.586
f363ac53-40a7-4738-9ce0-0d811a93d2c0	10	65563037	76493093	6772	-0.043
f363ac53-40a7-4738-9ce0-0d811a93d2c0	10	76497303	76497852	2	-2.0189
f363ac53-40a7-4738-9ce0-0d811a93d2c0	10	76501509	104302435	18108	-0.0439
f363ac53-40a7-4738-9ce0-0d811a93d2c0	10	104305591	104333725	27	-0.5219
f363ac53-40a7-4738-9ce0-0d811a93d2c0	10	104334950	109531938	3857	-0.0674
f363ac53-40a7-4738-9ce0-0d811a93d2c0	10	109533043	115574610	4119	-0.0278
f363ac53-40a7-4738-9ce0-0d811a93d2c0	10	115575459	120361366	3341	-0.055
f363ac53-40a7-4738-9ce0-0d811a93d2c0	10	120361585	120363882	2	-1.547
f363ac53-40a7-4738-9ce0-0d811a93d2c0	10	120364936	122574497	2019	-0.033
f363ac53-40a7-4738-9ce0-0d811a93d2c0	10	122584593	122591497	6	-1.1421
f363ac53-40a7-4738-9ce0-0d811a93d2c0	10	122597296	122879290	201	-0.0649
f363ac53-40a7-4738-9ce0-0d811a93d2c0	10	122879311	122941658	26	-0.5485
f363ac53-40a7-4738-9ce0-0d811a93d2c0	10	122946552	128529225	4114	-0.0637
f363ac53-40a7-4738-9ce0-0d811a93d2c0	10	128532404	131843393	2717	-0.1097
f363ac53-40a7-4738-9ce0-0d811a93d2c0	10	131844301	132864128	487	-0.0497
f363ac53-40a7-4738-9ce0-0d811a93d2c0	10	132869351	132952253	41	-0.2842
f363ac53-40a7-4738-9ce0-0d811a93d2c0	10	132952795	133559931	259	-0.001
f363ac53-40a7-4738-9ce0-0d811a93d2c0	10	133561696	133574371	7	-0.6379
f363ac53-40a7-4738-9ce0-0d811a93d2c0	10	133576350	133654968	32	0.0069
f363ac53-40a7-4738-9ce0-0d811a93d2c0	11	198510	1516979	431	-0.0609
f363ac53-40a7-4738-9ce0-0d811a93d2c0	11	1523952	1660062	89	0.3778
f363ac53-40a7-4738-9ce0-0d811a93d2c0	11	1662334	4946021	1891	-0.0558
f363ac53-40a7-4738-9ce0-0d811a93d2c0	11	4946166	4954475	30	0.6432
f363ac53-40a7-4738-9ce0-0d811a93d2c0	11	4955027	5986042	972	-0.0365
f363ac53-40a7-4738-9ce0-0d811a93d2c0	11	5986383	6002588	26	0.3797
f363ac53-40a7-4738-9ce0-0d811a93d2c0	11	6003773	48576870	29799	-0.0486
f363ac53-40a7-4738-9ce0-0d811a93d2c0	11	48579882	48581124	2	-1.9164
f363ac53-40a7-4738-9ce0-0d811a93d2c0	11	48584766	54743970	887	-0.0588
f363ac53-40a7-4738-9ce0-0d811a93d2c0	11	54762035	54766290	3	-1.1095
f363ac53-40a7-4738-9ce0-0d811a93d2c0	11	54782119	55608804	293	0.0216
f363ac53-40a7-4738-9ce0-0d811a93d2c0	11	55609022	55685533	51	0.461
f363ac53-40a7-4738-9ce0-0d811a93d2c0	11	55686100	64898471	5132	-0.0394
f363ac53-40a7-4738-9ce0-0d811a93d2c0	11	64898476	64901633	2	-1.9281
f363ac53-40a7-4738-9ce0-0d811a93d2c0	11	64914855	67723543	1081	-0.0337
f363ac53-40a7-4738-9ce0-0d811a93d2c0	11	67730561	67969022	66	-0.7069
f363ac53-40a7-4738-9ce0-0d811a93d2c0	11	67979689	135074876	45901	-0.0547
f363ac53-40a7-4738-9ce0-0d811a93d2c0	12	51460	756804	416	0.3146
f363ac53-40a7-4738-9ce0-0d811a93d2c0	12	759943	764863	18	-0.7581
f363ac53-40a7-4738-9ce0-0d811a93d2c0	12	766188	8404097	5156	0.2834
f363ac53-40a7-4738-9ce0-0d811a93d2c0	12	8405892	8432076	18	-0.3396
f363ac53-40a7-4738-9ce0-0d811a93d2c0	12	8442298	9477960	558	0.248
f363ac53-40a7-4738-9ce0-0d811a93d2c0	12	9481274	9575696	24	-1.5082
f363ac53-40a7-4738-9ce0-0d811a93d2c0	12	9582373	11062773	1033	0.2995
f363ac53-40a7-4738-9ce0-0d811a93d2c0	12	11064250	11152738	35	0.7029
f363ac53-40a7-4738-9ce0-0d811a93d2c0	12	11155575	17021234	4152	0.3062
f363ac53-40a7-4738-9ce0-0d811a93d2c0	12	17022688	26355323	6411	0.263
f363ac53-40a7-4738-9ce0-0d811a93d2c0	12	26355402	30082648	2666	0.2906
f363ac53-40a7-4738-9ce0-0d811a93d2c0	12	30086334	30090642	19	-0.6356
f363ac53-40a7-4738-9ce0-0d811a93d2c0	12	30090657	34170269	2910	0.2991
f363ac53-40a7-4738-9ce0-0d811a93d2c0	12	34172942	37547741	183	0.1368
f363ac53-40a7-4738-9ce0-0d811a93d2c0	12	37548820	42738079	3083	0.2608
f363ac53-40a7-4738-9ce0-0d811a93d2c0	12	42738374	42820681	71	0.1663
f363ac53-40a7-4738-9ce0-0d811a93d2c0	12	42820832	43325520	332	0.3733
f363ac53-40a7-4738-9ce0-0d811a93d2c0	12	43325604	45478429	1259	0.2713
f363ac53-40a7-4738-9ce0-0d811a93d2c0	12	45479031	45506042	20	0.4042
f363ac53-40a7-4738-9ce0-0d811a93d2c0	12	45510655	45515754	4	-1.0982
f363ac53-40a7-4738-9ce0-0d811a93d2c0	12	45519509	58327448	7192	0.2885
f363ac53-40a7-4738-9ce0-0d811a93d2c0	12	58336368	58336379	2	-1.7943
f363ac53-40a7-4738-9ce0-0d811a93d2c0	12	58337065	82773177	15744	0.2786
f363ac53-40a7-4738-9ce0-0d811a93d2c0	12	82774282	82814015	38	-0.8941
f363ac53-40a7-4738-9ce0-0d811a93d2c0	12	82821602	83016360	152	0.2621
f363ac53-40a7-4738-9ce0-0d811a93d2c0	12	83016409	83017368	3	-1.1083
f363ac53-40a7-4738-9ce0-0d811a93d2c0	12	83022253	83769408	464	0.2696
f363ac53-40a7-4738-9ce0-0d811a93d2c0	12	83769511	83771500	4	-1.0209
f363ac53-40a7-4738-9ce0-0d811a93d2c0	12	83771500	86091763	1367	0.2307
f363ac53-40a7-4738-9ce0-0d811a93d2c0	12	86092695	131396733	30620	0.2787
f363ac53-40a7-4738-9ce0-0d811a93d2c0	12	131401526	131636170	247	0.2197
f363ac53-40a7-4738-9ce0-0d811a93d2c0	12	131648039	131648790	13	-0.4633
f363ac53-40a7-4738-9ce0-0d811a93d2c0	12	131657925	133201603	559	0.2742
f363ac53-40a7-4738-9ce0-0d811a93d2c0	13	18452809	21568961	1722	-0.0427
f363ac53-40a7-4738-9ce0-0d811a93d2c0	13	21569179	21569187	2	-1.9656
f363ac53-40a7-4738-9ce0-0d811a93d2c0	13	21569294	23055038	1128	-0.0692
f363ac53-40a7-4738-9ce0-0d811a93d2c0	13	23055048	23059376	14	0.3828
f363ac53-40a7-4738-9ce0-0d811a93d2c0	13	23064056	31241879	6219	-0.0611
f363ac53-40a7-4738-9ce0-0d811a93d2c0	13	31242387	31243108	2	-1.5562
f363ac53-40a7-4738-9ce0-0d811a93d2c0	13	31243975	39293765	5706	-0.0619
f363ac53-40a7-4738-9ce0-0d811a93d2c0	13	39293780	39293993	4	-1.0102
f363ac53-40a7-4738-9ce0-0d811a93d2c0	13	39294325	48957415	6682	-0.051
f363ac53-40a7-4738-9ce0-0d811a93d2c0	13	48959579	48962368	2	-3.5857
f363ac53-40a7-4738-9ce0-0d811a93d2c0	13	48963569	50666123	869	-0.0295
f363ac53-40a7-4738-9ce0-0d811a93d2c0	13	50669241	50673074	6	-0.9099
f363ac53-40a7-4738-9ce0-0d811a93d2c0	13	50673106	53945932	1896	-0.0488
f363ac53-40a7-4738-9ce0-0d811a93d2c0	13	53946922	53948093	3	-1.2327
f363ac53-40a7-4738-9ce0-0d811a93d2c0	13	53952066	57097752	1681	-0.0481
f363ac53-40a7-4738-9ce0-0d811a93d2c0	13	57099677	57099696	2	-2.135
f363ac53-40a7-4738-9ce0-0d811a93d2c0	13	57102230	57184492	39	-0.0368
f363ac53-40a7-4738-9ce0-0d811a93d2c0	13	57189013	57255185	57	0.1855
f363ac53-40a7-4738-9ce0-0d811a93d2c0	13	57255503	63984941	3963	-0.0638
f363ac53-40a7-4738-9ce0-0d811a93d2c0	13	63985364	64359700	213	0.0802
f363ac53-40a7-4738-9ce0-0d811a93d2c0	13	64360027	66630104	1410	-0.0607
f363ac53-40a7-4738-9ce0-0d811a93d2c0	13	66631388	66631411	2	-1.441
f363ac53-40a7-4738-9ce0-0d811a93d2c0	13	66634660	68668123	1266	-0.0413
f363ac53-40a7-4738-9ce0-0d811a93d2c0	13	68674167	68694110	38	-1.4283
f363ac53-40a7-4738-9ce0-0d811a93d2c0	13	68694987	68988753	233	-0.0935
f363ac53-40a7-4738-9ce0-0d811a93d2c0	13	68989937	68990407	2	-0.8373
f363ac53-40a7-4738-9ce0-0d811a93d2c0	13	68990491	69720184	420	-0.0634
f363ac53-40a7-4738-9ce0-0d811a93d2c0	13	69720832	71902850	1407	0.2852
f363ac53-40a7-4738-9ce0-0d811a93d2c0	13	71903417	71906418	4	-1.0829
f363ac53-40a7-4738-9ce0-0d811a93d2c0	13	71906467	78015968	4350	0.3029
f363ac53-40a7-4738-9ce0-0d811a93d2c0	13	78016111	79951710	1307	-0.0418
f363ac53-40a7-4738-9ce0-0d811a93d2c0	13	79957280	80148290	168	0.2534
f363ac53-40a7-4738-9ce0-0d811a93d2c0	13	80148877	80157206	6	0.712
f363ac53-40a7-4738-9ce0-0d811a93d2c0	13	80160739	80331385	97	0.2561
f363ac53-40a7-4738-9ce0-0d811a93d2c0	13	80337747	105128228	16558	-0.0563
f363ac53-40a7-4738-9ce0-0d811a93d2c0	13	105128361	106397800	1054	0.0042
f363ac53-40a7-4738-9ce0-0d811a93d2c0	13	106398315	114342922	5521	-0.0584
f363ac53-40a7-4738-9ce0-0d811a93d2c0	14	18239283	19294475	47	-0.1072
f363ac53-40a7-4738-9ce0-0d811a93d2c0	14	19298389	19952080	118	0.4384
f363ac53-40a7-4738-9ce0-0d811a93d2c0	14	19954424	24349534	2898	-0.0073
f363ac53-40a7-4738-9ce0-0d811a93d2c0	14	24349701	106070718	51857	-0.0491
f363ac53-40a7-4738-9ce0-0d811a93d2c0	14	106117522	106258732	61	0.5384
f363ac53-40a7-4738-9ce0-0d811a93d2c0	14	106258891	106271566	9	1.0528
f363ac53-40a7-4738-9ce0-0d811a93d2c0	14	106279645	106340305	28	0.4031
f363ac53-40a7-4738-9ce0-0d811a93d2c0	14	106340774	106365807	9	-0.4809
f363ac53-40a7-4738-9ce0-0d811a93d2c0	14	106369985	106877229	270	0.0421
f363ac53-40a7-4738-9ce0-0d811a93d2c0	15	19811075	20381704	104	0.0761
f363ac53-40a7-4738-9ce0-0d811a93d2c0	15	20384774	22299523	101	0.383
f363ac53-40a7-4738-9ce0-0d811a93d2c0	15	22385639	25787803	1932	-0.0553
f363ac53-40a7-4738-9ce0-0d811a93d2c0	15	25788617	29204961	2088	-0.0983
f363ac53-40a7-4738-9ce0-0d811a93d2c0	15	29205056	46579372	10430	-0.0329
f363ac53-40a7-4738-9ce0-0d811a93d2c0	15	46580063	54943507	5550	-0.0633
f363ac53-40a7-4738-9ce0-0d811a93d2c0	15	54945381	83871986	18091	-0.0389
f363ac53-40a7-4738-9ce0-0d811a93d2c0	15	83874133	83878795	7	-1.1783
f363ac53-40a7-4738-9ce0-0d811a93d2c0	15	83879115	101928837	13167	-0.0493
f363ac53-40a7-4738-9ce0-0d811a93d2c0	16	10777	15077303	11171	-0.0564
f363ac53-40a7-4738-9ce0-0d811a93d2c0	16	15079241	17019051	780	0.0195
f363ac53-40a7-4738-9ce0-0d811a93d2c0	16	17019326	19933041	1492	-0.0322
f363ac53-40a7-4738-9ce0-0d811a93d2c0	16	19934328	19956040	29	-0.81
f363ac53-40a7-4738-9ce0-0d811a93d2c0	16	19958932	21503767	892	-0.0455
f363ac53-40a7-4738-9ce0-0d811a93d2c0	16	21509217	21582134	21	-0.5311
f363ac53-40a7-4738-9ce0-0d811a93d2c0	16	21582313	22576144	368	0.0119
f363ac53-40a7-4738-9ce0-0d811a93d2c0	16	22576696	22701658	67	-0.4143
f363ac53-40a7-4738-9ce0-0d811a93d2c0	16	22706267	29741024	4304	-0.0698
f363ac53-40a7-4738-9ce0-0d811a93d2c0	16	29741473	29741928	2	-1.864
f363ac53-40a7-4738-9ce0-0d811a93d2c0	16	29764626	35225338	1009	-0.0563
f363ac53-40a7-4738-9ce0-0d811a93d2c0	16	35232200	35522700	168	0.4833
f363ac53-40a7-4738-9ce0-0d811a93d2c0	16	35526596	55761136	6589	-0.0584
f363ac53-40a7-4738-9ce0-0d811a93d2c0	16	55762477	55788532	22	-0.915
f363ac53-40a7-4738-9ce0-0d811a93d2c0	16	55808442	55824881	13	0.3256
f363ac53-40a7-4738-9ce0-0d811a93d2c0	16	55834527	62596498	4230	-0.059
f363ac53-40a7-4738-9ce0-0d811a93d2c0	16	62597289	62597309	2	-2.404
f363ac53-40a7-4738-9ce0-0d811a93d2c0	16	62597414	70105639	4493	-0.0462
f363ac53-40a7-4738-9ce0-0d811a93d2c0	16	70117657	70164453	14	0.5155
f363ac53-40a7-4738-9ce0-0d811a93d2c0	16	70164493	72003307	749	-0.0447
f363ac53-40a7-4738-9ce0-0d811a93d2c0	16	72006133	72006706	2	-1.3402
f363ac53-40a7-4738-9ce0-0d811a93d2c0	16	72010290	74364131	1540	-0.0526
f363ac53-40a7-4738-9ce0-0d811a93d2c0	16	74371293	74373481	4	0.9972
f363ac53-40a7-4738-9ce0-0d811a93d2c0	16	74418138	75208831	474	-0.0353
f363ac53-40a7-4738-9ce0-0d811a93d2c0	16	75212144	75214869	3	-0.9272
f363ac53-40a7-4738-9ce0-0d811a93d2c0	16	75218408	75501474	146	-0.0314
f363ac53-40a7-4738-9ce0-0d811a93d2c0	16	75505510	75542100	20	0.6138
f363ac53-40a7-4738-9ce0-0d811a93d2c0	16	75546219	75740961	108	-0.0208
f363ac53-40a7-4738-9ce0-0d811a93d2c0	16	75742307	75821577	38	0.2861
f363ac53-40a7-4738-9ce0-0d811a93d2c0	16	75833434	89563829	12795	-0.068
f363ac53-40a7-4738-9ce0-0d811a93d2c0	16	89563903	89566015	2	-2.718
f363ac53-40a7-4738-9ce0-0d811a93d2c0	16	89578428	90096867	235	-0.086
f363ac53-40a7-4738-9ce0-0d811a93d2c0	17	150733	36124052	18235	-0.0522
f363ac53-40a7-4738-9ce0-0d811a93d2c0	17	36124527	36465216	29	-0.4807
f363ac53-40a7-4738-9ce0-0d811a93d2c0	17	36466570	41265456	2517	-0.04
f363ac53-40a7-4738-9ce0-0d811a93d2c0	17	41266762	41274198	23	-1.0829
f363ac53-40a7-4738-9ce0-0d811a93d2c0	17	41274279	83091923	24145	-0.0427
f363ac53-40a7-4738-9ce0-0d811a93d2c0	18	48133	80257174	50657	0.0784
f363ac53-40a7-4738-9ce0-0d811a93d2c0	19	90910	20563384	8991	-0.0399
f363ac53-40a7-4738-9ce0-0d811a93d2c0	19	20576271	20577052	2	-1.8559
f363ac53-40a7-4738-9ce0-0d811a93d2c0	19	20582324	27972030	2377	-0.0427
f363ac53-40a7-4738-9ce0-0d811a93d2c0	19	27972679	32554722	3492	-0.0957
f363ac53-40a7-4738-9ce0-0d811a93d2c0	19	32559037	35358420	1814	-0.0469
f363ac53-40a7-4738-9ce0-0d811a93d2c0	19	35364451	35370767	19	-0.6924
f363ac53-40a7-4738-9ce0-0d811a93d2c0	19	35370877	58586487	12368	-0.0394
f363ac53-40a7-4738-9ce0-0d811a93d2c0	20	80664	1580353	1202	0.3163
f363ac53-40a7-4738-9ce0-0d811a93d2c0	20	1580934	1618356	45	1.3631
f363ac53-40a7-4738-9ce0-0d811a93d2c0	20	1618415	14921876	10047	0.2956
f363ac53-40a7-4738-9ce0-0d811a93d2c0	20	14923478	14923524	2	-1.928
f363ac53-40a7-4738-9ce0-0d811a93d2c0	20	14925880	26309285	8692	0.2893
f363ac53-40a7-4738-9ce0-0d811a93d2c0	20	26309289	30256310	17	-0.2157
f363ac53-40a7-4738-9ce0-0d811a93d2c0	20	30258062	64284715	22320	0.2806
f363ac53-40a7-4738-9ce0-0d811a93d2c0	20	64323342	64324800	5	-0.7484
f363ac53-40a7-4738-9ce0-0d811a93d2c0	21	10354168	46677045	23836	-0.0518
f363ac53-40a7-4738-9ce0-0d811a93d2c0	22	15294547	38955461	15206	-0.0573
f363ac53-40a7-4738-9ce0-0d811a93d2c0	22	38967614	38979302	24	-0.7837
f363ac53-40a7-4738-9ce0-0d811a93d2c0	22	38993700	39064805	27	-0.1754
f363ac53-40a7-4738-9ce0-0d811a93d2c0	22	39070450	47750988	5617	-0.0459
f363ac53-40a7-4738-9ce0-0d811a93d2c0	22	47751351	49706695	1885	-0.1109
f363ac53-40a7-4738-9ce0-0d811a93d2c0	22	49707014	49708167	2	-1.8386
f363ac53-40a7-4738-9ce0-0d811a93d2c0	22	49709757	50796027	459	-0.0899
f363ac53-40a7-4738-9ce0-0d811a93d2c0	X	251810	4315559	1097	0.04
f363ac53-40a7-4738-9ce0-0d811a93d2c0	X	4316979	4317571	2	-5.3678
f363ac53-40a7-4738-9ce0-0d811a93d2c0	X	4317936	114929515	58165	0.0187
f363ac53-40a7-4738-9ce0-0d811a93d2c0	X	114930245	114944132	8	-2.8795
f363ac53-40a7-4738-9ce0-0d811a93d2c0	X	114944401	128503942	7869	0.021
f363ac53-40a7-4738-9ce0-0d811a93d2c0	X	128504703	128505017	2	-5.4436
f363ac53-40a7-4738-9ce0-0d811a93d2c0	X	128505596	155952689	15971	-0.0084
f363ac53-40a7-4738-9ce0-0d811a93d2c0	Y	2782397	56872112	6636	-1.1834
