GDC_Aliquot	Chromosome	Start	End	Copy_Number	Major_Copy_Number	Minor_Copy_Number
2dc9ec28-4335-40fe-ab54-4c5b871956a3	chr1	62920	67270298	2	1	1
2dc9ec28-4335-40fe-ab54-4c5b871956a3	chr1	67272676	67281340	1	1	0
2dc9ec28-4335-40fe-ab54-4c5b871956a3	chr1	67281732	118748812	2	1	1
2dc9ec28-4335-40fe-ab54-4c5b871956a3	chr1	118751421	118785987	1	1	0
2dc9ec28-4335-40fe-ab54-4c5b871956a3	chr1	118786412	214790804	2	1	1
2dc9ec28-4335-40fe-ab54-4c5b871956a3	chr1	214791758	214812951	4	2	2
2dc9ec28-4335-40fe-ab54-4c5b871956a3	chr1	214814901	216918505	2	1	1
2dc9ec28-4335-40fe-ab54-4c5b871956a3	chr1	216919313	216928553	0	0	0
2dc9ec28-4335-40fe-ab54-4c5b871956a3	chr1	216928719	236018554	2	1	1
2dc9ec28-4335-40fe-ab54-4c5b871956a3	chr1	236019624	236023335	0	0	0
2dc9ec28-4335-40fe-ab54-4c5b871956a3	chr1	236023397	248930189	2	1	1
2dc9ec28-4335-40fe-ab54-4c5b871956a3	chr2	12784	88834118	2	1	1
2dc9ec28-4335-40fe-ab54-4c5b871956a3	chr2	88836539	89133584	7	7	0
2dc9ec28-4335-40fe-ab54-4c5b871956a3	chr2	89144616	146104517	2	1	1
2dc9ec28-4335-40fe-ab54-4c5b871956a3	chr2	146106836	146109366	0	0	0
2dc9ec28-4335-40fe-ab54-4c5b871956a3	chr2	146120238	242147305	2	1	1
2dc9ec28-4335-40fe-ab54-4c5b871956a3	chr3	20930	4244197	2	1	1
2dc9ec28-4335-40fe-ab54-4c5b871956a3	chr3	4247657	4317579	1	1	0
2dc9ec28-4335-40fe-ab54-4c5b871956a3	chr3	4322779	20325378	2	1	1
2dc9ec28-4335-40fe-ab54-4c5b871956a3	chr3	20326409	20339526	4	2	2
2dc9ec28-4335-40fe-ab54-4c5b871956a3	chr3	20343135	60191082	2	1	1
2dc9ec28-4335-40fe-ab54-4c5b871956a3	chr3	60193105	60335565	1	1	0
2dc9ec28-4335-40fe-ab54-4c5b871956a3	chr3	60335841	63282407	2	1	1
2dc9ec28-4335-40fe-ab54-4c5b871956a3	chr3	63282577	63287598	5	3	2
2dc9ec28-4335-40fe-ab54-4c5b871956a3	chr3	63288252	88328703	2	1	1
2dc9ec28-4335-40fe-ab54-4c5b871956a3	chr3	88329198	90368798	1	1	0
2dc9ec28-4335-40fe-ab54-4c5b871956a3	chr3	90369509	95438699	2	1	1
2dc9ec28-4335-40fe-ab54-4c5b871956a3	chr3	95439499	95458044	0	0	0
2dc9ec28-4335-40fe-ab54-4c5b871956a3	chr3	95458542	106398411	2	1	1
2dc9ec28-4335-40fe-ab54-4c5b871956a3	chr3	106400353	106411476	0	0	0
2dc9ec28-4335-40fe-ab54-4c5b871956a3	chr3	106413309	191240369	2	1	1
2dc9ec28-4335-40fe-ab54-4c5b871956a3	chr3	191240580	191269278	1	1	0
2dc9ec28-4335-40fe-ab54-4c5b871956a3	chr3	191270102	198169247	2	1	1
2dc9ec28-4335-40fe-ab54-4c5b871956a3	chr4	68929	10207264	2	1	1
2dc9ec28-4335-40fe-ab54-4c5b871956a3	chr4	10207627	10234518	0	0	0
2dc9ec28-4335-40fe-ab54-4c5b871956a3	chr4	10236812	10271903	2	1	1
2dc9ec28-4335-40fe-ab54-4c5b871956a3	chr4	10271925	10274358	0	0	0
2dc9ec28-4335-40fe-ab54-4c5b871956a3	chr4	10274728	91145663	2	1	1
2dc9ec28-4335-40fe-ab54-4c5b871956a3	chr4	91145820	91485718	1	1	0
2dc9ec28-4335-40fe-ab54-4c5b871956a3	chr4	91486982	125508116	2	1	1
2dc9ec28-4335-40fe-ab54-4c5b871956a3	chr4	125509175	125518830	0	0	0
2dc9ec28-4335-40fe-ab54-4c5b871956a3	chr4	125518994	169954074	2	1	1
2dc9ec28-4335-40fe-ab54-4c5b871956a3	chr4	169954165	169960754	1	1	0
2dc9ec28-4335-40fe-ab54-4c5b871956a3	chr4	169964063	190106768	2	1	1
2dc9ec28-4335-40fe-ab54-4c5b871956a3	chr5	15532	37853246	2	1	1
2dc9ec28-4335-40fe-ab54-4c5b871956a3	chr5	37854636	37901306	1	1	0
2dc9ec28-4335-40fe-ab54-4c5b871956a3	chr5	37901571	160925536	2	1	1
2dc9ec28-4335-40fe-ab54-4c5b871956a3	chr5	160925626	160933105	1	1	0
2dc9ec28-4335-40fe-ab54-4c5b871956a3	chr5	160933376	181363319	2	1	1
2dc9ec28-4335-40fe-ab54-4c5b871956a3	chr6	149661	103286954	2	1	1
2dc9ec28-4335-40fe-ab54-4c5b871956a3	chr6	103290101	103314186	0	0	0
2dc9ec28-4335-40fe-ab54-4c5b871956a3	chr6	103317795	170741917	2	1	1
2dc9ec28-4335-40fe-ab54-4c5b871956a3	chr7	43259	35358012	3	2	1
2dc9ec28-4335-40fe-ab54-4c5b871956a3	chr7	35358037	35362887	0	0	0
2dc9ec28-4335-40fe-ab54-4c5b871956a3	chr7	35364980	57307679	3	2	1
2dc9ec28-4335-40fe-ab54-4c5b871956a3	chr7	57308413	57346458	5	4	1
2dc9ec28-4335-40fe-ab54-4c5b871956a3	chr7	57347271	98628488	3	2	1
2dc9ec28-4335-40fe-ab54-4c5b871956a3	chr7	98637526	98677915	2	1	1
2dc9ec28-4335-40fe-ab54-4c5b871956a3	chr7	98678417	150562311	3	2	1
2dc9ec28-4335-40fe-ab54-4c5b871956a3	chr7	150562476	150571999	1	1	0
2dc9ec28-4335-40fe-ab54-4c5b871956a3	chr7	150573962	159334314	3	2	1
2dc9ec28-4335-40fe-ab54-4c5b871956a3	chr8	81254	34426493	2	1	1
2dc9ec28-4335-40fe-ab54-4c5b871956a3	chr8	34427047	34439632	4	2	2
2dc9ec28-4335-40fe-ab54-4c5b871956a3	chr8	34444881	145072769	2	1	1
2dc9ec28-4335-40fe-ab54-4c5b871956a3	chr9	46587	18795306	2	1	1
2dc9ec28-4335-40fe-ab54-4c5b871956a3	chr9	18795869	18931063	3	2	1
2dc9ec28-4335-40fe-ab54-4c5b871956a3	chr9	18931239	96310246	2	1	1
2dc9ec28-4335-40fe-ab54-4c5b871956a3	chr9	96310766	96317168	5	3	2
2dc9ec28-4335-40fe-ab54-4c5b871956a3	chr9	96319230	109757434	2	1	1
2dc9ec28-4335-40fe-ab54-4c5b871956a3	chr9	109757701	109759283	5	3	2
2dc9ec28-4335-40fe-ab54-4c5b871956a3	chr9	109759995	138200944	2	1	1
2dc9ec28-4335-40fe-ab54-4c5b871956a3	chr10	45792	30751200	2	1	1
2dc9ec28-4335-40fe-ab54-4c5b871956a3	chr10	30751434	30765175	1	1	0
2dc9ec28-4335-40fe-ab54-4c5b871956a3	chr10	30765248	44754748	2	1	1
2dc9ec28-4335-40fe-ab54-4c5b871956a3	chr10	44759382	44861115	4	3	1
2dc9ec28-4335-40fe-ab54-4c5b871956a3	chr10	44861843	59984489	2	1	1
2dc9ec28-4335-40fe-ab54-4c5b871956a3	chr10	59991429	60002199	3	2	1
2dc9ec28-4335-40fe-ab54-4c5b871956a3	chr10	60003064	65492228	2	1	1
2dc9ec28-4335-40fe-ab54-4c5b871956a3	chr10	65492376	65498127	0	0	0
2dc9ec28-4335-40fe-ab54-4c5b871956a3	chr10	65498582	122335217	2	1	1
2dc9ec28-4335-40fe-ab54-4c5b871956a3	chr10	122347969	123131621	1	1	0
2dc9ec28-4335-40fe-ab54-4c5b871956a3	chr10	123134653	125055038	2	1	1
2dc9ec28-4335-40fe-ab54-4c5b871956a3	chr10	125055453	125142371	3	2	1
2dc9ec28-4335-40fe-ab54-4c5b871956a3	chr10	125142872	133654968	2	1	1
2dc9ec28-4335-40fe-ab54-4c5b871956a3	chr11	198510	35152589	2	1	1
2dc9ec28-4335-40fe-ab54-4c5b871956a3	chr11	35153498	35170732	1	1	0
2dc9ec28-4335-40fe-ab54-4c5b871956a3	chr11	35171082	70533026	2	1	1
2dc9ec28-4335-40fe-ab54-4c5b871956a3	chr11	70533159	70550933	4	2	2
2dc9ec28-4335-40fe-ab54-4c5b871956a3	chr11	70550964	81182288	2	1	1
2dc9ec28-4335-40fe-ab54-4c5b871956a3	chr11	81182446	81240824	3	2	1
2dc9ec28-4335-40fe-ab54-4c5b871956a3	chr11	81241147	101498721	2	1	1
2dc9ec28-4335-40fe-ab54-4c5b871956a3	chr11	101499108	101502783	4	2	2
2dc9ec28-4335-40fe-ab54-4c5b871956a3	chr11	101505961	135074876	2	1	1
2dc9ec28-4335-40fe-ab54-4c5b871956a3	chr12	51460	756804	2	1	1
2dc9ec28-4335-40fe-ab54-4c5b871956a3	chr12	759943	764863	0	0	0
2dc9ec28-4335-40fe-ab54-4c5b871956a3	chr12	766188	5103778	2	1	1
2dc9ec28-4335-40fe-ab54-4c5b871956a3	chr12	5104405	5130223	1	1	0
2dc9ec28-4335-40fe-ab54-4c5b871956a3	chr12	5131060	133201603	2	1	1
2dc9ec28-4335-40fe-ab54-4c5b871956a3	chr13	18452809	19020961	2	1	1
2dc9ec28-4335-40fe-ab54-4c5b871956a3	chr13	19021251	19028399	4	2	2
2dc9ec28-4335-40fe-ab54-4c5b871956a3	chr13	19029914	31119641	2	1	1
2dc9ec28-4335-40fe-ab54-4c5b871956a3	chr13	31119983	31125040	0	0	0
2dc9ec28-4335-40fe-ab54-4c5b871956a3	chr13	31127670	37496998	2	1	1
2dc9ec28-4335-40fe-ab54-4c5b871956a3	chr13	37497899	37510620	0	0	0
2dc9ec28-4335-40fe-ab54-4c5b871956a3	chr13	37514193	83167087	2	1	1
2dc9ec28-4335-40fe-ab54-4c5b871956a3	chr13	83167278	83169863	5	3	2
2dc9ec28-4335-40fe-ab54-4c5b871956a3	chr13	83175387	114342922	2	1	1
2dc9ec28-4335-40fe-ab54-4c5b871956a3	chr14	18239283	22371611	2	1	1
2dc9ec28-4335-40fe-ab54-4c5b871956a3	chr14	22374112	22428175	1	1	0
2dc9ec28-4335-40fe-ab54-4c5b871956a3	chr14	22431928	105733039	2	1	1
2dc9ec28-4335-40fe-ab54-4c5b871956a3	chr14	105752248	106266163	5	5	0
2dc9ec28-4335-40fe-ab54-4c5b871956a3	chr14	106266761	106877229	2	1	1
2dc9ec28-4335-40fe-ab54-4c5b871956a3	chr15	19811075	33034981	2	1	1
2dc9ec28-4335-40fe-ab54-4c5b871956a3	chr15	33036854	33056679	1	1	0
2dc9ec28-4335-40fe-ab54-4c5b871956a3	chr15	33057779	33770104	2	1	1
2dc9ec28-4335-40fe-ab54-4c5b871956a3	chr15	33773323	33785368	1	1	0
2dc9ec28-4335-40fe-ab54-4c5b871956a3	chr15	33785463	34341832	2	1	1
2dc9ec28-4335-40fe-ab54-4c5b871956a3	chr15	34343168	34582294	0	0	0
2dc9ec28-4335-40fe-ab54-4c5b871956a3	chr15	34585564	46174712	2	1	1
2dc9ec28-4335-40fe-ab54-4c5b871956a3	chr15	46175480	46231567	1	1	0
2dc9ec28-4335-40fe-ab54-4c5b871956a3	chr15	46231986	79573568	2	1	1
2dc9ec28-4335-40fe-ab54-4c5b871956a3	chr15	79574005	79580862	0	0	0
2dc9ec28-4335-40fe-ab54-4c5b871956a3	chr15	79582049	91497071	2	1	1
2dc9ec28-4335-40fe-ab54-4c5b871956a3	chr15	91497269	91544959	1	1	0
2dc9ec28-4335-40fe-ab54-4c5b871956a3	chr15	91545764	96050105	2	1	1
2dc9ec28-4335-40fe-ab54-4c5b871956a3	chr15	96051089	96060944	5	3	2
2dc9ec28-4335-40fe-ab54-4c5b871956a3	chr15	96060961	101928837	2	1	1
2dc9ec28-4335-40fe-ab54-4c5b871956a3	chr16	10777	6732735	2	1	1
2dc9ec28-4335-40fe-ab54-4c5b871956a3	chr16	6736975	6785883	1	1	0
2dc9ec28-4335-40fe-ab54-4c5b871956a3	chr16	6788348	78343037	2	1	1
2dc9ec28-4335-40fe-ab54-4c5b871956a3	chr16	78343264	78351104	0	0	0
2dc9ec28-4335-40fe-ab54-4c5b871956a3	chr16	78351540	80122778	2	1	1
2dc9ec28-4335-40fe-ab54-4c5b871956a3	chr16	80122800	80128998	0	0	0
2dc9ec28-4335-40fe-ab54-4c5b871956a3	chr16	80129457	90096867	2	1	1
2dc9ec28-4335-40fe-ab54-4c5b871956a3	chr17	150733	261138	3	2	1
2dc9ec28-4335-40fe-ab54-4c5b871956a3	chr17	261308	83091923	2	1	1
2dc9ec28-4335-40fe-ab54-4c5b871956a3	chr18	48133	80257174	2	1	1
2dc9ec28-4335-40fe-ab54-4c5b871956a3	chr19	90910	42798357	2	1	1
2dc9ec28-4335-40fe-ab54-4c5b871956a3	chr19	42801183	43038679	0	0	0
2dc9ec28-4335-40fe-ab54-4c5b871956a3	chr19	43044862	58586487	2	1	1
2dc9ec28-4335-40fe-ab54-4c5b871956a3	chr20	80664	1705464	2	1	1
2dc9ec28-4335-40fe-ab54-4c5b871956a3	chr20	1706503	1720228	0	0	0
2dc9ec28-4335-40fe-ab54-4c5b871956a3	chr20	1720982	14881023	2	1	1
2dc9ec28-4335-40fe-ab54-4c5b871956a3	chr20	14881363	15033451	1	1	0
2dc9ec28-4335-40fe-ab54-4c5b871956a3	chr20	15034039	15242986	2	1	1
2dc9ec28-4335-40fe-ab54-4c5b871956a3	chr20	15243016	15447466	1	1	0
2dc9ec28-4335-40fe-ab54-4c5b871956a3	chr20	15449229	64324800	2	1	1
2dc9ec28-4335-40fe-ab54-4c5b871956a3	chr21	12973348	46677045	2	1	1
2dc9ec28-4335-40fe-ab54-4c5b871956a3	chr22	16392123	34937892	2	1	1
2dc9ec28-4335-40fe-ab54-4c5b871956a3	chr22	34937913	34951371	1	1	0
2dc9ec28-4335-40fe-ab54-4c5b871956a3	chr22	34951745	50796027	2	1	1
2dc9ec28-4335-40fe-ab54-4c5b871956a3	chrX	251810	68028992	2	1	1
2dc9ec28-4335-40fe-ab54-4c5b871956a3	chrX	68031088	68045253	3	2	1
2dc9ec28-4335-40fe-ab54-4c5b871956a3	chrX	68045575	79848700	2	1	1
2dc9ec28-4335-40fe-ab54-4c5b871956a3	chrX	79849004	79856874	0	0	0
2dc9ec28-4335-40fe-ab54-4c5b871956a3	chrX	79857010	88499975	2	1	1
2dc9ec28-4335-40fe-ab54-4c5b871956a3	chrX	88499997	88502032	0	0	0
2dc9ec28-4335-40fe-ab54-4c5b871956a3	chrX	88502321	121181411	2	1	1
2dc9ec28-4335-40fe-ab54-4c5b871956a3	chrX	121181756	121185057	1	1	0
2dc9ec28-4335-40fe-ab54-4c5b871956a3	chrX	121186065	123151073	2	1	1
2dc9ec28-4335-40fe-ab54-4c5b871956a3	chrX	123152885	123254035	1	1	0
2dc9ec28-4335-40fe-ab54-4c5b871956a3	chrX	123254939	124573888	2	1	1
2dc9ec28-4335-40fe-ab54-4c5b871956a3	chrX	124575218	124577193	0	0	0
2dc9ec28-4335-40fe-ab54-4c5b871956a3	chrX	124577895	156004181	2	1	1
2dc9ec28-4335-40fe-ab54-4c5b871956a3	chrY	2782397	26653788	0	0	0
2dc9ec28-4335-40fe-ab54-4c5b871956a3	chrY	56872112	56872112	1	1	0
