GDC_Aliquot	Chromosome	Start	End	Num_Probes	Segment_Mean
038e3b19-1928-4872-b557-eea8e8f02332	1	62920	668210	21	-0.046
038e3b19-1928-4872-b557-eea8e8f02332	1	771719	1575421	188	-0.7189
038e3b19-1928-4872-b557-eea8e8f02332	1	1696479	1741164	16	-2.257
038e3b19-1928-4872-b557-eea8e8f02332	1	1756148	3362395	541	-0.7104
038e3b19-1928-4872-b557-eea8e8f02332	1	3362760	16488499	7798	-0.4812
038e3b19-1928-4872-b557-eea8e8f02332	1	16489035	16679281	42	-1.0099
038e3b19-1928-4872-b557-eea8e8f02332	1	16679483	25256850	5294	-0.4761
038e3b19-1928-4872-b557-eea8e8f02332	1	25266637	25320198	22	0.3944
038e3b19-1928-4872-b557-eea8e8f02332	1	25320253	34626073	4916	-0.4537
038e3b19-1928-4872-b557-eea8e8f02332	1	34637053	34638890	20	-2.3984
038e3b19-1928-4872-b557-eea8e8f02332	1	34648667	55101604	11349	-0.4527
038e3b19-1928-4872-b557-eea8e8f02332	1	55101737	72303253	12309	-0.3904
038e3b19-1928-4872-b557-eea8e8f02332	1	72305460	72331729	26	-1.6802
038e3b19-1928-4872-b557-eea8e8f02332	1	72332911	102852113	19637	-0.3777
038e3b19-1928-4872-b557-eea8e8f02332	1	102852687	102860956	8	-1.4734
038e3b19-1928-4872-b557-eea8e8f02332	1	102861206	105470754	1268	-0.3264
038e3b19-1928-4872-b557-eea8e8f02332	1	105476583	105479753	17	0.6404
038e3b19-1928-4872-b557-eea8e8f02332	1	105481433	109684893	2628	-0.3691
038e3b19-1928-4872-b557-eea8e8f02332	1	109690352	109692006	10	-2.0493
038e3b19-1928-4872-b557-eea8e8f02332	1	109696900	119264105	6423	-0.4165
038e3b19-1928-4872-b557-eea8e8f02332	1	119267783	119326092	45	-0.5501
038e3b19-1928-4872-b557-eea8e8f02332	1	119332482	151364239	2334	0.071
038e3b19-1928-4872-b557-eea8e8f02332	1	151364330	151412257	48	-0.3137
038e3b19-1928-4872-b557-eea8e8f02332	1	151412383	152583051	706	0.0432
038e3b19-1928-4872-b557-eea8e8f02332	1	152583230	152614118	35	-1.2235
038e3b19-1928-4872-b557-eea8e8f02332	1	152618018	152787202	166	0.0216
038e3b19-1928-4872-b557-eea8e8f02332	1	152789447	152796224	37	-1.558
038e3b19-1928-4872-b557-eea8e8f02332	1	152801429	168550967	10634	0.065
038e3b19-1928-4872-b557-eea8e8f02332	1	168552377	168552623	3	-1.9355
038e3b19-1928-4872-b557-eea8e8f02332	1	168553794	173426372	3469	0.0953
038e3b19-1928-4872-b557-eea8e8f02332	1	173429041	183564775	6637	0.0568
038e3b19-1928-4872-b557-eea8e8f02332	1	183565409	196745743	8703	0.1045
038e3b19-1928-4872-b557-eea8e8f02332	1	196758720	196843377	59	-1.6202
038e3b19-1928-4872-b557-eea8e8f02332	1	196843400	199142235	1378	0.1159
038e3b19-1928-4872-b557-eea8e8f02332	1	199142298	199144712	8	-2.2498
038e3b19-1928-4872-b557-eea8e8f02332	1	199145110	205416940	4303	0.0457
038e3b19-1928-4872-b557-eea8e8f02332	1	205420332	205422831	3	-1.8601
038e3b19-1928-4872-b557-eea8e8f02332	1	205423280	223456993	12387	0.07
038e3b19-1928-4872-b557-eea8e8f02332	1	223457090	223457275	2	-2.2557
038e3b19-1928-4872-b557-eea8e8f02332	1	223457416	223666982	147	0.0316
038e3b19-1928-4872-b557-eea8e8f02332	1	223667266	223670024	2	-2.6894
038e3b19-1928-4872-b557-eea8e8f02332	1	223670256	227237600	2203	0.0512
038e3b19-1928-4872-b557-eea8e8f02332	1	227238371	227238705	2	-3.5095
038e3b19-1928-4872-b557-eea8e8f02332	1	227241477	228271272	553	0.0561
038e3b19-1928-4872-b557-eea8e8f02332	1	228271445	228553446	112	-0.2581
038e3b19-1928-4872-b557-eea8e8f02332	1	228656037	248646068	14531	0.0577
038e3b19-1928-4872-b557-eea8e8f02332	1	248661836	248661962	2	-2.0851
038e3b19-1928-4872-b557-eea8e8f02332	1	248662519	248930189	136	0.0196
038e3b19-1928-4872-b557-eea8e8f02332	2	12784	3498627	2438	-0.0338
038e3b19-1928-4872-b557-eea8e8f02332	2	3499731	14558927	8573	0.0661
038e3b19-1928-4872-b557-eea8e8f02332	2	14558970	14558985	2	-2.5928
038e3b19-1928-4872-b557-eea8e8f02332	2	14559028	17942145	2471	0.0638
038e3b19-1928-4872-b557-eea8e8f02332	2	17943081	17944170	4	-4.5076
038e3b19-1928-4872-b557-eea8e8f02332	2	17947902	27147187	5797	0.0641
038e3b19-1928-4872-b557-eea8e8f02332	2	27155432	27228278	51	0.7627
038e3b19-1928-4872-b557-eea8e8f02332	2	27232698	32953579	3529	0.0567
038e3b19-1928-4872-b557-eea8e8f02332	2	32954147	32954365	3	-2.4886
038e3b19-1928-4872-b557-eea8e8f02332	2	32955418	34466002	1183	0.1054
038e3b19-1928-4872-b557-eea8e8f02332	2	34474248	34511990	46	-1.5309
038e3b19-1928-4872-b557-eea8e8f02332	2	34512096	38264851	2898	0.0975
038e3b19-1928-4872-b557-eea8e8f02332	2	38265445	38360850	53	0.7047
038e3b19-1928-4872-b557-eea8e8f02332	2	38362605	41015544	1857	0.0931
038e3b19-1928-4872-b557-eea8e8f02332	2	41015604	41015619	2	-2.1927
038e3b19-1928-4872-b557-eea8e8f02332	2	41015690	49106085	5758	0.0751
038e3b19-1928-4872-b557-eea8e8f02332	2	49110837	49202921	73	0.7457
038e3b19-1928-4872-b557-eea8e8f02332	2	49204245	50645801	1059	0.0862
038e3b19-1928-4872-b557-eea8e8f02332	2	50649546	50650564	2	-2.8713
038e3b19-1928-4872-b557-eea8e8f02332	2	50651031	52516787	1283	0.1072
038e3b19-1928-4872-b557-eea8e8f02332	2	52527330	52563355	43	0.6049
038e3b19-1928-4872-b557-eea8e8f02332	2	52564986	55400503	2162	0.0869
038e3b19-1928-4872-b557-eea8e8f02332	2	55400635	55400777	2	2.3011
038e3b19-1928-4872-b557-eea8e8f02332	2	55405109	57676288	1533	0.0894
038e3b19-1928-4872-b557-eea8e8f02332	2	57677832	57678221	2	-2.2206
038e3b19-1928-4872-b557-eea8e8f02332	2	57680234	68583723	6847	0.0825
038e3b19-1928-4872-b557-eea8e8f02332	2	68586057	68656246	40	-0.3195
038e3b19-1928-4872-b557-eea8e8f02332	2	68657405	74541520	3435	0.0571
038e3b19-1928-4872-b557-eea8e8f02332	2	74541904	84505510	6587	0.1048
038e3b19-1928-4872-b557-eea8e8f02332	2	84506190	87207066	1383	0.0493
038e3b19-1928-4872-b557-eea8e8f02332	2	87207935	87519870	66	-0.4252
038e3b19-1928-4872-b557-eea8e8f02332	2	87520299	130036283	21593	0.0602
038e3b19-1928-4872-b557-eea8e8f02332	2	130036310	130224975	37	-0.5715
038e3b19-1928-4872-b557-eea8e8f02332	2	130241291	146107801	9508	0.0783
038e3b19-1928-4872-b557-eea8e8f02332	2	146108179	146109366	13	1.4976
038e3b19-1928-4872-b557-eea8e8f02332	2	146120238	152939554	4195	0.0684
038e3b19-1928-4872-b557-eea8e8f02332	2	152940256	152940270	2	-2.5494
038e3b19-1928-4872-b557-eea8e8f02332	2	152944055	179196928	16062	0.0877
038e3b19-1928-4872-b557-eea8e8f02332	2	179202465	179214417	3	-2.122
038e3b19-1928-4872-b557-eea8e8f02332	2	179218864	179288757	35	0.0231
038e3b19-1928-4872-b557-eea8e8f02332	2	179290170	179290436	3	-2.0579
038e3b19-1928-4872-b557-eea8e8f02332	2	179292062	196153678	9837	0.1035
038e3b19-1928-4872-b557-eea8e8f02332	2	196154536	229643334	21254	0.0649
038e3b19-1928-4872-b557-eea8e8f02332	2	229647295	229762214	79	-0.0801
038e3b19-1928-4872-b557-eea8e8f02332	2	229762988	237413376	4873	0.0237
038e3b19-1928-4872-b557-eea8e8f02332	2	237413718	242147305	2658	-0.0539
038e3b19-1928-4872-b557-eea8e8f02332	3	20930	2659681	2281	-0.3276
038e3b19-1928-4872-b557-eea8e8f02332	3	2660353	5312010	2380	-0.4203
038e3b19-1928-4872-b557-eea8e8f02332	3	5312404	5312449	2	-3.0235
038e3b19-1928-4872-b557-eea8e8f02332	3	5312638	6604856	1141	-0.3974
038e3b19-1928-4872-b557-eea8e8f02332	3	6609441	6613391	24	-1.1087
038e3b19-1928-4872-b557-eea8e8f02332	3	6613561	9684962	2537	-0.4053
038e3b19-1928-4872-b557-eea8e8f02332	3	9685318	16701204	4887	-0.4671
038e3b19-1928-4872-b557-eea8e8f02332	3	16701233	60572897	27904	-0.4046
038e3b19-1928-4872-b557-eea8e8f02332	3	60573314	64631394	3440	0.1057
038e3b19-1928-4872-b557-eea8e8f02332	3	64631693	64635119	4	-1.8538
038e3b19-1928-4872-b557-eea8e8f02332	3	64635207	85443009	13436	0.111
038e3b19-1928-4872-b557-eea8e8f02332	3	85443633	85521411	43	0.4838
038e3b19-1928-4872-b557-eea8e8f02332	3	85528047	95737262	3623	0.1228
038e3b19-1928-4872-b557-eea8e8f02332	3	95748036	95749266	2	-3.4968
038e3b19-1928-4872-b557-eea8e8f02332	3	95749836	99218940	1844	0.1233
038e3b19-1928-4872-b557-eea8e8f02332	3	99225614	99230577	38	-0.8421
038e3b19-1928-4872-b557-eea8e8f02332	3	99232120	103248705	2234	0.1153
038e3b19-1928-4872-b557-eea8e8f02332	3	103250477	103261907	6	-2.1024
038e3b19-1928-4872-b557-eea8e8f02332	3	103263721	122923743	12156	0.1068
038e3b19-1928-4872-b557-eea8e8f02332	3	122923853	130031363	4279	0.0626
038e3b19-1928-4872-b557-eea8e8f02332	3	130035092	130087393	45	-0.5079
038e3b19-1928-4872-b557-eea8e8f02332	3	130088081	136300257	4027	0.0962
038e3b19-1928-4872-b557-eea8e8f02332	3	136304109	136306584	2	-3.0385
038e3b19-1928-4872-b557-eea8e8f02332	3	136319699	162803835	16245	0.1108
038e3b19-1928-4872-b557-eea8e8f02332	3	162807070	162822702	11	-0.8899
038e3b19-1928-4872-b557-eea8e8f02332	3	162827928	175378730	7724	0.1198
038e3b19-1928-4872-b557-eea8e8f02332	3	175378757	175930325	345	0.2622
038e3b19-1928-4872-b557-eea8e8f02332	3	175933376	183373542	4400	0.1035
038e3b19-1928-4872-b557-eea8e8f02332	3	183373686	188403789	3355	0.0557
038e3b19-1928-4872-b557-eea8e8f02332	3	188407553	193156958	3376	0.1135
038e3b19-1928-4872-b557-eea8e8f02332	3	193160113	193160256	3	1.5163
038e3b19-1928-4872-b557-eea8e8f02332	3	193160406	193165114	16	3.2263
038e3b19-1928-4872-b557-eea8e8f02332	3	193168646	196938927	2071	0.0492
038e3b19-1928-4872-b557-eea8e8f02332	3	196939188	196947878	2	-3.7482
038e3b19-1928-4872-b557-eea8e8f02332	3	196948008	198108859	596	0.0715
038e3b19-1928-4872-b557-eea8e8f02332	3	198109014	198169247	21	-0.3957
038e3b19-1928-4872-b557-eea8e8f02332	4	68929	10227303	5654	-0.5136
038e3b19-1928-4872-b557-eea8e8f02332	4	10227493	10232642	22	-2.6449
038e3b19-1928-4872-b557-eea8e8f02332	4	10232984	34777432	16915	-0.4046
038e3b19-1928-4872-b557-eea8e8f02332	4	34784878	34822561	37	0.3565
038e3b19-1928-4872-b557-eea8e8f02332	4	34823103	54977909	11203	-0.393
038e3b19-1928-4872-b557-eea8e8f02332	4	54980308	92011960	22728	0.1018
038e3b19-1928-4872-b557-eea8e8f02332	4	92018084	92134980	52	0.4869
038e3b19-1928-4872-b557-eea8e8f02332	4	92136506	121360818	17551	0.1018
038e3b19-1928-4872-b557-eea8e8f02332	4	121361313	121361906	8	-1.4753
038e3b19-1928-4872-b557-eea8e8f02332	4	121361911	121362141	8	-0.7844
038e3b19-1928-4872-b557-eea8e8f02332	4	121362209	121363014	8	-1.3498
038e3b19-1928-4872-b557-eea8e8f02332	4	121363400	145278381	13979	0.0985
038e3b19-1928-4872-b557-eea8e8f02332	4	145279294	151931016	3817	-0.3874
038e3b19-1928-4872-b557-eea8e8f02332	4	151931047	151932515	2	-2.5315
038e3b19-1928-4872-b557-eea8e8f02332	4	151933007	167385927	9821	-0.3721
038e3b19-1928-4872-b557-eea8e8f02332	4	167388182	171448195	2593	-1.1124
038e3b19-1928-4872-b557-eea8e8f02332	4	171453733	171456625	12	0.5868
038e3b19-1928-4872-b557-eea8e8f02332	4	171459220	177760880	3761	-1.0815
038e3b19-1928-4872-b557-eea8e8f02332	4	177761017	177761476	2	-6.4274
038e3b19-1928-4872-b557-eea8e8f02332	4	177761752	182824168	3794	-1.1124
038e3b19-1928-4872-b557-eea8e8f02332	4	182825334	182837897	3	-6.665
038e3b19-1928-4872-b557-eea8e8f02332	4	182840274	190106768	4736	-1.1738
038e3b19-1928-4872-b557-eea8e8f02332	5	15532	667394	299	0.0083
038e3b19-1928-4872-b557-eea8e8f02332	5	670630	685633	7	-1.058
038e3b19-1928-4872-b557-eea8e8f02332	5	698256	698390	3	0.1996
038e3b19-1928-4872-b557-eea8e8f02332	5	717264	733497	13	0.9
038e3b19-1928-4872-b557-eea8e8f02332	5	741924	1955723	649	-0.0593
038e3b19-1928-4872-b557-eea8e8f02332	5	1957223	15487397	11040	0.1174
038e3b19-1928-4872-b557-eea8e8f02332	5	15487865	31501574	9680	-0.971
038e3b19-1928-4872-b557-eea8e8f02332	5	31501641	31503752	4	-4.1546
038e3b19-1928-4872-b557-eea8e8f02332	5	31504164	33158436	1136	-1.034
038e3b19-1928-4872-b557-eea8e8f02332	5	33161688	44890091	7224	0.1543
038e3b19-1928-4872-b557-eea8e8f02332	5	44891368	44932343	23	0.8249
038e3b19-1928-4872-b557-eea8e8f02332	5	44936818	46271006	459	0.1763
038e3b19-1928-4872-b557-eea8e8f02332	5	46271828	46273400	6	-3.1813
038e3b19-1928-4872-b557-eea8e8f02332	5	46278110	55643243	3411	0.1623
038e3b19-1928-4872-b557-eea8e8f02332	5	55648434	56357443	438	-0.9969
038e3b19-1928-4872-b557-eea8e8f02332	5	56357680	56358031	4	-3.0898
038e3b19-1928-4872-b557-eea8e8f02332	5	56358062	57571809	874	-1.033
038e3b19-1928-4872-b557-eea8e8f02332	5	57572763	65021774	4726	-0.3335
038e3b19-1928-4872-b557-eea8e8f02332	5	65026519	65026586	2	-4.0789
038e3b19-1928-4872-b557-eea8e8f02332	5	65034941	83720524	10840	-0.3456
038e3b19-1928-4872-b557-eea8e8f02332	5	83728046	131986333	29554	-0.2954
038e3b19-1928-4872-b557-eea8e8f02332	5	131986548	154465243	14316	-0.332
038e3b19-1928-4872-b557-eea8e8f02332	5	154465433	154465503	2	-2.6465
038e3b19-1928-4872-b557-eea8e8f02332	5	154476927	156048095	1051	-0.35
038e3b19-1928-4872-b557-eea8e8f02332	5	156049762	156055719	14	-2.0259
038e3b19-1928-4872-b557-eea8e8f02332	5	156068240	160616868	3117	-0.3578
038e3b19-1928-4872-b557-eea8e8f02332	5	160620258	167542372	4531	-0.2979
038e3b19-1928-4872-b557-eea8e8f02332	5	167545866	177771448	7115	-0.3876
038e3b19-1928-4872-b557-eea8e8f02332	5	177800550	177805604	3	3.4203
038e3b19-1928-4872-b557-eea8e8f02332	5	177827964	180934266	1778	-0.4143
038e3b19-1928-4872-b557-eea8e8f02332	5	180934813	180947523	5	-0.6803
038e3b19-1928-4872-b557-eea8e8f02332	5	180951710	180991103	19	-1.7919
038e3b19-1928-4872-b557-eea8e8f02332	5	181006225	181363319	170	-0.5745
038e3b19-1928-4872-b557-eea8e8f02332	6	149661	254283	101	0.3184
038e3b19-1928-4872-b557-eea8e8f02332	6	257353	291082	17	1.128
038e3b19-1928-4872-b557-eea8e8f02332	6	294286	9201267	7268	0.4351
038e3b19-1928-4872-b557-eea8e8f02332	6	9202384	22350866	9737	0.0634
038e3b19-1928-4872-b557-eea8e8f02332	6	22351096	23057409	574	0.4588
038e3b19-1928-4872-b557-eea8e8f02332	6	23060763	23064026	4	-1.4429
038e3b19-1928-4872-b557-eea8e8f02332	6	23067417	24045809	721	0.4432
038e3b19-1928-4872-b557-eea8e8f02332	6	24051645	24253511	154	0.051
038e3b19-1928-4872-b557-eea8e8f02332	6	24256324	24278602	4	-1.2937
038e3b19-1928-4872-b557-eea8e8f02332	6	24278641	24481314	162	0.0414
038e3b19-1928-4872-b557-eea8e8f02332	6	24481750	29869410	2898	0.4441
038e3b19-1928-4872-b557-eea8e8f02332	6	29869411	29882419	16	-0.4442
038e3b19-1928-4872-b557-eea8e8f02332	6	29882497	31957103	932	0.3956
038e3b19-1928-4872-b557-eea8e8f02332	6	31959565	33397598	679	0.0568
038e3b19-1928-4872-b557-eea8e8f02332	6	33397863	33843515	311	0.374
038e3b19-1928-4872-b557-eea8e8f02332	6	33846194	44828919	7010	0.0497
038e3b19-1928-4872-b557-eea8e8f02332	6	44830363	54060406	5982	0.0939
038e3b19-1928-4872-b557-eea8e8f02332	6	54066269	54070550	10	-1.277
038e3b19-1928-4872-b557-eea8e8f02332	6	54070617	54755305	454	0.1197
038e3b19-1928-4872-b557-eea8e8f02332	6	54755433	58096364	1622	0.4907
038e3b19-1928-4872-b557-eea8e8f02332	6	58099774	58100732	3	-0.9051
038e3b19-1928-4872-b557-eea8e8f02332	6	58100791	60663570	200	0.5452
038e3b19-1928-4872-b557-eea8e8f02332	6	60663661	61496726	265	0.8053
038e3b19-1928-4872-b557-eea8e8f02332	6	61496813	61532234	18	0.0951
038e3b19-1928-4872-b557-eea8e8f02332	6	61537573	65684197	2363	0.7888
038e3b19-1928-4872-b557-eea8e8f02332	6	65689589	65693959	23	-0.3186
038e3b19-1928-4872-b557-eea8e8f02332	6	65697234	66700432	727	0.7817
038e3b19-1928-4872-b557-eea8e8f02332	6	66701985	67689489	751	0.4756
038e3b19-1928-4872-b557-eea8e8f02332	6	67690641	69542716	1147	0.7993
038e3b19-1928-4872-b557-eea8e8f02332	6	69543415	76307183	4295	0.4719
038e3b19-1928-4872-b557-eea8e8f02332	6	76307194	76307209	2	-1.4479
038e3b19-1928-4872-b557-eea8e8f02332	6	76307276	76708370	279	0.4564
038e3b19-1928-4872-b557-eea8e8f02332	6	76708490	76708515	2	-1.8725
038e3b19-1928-4872-b557-eea8e8f02332	6	76710479	76726815	15	0.3949
038e3b19-1928-4872-b557-eea8e8f02332	6	76730151	76743040	21	-3.1361
038e3b19-1928-4872-b557-eea8e8f02332	6	76751356	78261995	980	0.4587
038e3b19-1928-4872-b557-eea8e8f02332	6	78262064	78325468	108	0.9874
038e3b19-1928-4872-b557-eea8e8f02332	6	78329517	81712003	2248	0.5012
038e3b19-1928-4872-b557-eea8e8f02332	6	81715754	81937445	151	0.8032
038e3b19-1928-4872-b557-eea8e8f02332	6	81940236	81947043	7	-0.553
038e3b19-1928-4872-b557-eea8e8f02332	6	81950657	82078134	91	0.8513
038e3b19-1928-4872-b557-eea8e8f02332	6	82082031	83266662	666	0.4803
038e3b19-1928-4872-b557-eea8e8f02332	6	83269728	93448527	6526	-0.39
038e3b19-1928-4872-b557-eea8e8f02332	6	93450212	93452086	3	-2.2861
038e3b19-1928-4872-b557-eea8e8f02332	6	93452246	103286954	5751	-0.3578
038e3b19-1928-4872-b557-eea8e8f02332	6	103290101	103314186	45	-0.9183
038e3b19-1928-4872-b557-eea8e8f02332	6	103317795	148007678	28093	-0.3852
038e3b19-1928-4872-b557-eea8e8f02332	6	148007740	165841331	12776	-0.4233
038e3b19-1928-4872-b557-eea8e8f02332	6	165842669	170330685	2969	-0.5258
038e3b19-1928-4872-b557-eea8e8f02332	6	170334073	170741917	187	-0.413
038e3b19-1928-4872-b557-eea8e8f02332	7	43355	3570211	1620	0.3707
038e3b19-1928-4872-b557-eea8e8f02332	7	3570671	3585172	31	-0.7244
038e3b19-1928-4872-b557-eea8e8f02332	7	3585233	6791305	1759	0.3927
038e3b19-1928-4872-b557-eea8e8f02332	7	6797375	6797437	2	-1.7244
038e3b19-1928-4872-b557-eea8e8f02332	7	6799093	7023356	82	0.232
038e3b19-1928-4872-b557-eea8e8f02332	7	7024572	9502903	2170	0.5122
038e3b19-1928-4872-b557-eea8e8f02332	7	9506647	9534310	17	-0.3561
038e3b19-1928-4872-b557-eea8e8f02332	7	9536087	22395161	10367	0.4914
038e3b19-1928-4872-b557-eea8e8f02332	7	22395853	22396868	2	-2.5826
038e3b19-1928-4872-b557-eea8e8f02332	7	22399135	54318812	22423	0.4596
038e3b19-1928-4872-b557-eea8e8f02332	7	54318816	54318824	5	3.383
038e3b19-1928-4872-b557-eea8e8f02332	7	54325795	56717795	1571	0.4739
038e3b19-1928-4872-b557-eea8e8f02332	7	56717864	67164253	2159	0.364
038e3b19-1928-4872-b557-eea8e8f02332	7	67164342	67233947	23	-0.9627
038e3b19-1928-4872-b557-eea8e8f02332	7	67234797	72138707	3175	0.4298
038e3b19-1928-4872-b557-eea8e8f02332	7	72139251	72147480	3	-1.1667
038e3b19-1928-4872-b557-eea8e8f02332	7	72150451	77289465	1626	0.4111
038e3b19-1928-4872-b557-eea8e8f02332	7	77289703	88624949	7381	0.4898
038e3b19-1928-4872-b557-eea8e8f02332	7	88626842	90102666	998	0.5753
038e3b19-1928-4872-b557-eea8e8f02332	7	90103043	97756658	4887	0.4723
038e3b19-1928-4872-b557-eea8e8f02332	7	97766148	97774928	17	-0.5856
038e3b19-1928-4872-b557-eea8e8f02332	7	97774965	102762169	2074	0.3999
038e3b19-1928-4872-b557-eea8e8f02332	7	102764986	109793690	4519	0.4633
038e3b19-1928-4872-b557-eea8e8f02332	7	109793720	109813762	36	-0.237
038e3b19-1928-4872-b557-eea8e8f02332	7	109813801	118385709	5239	0.491
038e3b19-1928-4872-b557-eea8e8f02332	7	118389201	118391925	2	-2.2167
038e3b19-1928-4872-b557-eea8e8f02332	7	118395239	126404920	4790	0.4726
038e3b19-1928-4872-b557-eea8e8f02332	7	126405428	126406561	12	-0.9621
038e3b19-1928-4872-b557-eea8e8f02332	7	126406822	154083159	17174	0.447
038e3b19-1928-4872-b557-eea8e8f02332	7	154092910	154099927	5	-1.0551
038e3b19-1928-4872-b557-eea8e8f02332	7	154104301	154598185	409	0.4301
038e3b19-1928-4872-b557-eea8e8f02332	7	154601461	154607903	4	-2.2754
038e3b19-1928-4872-b557-eea8e8f02332	7	154609120	159334314	3235	0.4144
038e3b19-1928-4872-b557-eea8e8f02332	8	81254	643041	320	-0.0611
038e3b19-1928-4872-b557-eea8e8f02332	8	644944	645908	10	-1.0759
038e3b19-1928-4872-b557-eea8e8f02332	8	656117	1411947	527	-0.0367
038e3b19-1928-4872-b557-eea8e8f02332	8	1411964	1414637	23	-0.6039
038e3b19-1928-4872-b557-eea8e8f02332	8	1414680	2232299	723	-0.0182
038e3b19-1928-4872-b557-eea8e8f02332	8	2237203	2844412	433	0.0717
038e3b19-1928-4872-b557-eea8e8f02332	8	2846011	2846377	7	-1.4727
038e3b19-1928-4872-b557-eea8e8f02332	8	2849649	3731893	1037	0.0255
038e3b19-1928-4872-b557-eea8e8f02332	8	3731968	3732014	3	-1.9499
038e3b19-1928-4872-b557-eea8e8f02332	8	3736860	7457163	4663	0.0692
038e3b19-1928-4872-b557-eea8e8f02332	8	7473830	8110806	30	-0.5357
038e3b19-1928-4872-b557-eea8e8f02332	8	8120447	10359817	1912	0.0406
038e3b19-1928-4872-b557-eea8e8f02332	8	10363360	12323772	1322	-0.0193
038e3b19-1928-4872-b557-eea8e8f02332	8	12358500	12695325	70	-0.5334
038e3b19-1928-4872-b557-eea8e8f02332	8	12695342	15543669	2700	0.0571
038e3b19-1928-4872-b557-eea8e8f02332	8	15545551	15555938	9	-1.1938
038e3b19-1928-4872-b557-eea8e8f02332	8	15565761	38455664	16202	0.0451
038e3b19-1928-4872-b557-eea8e8f02332	8	38455679	38552495	97	-0.2224
038e3b19-1928-4872-b557-eea8e8f02332	8	38553039	39373140	390	0.0263
038e3b19-1928-4872-b557-eea8e8f02332	8	39378084	39466955	34	0.8347
038e3b19-1928-4872-b557-eea8e8f02332	8	39475452	46650387	2820	0.0377
038e3b19-1928-4872-b557-eea8e8f02332	8	46650432	71303076	15093	0.0907
038e3b19-1928-4872-b557-eea8e8f02332	8	71303129	71304364	7	-1.1006
038e3b19-1928-4872-b557-eea8e8f02332	8	71307628	100865268	17669	0.1005
038e3b19-1928-4872-b557-eea8e8f02332	8	100865519	100942598	40	-0.0708
038e3b19-1928-4872-b557-eea8e8f02332	8	100942934	103116779	1497	0.4222
038e3b19-1928-4872-b557-eea8e8f02332	8	103117518	127429607	15542	0.4675
038e3b19-1928-4872-b557-eea8e8f02332	8	127430224	139591259	9607	0.4336
038e3b19-1928-4872-b557-eea8e8f02332	8	139592093	139592959	5	1.7954
038e3b19-1928-4872-b557-eea8e8f02332	8	139593472	140991637	848	0.4094
038e3b19-1928-4872-b557-eea8e8f02332	8	140993377	141574857	369	0.2519
038e3b19-1928-4872-b557-eea8e8f02332	8	141576010	141580496	2	-2.8681
038e3b19-1928-4872-b557-eea8e8f02332	8	141585696	142297508	426	0.2093
038e3b19-1928-4872-b557-eea8e8f02332	8	142297735	144322086	695	0.3798
038e3b19-1928-4872-b557-eea8e8f02332	8	144322286	144543846	70	0.0008
038e3b19-1928-4872-b557-eea8e8f02332	8	144544639	144909005	141	0.3465
038e3b19-1928-4872-b557-eea8e8f02332	8	144910092	144910954	3	-0.8246
038e3b19-1928-4872-b557-eea8e8f02332	8	144914153	145072769	97	0.4694
038e3b19-1928-4872-b557-eea8e8f02332	9	46587	776473	753	-0.5278
038e3b19-1928-4872-b557-eea8e8f02332	9	781115	5106680	4517	0.0093
038e3b19-1928-4872-b557-eea8e8f02332	9	5106696	5106800	5	-1.5646
038e3b19-1928-4872-b557-eea8e8f02332	9	5108574	6814661	1166	-0.0089
038e3b19-1928-4872-b557-eea8e8f02332	9	6815683	11325637	4286	0.0516
038e3b19-1928-4872-b557-eea8e8f02332	9	11325850	12738691	1106	0.1404
038e3b19-1928-4872-b557-eea8e8f02332	9	12739133	15552401	2309	0.0207
038e3b19-1928-4872-b557-eea8e8f02332	9	15554962	15555460	3	-2.6771
038e3b19-1928-4872-b557-eea8e8f02332	9	15556115	17632366	1730	-0.0146
038e3b19-1928-4872-b557-eea8e8f02332	9	17632545	17633310	3	-2.1893
038e3b19-1928-4872-b557-eea8e8f02332	9	17634922	32113080	10997	0.0419
038e3b19-1928-4872-b557-eea8e8f02332	9	32113140	32137680	34	-0.4665
038e3b19-1928-4872-b557-eea8e8f02332	9	32138461	39140250	4210	-0.0177
038e3b19-1928-4872-b557-eea8e8f02332	9	39140318	39459156	18	-0.7317
038e3b19-1928-4872-b557-eea8e8f02332	9	39459244	42073850	131	0.0365
038e3b19-1928-4872-b557-eea8e8f02332	9	42080170	42308537	28	-0.8617
038e3b19-1928-4872-b557-eea8e8f02332	9	42501791	127412817	42401	-0.0132
038e3b19-1928-4872-b557-eea8e8f02332	9	127421270	138094111	5618	-0.0842
038e3b19-1928-4872-b557-eea8e8f02332	9	138096831	138177075	64	-0.3666
038e3b19-1928-4872-b557-eea8e8f02332	9	138177488	138200944	6	0.5436
038e3b19-1928-4872-b557-eea8e8f02332	10	45792	24088745	19171	0.0587
038e3b19-1928-4872-b557-eea8e8f02332	10	24088746	24089125	10	-2.0253
038e3b19-1928-4872-b557-eea8e8f02332	10	24089979	30957581	5010	0.0749
038e3b19-1928-4872-b557-eea8e8f02332	10	30962405	30962797	9	-1.1297
038e3b19-1928-4872-b557-eea8e8f02332	10	30962809	32663489	1060	0.0711
038e3b19-1928-4872-b557-eea8e8f02332	10	32663561	32669748	33	0.52
038e3b19-1928-4872-b557-eea8e8f02332	10	32669909	46226691	6207	0.0529
038e3b19-1928-4872-b557-eea8e8f02332	10	46228771	47106327	226	-0.2702
038e3b19-1928-4872-b557-eea8e8f02332	10	47107553	47398681	242	0.0348
038e3b19-1928-4872-b557-eea8e8f02332	10	47407522	47432971	10	-0.7762
038e3b19-1928-4872-b557-eea8e8f02332	10	47436722	50070600	1396	0.0518
038e3b19-1928-4872-b557-eea8e8f02332	10	50081224	50132160	4	-2.3497
038e3b19-1928-4872-b557-eea8e8f02332	10	50144008	51356858	820	0.1004
038e3b19-1928-4872-b557-eea8e8f02332	10	51356869	51562406	219	-0.394
038e3b19-1928-4872-b557-eea8e8f02332	10	51562540	59604357	5934	0.1175
038e3b19-1928-4872-b557-eea8e8f02332	10	59604372	59605724	8	-1.1334
038e3b19-1928-4872-b557-eea8e8f02332	10	59606045	65548193	4024	0.1112
038e3b19-1928-4872-b557-eea8e8f02332	10	65548259	65563037	26	-0.8397
038e3b19-1928-4872-b557-eea8e8f02332	10	65563168	67732360	1528	0.1128
038e3b19-1928-4872-b557-eea8e8f02332	10	67733832	75261450	4385	0.0222
038e3b19-1928-4872-b557-eea8e8f02332	10	75266592	75267126	2	-2.1249
038e3b19-1928-4872-b557-eea8e8f02332	10	75272334	79595316	3296	0.0518
038e3b19-1928-4872-b557-eea8e8f02332	10	79624118	79736999	12	-0.9106
038e3b19-1928-4872-b557-eea8e8f02332	10	79737715	79833229	15	0.1644
038e3b19-1928-4872-b557-eea8e8f02332	10	79833727	79837113	5	-1.3774
038e3b19-1928-4872-b557-eea8e8f02332	10	79837297	80234421	216	0.012
038e3b19-1928-4872-b557-eea8e8f02332	10	80234562	80237322	2	-3.3951
038e3b19-1928-4872-b557-eea8e8f02332	10	80237692	95109306	9997	0.0871
038e3b19-1928-4872-b557-eea8e8f02332	10	95109317	95109949	5	-1.3428
038e3b19-1928-4872-b557-eea8e8f02332	10	95115957	129774021	24181	0.0588
038e3b19-1928-4872-b557-eea8e8f02332	10	129775364	133654968	2523	-0.0514
038e3b19-1928-4872-b557-eea8e8f02332	11	198510	5766175	3224	-0.0337
038e3b19-1928-4872-b557-eea8e8f02332	11	5766850	5787818	31	-1.1188
038e3b19-1928-4872-b557-eea8e8f02332	11	5787909	18919309	9395	0.0163
038e3b19-1928-4872-b557-eea8e8f02332	11	18919323	18949158	49	-0.5872
038e3b19-1928-4872-b557-eea8e8f02332	11	18949201	31371747	9078	0.0408
038e3b19-1928-4872-b557-eea8e8f02332	11	31372721	31375533	2	-2.7794
038e3b19-1928-4872-b557-eea8e8f02332	11	31376660	37033281	4272	0.0194
038e3b19-1928-4872-b557-eea8e8f02332	11	37035670	37330540	255	0.1909
038e3b19-1928-4872-b557-eea8e8f02332	11	37333673	37733866	233	0.0674
038e3b19-1928-4872-b557-eea8e8f02332	11	37746263	37793772	30	0.653
038e3b19-1928-4872-b557-eea8e8f02332	11	37797599	55609035	7882	0.017
038e3b19-1928-4872-b557-eea8e8f02332	11	55609158	55685533	49	-1.8218
038e3b19-1928-4872-b557-eea8e8f02332	11	55686100	63501186	4598	0.0096
038e3b19-1928-4872-b557-eea8e8f02332	11	63504340	65526634	759	-0.0717
038e3b19-1928-4872-b557-eea8e8f02332	11	65528928	65571188	12	-0.8692
038e3b19-1928-4872-b557-eea8e8f02332	11	65576857	72636272	3360	-0.0524
038e3b19-1928-4872-b557-eea8e8f02332	11	72637062	80256460	4498	0.0017
038e3b19-1928-4872-b557-eea8e8f02332	11	80256469	80256520	3	-3.2446
038e3b19-1928-4872-b557-eea8e8f02332	11	80256642	81130033	682	0.0086
038e3b19-1928-4872-b557-eea8e8f02332	11	81130273	92090485	7331	0.0522
038e3b19-1928-4872-b557-eea8e8f02332	11	92090486	92090920	6	-1.1445
038e3b19-1928-4872-b557-eea8e8f02332	11	92091019	95451191	2420	0.0263
038e3b19-1928-4872-b557-eea8e8f02332	11	95452865	95452936	2	-2.5227
038e3b19-1928-4872-b557-eea8e8f02332	11	95453143	113056442	12264	0.0414
038e3b19-1928-4872-b557-eea8e8f02332	11	113057841	113074499	10	-0.2858
038e3b19-1928-4872-b557-eea8e8f02332	11	113076869	134367374	15699	0.0016
038e3b19-1928-4872-b557-eea8e8f02332	11	134367824	135074876	576	-0.186
038e3b19-1928-4872-b557-eea8e8f02332	12	51460	238493	107	-0.2277
038e3b19-1928-4872-b557-eea8e8f02332	12	239394	2950457	1753	0.032
038e3b19-1928-4872-b557-eea8e8f02332	12	2954929	2979845	12	-0.8437
038e3b19-1928-4872-b557-eea8e8f02332	12	2986732	4276627	1004	0.0064
038e3b19-1928-4872-b557-eea8e8f02332	12	4276648	4276884	2	2.0305
038e3b19-1928-4872-b557-eea8e8f02332	12	4277067	9481274	3287	0.0258
038e3b19-1928-4872-b557-eea8e8f02332	12	9485313	9562969	22	1.3163
038e3b19-1928-4872-b557-eea8e8f02332	12	9575696	11083616	1045	0.0719
038e3b19-1928-4872-b557-eea8e8f02332	12	11084237	11088933	3	-2.8802
038e3b19-1928-4872-b557-eea8e8f02332	12	11099275	11358644	133	0.1016
038e3b19-1928-4872-b557-eea8e8f02332	12	11359558	11373355	19	1.1323
038e3b19-1928-4872-b557-eea8e8f02332	12	11383179	11383182	4	-0.2992
038e3b19-1928-4872-b557-eea8e8f02332	12	11385756	11390472	6	0.9427
038e3b19-1928-4872-b557-eea8e8f02332	12	11399258	12383727	825	0.0441
038e3b19-1928-4872-b557-eea8e8f02332	12	12383778	12388935	12	-2.0759
038e3b19-1928-4872-b557-eea8e8f02332	12	12389946	32727355	14244	0.0735
038e3b19-1928-4872-b557-eea8e8f02332	12	32733259	33148627	286	-0.4576
038e3b19-1928-4872-b557-eea8e8f02332	12	33148706	33995663	551	-0.2775
038e3b19-1928-4872-b557-eea8e8f02332	12	33996498	37469922	260	-0.4954
038e3b19-1928-4872-b557-eea8e8f02332	12	37475512	45512057	4790	0.0915
038e3b19-1928-4872-b557-eea8e8f02332	12	45514957	45515754	2	-3.1094
038e3b19-1928-4872-b557-eea8e8f02332	12	45519509	47747002	1326	0.0819
038e3b19-1928-4872-b557-eea8e8f02332	12	47748368	58323655	5853	0.0371
038e3b19-1928-4872-b557-eea8e8f02332	12	58327273	58336379	8	-0.9664
038e3b19-1928-4872-b557-eea8e8f02332	12	58337065	58446533	134	-0.0177
038e3b19-1928-4872-b557-eea8e8f02332	12	58449503	58450183	4	-1.4549
038e3b19-1928-4872-b557-eea8e8f02332	12	58450202	58838671	311	0.0522
038e3b19-1928-4872-b557-eea8e8f02332	12	58838790	75938453	10962	0.0828
038e3b19-1928-4872-b557-eea8e8f02332	12	75946746	76436304	293	-0.4226
038e3b19-1928-4872-b557-eea8e8f02332	12	76437439	80446147	2617	0.0941
038e3b19-1928-4872-b557-eea8e8f02332	12	80446276	80456533	2	-3.457
038e3b19-1928-4872-b557-eea8e8f02332	12	80458189	83769511	2083	0.0957
038e3b19-1928-4872-b557-eea8e8f02332	12	83769569	83771462	2	-2.2455
038e3b19-1928-4872-b557-eea8e8f02332	12	83771500	103415426	12578	0.0798
038e3b19-1928-4872-b557-eea8e8f02332	12	103416260	113930812	6828	0.0289
038e3b19-1928-4872-b557-eea8e8f02332	12	113931887	114034241	106	-0.2424
038e3b19-1928-4872-b557-eea8e8f02332	12	114035024	114989053	775	-0.0006
038e3b19-1928-4872-b557-eea8e8f02332	12	114991624	114994370	2	-2.679
038e3b19-1928-4872-b557-eea8e8f02332	12	114996089	132181051	12152	0.0181
038e3b19-1928-4872-b557-eea8e8f02332	12	132181563	132326002	20	-0.6135
038e3b19-1928-4872-b557-eea8e8f02332	12	132331877	133201603	323	-0.0127
038e3b19-1928-4872-b557-eea8e8f02332	13	18452809	23055038	2855	0.6991
038e3b19-1928-4872-b557-eea8e8f02332	13	23055048	23059376	14	1.5415
038e3b19-1928-4872-b557-eea8e8f02332	13	23064056	24454945	1115	0.7288
038e3b19-1928-4872-b557-eea8e8f02332	13	24455157	24465961	21	0.0565
038e3b19-1928-4872-b557-eea8e8f02332	13	24466051	26698365	1557	0.7171
038e3b19-1928-4872-b557-eea8e8f02332	13	26701948	29026841	1771	3.2179
038e3b19-1928-4872-b557-eea8e8f02332	13	29027975	37496998	6154	0.7157
038e3b19-1928-4872-b557-eea8e8f02332	13	37497899	37510620	16	2.1451
038e3b19-1928-4872-b557-eea8e8f02332	13	37514193	38478674	700	0.7461
038e3b19-1928-4872-b557-eea8e8f02332	13	38483435	38483919	2	-2.0896
038e3b19-1928-4872-b557-eea8e8f02332	13	38490920	52284657	9123	0.7334
038e3b19-1928-4872-b557-eea8e8f02332	13	52288372	52315875	8	1.8793
038e3b19-1928-4872-b557-eea8e8f02332	13	52322826	52485081	56	0.7989
038e3b19-1928-4872-b557-eea8e8f02332	13	52497017	52604369	21	-1.1772
038e3b19-1928-4872-b557-eea8e8f02332	13	52606124	54094377	972	0.7317
038e3b19-1928-4872-b557-eea8e8f02332	13	54097673	54104454	8	-5.2342
038e3b19-1928-4872-b557-eea8e8f02332	13	54105373	71902850	10656	0.7583
038e3b19-1928-4872-b557-eea8e8f02332	13	71903417	71906418	4	-3.1422
038e3b19-1928-4872-b557-eea8e8f02332	13	71906467	72230762	280	0.7502
038e3b19-1928-4872-b557-eea8e8f02332	13	72234344	72241965	8	-0.4879
038e3b19-1928-4872-b557-eea8e8f02332	13	72242223	78962617	4758	0.7278
038e3b19-1928-4872-b557-eea8e8f02332	13	78964549	78967382	4	-0.9246
038e3b19-1928-4872-b557-eea8e8f02332	13	78967515	84677504	3559	0.7386
038e3b19-1928-4872-b557-eea8e8f02332	13	84677595	87409709	1613	1.0868
038e3b19-1928-4872-b557-eea8e8f02332	13	87409815	90272645	1713	1.2995
038e3b19-1928-4872-b557-eea8e8f02332	13	90273059	114342922	17148	1.136
038e3b19-1928-4872-b557-eea8e8f02332	14	18239283	19256296	43	-0.5004
038e3b19-1928-4872-b557-eea8e8f02332	14	19280948	19955213	124	0.3355
038e3b19-1928-4872-b557-eea8e8f02332	14	19956767	20082381	92	-0.3138
038e3b19-1928-4872-b557-eea8e8f02332	14	20085125	20087037	2	3.9099
038e3b19-1928-4872-b557-eea8e8f02332	14	20089108	21856896	1156	-0.3945
038e3b19-1928-4872-b557-eea8e8f02332	14	21856963	21998495	154	-0.1745
038e3b19-1928-4872-b557-eea8e8f02332	14	21998645	22004955	2	-2.7227
038e3b19-1928-4872-b557-eea8e8f02332	14	22007752	22490342	404	-0.0933
038e3b19-1928-4872-b557-eea8e8f02332	14	22490387	26314697	2508	-0.4056
038e3b19-1928-4872-b557-eea8e8f02332	14	26314707	26314712	6	-1.8127
038e3b19-1928-4872-b557-eea8e8f02332	14	26315707	35040397	5447	-0.3776
038e3b19-1928-4872-b557-eea8e8f02332	14	35040442	35040568	3	-2.2367
038e3b19-1928-4872-b557-eea8e8f02332	14	35041591	38325335	2018	-0.3973
038e3b19-1928-4872-b557-eea8e8f02332	14	38330250	49302802	6531	-0.3418
038e3b19-1928-4872-b557-eea8e8f02332	14	49304962	73542710	15649	-0.4047
038e3b19-1928-4872-b557-eea8e8f02332	14	73546628	73563211	7	0.8996
038e3b19-1928-4872-b557-eea8e8f02332	14	73564027	92188460	12118	-0.4059
038e3b19-1928-4872-b557-eea8e8f02332	14	92188568	99197510	5424	-0.4537
038e3b19-1928-4872-b557-eea8e8f02332	14	99198647	99201350	4	-2.3969
038e3b19-1928-4872-b557-eea8e8f02332	14	99203668	105984954	3099	-0.4923
038e3b19-1928-4872-b557-eea8e8f02332	14	105989863	106340774	124	-0.3467
038e3b19-1928-4872-b557-eea8e8f02332	14	106345431	106365807	8	1.0896
038e3b19-1928-4872-b557-eea8e8f02332	14	106369985	106407614	24	-0.5681
038e3b19-1928-4872-b557-eea8e8f02332	14	106412640	106496501	58	0.0165
038e3b19-1928-4872-b557-eea8e8f02332	14	106496822	106877229	188	-0.4022
038e3b19-1928-4872-b557-eea8e8f02332	15	19811075	20056983	50	-0.0539
038e3b19-1928-4872-b557-eea8e8f02332	15	20059033	20376201	42	-0.8499
038e3b19-1928-4872-b557-eea8e8f02332	15	20376202	20384789	15	-2.8714
038e3b19-1928-4872-b557-eea8e8f02332	15	20384907	21266481	63	-0.6571
038e3b19-1928-4872-b557-eea8e8f02332	15	21266991	22395047	38	-0.0122
038e3b19-1928-4872-b557-eea8e8f02332	15	22413894	22584747	7	-1.4211
038e3b19-1928-4872-b557-eea8e8f02332	15	22590285	30231102	4619	0.0108
038e3b19-1928-4872-b557-eea8e8f02332	15	30252720	30500366	22	-0.654
038e3b19-1928-4872-b557-eea8e8f02332	15	30503586	34379885	2563	0.0297
038e3b19-1928-4872-b557-eea8e8f02332	15	34386576	34526116	66	-1.2773
038e3b19-1928-4872-b557-eea8e8f02332	15	34570058	77996633	27062	0.035
038e3b19-1928-4872-b557-eea8e8f02332	15	77998703	92422191	9804	0.7058
038e3b19-1928-4872-b557-eea8e8f02332	15	92428837	101888798	7150	0.0312
038e3b19-1928-4872-b557-eea8e8f02332	15	101888834	101928837	8	1.1462
038e3b19-1928-4872-b557-eea8e8f02332	16	10777	1601060	533	-0.1202
038e3b19-1928-4872-b557-eea8e8f02332	16	1601626	15717805	10846	0.0321
038e3b19-1928-4872-b557-eea8e8f02332	16	15719776	15720088	3	-2.1204
038e3b19-1928-4872-b557-eea8e8f02332	16	15720852	21728953	3111	0.0248
038e3b19-1928-4872-b557-eea8e8f02332	16	21730864	21776197	12	-0.9232
038e3b19-1928-4872-b557-eea8e8f02332	16	21806139	32295899	5452	0.0234
038e3b19-1928-4872-b557-eea8e8f02332	16	32383608	32458145	7	-1.435
038e3b19-1928-4872-b557-eea8e8f02332	16	32471634	35225338	185	-0.0781
038e3b19-1928-4872-b557-eea8e8f02332	16	35232200	35522700	168	0.437
038e3b19-1928-4872-b557-eea8e8f02332	16	35526596	68561763	14629	0.0609
038e3b19-1928-4872-b557-eea8e8f02332	16	68562405	68562872	2	-2.6616
038e3b19-1928-4872-b557-eea8e8f02332	16	68565486	83909389	12543	0.0463
038e3b19-1928-4872-b557-eea8e8f02332	16	83909538	87830468	3365	-0.0127
038e3b19-1928-4872-b557-eea8e8f02332	16	87833554	90096867	962	-0.1232
038e3b19-1928-4872-b557-eea8e8f02332	17	150733	14125512	8791	-0.4802
038e3b19-1928-4872-b557-eea8e8f02332	17	14131134	41273697	11979	0.0388
038e3b19-1928-4872-b557-eea8e8f02332	17	41273905	41274279	5	-1.6106
038e3b19-1928-4872-b557-eea8e8f02332	17	41276472	46085732	2494	0.0116
038e3b19-1928-4872-b557-eea8e8f02332	17	46088437	46194634	90	0.5971
038e3b19-1928-4872-b557-eea8e8f02332	17	46199017	53583541	4070	0.0707
038e3b19-1928-4872-b557-eea8e8f02332	17	53584155	53663001	46	0.5124
038e3b19-1928-4872-b557-eea8e8f02332	17	53666139	56081683	1723	0.089
038e3b19-1928-4872-b557-eea8e8f02332	17	56083553	56095462	27	-1.5372
038e3b19-1928-4872-b557-eea8e8f02332	17	56095886	73328733	10593	0.0575
038e3b19-1928-4872-b557-eea8e8f02332	17	73329269	77372055	2280	-0.0255
038e3b19-1928-4872-b557-eea8e8f02332	17	77374386	77375740	3	-2.4132
038e3b19-1928-4872-b557-eea8e8f02332	17	77375892	83091923	2839	-0.0317
038e3b19-1928-4872-b557-eea8e8f02332	18	48133	13705731	9719	-0.4427
038e3b19-1928-4872-b557-eea8e8f02332	18	13705813	65347677	29942	-0.4111
038e3b19-1928-4872-b557-eea8e8f02332	18	65352433	73907208	6367	-0.3579
038e3b19-1928-4872-b557-eea8e8f02332	18	73909422	80257174	4530	-0.4896
038e3b19-1928-4872-b557-eea8e8f02332	19	90910	36354973	17147	0.0878
038e3b19-1928-4872-b557-eea8e8f02332	19	36355248	36356596	10	-1.7064
038e3b19-1928-4872-b557-eea8e8f02332	19	36356735	43193181	3411	0.0926
038e3b19-1928-4872-b557-eea8e8f02332	19	43198881	43252085	22	-0.8621
038e3b19-1928-4872-b557-eea8e8f02332	19	43262507	58586487	8480	0.0802
038e3b19-1928-4872-b557-eea8e8f02332	20	80664	1580305	1202	0.4294
038e3b19-1928-4872-b557-eea8e8f02332	20	1580353	1601561	37	-1.2007
038e3b19-1928-4872-b557-eea8e8f02332	20	1609611	30406589	18819	0.456
038e3b19-1928-4872-b557-eea8e8f02332	20	30414321	37037280	2782	1.2013
038e3b19-1928-4872-b557-eea8e8f02332	20	37037299	37090015	84	0.8503
038e3b19-1928-4872-b557-eea8e8f02332	20	37090162	41730880	3060	1.2089
038e3b19-1928-4872-b557-eea8e8f02332	20	41731384	41731388	5	0.0635
038e3b19-1928-4872-b557-eea8e8f02332	20	41732145	42634781	834	1.2027
038e3b19-1928-4872-b557-eea8e8f02332	20	42636668	42636859	4	-0.3761
038e3b19-1928-4872-b557-eea8e8f02332	20	42639451	64201536	15486	1.2051
038e3b19-1928-4872-b557-eea8e8f02332	20	64202107	64206133	2	-1.5562
038e3b19-1928-4872-b557-eea8e8f02332	20	64209428	64284215	55	1.0761
038e3b19-1928-4872-b557-eea8e8f02332	20	64284715	64324800	6	-2.4379
038e3b19-1928-4872-b557-eea8e8f02332	21	10354168	13095458	103	-0.2405
038e3b19-1928-4872-b557-eea8e8f02332	21	13099842	15496304	1260	-1.0915
038e3b19-1928-4872-b557-eea8e8f02332	21	15496464	15506355	2	-7.2361
038e3b19-1928-4872-b557-eea8e8f02332	21	15506528	18645800	2122	-1.1071
038e3b19-1928-4872-b557-eea8e8f02332	21	18651338	18651524	2	-5.423
038e3b19-1928-4872-b557-eea8e8f02332	21	18651647	24963820	4847	-1.0538
038e3b19-1928-4872-b557-eea8e8f02332	21	24968340	39589057	10701	0.0467
038e3b19-1928-4872-b557-eea8e8f02332	21	39590435	39591027	2	-2.4763
038e3b19-1928-4872-b557-eea8e8f02332	21	39593400	43028653	2918	0.0198
038e3b19-1928-4872-b557-eea8e8f02332	21	43028985	46628187	1742	-0.0643
038e3b19-1928-4872-b557-eea8e8f02332	21	46630476	46677045	38	0.1627
038e3b19-1928-4872-b557-eea8e8f02332	22	15294547	19098283	1238	0.0423
038e3b19-1928-4872-b557-eea8e8f02332	22	19098670	20820068	1192	-0.1737
038e3b19-1928-4872-b557-eea8e8f02332	22	20820156	21684169	339	-0.07
038e3b19-1928-4872-b557-eea8e8f02332	22	21685373	21685969	3	-2.2491
038e3b19-1928-4872-b557-eea8e8f02332	22	21689661	23014863	1016	-0.0297
038e3b19-1928-4872-b557-eea8e8f02332	22	23021261	23350088	206	-0.2688
038e3b19-1928-4872-b557-eea8e8f02332	22	23350551	47785871	16931	0.0232
038e3b19-1928-4872-b557-eea8e8f02332	22	47786810	47806906	22	-3.3005
038e3b19-1928-4872-b557-eea8e8f02332	22	47808125	50796027	2284	-0.0563
038e3b19-1928-4872-b557-eea8e8f02332	X	251810	8270594	4241	0.3213
038e3b19-1928-4872-b557-eea8e8f02332	X	8272409	8402567	114	0.9219
038e3b19-1928-4872-b557-eea8e8f02332	X	8402666	9922851	1165	0.3776
038e3b19-1928-4872-b557-eea8e8f02332	X	9923399	10317258	311	0.2286
038e3b19-1928-4872-b557-eea8e8f02332	X	10319979	56368761	26595	0.391
038e3b19-1928-4872-b557-eea8e8f02332	X	56370067	56376036	2	-2.0395
038e3b19-1928-4872-b557-eea8e8f02332	X	56376487	58535497	959	0.3591
038e3b19-1928-4872-b557-eea8e8f02332	X	62509359	63193211	146	-0.5791
038e3b19-1928-4872-b557-eea8e8f02332	X	63250575	63285991	21	0.7776
038e3b19-1928-4872-b557-eea8e8f02332	X	63297125	75140164	5215	-0.489
038e3b19-1928-4872-b557-eea8e8f02332	X	75142749	75973281	394	-0.6705
038e3b19-1928-4872-b557-eea8e8f02332	X	75974322	103999203	14527	-0.4526
038e3b19-1928-4872-b557-eea8e8f02332	X	104003417	104050792	58	0.289
038e3b19-1928-4872-b557-eea8e8f02332	X	104083894	107068744	1496	-0.4826
038e3b19-1928-4872-b557-eea8e8f02332	X	107068757	107081387	6	-1.7888
038e3b19-1928-4872-b557-eea8e8f02332	X	107083784	111737861	2485	-0.4962
038e3b19-1928-4872-b557-eea8e8f02332	X	111741204	140567194	16432	0.0211
038e3b19-1928-4872-b557-eea8e8f02332	X	140570309	140641432	50	0.7549
038e3b19-1928-4872-b557-eea8e8f02332	X	140647413	152802861	7987	0.0383
038e3b19-1928-4872-b557-eea8e8f02332	X	152806758	154348382	764	-0.0758
038e3b19-1928-4872-b557-eea8e8f02332	X	154348438	154381921	41	-0.5551
038e3b19-1928-4872-b557-eea8e8f02332	X	154382366	154860563	176	-0.0875
038e3b19-1928-4872-b557-eea8e8f02332	X	154862363	155952689	360	0.0429
038e3b19-1928-4872-b557-eea8e8f02332	Y	2782397	6076562	720	-2.9244
038e3b19-1928-4872-b557-eea8e8f02332	Y	6080059	7774740	623	-3.2736
038e3b19-1928-4872-b557-eea8e8f02332	Y	7774782	7775353	2	-8.6733
038e3b19-1928-4872-b557-eea8e8f02332	Y	7778653	9327138	880	-3.4373
038e3b19-1928-4872-b557-eea8e8f02332	Y	9329696	9554586	28	-4.9451
038e3b19-1928-4872-b557-eea8e8f02332	Y	9555122	17056257	2767	-3.2971
038e3b19-1928-4872-b557-eea8e8f02332	Y	17056790	17067660	5	-7.0468
038e3b19-1928-4872-b557-eea8e8f02332	Y	17070391	23586854	1422	-3.3221
038e3b19-1928-4872-b557-eea8e8f02332	Y	23784615	56872112	192	-2.871
