GDC_Aliquot	Chromosome	Start	End	Num_Probes	Segment_Mean
ddad0efb-c94a-49b0-b4c8-5bbc44e27e31	1	3301765	11461181	4683	-0.0028
ddad0efb-c94a-49b0-b4c8-5bbc44e27e31	1	11462004	11466839	8	-1.0479
ddad0efb-c94a-49b0-b4c8-5bbc44e27e31	1	11467247	12294250	426	0.0324
ddad0efb-c94a-49b0-b4c8-5bbc44e27e31	1	12295430	12295446	2	-1.7514
ddad0efb-c94a-49b0-b4c8-5bbc44e27e31	1	12297031	106860406	54927	0.0021
ddad0efb-c94a-49b0-b4c8-5bbc44e27e31	1	106860447	106860607	4	-1.2074
ddad0efb-c94a-49b0-b4c8-5bbc44e27e31	1	106862309	116287675	5885	0.0032
ddad0efb-c94a-49b0-b4c8-5bbc44e27e31	1	116289270	116291483	7	-0.9006
ddad0efb-c94a-49b0-b4c8-5bbc44e27e31	1	116295203	157953381	6194	0.0032
ddad0efb-c94a-49b0-b4c8-5bbc44e27e31	1	157954382	157960231	4	-0.8962
ddad0efb-c94a-49b0-b4c8-5bbc44e27e31	1	157962207	171462672	9555	0.0042
ddad0efb-c94a-49b0-b4c8-5bbc44e27e31	1	171462927	171465297	3	-1.8156
ddad0efb-c94a-49b0-b4c8-5bbc44e27e31	1	171465502	202327665	18710	0.0012
ddad0efb-c94a-49b0-b4c8-5bbc44e27e31	1	202328754	202329333	3	-1.056
ddad0efb-c94a-49b0-b4c8-5bbc44e27e31	1	202329957	208933002	4314	0.008
ddad0efb-c94a-49b0-b4c8-5bbc44e27e31	1	208934193	208993222	44	0.5522
ddad0efb-c94a-49b0-b4c8-5bbc44e27e31	1	208998226	247650984	25033	0.0015
ddad0efb-c94a-49b0-b4c8-5bbc44e27e31	2	480597	62502539	36801	0.0047
ddad0efb-c94a-49b0-b4c8-5bbc44e27e31	2	62514032	62533097	13	-1.0268
ddad0efb-c94a-49b0-b4c8-5bbc44e27e31	2	62537112	241537572	95445	0.0048
ddad0efb-c94a-49b0-b4c8-5bbc44e27e31	3	2170634	30149632	16691	0.0023
ddad0efb-c94a-49b0-b4c8-5bbc44e27e31	3	30151053	30151074	2	-1.5409
ddad0efb-c94a-49b0-b4c8-5bbc44e27e31	3	30151286	62624382	18115	0.0059
ddad0efb-c94a-49b0-b4c8-5bbc44e27e31	3	62624950	62626520	2	-1.2843
ddad0efb-c94a-49b0-b4c8-5bbc44e27e31	3	62626605	116804449	29193	0.0025
ddad0efb-c94a-49b0-b4c8-5bbc44e27e31	3	116804601	116805056	4	-1.1377
ddad0efb-c94a-49b0-b4c8-5bbc44e27e31	3	116808382	122212127	3047	0.0038
ddad0efb-c94a-49b0-b4c8-5bbc44e27e31	3	122212609	122213735	3	-1.0578
ddad0efb-c94a-49b0-b4c8-5bbc44e27e31	3	122214219	145825491	13385	0.0049
ddad0efb-c94a-49b0-b4c8-5bbc44e27e31	3	145828458	145839243	3	-1.0892
ddad0efb-c94a-49b0-b4c8-5bbc44e27e31	3	145841636	197812401	26785	0.0008
ddad0efb-c94a-49b0-b4c8-5bbc44e27e31	4	1059384	91829294	51250	-0.0008
ddad0efb-c94a-49b0-b4c8-5bbc44e27e31	4	91831321	91837838	7	-0.8856
ddad0efb-c94a-49b0-b4c8-5bbc44e27e31	4	91842788	133059419	22585	-0.0024
ddad0efb-c94a-49b0-b4c8-5bbc44e27e31	4	133059441	133059790	3	-1.2389
ddad0efb-c94a-49b0-b4c8-5bbc44e27e31	4	133064897	145980649	7043	-0.0037
ddad0efb-c94a-49b0-b4c8-5bbc44e27e31	4	145981322	145981791	2	-1.5703
ddad0efb-c94a-49b0-b4c8-5bbc44e27e31	4	145983213	152209582	3412	-0.0023
ddad0efb-c94a-49b0-b4c8-5bbc44e27e31	4	152213807	152213876	2	-1.9627
ddad0efb-c94a-49b0-b4c8-5bbc44e27e31	4	152215928	168583035	9271	-0.0003
ddad0efb-c94a-49b0-b4c8-5bbc44e27e31	4	168586930	168587277	2	-1.3183
ddad0efb-c94a-49b0-b4c8-5bbc44e27e31	4	168590354	187842528	9960	0.0003
ddad0efb-c94a-49b0-b4c8-5bbc44e27e31	5	913983	180934240	101164	0.0008
ddad0efb-c94a-49b0-b4c8-5bbc44e27e31	6	1011760	22163932	14959	0.0045
ddad0efb-c94a-49b0-b4c8-5bbc44e27e31	6	22166956	22172387	2	-1.3333
ddad0efb-c94a-49b0-b4c8-5bbc44e27e31	6	22174038	71544599	24594	0.0012
ddad0efb-c94a-49b0-b4c8-5bbc44e27e31	6	71544988	71566964	3	-1.819
ddad0efb-c94a-49b0-b4c8-5bbc44e27e31	6	71567348	72099952	380	-0.0121
ddad0efb-c94a-49b0-b4c8-5bbc44e27e31	6	72099967	72100283	6	0.6217
ddad0efb-c94a-49b0-b4c8-5bbc44e27e31	6	72104181	72347296	130	-0.0076
ddad0efb-c94a-49b0-b4c8-5bbc44e27e31	6	72347941	72347968	2	-1.3211
ddad0efb-c94a-49b0-b4c8-5bbc44e27e31	6	72351286	170596889	57134	-0.0014
ddad0efb-c94a-49b0-b4c8-5bbc44e27e31	7	664936	97516291	49848	0.0016
ddad0efb-c94a-49b0-b4c8-5bbc44e27e31	7	97516818	97517291	3	-1.2236
ddad0efb-c94a-49b0-b4c8-5bbc44e27e31	7	97518208	158592540	32117	0.0027
ddad0efb-c94a-49b0-b4c8-5bbc44e27e31	8	667625	5089371	2415	0.0051
ddad0efb-c94a-49b0-b4c8-5bbc44e27e31	8	5095927	5096433	2	-1.9246
ddad0efb-c94a-49b0-b4c8-5bbc44e27e31	8	5097091	78954193	41362	0.0028
ddad0efb-c94a-49b0-b4c8-5bbc44e27e31	8	78955939	78957873	2	-3.4213
ddad0efb-c94a-49b0-b4c8-5bbc44e27e31	8	78958583	144182542	38478	-0.0003
ddad0efb-c94a-49b0-b4c8-5bbc44e27e31	9	789794	4398662	2622	0.0109
ddad0efb-c94a-49b0-b4c8-5bbc44e27e31	9	4399491	4400120	3	-1.1153
ddad0efb-c94a-49b0-b4c8-5bbc44e27e31	9	4400126	7069151	1103	0.0048
ddad0efb-c94a-49b0-b4c8-5bbc44e27e31	9	7069490	7074970	7	-0.7197
ddad0efb-c94a-49b0-b4c8-5bbc44e27e31	9	7125060	30252860	14714	0.0084
ddad0efb-c94a-49b0-b4c8-5bbc44e27e31	9	30255387	30398353	83	0.5452
ddad0efb-c94a-49b0-b4c8-5bbc44e27e31	9	30398369	138044505	49991	0
ddad0efb-c94a-49b0-b4c8-5bbc44e27e31	10	366509	36102376	24838	0.0011
ddad0efb-c94a-49b0-b4c8-5bbc44e27e31	10	36103517	36105241	8	-1.0697
ddad0efb-c94a-49b0-b4c8-5bbc44e27e31	10	36107514	81877439	23736	0.0004
ddad0efb-c94a-49b0-b4c8-5bbc44e27e31	10	81881441	82316976	387	0.5659
ddad0efb-c94a-49b0-b4c8-5bbc44e27e31	10	82318363	98926381	10450	0.0011
ddad0efb-c94a-49b0-b4c8-5bbc44e27e31	10	98930295	98930675	2	-1.927
ddad0efb-c94a-49b0-b4c8-5bbc44e27e31	10	98949424	133411599	21906	0.0051
ddad0efb-c94a-49b0-b4c8-5bbc44e27e31	11	456012	36623759	23504	0.001
ddad0efb-c94a-49b0-b4c8-5bbc44e27e31	11	36627657	36629167	3	-1.9259
ddad0efb-c94a-49b0-b4c8-5bbc44e27e31	11	36634922	116796745	42065	0.0026
ddad0efb-c94a-49b0-b4c8-5bbc44e27e31	11	116797795	116799960	4	-1.2369
ddad0efb-c94a-49b0-b4c8-5bbc44e27e31	11	116804102	134272740	12034	0.0101
ddad0efb-c94a-49b0-b4c8-5bbc44e27e31	12	780472	67392990	35780	0.0038
ddad0efb-c94a-49b0-b4c8-5bbc44e27e31	12	67397789	67398873	3	-1.247
ddad0efb-c94a-49b0-b4c8-5bbc44e27e31	12	67400563	77677435	6477	0.0043
ddad0efb-c94a-49b0-b4c8-5bbc44e27e31	12	77682928	77684094	4	-0.9275
ddad0efb-c94a-49b0-b4c8-5bbc44e27e31	12	77684988	106374198	18000	-0.0011
ddad0efb-c94a-49b0-b4c8-5bbc44e27e31	12	106378144	106378157	2	-1.2617
ddad0efb-c94a-49b0-b4c8-5bbc44e27e31	12	106378636	127002237	11976	0.0025
ddad0efb-c94a-49b0-b4c8-5bbc44e27e31	12	127002679	127009134	6	-1.2431
ddad0efb-c94a-49b0-b4c8-5bbc44e27e31	12	127010817	132605822	2138	0.0077
ddad0efb-c94a-49b0-b4c8-5bbc44e27e31	13	18874255	95268542	44741	0.0003
ddad0efb-c94a-49b0-b4c8-5bbc44e27e31	13	95270871	95500374	97	0.5842
ddad0efb-c94a-49b0-b4c8-5bbc44e27e31	13	95502342	114226675	12175	0.0003
ddad0efb-c94a-49b0-b4c8-5bbc44e27e31	14	20033191	105533894	49805	0.0061
ddad0efb-c94a-49b0-b4c8-5bbc44e27e31	15	23437561	101344124	44807	0.0038
ddad0efb-c94a-49b0-b4c8-5bbc44e27e31	16	603333	70724952	29005	0.0054
ddad0efb-c94a-49b0-b4c8-5bbc44e27e31	16	70726590	70727084	2	-1.66
ddad0efb-c94a-49b0-b4c8-5bbc44e27e31	16	70730498	89317317	12221	-0.0007
ddad0efb-c94a-49b0-b4c8-5bbc44e27e31	17	1074619	1601870	157	-0.0157
ddad0efb-c94a-49b0-b4c8-5bbc44e27e31	17	1603997	1606612	2	-1.8063
ddad0efb-c94a-49b0-b4c8-5bbc44e27e31	17	1607643	56627677	23522	0.0009
ddad0efb-c94a-49b0-b4c8-5bbc44e27e31	17	56627828	56628465	3	-1.2966
ddad0efb-c94a-49b0-b4c8-5bbc44e27e31	17	56628959	64742056	4140	-0.0031
ddad0efb-c94a-49b0-b4c8-5bbc44e27e31	17	64742299	64742314	2	-1.8366
ddad0efb-c94a-49b0-b4c8-5bbc44e27e31	17	64744152	82915493	9430	0.0019
ddad0efb-c94a-49b0-b4c8-5bbc44e27e31	17	82916018	82916936	4	-0.8706
ddad0efb-c94a-49b0-b4c8-5bbc44e27e31	17	82918990	82959812	31	-0.0081
ddad0efb-c94a-49b0-b4c8-5bbc44e27e31	18	326691	30701286	13995	0.0008
ddad0efb-c94a-49b0-b4c8-5bbc44e27e31	18	30701726	30702006	2	-1.4363
ddad0efb-c94a-49b0-b4c8-5bbc44e27e31	18	30705371	79349796	28990	0.0029
ddad0efb-c94a-49b0-b4c8-5bbc44e27e31	19	283868	58370362	24156	0.0044
ddad0efb-c94a-49b0-b4c8-5bbc44e27e31	20	472817	63588502	37565	0.0031
ddad0efb-c94a-49b0-b4c8-5bbc44e27e31	21	13974127	46262057	20609	0.0008
ddad0efb-c94a-49b0-b4c8-5bbc44e27e31	22	16934932	48940621	17090	0.0023
ddad0efb-c94a-49b0-b4c8-5bbc44e27e31	X	3236359	149524213	61897	0.0079
ddad0efb-c94a-49b0-b4c8-5bbc44e27e31	X	149524349	149526631	4	-2.8512
ddad0efb-c94a-49b0-b4c8-5bbc44e27e31	X	149527799	155677414	1966	0.0037
