GDC_Aliquot	Chromosome	Start	End	Num_Probes	Segment_Mean
696d23b9-6a6c-464a-bf8e-fd2e897fe737	1	62920	787937	25	0.7079
696d23b9-6a6c-464a-bf8e-fd2e897fe737	1	793228	1798647	238	0.0997
696d23b9-6a6c-464a-bf8e-fd2e897fe737	1	1800884	3213582	437	-0.025
696d23b9-6a6c-464a-bf8e-fd2e897fe737	1	3214026	16637228	7963	0.1009
696d23b9-6a6c-464a-bf8e-fd2e897fe737	1	16641630	16643961	13	-0.5793
696d23b9-6a6c-464a-bf8e-fd2e897fe737	1	16679239	16686246	5	0.1259
696d23b9-6a6c-464a-bf8e-fd2e897fe737	1	16689764	16949746	77	0.6729
696d23b9-6a6c-464a-bf8e-fd2e897fe737	1	16951445	25256850	5259	0.107
696d23b9-6a6c-464a-bf8e-fd2e897fe737	1	25266637	25320455	24	0.7936
696d23b9-6a6c-464a-bf8e-fd2e897fe737	1	25336819	34190783	4613	0.0965
696d23b9-6a6c-464a-bf8e-fd2e897fe737	1	34191211	34191702	2	-2.1322
696d23b9-6a6c-464a-bf8e-fd2e897fe737	1	34196051	34626037	335	0.1054
696d23b9-6a6c-464a-bf8e-fd2e897fe737	1	34626073	34638890	21	-0.5589
696d23b9-6a6c-464a-bf8e-fd2e897fe737	1	34648667	63178491	17570	0.0713
696d23b9-6a6c-464a-bf8e-fd2e897fe737	1	63181381	84150390	13871	0.0164
696d23b9-6a6c-464a-bf8e-fd2e897fe737	1	84151467	96048558	7781	0.0511
696d23b9-6a6c-464a-bf8e-fd2e897fe737	1	96049515	103616762	4622	0.0033
696d23b9-6a6c-464a-bf8e-fd2e897fe737	1	103620877	103717410	5	1.4391
696d23b9-6a6c-464a-bf8e-fd2e897fe737	1	103717617	107119568	2027	-0.006
696d23b9-6a6c-464a-bf8e-fd2e897fe737	1	107120873	109690352	1544	0.0691
696d23b9-6a6c-464a-bf8e-fd2e897fe737	1	109690431	109697556	11	2.6818
696d23b9-6a6c-464a-bf8e-fd2e897fe737	1	109702376	110827750	826	0.0529
696d23b9-6a6c-464a-bf8e-fd2e897fe737	1	110827773	110827875	2	-1.1713
696d23b9-6a6c-464a-bf8e-fd2e897fe737	1	110827908	112153465	1124	0.0238
696d23b9-6a6c-464a-bf8e-fd2e897fe737	1	112153571	112163576	33	-0.4106
696d23b9-6a6c-464a-bf8e-fd2e897fe737	1	112163583	121598439	5150	0.056
696d23b9-6a6c-464a-bf8e-fd2e897fe737	1	121601998	143748421	102	0.278
696d23b9-6a6c-464a-bf8e-fd2e897fe737	1	143748590	148996458	902	0.0758
696d23b9-6a6c-464a-bf8e-fd2e897fe737	1	148996719	149000127	3	-1.1556
696d23b9-6a6c-464a-bf8e-fd2e897fe737	1	149000193	152583230	1438	0.0713
696d23b9-6a6c-464a-bf8e-fd2e897fe737	1	152583291	152614100	33	-2.1068
696d23b9-6a6c-464a-bf8e-fd2e897fe737	1	152614118	152790191	181	0.0883
696d23b9-6a6c-464a-bf8e-fd2e897fe737	1	152790286	152795783	19	-0.3122
696d23b9-6a6c-464a-bf8e-fd2e897fe737	1	152795805	153012136	171	0.0738
696d23b9-6a6c-464a-bf8e-fd2e897fe737	1	153016845	153028238	6	-0.7951
696d23b9-6a6c-464a-bf8e-fd2e897fe737	1	153028502	157179998	2104	0.0734
696d23b9-6a6c-464a-bf8e-fd2e897fe737	1	157180426	177336103	14205	0.038
696d23b9-6a6c-464a-bf8e-fd2e897fe737	1	177336261	184992672	5279	0.0623
696d23b9-6a6c-464a-bf8e-fd2e897fe737	1	184994281	189053842	2549	-0.0229
696d23b9-6a6c-464a-bf8e-fd2e897fe737	1	189058092	189062230	7	-0.9958
696d23b9-6a6c-464a-bf8e-fd2e897fe737	1	189063349	192409673	2175	-0.0374
696d23b9-6a6c-464a-bf8e-fd2e897fe737	1	192409779	196745743	2980	0.0097
696d23b9-6a6c-464a-bf8e-fd2e897fe737	1	196758720	196875062	89	0.2107
696d23b9-6a6c-464a-bf8e-fd2e897fe737	1	196875205	198102329	662	0.014
696d23b9-6a6c-464a-bf8e-fd2e897fe737	1	198102594	199527057	976	-0.0538
696d23b9-6a6c-464a-bf8e-fd2e897fe737	1	199527234	209897717	7123	0.0623
696d23b9-6a6c-464a-bf8e-fd2e897fe737	1	209908268	209908720	2	-1.5392
696d23b9-6a6c-464a-bf8e-fd2e897fe737	1	209910639	215883006	4050	0.0573
696d23b9-6a6c-464a-bf8e-fd2e897fe737	1	215884376	221834497	4291	-0.0008
696d23b9-6a6c-464a-bf8e-fd2e897fe737	1	221834684	227237600	3325	0.0528
696d23b9-6a6c-464a-bf8e-fd2e897fe737	1	227238371	227238705	3	-1.1947
696d23b9-6a6c-464a-bf8e-fd2e897fe737	1	227241477	235169152	5633	0.0644
696d23b9-6a6c-464a-bf8e-fd2e897fe737	1	235177367	244358838	6843	0.0238
696d23b9-6a6c-464a-bf8e-fd2e897fe737	1	244361625	248930189	2882	0.0752
696d23b9-6a6c-464a-bf8e-fd2e897fe737	2	12784	818177	558	0.054
696d23b9-6a6c-464a-bf8e-fd2e897fe737	2	827966	2030872	772	-0.0453
696d23b9-6a6c-464a-bf8e-fd2e897fe737	2	2036863	2623479	444	0.029
696d23b9-6a6c-464a-bf8e-fd2e897fe737	2	2625070	2628256	2	-1.6568
696d23b9-6a6c-464a-bf8e-fd2e897fe737	2	2628380	8102838	4619	0.0219
696d23b9-6a6c-464a-bf8e-fd2e897fe737	2	8103067	11782861	2550	0.0827
696d23b9-6a6c-464a-bf8e-fd2e897fe737	2	11784368	13794259	1504	0.0086
696d23b9-6a6c-464a-bf8e-fd2e897fe737	2	13794389	15110346	1026	0.0975
696d23b9-6a6c-464a-bf8e-fd2e897fe737	2	15111245	18187474	2270	0.0349
696d23b9-6a6c-464a-bf8e-fd2e897fe737	2	18191389	18380707	165	-0.7382
696d23b9-6a6c-464a-bf8e-fd2e897fe737	2	18387709	34476327	10179	0.0417
696d23b9-6a6c-464a-bf8e-fd2e897fe737	2	34476516	34511990	44	-2.2968
696d23b9-6a6c-464a-bf8e-fd2e897fe737	2	34512096	35994996	1055	-0.0148
696d23b9-6a6c-464a-bf8e-fd2e897fe737	2	36001202	39972480	2874	0.055
696d23b9-6a6c-464a-bf8e-fd2e897fe737	2	39975365	41011095	876	-0.0097
696d23b9-6a6c-464a-bf8e-fd2e897fe737	2	41011303	41018747	22	-1.9938
696d23b9-6a6c-464a-bf8e-fd2e897fe737	2	41024093	41248482	161	-0.0193
696d23b9-6a6c-464a-bf8e-fd2e897fe737	2	41248728	47734006	4782	0.0705
696d23b9-6a6c-464a-bf8e-fd2e897fe737	2	47735973	49305903	958	0.0235
696d23b9-6a6c-464a-bf8e-fd2e897fe737	2	49308629	49314051	5	-1.1376
696d23b9-6a6c-464a-bf8e-fd2e897fe737	2	49317902	52527743	2278	-0.0157
696d23b9-6a6c-464a-bf8e-fd2e897fe737	2	52531615	52554236	27	0.765
696d23b9-6a6c-464a-bf8e-fd2e897fe737	2	52554259	56626027	2997	0.0456
696d23b9-6a6c-464a-bf8e-fd2e897fe737	2	56626055	59318281	1727	-0.017
696d23b9-6a6c-464a-bf8e-fd2e897fe737	2	59319382	69061928	6208	0.03
696d23b9-6a6c-464a-bf8e-fd2e897fe737	2	69062600	75946537	4152	0.0624
696d23b9-6a6c-464a-bf8e-fd2e897fe737	2	75947467	76990184	758	0.0003
696d23b9-6a6c-464a-bf8e-fd2e897fe737	2	76994194	76998804	5	-1.6148
696d23b9-6a6c-464a-bf8e-fd2e897fe737	2	76998855	83936456	4448	0.001
696d23b9-6a6c-464a-bf8e-fd2e897fe737	2	83939231	86710564	1628	0.0577
696d23b9-6a6c-464a-bf8e-fd2e897fe737	2	86725947	86726731	2	-2.2887
696d23b9-6a6c-464a-bf8e-fd2e897fe737	2	86743283	87023373	68	0.0403
696d23b9-6a6c-464a-bf8e-fd2e897fe737	2	87032208	87082140	9	0.7453
696d23b9-6a6c-464a-bf8e-fd2e897fe737	2	87082711	87207935	27	0.1407
696d23b9-6a6c-464a-bf8e-fd2e897fe737	2	87208114	87221597	5	0.9719
696d23b9-6a6c-464a-bf8e-fd2e897fe737	2	87223346	102082034	4519	0.0649
696d23b9-6a6c-464a-bf8e-fd2e897fe737	2	102086043	104603859	1622	0.0033
696d23b9-6a6c-464a-bf8e-fd2e897fe737	2	104609118	106263639	1256	0.0567
696d23b9-6a6c-464a-bf8e-fd2e897fe737	2	106264257	106270952	13	0.8236
696d23b9-6a6c-464a-bf8e-fd2e897fe737	2	106271414	107559305	818	0.035
696d23b9-6a6c-464a-bf8e-fd2e897fe737	2	107560597	107560637	2	-1.4707
696d23b9-6a6c-464a-bf8e-fd2e897fe737	2	107564387	114710906	3638	0.0759
696d23b9-6a6c-464a-bf8e-fd2e897fe737	2	114711118	117394746	1612	-0.0123
696d23b9-6a6c-464a-bf8e-fd2e897fe737	2	117394829	122502922	3263	0.0674
696d23b9-6a6c-464a-bf8e-fd2e897fe737	2	122503501	125207544	1820	-0.0217
696d23b9-6a6c-464a-bf8e-fd2e897fe737	2	125208837	125965265	474	0.0714
696d23b9-6a6c-464a-bf8e-fd2e897fe737	2	125965331	126701182	446	-0.0409
696d23b9-6a6c-464a-bf8e-fd2e897fe737	2	126701745	128880904	1318	0.072
696d23b9-6a6c-464a-bf8e-fd2e897fe737	2	128880928	128882723	13	-3.6119
696d23b9-6a6c-464a-bf8e-fd2e897fe737	2	128882741	128882755	2	-0.9214
696d23b9-6a6c-464a-bf8e-fd2e897fe737	2	128888874	132002227	1519	0.0354
696d23b9-6a6c-464a-bf8e-fd2e897fe737	2	132002751	132032536	10	0.6805
696d23b9-6a6c-464a-bf8e-fd2e897fe737	2	132039763	135705261	2332	0.0259
696d23b9-6a6c-464a-bf8e-fd2e897fe737	2	135707248	135707572	3	-1.4204
696d23b9-6a6c-464a-bf8e-fd2e897fe737	2	135708286	137689221	1365	0.0069
696d23b9-6a6c-464a-bf8e-fd2e897fe737	2	137695159	137998422	213	0.1449
696d23b9-6a6c-464a-bf8e-fd2e897fe737	2	137998610	138768435	420	0.0126
696d23b9-6a6c-464a-bf8e-fd2e897fe737	2	138769008	146104517	4554	-0.0383
696d23b9-6a6c-464a-bf8e-fd2e897fe737	2	146106836	146107015	5	-1.1302
696d23b9-6a6c-464a-bf8e-fd2e897fe737	2	146107511	146109366	19	-2.5666
696d23b9-6a6c-464a-bf8e-fd2e897fe737	2	146120238	167146752	12530	0.0146
696d23b9-6a6c-464a-bf8e-fd2e897fe737	2	167146832	174126815	4633	0.0577
696d23b9-6a6c-464a-bf8e-fd2e897fe737	2	174131659	184263155	6345	0.0143
696d23b9-6a6c-464a-bf8e-fd2e897fe737	2	184263216	185275666	640	-0.0633
696d23b9-6a6c-464a-bf8e-fd2e897fe737	2	185276636	207485315	12813	0.0295
696d23b9-6a6c-464a-bf8e-fd2e897fe737	2	207485467	207494030	20	0.507
696d23b9-6a6c-464a-bf8e-fd2e897fe737	2	207494225	208972568	938	0.0436
696d23b9-6a6c-464a-bf8e-fd2e897fe737	2	208972977	216041547	4548	-0.0114
696d23b9-6a6c-464a-bf8e-fd2e897fe737	2	216041570	231179940	9802	0.0378
696d23b9-6a6c-464a-bf8e-fd2e897fe737	2	231179970	239406519	5333	0.0741
696d23b9-6a6c-464a-bf8e-fd2e897fe737	2	239407952	239409695	2	-1.5581
696d23b9-6a6c-464a-bf8e-fd2e897fe737	2	239411399	241831203	1328	0.0805
696d23b9-6a6c-464a-bf8e-fd2e897fe737	2	241832814	241841181	4	0.9019
696d23b9-6a6c-464a-bf8e-fd2e897fe737	2	241841244	242147305	129	-0.0617
696d23b9-6a6c-464a-bf8e-fd2e897fe737	3	20930	6894387	6058	0.0124
696d23b9-6a6c-464a-bf8e-fd2e897fe737	3	6894470	15291599	6245	0.0734
696d23b9-6a6c-464a-bf8e-fd2e897fe737	3	15292044	21864010	4151	0.0077
696d23b9-6a6c-464a-bf8e-fd2e897fe737	3	21864139	21867455	2	-1.6158
696d23b9-6a6c-464a-bf8e-fd2e897fe737	3	21867636	23947348	1416	-0.0226
696d23b9-6a6c-464a-bf8e-fd2e897fe737	3	23948750	26571710	2143	0.022
696d23b9-6a6c-464a-bf8e-fd2e897fe737	3	26573483	26573486	3	1.1945
696d23b9-6a6c-464a-bf8e-fd2e897fe737	3	26574458	37935926	7604	0.0441
696d23b9-6a6c-464a-bf8e-fd2e897fe737	3	37940617	37945392	17	-0.9855
696d23b9-6a6c-464a-bf8e-fd2e897fe737	3	37945437	52989195	8073	0.0629
696d23b9-6a6c-464a-bf8e-fd2e897fe737	3	52994359	53005263	40	-0.7382
696d23b9-6a6c-464a-bf8e-fd2e897fe737	3	53005439	54613611	1114	0.0917
696d23b9-6a6c-464a-bf8e-fd2e897fe737	3	54613825	56230845	1328	0.011
696d23b9-6a6c-464a-bf8e-fd2e897fe737	3	56231080	56903997	401	0.0716
696d23b9-6a6c-464a-bf8e-fd2e897fe737	3	56904371	56907940	3	1.2075
696d23b9-6a6c-464a-bf8e-fd2e897fe737	3	56908042	59948219	1941	0.048
696d23b9-6a6c-464a-bf8e-fd2e897fe737	3	59949517	59989433	67	0.5276
696d23b9-6a6c-464a-bf8e-fd2e897fe737	3	59992471	60764350	911	-0.034
696d23b9-6a6c-464a-bf8e-fd2e897fe737	3	60770691	60906287	121	-0.7663
696d23b9-6a6c-464a-bf8e-fd2e897fe737	3	60906347	65202778	3670	0.0545
696d23b9-6a6c-464a-bf8e-fd2e897fe737	3	65203560	65224777	52	-0.719
696d23b9-6a6c-464a-bf8e-fd2e897fe737	3	65230674	79026761	9368	0.0288
696d23b9-6a6c-464a-bf8e-fd2e897fe737	3	79028316	79053403	11	-0.9134
696d23b9-6a6c-464a-bf8e-fd2e897fe737	3	79055903	84053071	2674	-0.0039
696d23b9-6a6c-464a-bf8e-fd2e897fe737	3	84056282	84057015	2	-5.0186
696d23b9-6a6c-464a-bf8e-fd2e897fe737	3	84061816	84651178	307	0.0038
696d23b9-6a6c-464a-bf8e-fd2e897fe737	3	84651212	84652985	7	-0.8587
696d23b9-6a6c-464a-bf8e-fd2e897fe737	3	84653010	95737262	4132	0.0049
696d23b9-6a6c-464a-bf8e-fd2e897fe737	3	95748036	95749266	2	-3.0824
696d23b9-6a6c-464a-bf8e-fd2e897fe737	3	95749836	99218940	1849	-0.0006
696d23b9-6a6c-464a-bf8e-fd2e897fe737	3	99225614	99230212	27	-0.592
696d23b9-6a6c-464a-bf8e-fd2e897fe737	3	99230225	114555894	9253	0.0233
696d23b9-6a6c-464a-bf8e-fd2e897fe737	3	114558733	114891133	200	-0.871
696d23b9-6a6c-464a-bf8e-fd2e897fe737	3	114893017	116789043	1279	0.0106
696d23b9-6a6c-464a-bf8e-fd2e897fe737	3	116790621	116791345	2	-1.3874
696d23b9-6a6c-464a-bf8e-fd2e897fe737	3	116791836	119892404	2079	0.0182
696d23b9-6a6c-464a-bf8e-fd2e897fe737	3	119892544	130044855	5911	0.0646
696d23b9-6a6c-464a-bf8e-fd2e897fe737	3	130047743	130075961	30	0.8379
696d23b9-6a6c-464a-bf8e-fd2e897fe737	3	130079892	143478919	8296	0.0431
696d23b9-6a6c-464a-bf8e-fd2e897fe737	3	143479107	155356690	7433	0.0101
696d23b9-6a6c-464a-bf8e-fd2e897fe737	3	155356740	158627038	1940	0.0427
696d23b9-6a6c-464a-bf8e-fd2e897fe737	3	158629776	158641083	6	0.742
696d23b9-6a6c-464a-bf8e-fd2e897fe737	3	158641425	159747882	710	0.0219
696d23b9-6a6c-464a-bf8e-fd2e897fe737	3	159754080	159758629	2	-1.2582
696d23b9-6a6c-464a-bf8e-fd2e897fe737	3	159759013	162795304	1896	0.0336
696d23b9-6a6c-464a-bf8e-fd2e897fe737	3	162795361	162828441	21	-0.5153
696d23b9-6a6c-464a-bf8e-fd2e897fe737	3	162829721	162996729	118	-0.0755
696d23b9-6a6c-464a-bf8e-fd2e897fe737	3	162999939	163001774	2	-3.4321
696d23b9-6a6c-464a-bf8e-fd2e897fe737	3	163008371	165323075	1242	0.0019
696d23b9-6a6c-464a-bf8e-fd2e897fe737	3	165323760	165370734	67	-0.9916
696d23b9-6a6c-464a-bf8e-fd2e897fe737	3	165375845	167884604	1374	-0.0158
696d23b9-6a6c-464a-bf8e-fd2e897fe737	3	167884889	175025413	4599	0.0578
696d23b9-6a6c-464a-bf8e-fd2e897fe737	3	175025552	176165961	798	0.0144
696d23b9-6a6c-464a-bf8e-fd2e897fe737	3	176170271	176196691	34	-1.1452
696d23b9-6a6c-464a-bf8e-fd2e897fe737	3	176198433	182250381	3567	0.0111
696d23b9-6a6c-464a-bf8e-fd2e897fe737	3	182251506	190841798	5816	0.0603
696d23b9-6a6c-464a-bf8e-fd2e897fe737	3	190843227	193160113	1596	0.0031
696d23b9-6a6c-464a-bf8e-fd2e897fe737	3	193160173	193165114	19	-1.1307
696d23b9-6a6c-464a-bf8e-fd2e897fe737	3	193168646	195548576	1479	0.0831
696d23b9-6a6c-464a-bf8e-fd2e897fe737	3	195549253	195803507	73	-0.1418
696d23b9-6a6c-464a-bf8e-fd2e897fe737	3	195806461	195934679	56	0.0996
696d23b9-6a6c-464a-bf8e-fd2e897fe737	3	195963975	196012539	11	-0.5395
696d23b9-6a6c-464a-bf8e-fd2e897fe737	3	196012569	198169247	1075	0.066
696d23b9-6a6c-464a-bf8e-fd2e897fe737	4	68929	9455251	5155	0.0842
696d23b9-6a6c-464a-bf8e-fd2e897fe737	4	9459504	9477699	6	1.0723
696d23b9-6a6c-464a-bf8e-fd2e897fe737	4	9484440	10396835	751	0.0989
696d23b9-6a6c-464a-bf8e-fd2e897fe737	4	10396987	10399044	12	-0.4762
696d23b9-6a6c-464a-bf8e-fd2e897fe737	4	10401094	12221941	1504	0.0822
696d23b9-6a6c-464a-bf8e-fd2e897fe737	4	12223991	18927108	4934	0.04
696d23b9-6a6c-464a-bf8e-fd2e897fe737	4	18931060	21822617	1955	-0.0099
696d23b9-6a6c-464a-bf8e-fd2e897fe737	4	21823475	27757536	4062	0.062
696d23b9-6a6c-464a-bf8e-fd2e897fe737	4	27759451	32464507	3039	-0.0152
696d23b9-6a6c-464a-bf8e-fd2e897fe737	4	32465566	32469117	3	-1.2425
696d23b9-6a6c-464a-bf8e-fd2e897fe737	4	32469966	34788894	1297	-0.021
696d23b9-6a6c-464a-bf8e-fd2e897fe737	4	34789072	34817589	28	0.606
696d23b9-6a6c-464a-bf8e-fd2e897fe737	4	34819718	36303488	960	-0.0191
696d23b9-6a6c-464a-bf8e-fd2e897fe737	4	36303642	42830966	4329	0.056
696d23b9-6a6c-464a-bf8e-fd2e897fe737	4	42831775	42834381	2	-2.0701
696d23b9-6a6c-464a-bf8e-fd2e897fe737	4	42835666	48134914	3070	0.0026
696d23b9-6a6c-464a-bf8e-fd2e897fe737	4	48136357	52478797	1007	0.084
696d23b9-6a6c-464a-bf8e-fd2e897fe737	4	52483151	54190477	1038	-0.8167
696d23b9-6a6c-464a-bf8e-fd2e897fe737	4	54190506	54241451	41	-0.6654
696d23b9-6a6c-464a-bf8e-fd2e897fe737	4	54249536	54254390	7	0.0379
696d23b9-6a6c-464a-bf8e-fd2e897fe737	4	54254415	54353621	144	-0.6538
696d23b9-6a6c-464a-bf8e-fd2e897fe737	4	54353636	54631719	216	-0.8427
696d23b9-6a6c-464a-bf8e-fd2e897fe737	4	54635559	54635754	3	-2.4511
696d23b9-6a6c-464a-bf8e-fd2e897fe737	4	54639193	54709189	191	-0.739
696d23b9-6a6c-464a-bf8e-fd2e897fe737	4	54709220	54716309	12	0.1938
696d23b9-6a6c-464a-bf8e-fd2e897fe737	4	54717935	59528688	3062	-0.8311
696d23b9-6a6c-464a-bf8e-fd2e897fe737	4	59533082	63831799	2477	-0.0118
696d23b9-6a6c-464a-bf8e-fd2e897fe737	4	63831812	63842540	26	0.464
696d23b9-6a6c-464a-bf8e-fd2e897fe737	4	63850713	68378716	2852	-0.0127
696d23b9-6a6c-464a-bf8e-fd2e897fe737	4	68389352	68395346	5	-1.0432
696d23b9-6a6c-464a-bf8e-fd2e897fe737	4	68416487	68478894	14	0.0135
696d23b9-6a6c-464a-bf8e-fd2e897fe737	4	68494770	68640616	71	0.8412
696d23b9-6a6c-464a-bf8e-fd2e897fe737	4	68655691	69982343	761	0.0966
696d23b9-6a6c-464a-bf8e-fd2e897fe737	4	69983535	73230058	1904	0.0039
696d23b9-6a6c-464a-bf8e-fd2e897fe737	4	73233118	76856010	2283	0.0672
696d23b9-6a6c-464a-bf8e-fd2e897fe737	4	76856337	76872676	42	0.4429
696d23b9-6a6c-464a-bf8e-fd2e897fe737	4	76872791	95324597	11299	0.036
696d23b9-6a6c-464a-bf8e-fd2e897fe737	4	95325355	95330552	18	-0.7803
696d23b9-6a6c-464a-bf8e-fd2e897fe737	4	95331528	97972325	1584	-0.025
696d23b9-6a6c-464a-bf8e-fd2e897fe737	4	97972570	114252456	9798	0.0259
696d23b9-6a6c-464a-bf8e-fd2e897fe737	4	114252472	114258272	15	0.5415
696d23b9-6a6c-464a-bf8e-fd2e897fe737	4	114258287	114258385	5	-0.157
696d23b9-6a6c-464a-bf8e-fd2e897fe737	4	114258482	114261019	6	1.2503
696d23b9-6a6c-464a-bf8e-fd2e897fe737	4	114263073	129451533	8930	0.0215
696d23b9-6a6c-464a-bf8e-fd2e897fe737	4	129451879	137171266	4311	-0.0246
696d23b9-6a6c-464a-bf8e-fd2e897fe737	4	137171362	137172260	12	-0.8741
696d23b9-6a6c-464a-bf8e-fd2e897fe737	4	137173804	137261327	85	-0.0263
696d23b9-6a6c-464a-bf8e-fd2e897fe737	4	137261339	137269730	48	-0.8988
696d23b9-6a6c-464a-bf8e-fd2e897fe737	4	137270816	153209164	9556	0.0343
696d23b9-6a6c-464a-bf8e-fd2e897fe737	4	153209702	153327754	82	-0.8368
696d23b9-6a6c-464a-bf8e-fd2e897fe737	4	153333093	171447291	11626	0.0186
696d23b9-6a6c-464a-bf8e-fd2e897fe737	4	171447380	171456625	14	-0.7912
696d23b9-6a6c-464a-bf8e-fd2e897fe737	4	171459220	172066777	397	-0.0122
696d23b9-6a6c-464a-bf8e-fd2e897fe737	4	172067997	172068354	10	0.8255
696d23b9-6a6c-464a-bf8e-fd2e897fe737	4	172068368	174999272	1665	0.0434
696d23b9-6a6c-464a-bf8e-fd2e897fe737	4	175003050	181086755	4136	-0.0151
696d23b9-6a6c-464a-bf8e-fd2e897fe737	4	181092199	182969494	1552	0.0302
696d23b9-6a6c-464a-bf8e-fd2e897fe737	4	182969550	183051423	63	0.1452
696d23b9-6a6c-464a-bf8e-fd2e897fe737	4	183057666	183061944	3	-1.1729
696d23b9-6a6c-464a-bf8e-fd2e897fe737	4	183064047	188010746	3322	0.0771
696d23b9-6a6c-464a-bf8e-fd2e897fe737	4	188011088	188300104	189	-0.0033
696d23b9-6a6c-464a-bf8e-fd2e897fe737	4	188300206	188300270	3	-1.5196
696d23b9-6a6c-464a-bf8e-fd2e897fe737	4	188300285	190106768	1142	-0.036
696d23b9-6a6c-464a-bf8e-fd2e897fe737	5	15532	724612	316	0.0896
696d23b9-6a6c-464a-bf8e-fd2e897fe737	5	725091	825538	36	0.775
696d23b9-6a6c-464a-bf8e-fd2e897fe737	5	833513	7169363	5372	0.0424
696d23b9-6a6c-464a-bf8e-fd2e897fe737	5	7177225	7189534	25	-1.0997
696d23b9-6a6c-464a-bf8e-fd2e897fe737	5	7189812	8502767	1017	0.0307
696d23b9-6a6c-464a-bf8e-fd2e897fe737	5	8504455	10883629	2065	0.0875
696d23b9-6a6c-464a-bf8e-fd2e897fe737	5	10884570	12800777	1363	0.0061
696d23b9-6a6c-464a-bf8e-fd2e897fe737	5	12815668	12826538	11	-1.5337
696d23b9-6a6c-464a-bf8e-fd2e897fe737	5	12833745	13438330	279	0.0046
696d23b9-6a6c-464a-bf8e-fd2e897fe737	5	13438347	15718383	1694	0.0992
696d23b9-6a6c-464a-bf8e-fd2e897fe737	5	15719113	15720488	11	-1.0042
696d23b9-6a6c-464a-bf8e-fd2e897fe737	5	15723237	17890935	1383	0.0752
696d23b9-6a6c-464a-bf8e-fd2e897fe737	5	17891055	25976153	4788	-0.0132
696d23b9-6a6c-464a-bf8e-fd2e897fe737	5	25979327	25981623	2	-1.5267
696d23b9-6a6c-464a-bf8e-fd2e897fe737	5	25981951	28215630	1280	0.0082
696d23b9-6a6c-464a-bf8e-fd2e897fe737	5	28218780	28222578	4	-0.9731
696d23b9-6a6c-464a-bf8e-fd2e897fe737	5	28225288	30547137	1394	-0.0072
696d23b9-6a6c-464a-bf8e-fd2e897fe737	5	30550853	34489747	2716	0.0565
696d23b9-6a6c-464a-bf8e-fd2e897fe737	5	34491844	42637152	5374	0.0146
696d23b9-6a6c-464a-bf8e-fd2e897fe737	5	42643302	46161484	1524	0.0462
696d23b9-6a6c-464a-bf8e-fd2e897fe737	5	46161516	46251204	26	-0.1692
696d23b9-6a6c-464a-bf8e-fd2e897fe737	5	46270906	46273400	8	0.9785
696d23b9-6a6c-464a-bf8e-fd2e897fe737	5	46278110	50713193	230	0.0605
696d23b9-6a6c-464a-bf8e-fd2e897fe737	5	50721206	50721232	2	-1.2388
696d23b9-6a6c-464a-bf8e-fd2e897fe737	5	50724387	55648434	3177	0.0176
696d23b9-6a6c-464a-bf8e-fd2e897fe737	5	55648442	55652905	2	-1.6242
696d23b9-6a6c-464a-bf8e-fd2e897fe737	5	55653361	58025759	1658	0.0258
696d23b9-6a6c-464a-bf8e-fd2e897fe737	5	58025819	58037706	33	-0.403
696d23b9-6a6c-464a-bf8e-fd2e897fe737	5	58042530	59007153	737	0.0194
696d23b9-6a6c-464a-bf8e-fd2e897fe737	5	59007604	59008878	7	-0.5067
696d23b9-6a6c-464a-bf8e-fd2e897fe737	5	59008903	59023790	9	0.0521
696d23b9-6a6c-464a-bf8e-fd2e897fe737	5	59032734	59190570	155	-0.8663
696d23b9-6a6c-464a-bf8e-fd2e897fe737	5	59194305	69550476	6390	0.0372
696d23b9-6a6c-464a-bf8e-fd2e897fe737	5	69571467	69937617	7	1.3392
696d23b9-6a6c-464a-bf8e-fd2e897fe737	5	70017846	78812085	4955	0.0588
696d23b9-6a6c-464a-bf8e-fd2e897fe737	5	78814168	78815348	2	-4.1785
696d23b9-6a6c-464a-bf8e-fd2e897fe737	5	78819688	130433086	31853	0.0138
696d23b9-6a6c-464a-bf8e-fd2e897fe737	5	130435607	130539156	49	-0.8304
696d23b9-6a6c-464a-bf8e-fd2e897fe737	5	130549462	148872221	11154	0.0482
696d23b9-6a6c-464a-bf8e-fd2e897fe737	5	148874545	149183327	230	0.9577
696d23b9-6a6c-464a-bf8e-fd2e897fe737	5	149190120	150092922	621	0.6167
696d23b9-6a6c-464a-bf8e-fd2e897fe737	5	150097988	150290193	148	0.9835
696d23b9-6a6c-464a-bf8e-fd2e897fe737	5	150293212	150431360	67	0.6389
696d23b9-6a6c-464a-bf8e-fd2e897fe737	5	150432022	150454389	8	0.1097
696d23b9-6a6c-464a-bf8e-fd2e897fe737	5	150455155	150780360	210	0.6
696d23b9-6a6c-464a-bf8e-fd2e897fe737	5	150789328	156045123	3650	-0.8321
696d23b9-6a6c-464a-bf8e-fd2e897fe737	5	156048089	156073982	22	-0.2846
696d23b9-6a6c-464a-bf8e-fd2e897fe737	5	156075169	159935524	2674	-0.833
696d23b9-6a6c-464a-bf8e-fd2e897fe737	5	159936463	161195718	880	-0.7543
696d23b9-6a6c-464a-bf8e-fd2e897fe737	5	161197451	170499625	6564	-0.8468
696d23b9-6a6c-464a-bf8e-fd2e897fe737	5	170499835	175879533	3892	-0.7851
696d23b9-6a6c-464a-bf8e-fd2e897fe737	5	175880253	176438522	173	-0.5745
696d23b9-6a6c-464a-bf8e-fd2e897fe737	5	176441970	176800492	213	-0.8126
696d23b9-6a6c-464a-bf8e-fd2e897fe737	5	176804147	180947523	2181	0.0611
696d23b9-6a6c-464a-bf8e-fd2e897fe737	5	180951710	181015441	23	0.6359
696d23b9-6a6c-464a-bf8e-fd2e897fe737	5	181015920	181363319	166	0.0185
696d23b9-6a6c-464a-bf8e-fd2e897fe737	6	149661	249810	90	-0.0001
696d23b9-6a6c-464a-bf8e-fd2e897fe737	6	250561	5172416	4058	0.0965
696d23b9-6a6c-464a-bf8e-fd2e897fe737	6	5172547	29869411	17510	0.0419
696d23b9-6a6c-464a-bf8e-fd2e897fe737	6	29869537	29882419	15	-1.0196
696d23b9-6a6c-464a-bf8e-fd2e897fe737	6	29882497	31318499	661	0.0707
696d23b9-6a6c-464a-bf8e-fd2e897fe737	6	31318528	31327629	6	-2.2975
696d23b9-6a6c-464a-bf8e-fd2e897fe737	6	31328176	32718419	603	0.0933
696d23b9-6a6c-464a-bf8e-fd2e897fe737	6	32720838	32723053	11	1.0842
696d23b9-6a6c-464a-bf8e-fd2e897fe737	6	32732907	33970966	755	0.0633
696d23b9-6a6c-464a-bf8e-fd2e897fe737	6	33974234	33974928	6	-1.6398
696d23b9-6a6c-464a-bf8e-fd2e897fe737	6	33976809	49687936	9987	0.0708
696d23b9-6a6c-464a-bf8e-fd2e897fe737	6	49692899	51660530	1169	-0.0003
696d23b9-6a6c-464a-bf8e-fd2e897fe737	6	51664186	52746586	747	0.0763
696d23b9-6a6c-464a-bf8e-fd2e897fe737	6	52749018	52799684	47	0.344
696d23b9-6a6c-464a-bf8e-fd2e897fe737	6	52800741	55101753	1607	0.0677
696d23b9-6a6c-464a-bf8e-fd2e897fe737	6	55101784	64627049	3572	0.0204
696d23b9-6a6c-464a-bf8e-fd2e897fe737	6	64637651	64639099	2	1.3433
696d23b9-6a6c-464a-bf8e-fd2e897fe737	6	64640883	66298393	1105	-0.0046
696d23b9-6a6c-464a-bf8e-fd2e897fe737	6	66299130	66338736	55	-3.5172
696d23b9-6a6c-464a-bf8e-fd2e897fe737	6	66339513	70314071	2732	-0.0102
696d23b9-6a6c-464a-bf8e-fd2e897fe737	6	70314490	71061597	417	0.0945
696d23b9-6a6c-464a-bf8e-fd2e897fe737	6	71061861	73111398	1388	-0.0205
696d23b9-6a6c-464a-bf8e-fd2e897fe737	6	73111470	73882085	461	0.0743
696d23b9-6a6c-464a-bf8e-fd2e897fe737	6	73882142	73882509	2	-0.4588
696d23b9-6a6c-464a-bf8e-fd2e897fe737	6	73882741	73891694	9	-2.9759
696d23b9-6a6c-464a-bf8e-fd2e897fe737	6	73893839	76305231	1472	0.0511
696d23b9-6a6c-464a-bf8e-fd2e897fe737	6	76307183	76307209	3	1.1495
696d23b9-6a6c-464a-bf8e-fd2e897fe737	6	76307276	76726815	296	0.0178
696d23b9-6a6c-464a-bf8e-fd2e897fe737	6	76730151	76733530	11	0.6019
696d23b9-6a6c-464a-bf8e-fd2e897fe737	6	76736482	78261980	990	0.0265
696d23b9-6a6c-464a-bf8e-fd2e897fe737	6	78261995	78317528	100	0.2765
696d23b9-6a6c-464a-bf8e-fd2e897fe737	6	78317580	89531720	7007	0.0356
696d23b9-6a6c-464a-bf8e-fd2e897fe737	6	89532475	94576204	3436	-0.0196
696d23b9-6a6c-464a-bf8e-fd2e897fe737	6	94581306	94582674	2	-1.5491
696d23b9-6a6c-464a-bf8e-fd2e897fe737	6	94585346	101737347	4128	0.0051
696d23b9-6a6c-464a-bf8e-fd2e897fe737	6	101737988	104317869	1589	-0.0486
696d23b9-6a6c-464a-bf8e-fd2e897fe737	6	104317947	154460578	32278	0.022
696d23b9-6a6c-464a-bf8e-fd2e897fe737	6	154467293	160881500	4182	0.0646
696d23b9-6a6c-464a-bf8e-fd2e897fe737	6	160884019	162028090	966	-0.0125
696d23b9-6a6c-464a-bf8e-fd2e897fe737	6	162030888	162272528	223	-1.1353
696d23b9-6a6c-464a-bf8e-fd2e897fe737	6	162281800	165026294	2077	-0.0181
696d23b9-6a6c-464a-bf8e-fd2e897fe737	6	165026420	170741917	3825	0.0552
696d23b9-6a6c-464a-bf8e-fd2e897fe737	7	43355	8711978	5009	0.6052
696d23b9-6a6c-464a-bf8e-fd2e897fe737	7	8712047	15769550	5684	0.5595
696d23b9-6a6c-464a-bf8e-fd2e897fe737	7	15771833	17872713	1708	0.6387
696d23b9-6a6c-464a-bf8e-fd2e897fe737	7	17873309	36806561	13885	0.5849
696d23b9-6a6c-464a-bf8e-fd2e897fe737	7	36808686	38251092	1085	0.5187
696d23b9-6a6c-464a-bf8e-fd2e897fe737	7	38251113	38347211	121	0.7424
696d23b9-6a6c-464a-bf8e-fd2e897fe737	7	38347842	40379276	1332	0.5606
696d23b9-6a6c-464a-bf8e-fd2e897fe737	7	40379371	40430707	30	0.7255
696d23b9-6a6c-464a-bf8e-fd2e897fe737	7	40433405	41457643	672	0.0502
696d23b9-6a6c-464a-bf8e-fd2e897fe737	7	41459675	45792467	2673	0.5724
696d23b9-6a6c-464a-bf8e-fd2e897fe737	7	45822404	48100540	1754	0.0637
696d23b9-6a6c-464a-bf8e-fd2e897fe737	7	48103355	50663476	1796	0.0093
696d23b9-6a6c-464a-bf8e-fd2e897fe737	7	50666460	52762462	1616	0.0667
696d23b9-6a6c-464a-bf8e-fd2e897fe737	7	52763164	56908389	2744	0.5608
696d23b9-6a6c-464a-bf8e-fd2e897fe737	7	56997653	57086717	10	-0.092
696d23b9-6a6c-464a-bf8e-fd2e897fe737	7	57088013	57607633	323	0.5653
696d23b9-6a6c-464a-bf8e-fd2e897fe737	7	57622983	57724789	40	0.0439
696d23b9-6a6c-464a-bf8e-fd2e897fe737	7	57730956	57847011	37	0.5851
696d23b9-6a6c-464a-bf8e-fd2e897fe737	7	57854679	62905324	138	-0.0291
696d23b9-6a6c-464a-bf8e-fd2e897fe737	7	62909455	62909456	2	-1.858
696d23b9-6a6c-464a-bf8e-fd2e897fe737	7	62924899	65796311	1095	0.0268
696d23b9-6a6c-464a-bf8e-fd2e897fe737	7	65799537	65818881	10	0.6604
696d23b9-6a6c-464a-bf8e-fd2e897fe737	7	65827971	67917454	927	0.0707
696d23b9-6a6c-464a-bf8e-fd2e897fe737	7	67919954	70008483	1333	0.0032
696d23b9-6a6c-464a-bf8e-fd2e897fe737	7	70011505	76514576	2743	0.069
696d23b9-6a6c-464a-bf8e-fd2e897fe737	7	76524031	76531991	5	1.2357
696d23b9-6a6c-464a-bf8e-fd2e897fe737	7	76532105	76895226	136	0.2074
696d23b9-6a6c-464a-bf8e-fd2e897fe737	7	76898030	83321111	4321	0.0357
696d23b9-6a6c-464a-bf8e-fd2e897fe737	7	83322578	83390716	51	0.5211
696d23b9-6a6c-464a-bf8e-fd2e897fe737	7	83390841	97381896	8776	0.0115
696d23b9-6a6c-464a-bf8e-fd2e897fe737	7	97382893	97756658	259	0.0755
696d23b9-6a6c-464a-bf8e-fd2e897fe737	7	97766148	97772647	10	0.8007
696d23b9-6a6c-464a-bf8e-fd2e897fe737	7	97772665	105742110	3926	0.0626
696d23b9-6a6c-464a-bf8e-fd2e897fe737	7	105742282	109793741	2683	0.026
696d23b9-6a6c-464a-bf8e-fd2e897fe737	7	109797035	109797717	16	-0.8076
696d23b9-6a6c-464a-bf8e-fd2e897fe737	7	109800860	109801155	8	0.5244
696d23b9-6a6c-464a-bf8e-fd2e897fe737	7	109801187	109813853	11	-2.2549
696d23b9-6a6c-464a-bf8e-fd2e897fe737	7	109813925	111209054	936	0.0137
696d23b9-6a6c-464a-bf8e-fd2e897fe737	7	111223820	111241583	23	0.4873
696d23b9-6a6c-464a-bf8e-fd2e897fe737	7	111241662	111252795	10	0.0033
696d23b9-6a6c-464a-bf8e-fd2e897fe737	7	111253518	116603566	3123	0.5703
696d23b9-6a6c-464a-bf8e-fd2e897fe737	7	116605587	118349822	1123	0.636
696d23b9-6a6c-464a-bf8e-fd2e897fe737	7	118351841	126405502	4818	0.5665
696d23b9-6a6c-464a-bf8e-fd2e897fe737	7	126405597	126406823	12	-0.7008
696d23b9-6a6c-464a-bf8e-fd2e897fe737	7	126406824	127273060	615	0.5894
696d23b9-6a6c-464a-bf8e-fd2e897fe737	7	127274647	134100424	4083	1.2598
696d23b9-6a6c-464a-bf8e-fd2e897fe737	7	134100442	134105690	24	1.8478
696d23b9-6a6c-464a-bf8e-fd2e897fe737	7	134110881	138131628	2794	1.2309
696d23b9-6a6c-464a-bf8e-fd2e897fe737	7	138131986	138132879	3	-0.3734
696d23b9-6a6c-464a-bf8e-fd2e897fe737	7	138138924	142092307	2441	1.2748
696d23b9-6a6c-464a-bf8e-fd2e897fe737	7	142099190	142489750	309	-0.805
696d23b9-6a6c-464a-bf8e-fd2e897fe737	7	142490440	142767091	124	-0.5424
696d23b9-6a6c-464a-bf8e-fd2e897fe737	7	142768623	143125117	232	-0.8428
696d23b9-6a6c-464a-bf8e-fd2e897fe737	7	143130861	144109525	491	1.3245
696d23b9-6a6c-464a-bf8e-fd2e897fe737	7	144110051	149882756	3549	-0.8591
696d23b9-6a6c-464a-bf8e-fd2e897fe737	7	149882859	155443766	3682	-0.79
696d23b9-6a6c-464a-bf8e-fd2e897fe737	7	155444395	155446326	2	-2.6269
696d23b9-6a6c-464a-bf8e-fd2e897fe737	7	155446527	156599096	829	-0.7778
696d23b9-6a6c-464a-bf8e-fd2e897fe737	7	156600474	156601485	3	-3.371
696d23b9-6a6c-464a-bf8e-fd2e897fe737	7	156602214	159334314	1620	-0.7916
696d23b9-6a6c-464a-bf8e-fd2e897fe737	8	81254	208062	4	0.3766
696d23b9-6a6c-464a-bf8e-fd2e897fe737	8	212672	1418902	892	-0.8421
696d23b9-6a6c-464a-bf8e-fd2e897fe737	8	1419196	1419436	2	-3.0094
696d23b9-6a6c-464a-bf8e-fd2e897fe737	8	1419522	2671006	948	-0.8085
696d23b9-6a6c-464a-bf8e-fd2e897fe737	8	2671237	2724938	47	-1.1384
696d23b9-6a6c-464a-bf8e-fd2e897fe737	8	2725131	2846377	151	-0.8038
696d23b9-6a6c-464a-bf8e-fd2e897fe737	8	2849649	2849674	3	-2.7047
696d23b9-6a6c-464a-bf8e-fd2e897fe737	8	2850590	5392909	3485	-0.8629
696d23b9-6a6c-464a-bf8e-fd2e897fe737	8	5393138	5393827	2	-2.9969
696d23b9-6a6c-464a-bf8e-fd2e897fe737	8	5394112	6204634	1067	-0.8652
696d23b9-6a6c-464a-bf8e-fd2e897fe737	8	6204854	6204949	3	0.7472
696d23b9-6a6c-464a-bf8e-fd2e897fe737	8	6205036	7087252	1084	-0.8014
696d23b9-6a6c-464a-bf8e-fd2e897fe737	8	7102311	8196822	92	-0.279
696d23b9-6a6c-464a-bf8e-fd2e897fe737	8	8197738	8528287	287	-0.768
696d23b9-6a6c-464a-bf8e-fd2e897fe737	8	8528640	8528932	4	-2.0751
696d23b9-6a6c-464a-bf8e-fd2e897fe737	8	8530797	12176798	2932	-0.8028
696d23b9-6a6c-464a-bf8e-fd2e897fe737	8	12177488	12496221	35	0.3064
696d23b9-6a6c-464a-bf8e-fd2e897fe737	8	12496252	12697234	39	-0.1809
696d23b9-6a6c-464a-bf8e-fd2e897fe737	8	12698533	13569284	804	-0.8035
696d23b9-6a6c-464a-bf8e-fd2e897fe737	8	13569323	16333090	2622	-0.8725
696d23b9-6a6c-464a-bf8e-fd2e897fe737	8	16335207	23938806	6102	-0.7865
696d23b9-6a6c-464a-bf8e-fd2e897fe737	8	23939039	23939562	2	-2.7528
696d23b9-6a6c-464a-bf8e-fd2e897fe737	8	23939885	25116928	830	-0.8285
696d23b9-6a6c-464a-bf8e-fd2e897fe737	8	25116961	25122039	13	-0.2386
696d23b9-6a6c-464a-bf8e-fd2e897fe737	8	25122389	25122472	7	-1.2265
696d23b9-6a6c-464a-bf8e-fd2e897fe737	8	25126554	25126735	5	0.2417
696d23b9-6a6c-464a-bf8e-fd2e897fe737	8	25126818	25715749	444	-0.7914
696d23b9-6a6c-464a-bf8e-fd2e897fe737	8	25723252	25730113	4	0.551
696d23b9-6a6c-464a-bf8e-fd2e897fe737	8	25730126	32821348	4974	-0.8035
696d23b9-6a6c-464a-bf8e-fd2e897fe737	8	32825580	32830895	8	0.0456
696d23b9-6a6c-464a-bf8e-fd2e897fe737	8	32834588	36655250	2103	-0.8439
696d23b9-6a6c-464a-bf8e-fd2e897fe737	8	36660324	37581304	612	-0.751
696d23b9-6a6c-464a-bf8e-fd2e897fe737	8	37592120	38107738	186	1.3523
696d23b9-6a6c-464a-bf8e-fd2e897fe737	8	38112562	39373140	672	0.6057
696d23b9-6a6c-464a-bf8e-fd2e897fe737	8	39378084	39529446	59	1.4222
696d23b9-6a6c-464a-bf8e-fd2e897fe737	8	39530780	40326278	590	0.6124
696d23b9-6a6c-464a-bf8e-fd2e897fe737	8	40326280	40331992	33	-1.0994
696d23b9-6a6c-464a-bf8e-fd2e897fe737	8	40335391	40914477	451	0.5859
696d23b9-6a6c-464a-bf8e-fd2e897fe737	8	40920333	40920952	2	-2.454
696d23b9-6a6c-464a-bf8e-fd2e897fe737	8	40926161	43231785	1328	0.5921
696d23b9-6a6c-464a-bf8e-fd2e897fe737	8	43233477	49701785	1920	0.0178
696d23b9-6a6c-464a-bf8e-fd2e897fe737	8	49705060	49791524	50	0.6666
696d23b9-6a6c-464a-bf8e-fd2e897fe737	8	49806777	50994970	751	-0.0024
696d23b9-6a6c-464a-bf8e-fd2e897fe737	8	50998664	51019388	18	0.4952
696d23b9-6a6c-464a-bf8e-fd2e897fe737	8	51022579	51027048	3	0.9592
696d23b9-6a6c-464a-bf8e-fd2e897fe737	8	51027386	53520213	1681	0.0458
696d23b9-6a6c-464a-bf8e-fd2e897fe737	8	53523944	53581900	48	0.545
696d23b9-6a6c-464a-bf8e-fd2e897fe737	8	53583117	53623431	29	0.0906
696d23b9-6a6c-464a-bf8e-fd2e897fe737	8	53625222	54073934	231	0.5763
696d23b9-6a6c-464a-bf8e-fd2e897fe737	8	54077184	54168629	38	-0.0561
696d23b9-6a6c-464a-bf8e-fd2e897fe737	8	54172222	54211977	20	0.4983
696d23b9-6a6c-464a-bf8e-fd2e897fe737	8	54216000	55166032	673	0.026
696d23b9-6a6c-464a-bf8e-fd2e897fe737	8	55166677	55526263	290	0.5621
696d23b9-6a6c-464a-bf8e-fd2e897fe737	8	55529439	56169183	384	0.062
696d23b9-6a6c-464a-bf8e-fd2e897fe737	8	56171275	56680466	304	0.5779
696d23b9-6a6c-464a-bf8e-fd2e897fe737	8	56682148	57296594	389	0.0145
696d23b9-6a6c-464a-bf8e-fd2e897fe737	8	57299222	59769633	1716	-0.0349
696d23b9-6a6c-464a-bf8e-fd2e897fe737	8	59770557	63014818	2217	0.0288
696d23b9-6a6c-464a-bf8e-fd2e897fe737	8	63017918	63051021	15	0.6048
696d23b9-6a6c-464a-bf8e-fd2e897fe737	8	63054342	63936034	464	0.0083
696d23b9-6a6c-464a-bf8e-fd2e897fe737	8	63936079	63937166	9	0.8937
696d23b9-6a6c-464a-bf8e-fd2e897fe737	8	63937386	66369653	1308	-0.0103
696d23b9-6a6c-464a-bf8e-fd2e897fe737	8	66371687	98533920	19480	0.562
696d23b9-6a6c-464a-bf8e-fd2e897fe737	8	98534453	98627820	39	0.0237
696d23b9-6a6c-464a-bf8e-fd2e897fe737	8	98632589	103348297	2798	0.5873
696d23b9-6a6c-464a-bf8e-fd2e897fe737	8	103349626	111279123	4725	0.5387
696d23b9-6a6c-464a-bf8e-fd2e897fe737	8	111279265	111283031	11	1.1805
696d23b9-6a6c-464a-bf8e-fd2e897fe737	8	111288052	116612244	3069	0.5197
696d23b9-6a6c-464a-bf8e-fd2e897fe737	8	116618444	128785468	8610	0.5823
696d23b9-6a6c-464a-bf8e-fd2e897fe737	8	128785868	138131668	7283	0.5584
696d23b9-6a6c-464a-bf8e-fd2e897fe737	8	138132671	139910045	1529	0.6032
696d23b9-6a6c-464a-bf8e-fd2e897fe737	8	139919861	140277893	275	0.089
696d23b9-6a6c-464a-bf8e-fd2e897fe737	8	140278670	145072769	2153	0.5952
696d23b9-6a6c-464a-bf8e-fd2e897fe737	9	46587	50463	3	-0.1285
696d23b9-6a6c-464a-bf8e-fd2e897fe737	9	60015	186364	13	0.6056
696d23b9-6a6c-464a-bf8e-fd2e897fe737	9	186580	4205924	4320	0.0426
696d23b9-6a6c-464a-bf8e-fd2e897fe737	9	4206015	4207457	8	-1.1495
696d23b9-6a6c-464a-bf8e-fd2e897fe737	9	4209574	4211701	3	-0.0303
696d23b9-6a6c-464a-bf8e-fd2e897fe737	9	4212282	4228550	26	0.7354
696d23b9-6a6c-464a-bf8e-fd2e897fe737	9	4228796	5081528	872	0.0407
696d23b9-6a6c-464a-bf8e-fd2e897fe737	9	5081541	5081766	6	0.9778
696d23b9-6a6c-464a-bf8e-fd2e897fe737	9	5081852	9334204	3655	0.0694
696d23b9-6a6c-464a-bf8e-fd2e897fe737	9	9335455	10541982	1174	-0.0054
696d23b9-6a6c-464a-bf8e-fd2e897fe737	9	10542045	10542197	2	-1.6922
696d23b9-6a6c-464a-bf8e-fd2e897fe737	9	10542221	11922642	1106	-0.0206
696d23b9-6a6c-464a-bf8e-fd2e897fe737	9	11922842	16430785	3709	0.0704
696d23b9-6a6c-464a-bf8e-fd2e897fe737	9	16431232	17442118	820	-0.0151
696d23b9-6a6c-464a-bf8e-fd2e897fe737	9	17447753	22492890	4125	0.0519
696d23b9-6a6c-464a-bf8e-fd2e897fe737	9	22501914	22502700	2	-3.6463
696d23b9-6a6c-464a-bf8e-fd2e897fe737	9	22509341	23366284	584	-0.0048
696d23b9-6a6c-464a-bf8e-fd2e897fe737	9	23367171	23373486	5	-0.8033
696d23b9-6a6c-464a-bf8e-fd2e897fe737	9	23378490	26313816	2108	-0.0016
696d23b9-6a6c-464a-bf8e-fd2e897fe737	9	26314390	27652396	1051	0.0677
696d23b9-6a6c-464a-bf8e-fd2e897fe737	9	27652542	32244236	3409	-0.0036
696d23b9-6a6c-464a-bf8e-fd2e897fe737	9	32245335	41533430	4260	0.0753
696d23b9-6a6c-464a-bf8e-fd2e897fe737	9	41569585	41666811	23	0.7185
696d23b9-6a6c-464a-bf8e-fd2e897fe737	9	41703463	60893611	89	0.1019
696d23b9-6a6c-464a-bf8e-fd2e897fe737	9	60894341	61629689	37	0.7152
696d23b9-6a6c-464a-bf8e-fd2e897fe737	9	61633080	69442400	1061	0.0812
696d23b9-6a6c-464a-bf8e-fd2e897fe737	9	69443090	69492925	52	0.0537
696d23b9-6a6c-464a-bf8e-fd2e897fe737	9	69493337	69493914	19	-0.3871
696d23b9-6a6c-464a-bf8e-fd2e897fe737	9	69495944	76160731	4654	0.0468
696d23b9-6a6c-464a-bf8e-fd2e897fe737	9	76161725	77202869	955	0.119
696d23b9-6a6c-464a-bf8e-fd2e897fe737	9	77206748	79208451	1329	0.0419
696d23b9-6a6c-464a-bf8e-fd2e897fe737	9	79208917	80629103	1071	-0.0229
696d23b9-6a6c-464a-bf8e-fd2e897fe737	9	80629221	89483456	6192	0.0382
696d23b9-6a6c-464a-bf8e-fd2e897fe737	9	89485451	97846948	5556	0.0748
696d23b9-6a6c-464a-bf8e-fd2e897fe737	9	97847484	106490445	6083	0.0292
696d23b9-6a6c-464a-bf8e-fd2e897fe737	9	106490889	109830848	2769	0.1008
696d23b9-6a6c-464a-bf8e-fd2e897fe737	9	109834682	113190098	2475	0.053
696d23b9-6a6c-464a-bf8e-fd2e897fe737	9	113192583	115363986	1616	0.1018
696d23b9-6a6c-464a-bf8e-fd2e897fe737	9	115364518	121508607	4873	0.0476
696d23b9-6a6c-464a-bf8e-fd2e897fe737	9	121508783	124285295	1771	0.1018
696d23b9-6a6c-464a-bf8e-fd2e897fe737	9	124288265	124289343	2	1.5418
696d23b9-6a6c-464a-bf8e-fd2e897fe737	9	124290224	135298663	6499	0.0939
696d23b9-6a6c-464a-bf8e-fd2e897fe737	9	135303574	135305673	2	-1.5535
696d23b9-6a6c-464a-bf8e-fd2e897fe737	9	135307422	138061095	1010	0.0959
696d23b9-6a6c-464a-bf8e-fd2e897fe737	9	138061886	138200944	110	-0.0076
696d23b9-6a6c-464a-bf8e-fd2e897fe737	10	45792	4248622	3577	0.0632
696d23b9-6a6c-464a-bf8e-fd2e897fe737	10	4248646	4248732	2	1.884
696d23b9-6a6c-464a-bf8e-fd2e897fe737	10	4248824	4403551	212	0.0514
696d23b9-6a6c-464a-bf8e-fd2e897fe737	10	4404570	6023648	1295	0.1075
696d23b9-6a6c-464a-bf8e-fd2e897fe737	10	6024319	11161852	4486	0.03
696d23b9-6a6c-464a-bf8e-fd2e897fe737	10	11163756	13889858	2150	0.0875
696d23b9-6a6c-464a-bf8e-fd2e897fe737	10	13892839	14767900	866	0.0196
696d23b9-6a6c-464a-bf8e-fd2e897fe737	10	14770115	15692238	674	0.1004
696d23b9-6a6c-464a-bf8e-fd2e897fe737	10	15692375	18963196	2429	0.0288
696d23b9-6a6c-464a-bf8e-fd2e897fe737	10	18964092	20506538	1270	-0.0127
696d23b9-6a6c-464a-bf8e-fd2e897fe737	10	20506868	29590302	6191	0.0469
696d23b9-6a6c-464a-bf8e-fd2e897fe737	10	29592474	29595157	5	-1.0401
696d23b9-6a6c-464a-bf8e-fd2e897fe737	10	29595718	42157337	5941	0.0477
696d23b9-6a6c-464a-bf8e-fd2e897fe737	10	42159354	42358241	35	0.3726
696d23b9-6a6c-464a-bf8e-fd2e897fe737	10	42358254	43108430	502	0.0678
696d23b9-6a6c-464a-bf8e-fd2e897fe737	10	43108478	43118759	23	-0.3689
696d23b9-6a6c-464a-bf8e-fd2e897fe737	10	43118900	46657149	2064	0.0318
696d23b9-6a6c-464a-bf8e-fd2e897fe737	10	46693480	46836986	10	0.7215
696d23b9-6a6c-464a-bf8e-fd2e897fe737	10	46898735	46901552	2	2.6065
696d23b9-6a6c-464a-bf8e-fd2e897fe737	10	46967412	47559596	287	0.0508
696d23b9-6a6c-464a-bf8e-fd2e897fe737	10	47622159	47680348	4	-1.4042
696d23b9-6a6c-464a-bf8e-fd2e897fe737	10	47684886	53645936	4041	0.0478
696d23b9-6a6c-464a-bf8e-fd2e897fe737	10	53646216	57205864	2596	-0.0149
696d23b9-6a6c-464a-bf8e-fd2e897fe737	10	57206911	65546518	5759	0.0451
696d23b9-6a6c-464a-bf8e-fd2e897fe737	10	65548165	65554688	28	-1.6178
696d23b9-6a6c-464a-bf8e-fd2e897fe737	10	65563037	76493093	6785	0.0602
696d23b9-6a6c-464a-bf8e-fd2e897fe737	10	76497303	76497852	2	1.7156
696d23b9-6a6c-464a-bf8e-fd2e897fe737	10	76501509	81385763	3480	0.0627
696d23b9-6a6c-464a-bf8e-fd2e897fe737	10	81387712	83414393	1561	0.0029
696d23b9-6a6c-464a-bf8e-fd2e897fe737	10	83414638	105011949	13618	0.0577
696d23b9-6a6c-464a-bf8e-fd2e897fe737	10	105012134	108948002	2989	-0.0082
696d23b9-6a6c-464a-bf8e-fd2e897fe737	10	108948067	115453507	4437	0.0766
696d23b9-6a6c-464a-bf8e-fd2e897fe737	10	115456913	118296258	2045	0.0337
696d23b9-6a6c-464a-bf8e-fd2e897fe737	10	118297200	122818080	3573	0.0826
696d23b9-6a6c-464a-bf8e-fd2e897fe737	10	122818241	122818365	2	-2.888
696d23b9-6a6c-464a-bf8e-fd2e897fe737	10	122819819	129205356	4763	0.0749
696d23b9-6a6c-464a-bf8e-fd2e897fe737	10	129205478	131836343	2139	0.0141
696d23b9-6a6c-464a-bf8e-fd2e897fe737	10	131836424	133654968	833	0.0569
696d23b9-6a6c-464a-bf8e-fd2e897fe737	11	198510	4946420	2419	0.0833
696d23b9-6a6c-464a-bf8e-fd2e897fe737	11	4947280	4955027	29	-1.723
696d23b9-6a6c-464a-bf8e-fd2e897fe737	11	4955042	5500945	541	0.0158
696d23b9-6a6c-464a-bf8e-fd2e897fe737	11	5500967	5501334	4	-2.0786
696d23b9-6a6c-464a-bf8e-fd2e897fe737	11	5502363	18919309	9680	0.0665
696d23b9-6a6c-464a-bf8e-fd2e897fe737	11	18919323	18939749	38	0.4877
696d23b9-6a6c-464a-bf8e-fd2e897fe737	11	18939837	20359791	1306	0.0764
696d23b9-6a6c-464a-bf8e-fd2e897fe737	11	20361816	20582027	162	0.0109
696d23b9-6a6c-464a-bf8e-fd2e897fe737	11	20583294	20584437	4	-1.2328
696d23b9-6a6c-464a-bf8e-fd2e897fe737	11	20584911	21172749	579	0.0207
696d23b9-6a6c-464a-bf8e-fd2e897fe737	11	21174130	21174634	3	-1.2338
696d23b9-6a6c-464a-bf8e-fd2e897fe737	11	21174689	26573092	4026	0.0023
696d23b9-6a6c-464a-bf8e-fd2e897fe737	11	26574480	28099439	1005	0.0851
696d23b9-6a6c-464a-bf8e-fd2e897fe737	11	28101969	28950889	469	0.0212
696d23b9-6a6c-464a-bf8e-fd2e897fe737	11	28951622	29041395	65	-0.3299
696d23b9-6a6c-464a-bf8e-fd2e897fe737	11	29045466	31829323	1692	-0.0072
696d23b9-6a6c-464a-bf8e-fd2e897fe737	11	31831237	37106099	4116	0.0663
696d23b9-6a6c-464a-bf8e-fd2e897fe737	11	37106251	42966689	3903	-0.0028
696d23b9-6a6c-464a-bf8e-fd2e897fe737	11	42972749	49737304	3712	0.0641
696d23b9-6a6c-464a-bf8e-fd2e897fe737	11	49738003	49739136	6	-0.8753
696d23b9-6a6c-464a-bf8e-fd2e897fe737	11	49744609	55609178	735	0.052
696d23b9-6a6c-464a-bf8e-fd2e897fe737	11	55609186	55667651	32	0.4945
696d23b9-6a6c-464a-bf8e-fd2e897fe737	11	55670243	55810310	107	0.0209
696d23b9-6a6c-464a-bf8e-fd2e897fe737	11	55815340	55836092	19	-0.3755
696d23b9-6a6c-464a-bf8e-fd2e897fe737	11	55836215	67705434	6113	0.0556
696d23b9-6a6c-464a-bf8e-fd2e897fe737	11	67708130	71659485	2093	0.1102
696d23b9-6a6c-464a-bf8e-fd2e897fe737	11	71659754	71712588	15	0.5295
696d23b9-6a6c-464a-bf8e-fd2e897fe737	11	71713405	71868415	48	0.1329
696d23b9-6a6c-464a-bf8e-fd2e897fe737	11	71869045	79154617	4003	0.0611
696d23b9-6a6c-464a-bf8e-fd2e897fe737	11	79154769	81792426	2191	0.0169
696d23b9-6a6c-464a-bf8e-fd2e897fe737	11	81792950	81806116	10	-0.9676
696d23b9-6a6c-464a-bf8e-fd2e897fe737	11	81811590	103689772	15281	0.0267
696d23b9-6a6c-464a-bf8e-fd2e897fe737	11	103690252	103692044	4	-0.8904
696d23b9-6a6c-464a-bf8e-fd2e897fe737	11	103697163	104749484	756	-0.0561
696d23b9-6a6c-464a-bf8e-fd2e897fe737	11	104751258	110879178	3948	0.0177
696d23b9-6a6c-464a-bf8e-fd2e897fe737	11	110882292	121630018	7577	0.073
696d23b9-6a6c-464a-bf8e-fd2e897fe737	11	121630027	128775162	5440	0.0253
696d23b9-6a6c-464a-bf8e-fd2e897fe737	11	128775441	131334995	1757	0.0896
696d23b9-6a6c-464a-bf8e-fd2e897fe737	11	131335043	135074876	2955	0.0113
696d23b9-6a6c-464a-bf8e-fd2e897fe737	12	51460	8289689	5561	0.069
696d23b9-6a6c-464a-bf8e-fd2e897fe737	12	8296516	8296621	2	2.1547
696d23b9-6a6c-464a-bf8e-fd2e897fe737	12	8300870	11078856	1677	0.0346
696d23b9-6a6c-464a-bf8e-fd2e897fe737	12	11080319	11088933	5	-1.8065
696d23b9-6a6c-464a-bf8e-fd2e897fe737	12	11099275	18569435	5103	0.0704
696d23b9-6a6c-464a-bf8e-fd2e897fe737	12	18570817	18571622	2	-1.5683
696d23b9-6a6c-464a-bf8e-fd2e897fe737	12	18573364	20265797	1136	0.0651
696d23b9-6a6c-464a-bf8e-fd2e897fe737	12	20266797	25492303	3704	0.0103
696d23b9-6a6c-464a-bf8e-fd2e897fe737	12	25492430	27493053	1414	0.0591
696d23b9-6a6c-464a-bf8e-fd2e897fe737	12	27493059	27498429	29	-0.8509
696d23b9-6a6c-464a-bf8e-fd2e897fe737	12	27504228	33141710	4151	0.0462
696d23b9-6a6c-464a-bf8e-fd2e897fe737	12	33141726	33154031	26	-0.691
696d23b9-6a6c-464a-bf8e-fd2e897fe737	12	33154144	33232895	46	-0.0304
696d23b9-6a6c-464a-bf8e-fd2e897fe737	12	33233822	33242483	6	-0.8964
696d23b9-6a6c-464a-bf8e-fd2e897fe737	12	33246118	46903749	6322	0.0139
696d23b9-6a6c-464a-bf8e-fd2e897fe737	12	46904183	59248498	7163	0.0664
696d23b9-6a6c-464a-bf8e-fd2e897fe737	12	59249698	68760225	6059	0.0199
696d23b9-6a6c-464a-bf8e-fd2e897fe737	12	68763769	69067493	222	0.0949
696d23b9-6a6c-464a-bf8e-fd2e897fe737	12	69067550	69070521	2	-0.9874
696d23b9-6a6c-464a-bf8e-fd2e897fe737	12	69073161	70478895	939	0.0759
696d23b9-6a6c-464a-bf8e-fd2e897fe737	12	70482534	70484203	7	-0.6641
696d23b9-6a6c-464a-bf8e-fd2e897fe737	12	70484247	72129768	1095	0.0957
696d23b9-6a6c-464a-bf8e-fd2e897fe737	12	72132758	90089573	10968	0.0257
696d23b9-6a6c-464a-bf8e-fd2e897fe737	12	90097892	90098297	7	-1.5853
696d23b9-6a6c-464a-bf8e-fd2e897fe737	12	90099780	102964725	8670	0.0314
696d23b9-6a6c-464a-bf8e-fd2e897fe737	12	102964887	111684066	5688	0.0575
696d23b9-6a6c-464a-bf8e-fd2e897fe737	12	111685480	111685760	2	-1.6295
696d23b9-6a6c-464a-bf8e-fd2e897fe737	12	111687600	126382640	9678	0.0684
696d23b9-6a6c-464a-bf8e-fd2e897fe737	12	126383870	130700505	3846	0.0217
696d23b9-6a6c-464a-bf8e-fd2e897fe737	12	130701687	132139078	959	0.0952
696d23b9-6a6c-464a-bf8e-fd2e897fe737	12	132174598	133201603	351	-0.0171
696d23b9-6a6c-464a-bf8e-fd2e897fe737	13	18452809	33614126	10796	0.0529
696d23b9-6a6c-464a-bf8e-fd2e897fe737	13	33618652	33619239	4	-1.3079
696d23b9-6a6c-464a-bf8e-fd2e897fe737	13	33623167	37496998	2682	0.0024
696d23b9-6a6c-464a-bf8e-fd2e897fe737	13	37497899	37510620	16	-2.285
696d23b9-6a6c-464a-bf8e-fd2e897fe737	13	37514193	38841283	956	0.0019
696d23b9-6a6c-464a-bf8e-fd2e897fe737	13	38842022	53150690	9317	0.0498
696d23b9-6a6c-464a-bf8e-fd2e897fe737	13	53153337	57139102	2243	-0.0019
696d23b9-6a6c-464a-bf8e-fd2e897fe737	13	57139232	57202435	41	0.3381
696d23b9-6a6c-464a-bf8e-fd2e897fe737	13	57204234	64708530	4441	0.0025
696d23b9-6a6c-464a-bf8e-fd2e897fe737	13	64726321	64825923	79	0.6203
696d23b9-6a6c-464a-bf8e-fd2e897fe737	13	64834295	71078690	3994	-0.0184
696d23b9-6a6c-464a-bf8e-fd2e897fe737	13	71082898	76180519	3676	0.0611
696d23b9-6a6c-464a-bf8e-fd2e897fe737	13	76187051	78971378	1864	0.002
696d23b9-6a6c-464a-bf8e-fd2e897fe737	13	78972844	81473362	1581	0.0589
696d23b9-6a6c-464a-bf8e-fd2e897fe737	13	81474633	87423382	3597	0.0111
696d23b9-6a6c-464a-bf8e-fd2e897fe737	13	87428721	87430128	2	-1.4705
696d23b9-6a6c-464a-bf8e-fd2e897fe737	13	87430178	89983186	1536	-0.0273
696d23b9-6a6c-464a-bf8e-fd2e897fe737	13	89983858	90303847	196	0.0646
696d23b9-6a6c-464a-bf8e-fd2e897fe737	13	90308965	90309443	2	-0.9578
696d23b9-6a6c-464a-bf8e-fd2e897fe737	13	90313674	91663903	860	0.0413
696d23b9-6a6c-464a-bf8e-fd2e897fe737	13	91664326	95221731	2537	-0.0087
696d23b9-6a6c-464a-bf8e-fd2e897fe737	13	95222702	100793335	3517	0.076
696d23b9-6a6c-464a-bf8e-fd2e897fe737	13	100793944	105326596	3781	0.0173
696d23b9-6a6c-464a-bf8e-fd2e897fe737	13	105326788	114342922	6435	0.0797
696d23b9-6a6c-464a-bf8e-fd2e897fe737	14	18239283	19049265	31	0.1057
696d23b9-6a6c-464a-bf8e-fd2e897fe737	14	19078442	19955213	136	0.8486
696d23b9-6a6c-464a-bf8e-fd2e897fe737	14	19956767	22111868	1505	0.0816
696d23b9-6a6c-464a-bf8e-fd2e897fe737	14	22112617	22509777	365	0.2419
696d23b9-6a6c-464a-bf8e-fd2e897fe737	14	22509792	25587907	1937	0.0841
696d23b9-6a6c-464a-bf8e-fd2e897fe737	14	25595417	30120704	2717	-0.0018
696d23b9-6a6c-464a-bf8e-fd2e897fe737	14	30125451	40138945	6348	0.0596
696d23b9-6a6c-464a-bf8e-fd2e897fe737	14	40139120	53282900	8045	0.0122
696d23b9-6a6c-464a-bf8e-fd2e897fe737	14	53287114	78922070	16708	0.0584
696d23b9-6a6c-464a-bf8e-fd2e897fe737	14	78922299	90282543	7519	0.0036
696d23b9-6a6c-464a-bf8e-fd2e897fe737	14	90290789	106258891	9790	0.0746
696d23b9-6a6c-464a-bf8e-fd2e897fe737	14	106260759	106266163	5	1.0212
696d23b9-6a6c-464a-bf8e-fd2e897fe737	14	106266761	106340774	32	0.0083
696d23b9-6a6c-464a-bf8e-fd2e897fe737	14	106345431	106346129	4	-2.2485
696d23b9-6a6c-464a-bf8e-fd2e897fe737	14	106360014	106434898	36	-0.0789
696d23b9-6a6c-464a-bf8e-fd2e897fe737	14	106437363	106475361	45	0.2865
696d23b9-6a6c-464a-bf8e-fd2e897fe737	14	106487515	106769689	122	-0.0772
696d23b9-6a6c-464a-bf8e-fd2e897fe737	14	106770215	106770361	3	-2.2004
696d23b9-6a6c-464a-bf8e-fd2e897fe737	14	106775945	106877229	68	0.0253
696d23b9-6a6c-464a-bf8e-fd2e897fe737	15	19811075	20327364	73	0.2082
696d23b9-6a6c-464a-bf8e-fd2e897fe737	15	20336727	20373168	14	-0.4766
696d23b9-6a6c-464a-bf8e-fd2e897fe737	15	20376198	20376311	7	0.6933
696d23b9-6a6c-464a-bf8e-fd2e897fe737	15	20380735	20441322	36	-0.4574
696d23b9-6a6c-464a-bf8e-fd2e897fe737	15	20441432	22005276	49	-0.0067
696d23b9-6a6c-464a-bf8e-fd2e897fe737	15	22227530	22299523	26	-0.7406
696d23b9-6a6c-464a-bf8e-fd2e897fe737	15	22385639	26315045	2357	0.0417
696d23b9-6a6c-464a-bf8e-fd2e897fe737	15	26317005	26318009	2	-4.5649
696d23b9-6a6c-464a-bf8e-fd2e897fe737	15	26318441	28683597	1426	0.0339
696d23b9-6a6c-464a-bf8e-fd2e897fe737	15	28684558	28720086	13	0.6389
696d23b9-6a6c-464a-bf8e-fd2e897fe737	15	28724138	30253522	837	0.0138
696d23b9-6a6c-464a-bf8e-fd2e897fe737	15	30259942	30269364	2	-1.7381
696d23b9-6a6c-464a-bf8e-fd2e897fe737	15	30281107	31385388	482	0.1096
696d23b9-6a6c-464a-bf8e-fd2e897fe737	15	31387813	32323432	602	0.6121
696d23b9-6a6c-464a-bf8e-fd2e897fe737	15	32339520	32355957	2	-1.0417
696d23b9-6a6c-464a-bf8e-fd2e897fe737	15	32356531	35475086	2188	0.6071
696d23b9-6a6c-464a-bf8e-fd2e897fe737	15	35475511	36356129	632	0.0417
696d23b9-6a6c-464a-bf8e-fd2e897fe737	15	36357119	37419764	764	-0.7856
696d23b9-6a6c-464a-bf8e-fd2e897fe737	15	37423871	38159415	480	0.0883
696d23b9-6a6c-464a-bf8e-fd2e897fe737	15	38164823	38679299	343	-0.7573
696d23b9-6a6c-464a-bf8e-fd2e897fe737	15	38685066	40878934	1524	0.0893
696d23b9-6a6c-464a-bf8e-fd2e897fe737	15	40880733	41406696	206	0.6199
696d23b9-6a6c-464a-bf8e-fd2e897fe737	15	41406923	41550701	59	0.0427
696d23b9-6a6c-464a-bf8e-fd2e897fe737	15	41553819	41629712	40	0.611
696d23b9-6a6c-464a-bf8e-fd2e897fe737	15	41630081	46126158	2221	0.0919
696d23b9-6a6c-464a-bf8e-fd2e897fe737	15	46129016	55724322	6291	0.047
696d23b9-6a6c-464a-bf8e-fd2e897fe737	15	55724964	56129330	241	0.0914
696d23b9-6a6c-464a-bf8e-fd2e897fe737	15	56132612	60455364	3022	-0.7719
696d23b9-6a6c-464a-bf8e-fd2e897fe737	15	60459488	60459577	2	-2.6572
696d23b9-6a6c-464a-bf8e-fd2e897fe737	15	60467423	61019519	484	-0.786
696d23b9-6a6c-464a-bf8e-fd2e897fe737	15	61019766	61020084	4	-1.8588
696d23b9-6a6c-464a-bf8e-fd2e897fe737	15	61020363	63383242	1902	-0.7875
696d23b9-6a6c-464a-bf8e-fd2e897fe737	15	63385304	63630553	146	0.1075
696d23b9-6a6c-464a-bf8e-fd2e897fe737	15	63632869	63639415	4	-1.6261
696d23b9-6a6c-464a-bf8e-fd2e897fe737	15	63642657	65648460	935	0.0674
696d23b9-6a6c-464a-bf8e-fd2e897fe737	15	65658190	67119711	1044	-0.7673
696d23b9-6a6c-464a-bf8e-fd2e897fe737	15	67120717	67131220	9	0.0668
696d23b9-6a6c-464a-bf8e-fd2e897fe737	15	67133118	67159436	27	-0.6837
696d23b9-6a6c-464a-bf8e-fd2e897fe737	15	67161551	67166592	4	-1.448
696d23b9-6a6c-464a-bf8e-fd2e897fe737	15	67167603	67203317	25	-0.7873
696d23b9-6a6c-464a-bf8e-fd2e897fe737	15	67206895	69026088	1128	0.0942
696d23b9-6a6c-464a-bf8e-fd2e897fe737	15	69026399	69051891	13	-0.2869
696d23b9-6a6c-464a-bf8e-fd2e897fe737	15	69054318	69079076	14	0.104
696d23b9-6a6c-464a-bf8e-fd2e897fe737	15	69082724	69333988	139	-0.7337
696d23b9-6a6c-464a-bf8e-fd2e897fe737	15	69337483	75017004	3410	0.0968
696d23b9-6a6c-464a-bf8e-fd2e897fe737	15	75020411	76599170	681	-0.7331
696d23b9-6a6c-464a-bf8e-fd2e897fe737	15	76599286	76602857	12	-2.6733
696d23b9-6a6c-464a-bf8e-fd2e897fe737	15	76603003	78368259	890	-0.7298
696d23b9-6a6c-464a-bf8e-fd2e897fe737	15	78368317	91957842	8967	0.0731
696d23b9-6a6c-464a-bf8e-fd2e897fe737	15	91961997	92909067	937	-0.7591
696d23b9-6a6c-464a-bf8e-fd2e897fe737	15	92910935	93425153	468	0.0769
696d23b9-6a6c-464a-bf8e-fd2e897fe737	15	93426467	93426666	2	-1.5582
696d23b9-6a6c-464a-bf8e-fd2e897fe737	15	93426720	97251091	2905	0.0558
696d23b9-6a6c-464a-bf8e-fd2e897fe737	15	97255171	97288957	19	-0.5906
696d23b9-6a6c-464a-bf8e-fd2e897fe737	15	97290419	98643750	1025	0.1009
696d23b9-6a6c-464a-bf8e-fd2e897fe737	15	98654662	101657784	2260	-0.7925
696d23b9-6a6c-464a-bf8e-fd2e897fe737	15	101659094	101928837	136	2.0689
696d23b9-6a6c-464a-bf8e-fd2e897fe737	16	10777	12016	3	0.592
696d23b9-6a6c-464a-bf8e-fd2e897fe737	16	35827	91661	38	-0.8544
696d23b9-6a6c-464a-bf8e-fd2e897fe737	16	93140	215826	74	-0.5611
696d23b9-6a6c-464a-bf8e-fd2e897fe737	16	216579	357844	62	-0.8922
696d23b9-6a6c-464a-bf8e-fd2e897fe737	16	364608	454658	24	0.284
696d23b9-6a6c-464a-bf8e-fd2e897fe737	16	457904	1532305	296	0.6371
696d23b9-6a6c-464a-bf8e-fd2e897fe737	16	1535114	2862082	478	0.1013
696d23b9-6a6c-464a-bf8e-fd2e897fe737	16	2866093	3801224	462	0.5951
696d23b9-6a6c-464a-bf8e-fd2e897fe737	16	3802433	3802528	2	-0.6038
696d23b9-6a6c-464a-bf8e-fd2e897fe737	16	3805649	4356894	354	0.6015
696d23b9-6a6c-464a-bf8e-fd2e897fe737	16	4365321	4435985	24	0.1257
696d23b9-6a6c-464a-bf8e-fd2e897fe737	16	4437452	4499672	49	0.5993
696d23b9-6a6c-464a-bf8e-fd2e897fe737	16	4501829	5446372	606	0.1053
696d23b9-6a6c-464a-bf8e-fd2e897fe737	16	5446782	5460605	17	-0.7829
696d23b9-6a6c-464a-bf8e-fd2e897fe737	16	5466061	5824428	463	0.0861
696d23b9-6a6c-464a-bf8e-fd2e897fe737	16	5824638	5949017	134	0.5843
696d23b9-6a6c-464a-bf8e-fd2e897fe737	16	5955852	6082522	147	0.1024
696d23b9-6a6c-464a-bf8e-fd2e897fe737	16	6082597	6561882	586	0.5994
696d23b9-6a6c-464a-bf8e-fd2e897fe737	16	6562736	6594323	42	0.0801
696d23b9-6a6c-464a-bf8e-fd2e897fe737	16	6596539	6606785	27	0.4865
696d23b9-6a6c-464a-bf8e-fd2e897fe737	16	6608311	6628353	36	0.0273
696d23b9-6a6c-464a-bf8e-fd2e897fe737	16	6630425	6861440	309	-0.8519
696d23b9-6a6c-464a-bf8e-fd2e897fe737	16	6864357	7237001	476	0.0279
696d23b9-6a6c-464a-bf8e-fd2e897fe737	16	7237579	7275577	60	0.5163
696d23b9-6a6c-464a-bf8e-fd2e897fe737	16	7275682	7739609	592	0.0742
696d23b9-6a6c-464a-bf8e-fd2e897fe737	16	7741217	8078628	340	0.6026
696d23b9-6a6c-464a-bf8e-fd2e897fe737	16	8081263	9914596	1655	0.1046
696d23b9-6a6c-464a-bf8e-fd2e897fe737	16	9919897	11980473	1584	0.5943
696d23b9-6a6c-464a-bf8e-fd2e897fe737	16	11983651	35225338	11227	0.0791
696d23b9-6a6c-464a-bf8e-fd2e897fe737	16	35232200	35522700	168	1.0206
696d23b9-6a6c-464a-bf8e-fd2e897fe737	16	35526596	55762682	6603	0.0593
696d23b9-6a6c-464a-bf8e-fd2e897fe737	16	55764310	55775554	10	1.62
696d23b9-6a6c-464a-bf8e-fd2e897fe737	16	55776109	59684579	2432	0.0778
696d23b9-6a6c-464a-bf8e-fd2e897fe737	16	59684853	65340215	3768	0.0088
696d23b9-6a6c-464a-bf8e-fd2e897fe737	16	65341341	76095806	5917	0.087
696d23b9-6a6c-464a-bf8e-fd2e897fe737	16	76099950	78337711	2170	0.0243
696d23b9-6a6c-464a-bf8e-fd2e897fe737	16	78338543	78350868	16	1.019
696d23b9-6a6c-464a-bf8e-fd2e897fe737	16	78351104	79947232	2000	-0.0036
696d23b9-6a6c-464a-bf8e-fd2e897fe737	16	79947818	85893473	5797	0.0869
696d23b9-6a6c-464a-bf8e-fd2e897fe737	16	85898526	85899432	2	-1.5362
696d23b9-6a6c-464a-bf8e-fd2e897fe737	16	85902191	88450102	2125	0.1114
696d23b9-6a6c-464a-bf8e-fd2e897fe737	16	88450360	90096867	687	0.0316
696d23b9-6a6c-464a-bf8e-fd2e897fe737	17	150733	7736431	4255	-0.6906
696d23b9-6a6c-464a-bf8e-fd2e897fe737	17	7741014	7753007	3	-2.881
696d23b9-6a6c-464a-bf8e-fd2e897fe737	17	7758490	8908332	650	-0.6973
696d23b9-6a6c-464a-bf8e-fd2e897fe737	17	8910238	18074612	6268	-0.7758
696d23b9-6a6c-464a-bf8e-fd2e897fe737	17	18075484	18455635	205	-0.6894
696d23b9-6a6c-464a-bf8e-fd2e897fe737	17	18458372	18592992	27	-0.0467
696d23b9-6a6c-464a-bf8e-fd2e897fe737	17	18593989	19598642	359	-0.7297
696d23b9-6a6c-464a-bf8e-fd2e897fe737	17	19598657	19635134	27	-2.9795
696d23b9-6a6c-464a-bf8e-fd2e897fe737	17	19635445	22375149	944	-0.7358
696d23b9-6a6c-464a-bf8e-fd2e897fe737	17	22410509	28287993	858	0.0686
696d23b9-6a6c-464a-bf8e-fd2e897fe737	17	28293068	28796798	195	-0.7004
696d23b9-6a6c-464a-bf8e-fd2e897fe737	17	28805609	29640696	378	0.0637
696d23b9-6a6c-464a-bf8e-fd2e897fe737	17	29649718	33280435	1862	-0.7439
696d23b9-6a6c-464a-bf8e-fd2e897fe737	17	33280852	33982151	680	0.0988
696d23b9-6a6c-464a-bf8e-fd2e897fe737	17	33982634	33984028	3	-1.0594
696d23b9-6a6c-464a-bf8e-fd2e897fe737	17	33985113	36124527	1537	0.0692
696d23b9-6a6c-464a-bf8e-fd2e897fe737	17	36128189	36466633	30	-0.3053
696d23b9-6a6c-464a-bf8e-fd2e897fe737	17	36466660	37714971	864	0.0518
696d23b9-6a6c-464a-bf8e-fd2e897fe737	17	37715665	41266901	1662	-0.7414
696d23b9-6a6c-464a-bf8e-fd2e897fe737	17	41266958	41267234	6	-1.8317
696d23b9-6a6c-464a-bf8e-fd2e897fe737	17	41271598	42002759	486	-0.7309
696d23b9-6a6c-464a-bf8e-fd2e897fe737	17	42003449	43340919	622	0.0693
696d23b9-6a6c-464a-bf8e-fd2e897fe737	17	43340966	43361222	8	-0.8226
696d23b9-6a6c-464a-bf8e-fd2e897fe737	17	43362318	43367777	4	-2.5848
696d23b9-6a6c-464a-bf8e-fd2e897fe737	17	43368147	46136346	1420	-0.7375
696d23b9-6a6c-464a-bf8e-fd2e897fe737	17	46136800	46323701	88	-0.3552
696d23b9-6a6c-464a-bf8e-fd2e897fe737	17	46351954	48630445	999	-0.7483
696d23b9-6a6c-464a-bf8e-fd2e897fe737	17	48639345	52050764	1967	0.0716
696d23b9-6a6c-464a-bf8e-fd2e897fe737	17	52052439	54753045	1760	0.0045
696d23b9-6a6c-464a-bf8e-fd2e897fe737	17	54753712	57298228	2036	0.078
696d23b9-6a6c-464a-bf8e-fd2e897fe737	17	57300559	57887473	469	-0.794
696d23b9-6a6c-464a-bf8e-fd2e897fe737	17	57890976	57917599	19	1.9056
696d23b9-6a6c-464a-bf8e-fd2e897fe737	17	57920798	59804741	900	0.0661
696d23b9-6a6c-464a-bf8e-fd2e897fe737	17	59812385	63547188	1774	-0.7473
696d23b9-6a6c-464a-bf8e-fd2e897fe737	17	63552331	64772394	581	0.0525
696d23b9-6a6c-464a-bf8e-fd2e897fe737	17	64787495	64867438	12	-0.7251
696d23b9-6a6c-464a-bf8e-fd2e897fe737	17	64929599	64952455	10	-0.117
696d23b9-6a6c-464a-bf8e-fd2e897fe737	17	64952808	65288348	235	-0.7949
696d23b9-6a6c-464a-bf8e-fd2e897fe737	17	65290470	65292970	6	0.705
696d23b9-6a6c-464a-bf8e-fd2e897fe737	17	65297521	65373041	52	-0.8045
696d23b9-6a6c-464a-bf8e-fd2e897fe737	17	65374057	65681521	202	2.0592
696d23b9-6a6c-464a-bf8e-fd2e897fe737	17	65682717	68041227	1513	1.7377
696d23b9-6a6c-464a-bf8e-fd2e897fe737	17	68062805	70651025	1743	2.2329
696d23b9-6a6c-464a-bf8e-fd2e897fe737	17	70651680	71205313	480	0.9382
696d23b9-6a6c-464a-bf8e-fd2e897fe737	17	71205670	72490542	1024	0.0991
696d23b9-6a6c-464a-bf8e-fd2e897fe737	17	72491410	75761306	2044	-0.7545
696d23b9-6a6c-464a-bf8e-fd2e897fe737	17	75768556	78103792	1332	0.089
696d23b9-6a6c-464a-bf8e-fd2e897fe737	17	78106310	79877519	971	-0.7563
696d23b9-6a6c-464a-bf8e-fd2e897fe737	17	79878996	79879150	4	-2.28
696d23b9-6a6c-464a-bf8e-fd2e897fe737	17	79882816	79997478	75	-0.755
696d23b9-6a6c-464a-bf8e-fd2e897fe737	17	80003498	80005417	4	0.502
696d23b9-6a6c-464a-bf8e-fd2e897fe737	17	80015123	81061328	606	-0.7726
696d23b9-6a6c-464a-bf8e-fd2e897fe737	17	81069175	81951455	235	0.6594
696d23b9-6a6c-464a-bf8e-fd2e897fe737	17	81965842	82066440	16	1.0809
696d23b9-6a6c-464a-bf8e-fd2e897fe737	17	82066659	82306717	91	0.6122
696d23b9-6a6c-464a-bf8e-fd2e897fe737	17	82311405	82908078	293	-0.7533
696d23b9-6a6c-464a-bf8e-fd2e897fe737	17	82908551	83091923	102	0.0507
696d23b9-6a6c-464a-bf8e-fd2e897fe737	18	48133	11445964	8412	0.1087
696d23b9-6a6c-464a-bf8e-fd2e897fe737	18	11445967	11446202	2	-1.7033
696d23b9-6a6c-464a-bf8e-fd2e897fe737	18	11446246	13240191	1004	0.1236
696d23b9-6a6c-464a-bf8e-fd2e897fe737	18	13240773	14100458	620	-0.735
696d23b9-6a6c-464a-bf8e-fd2e897fe737	18	14101338	14727624	164	-0.4765
696d23b9-6a6c-464a-bf8e-fd2e897fe737	18	14734335	71434576	33921	-0.7939
696d23b9-6a6c-464a-bf8e-fd2e897fe737	18	71436128	73799180	1891	-0.8935
696d23b9-6a6c-464a-bf8e-fd2e897fe737	18	73799815	80257174	4659	-0.8109
696d23b9-6a6c-464a-bf8e-fd2e897fe737	19	90910	16597078	7153	0.0712
696d23b9-6a6c-464a-bf8e-fd2e897fe737	19	16597668	16599238	2	-1.6658
696d23b9-6a6c-464a-bf8e-fd2e897fe737	19	16601509	31755133	7138	0.049
696d23b9-6a6c-464a-bf8e-fd2e897fe737	19	31755760	42870449	6142	0.0729
696d23b9-6a6c-464a-bf8e-fd2e897fe737	19	42873135	43280360	182	0.2231
696d23b9-6a6c-464a-bf8e-fd2e897fe737	19	43280965	51190862	3810	0.0812
696d23b9-6a6c-464a-bf8e-fd2e897fe737	19	51191332	52912916	1207	0.046
696d23b9-6a6c-464a-bf8e-fd2e897fe737	19	52920767	52927914	2	-1.479
696d23b9-6a6c-464a-bf8e-fd2e897fe737	19	52928642	58586487	3463	0.0386
696d23b9-6a6c-464a-bf8e-fd2e897fe737	20	80664	81820	15	-0.0049
696d23b9-6a6c-464a-bf8e-fd2e897fe737	20	82279	1599891	1222	-0.6945
696d23b9-6a6c-464a-bf8e-fd2e897fe737	20	1601122	1613247	8	-1.6386
696d23b9-6a6c-464a-bf8e-fd2e897fe737	20	1617300	7412092	4324	-0.6771
696d23b9-6a6c-464a-bf8e-fd2e897fe737	20	7420339	7426090	2	-2.7659
696d23b9-6a6c-464a-bf8e-fd2e897fe737	20	7426261	15979499	6702	-0.7056
696d23b9-6a6c-464a-bf8e-fd2e897fe737	20	15980908	15981044	2	-2.6205
696d23b9-6a6c-464a-bf8e-fd2e897fe737	20	15985274	25764087	7550	-0.685
696d23b9-6a6c-464a-bf8e-fd2e897fe737	20	25774116	26037655	65	0.0231
696d23b9-6a6c-464a-bf8e-fd2e897fe737	20	26076659	64324800	22471	0.5822
696d23b9-6a6c-464a-bf8e-fd2e897fe737	21	10354168	10512698	22	0.2725
696d23b9-6a6c-464a-bf8e-fd2e897fe737	21	10524022	12973348	66	-0.5948
696d23b9-6a6c-464a-bf8e-fd2e897fe737	21	12992210	13321060	90	0.021
696d23b9-6a6c-464a-bf8e-fd2e897fe737	21	13334458	13581872	89	0.5122
696d23b9-6a6c-464a-bf8e-fd2e897fe737	21	13582956	13677975	6	-0.3382
696d23b9-6a6c-464a-bf8e-fd2e897fe737	21	13803967	15576344	1171	0.5483
696d23b9-6a6c-464a-bf8e-fd2e897fe737	21	15581792	15582271	3	-0.5287
696d23b9-6a6c-464a-bf8e-fd2e897fe737	21	15585445	17988229	1585	0.5848
696d23b9-6a6c-464a-bf8e-fd2e897fe737	21	17993032	18032841	31	0.9689
696d23b9-6a6c-464a-bf8e-fd2e897fe737	21	18032911	18335834	251	0.5197
696d23b9-6a6c-464a-bf8e-fd2e897fe737	21	18346587	19386745	829	0.9354
696d23b9-6a6c-464a-bf8e-fd2e897fe737	21	19387233	19978454	406	0.4968
696d23b9-6a6c-464a-bf8e-fd2e897fe737	21	19978803	20210925	128	-0.0262
696d23b9-6a6c-464a-bf8e-fd2e897fe737	21	20211763	20267243	42	-0.8559
696d23b9-6a6c-464a-bf8e-fd2e897fe737	21	20271410	20439285	144	-0.0036
696d23b9-6a6c-464a-bf8e-fd2e897fe737	21	20439624	20444497	14	-0.5579
696d23b9-6a6c-464a-bf8e-fd2e897fe737	21	20444614	21140026	568	-0.007
696d23b9-6a6c-464a-bf8e-fd2e897fe737	21	21144814	21978535	647	0.5301
696d23b9-6a6c-464a-bf8e-fd2e897fe737	21	21978694	22185756	154	-0.0229
696d23b9-6a6c-464a-bf8e-fd2e897fe737	21	22189781	22278814	54	-0.9301
696d23b9-6a6c-464a-bf8e-fd2e897fe737	21	22283580	22292338	9	-4.7431
696d23b9-6a6c-464a-bf8e-fd2e897fe737	21	22294679	24294488	1627	-0.8288
696d23b9-6a6c-464a-bf8e-fd2e897fe737	21	24296821	25172296	613	-0.0649
696d23b9-6a6c-464a-bf8e-fd2e897fe737	21	25175140	25237828	53	0.4709
696d23b9-6a6c-464a-bf8e-fd2e897fe737	21	25246768	25673655	273	0.8516
696d23b9-6a6c-464a-bf8e-fd2e897fe737	21	25674664	26831754	925	0.0021
696d23b9-6a6c-464a-bf8e-fd2e897fe737	21	26832105	26934293	96	-0.9766
696d23b9-6a6c-464a-bf8e-fd2e897fe737	21	26935774	28799527	1425	-0.0231
696d23b9-6a6c-464a-bf8e-fd2e897fe737	21	28800079	28843173	25	-0.7449
696d23b9-6a6c-464a-bf8e-fd2e897fe737	21	28844272	30671459	1275	0.0199
696d23b9-6a6c-464a-bf8e-fd2e897fe737	21	30672491	30879818	127	-0.7904
696d23b9-6a6c-464a-bf8e-fd2e897fe737	21	30880915	31296972	285	-0.0069
696d23b9-6a6c-464a-bf8e-fd2e897fe737	21	31304045	38002327	4698	0.568
696d23b9-6a6c-464a-bf8e-fd2e897fe737	21	38009793	45153109	5239	0.0716
696d23b9-6a6c-464a-bf8e-fd2e897fe737	21	45157090	45770867	361	-0.051
696d23b9-6a6c-464a-bf8e-fd2e897fe737	21	45771615	46329390	280	0.0603
696d23b9-6a6c-464a-bf8e-fd2e897fe737	21	46329542	46677045	248	-0.8004
696d23b9-6a6c-464a-bf8e-fd2e897fe737	22	15294547	16545152	66	-0.3011
696d23b9-6a6c-464a-bf8e-fd2e897fe737	22	16549902	17043313	245	-0.6849
696d23b9-6a6c-464a-bf8e-fd2e897fe737	22	17043430	20732473	1957	-0.7844
696d23b9-6a6c-464a-bf8e-fd2e897fe737	22	20732496	22877914	1426	-0.6963
696d23b9-6a6c-464a-bf8e-fd2e897fe737	22	22878944	22879820	4	-1.9922
696d23b9-6a6c-464a-bf8e-fd2e897fe737	22	22879941	23929424	675	-0.7324
696d23b9-6a6c-464a-bf8e-fd2e897fe737	22	23929474	23990739	22	-0.2046
696d23b9-6a6c-464a-bf8e-fd2e897fe737	22	23995113	24685371	351	-0.7432
696d23b9-6a6c-464a-bf8e-fd2e897fe737	22	24686148	24686548	2	-3.2637
696d23b9-6a6c-464a-bf8e-fd2e897fe737	22	24686567	48956708	17308	-0.7527
696d23b9-6a6c-464a-bf8e-fd2e897fe737	22	48957301	50528485	1025	-0.8561
696d23b9-6a6c-464a-bf8e-fd2e897fe737	22	50528603	50534687	6	-1.9603
696d23b9-6a6c-464a-bf8e-fd2e897fe737	22	50535325	50750050	133	-0.7711
696d23b9-6a6c-464a-bf8e-fd2e897fe737	22	50750078	50796027	9	-0.1946
696d23b9-6a6c-464a-bf8e-fd2e897fe737	X	251810	2748312	94	-0.4815
696d23b9-6a6c-464a-bf8e-fd2e897fe737	X	2785350	5003874	1566	-0.0002
696d23b9-6a6c-464a-bf8e-fd2e897fe737	X	5004155	5004902	2	-3.388
696d23b9-6a6c-464a-bf8e-fd2e897fe737	X	5008487	5846566	713	-0.0131
696d23b9-6a6c-464a-bf8e-fd2e897fe737	X	5846924	5847065	5	-1.3866
696d23b9-6a6c-464a-bf8e-fd2e897fe737	X	5847634	5888984	61	-0.2018
696d23b9-6a6c-464a-bf8e-fd2e897fe737	X	5889276	8132025	1709	0.0068
696d23b9-6a6c-464a-bf8e-fd2e897fe737	X	8132938	8221828	60	-0.229
696d23b9-6a6c-464a-bf8e-fd2e897fe737	X	8221983	22620976	9302	0.0675
696d23b9-6a6c-464a-bf8e-fd2e897fe737	X	22621024	22623671	3	-1.875
696d23b9-6a6c-464a-bf8e-fd2e897fe737	X	22625091	25595161	2012	0.0697
696d23b9-6a6c-464a-bf8e-fd2e897fe737	X	25595689	27764884	1406	-0.0253
696d23b9-6a6c-464a-bf8e-fd2e897fe737	X	27765621	27948144	98	0.1964
696d23b9-6a6c-464a-bf8e-fd2e897fe737	X	27948249	30382151	1562	0.0086
696d23b9-6a6c-464a-bf8e-fd2e897fe737	X	30382270	31515899	763	0.0974
696d23b9-6a6c-464a-bf8e-fd2e897fe737	X	31516000	34103323	1917	-0.0318
696d23b9-6a6c-464a-bf8e-fd2e897fe737	X	34103353	34122157	26	-0.6249
696d23b9-6a6c-464a-bf8e-fd2e897fe737	X	34126028	37313541	1736	-0.0374
696d23b9-6a6c-464a-bf8e-fd2e897fe737	X	37313677	55229280	8857	0.0557
696d23b9-6a6c-464a-bf8e-fd2e897fe737	X	55233278	58247095	1444	-0.0271
696d23b9-6a6c-464a-bf8e-fd2e897fe737	X	58255236	62538453	69	-0.8062
696d23b9-6a6c-464a-bf8e-fd2e897fe737	X	62554105	69996640	3297	-0.0287
696d23b9-6a6c-464a-bf8e-fd2e897fe737	X	70005349	72736851	1188	0.0785
696d23b9-6a6c-464a-bf8e-fd2e897fe737	X	72741009	92725552	9734	-0.0425
696d23b9-6a6c-464a-bf8e-fd2e897fe737	X	92728302	92730840	2	-2.2679
696d23b9-6a6c-464a-bf8e-fd2e897fe737	X	92737878	95875484	1748	-0.0648
696d23b9-6a6c-464a-bf8e-fd2e897fe737	X	95875842	98174758	1426	0.0274
696d23b9-6a6c-464a-bf8e-fd2e897fe737	X	98176058	99886338	855	-0.0593
696d23b9-6a6c-464a-bf8e-fd2e897fe737	X	99893505	108259167	4246	0.0315
696d23b9-6a6c-464a-bf8e-fd2e897fe737	X	108259193	113463405	2901	-0.0349
696d23b9-6a6c-464a-bf8e-fd2e897fe737	X	113463718	124842337	6668	0.0461
696d23b9-6a6c-464a-bf8e-fd2e897fe737	X	124842475	127774309	1697	-0.0546
696d23b9-6a6c-464a-bf8e-fd2e897fe737	X	127775237	137500131	5133	0.05
696d23b9-6a6c-464a-bf8e-fd2e897fe737	X	137501369	148858471	7554	-0.0477
696d23b9-6a6c-464a-bf8e-fd2e897fe737	X	148860550	151611214	1700	0.0347
696d23b9-6a6c-464a-bf8e-fd2e897fe737	X	151615256	151622822	3	-1.4785
696d23b9-6a6c-464a-bf8e-fd2e897fe737	X	151623396	154156374	1427	0.0289
696d23b9-6a6c-464a-bf8e-fd2e897fe737	X	154209234	154239991	2	2.2156
696d23b9-6a6c-464a-bf8e-fd2e897fe737	X	154295951	154360167	61	0.1286
696d23b9-6a6c-464a-bf8e-fd2e897fe737	X	154360216	154396235	20	-0.4033
696d23b9-6a6c-464a-bf8e-fd2e897fe737	X	154398397	155323890	374	0.1006
696d23b9-6a6c-464a-bf8e-fd2e897fe737	X	155327015	155437929	17	-0.3674
696d23b9-6a6c-464a-bf8e-fd2e897fe737	X	155439991	155692212	113	0.0263
696d23b9-6a6c-464a-bf8e-fd2e897fe737	X	155692246	155952689	29	-0.3244
696d23b9-6a6c-464a-bf8e-fd2e897fe737	Y	2782397	5809689	668	-0.9719
696d23b9-6a6c-464a-bf8e-fd2e897fe737	Y	5813295	5895554	15	-1.5158
696d23b9-6a6c-464a-bf8e-fd2e897fe737	Y	5899301	9553097	1568	-0.9703
696d23b9-6a6c-464a-bf8e-fd2e897fe737	Y	9553467	20680790	3613	-1.0666
696d23b9-6a6c-464a-bf8e-fd2e897fe737	Y	20681716	20684530	4	-2.3432
696d23b9-6a6c-464a-bf8e-fd2e897fe737	Y	20685277	21464316	353	-1.0535
696d23b9-6a6c-464a-bf8e-fd2e897fe737	Y	21469249	56872112	418	-0.9931
