GDC_Aliquot	Chromosome	Start	End	Num_Probes	Segment_Mean
15822312-e361-406b-91c1-1558028f72c9	1	62920	25256850	14024	-0.0177
15822312-e361-406b-91c1-1558028f72c9	1	25266637	25320455	24	0.5688
15822312-e361-406b-91c1-1558028f72c9	1	25336819	25850237	217	-0.023
15822312-e361-406b-91c1-1558028f72c9	1	25855944	29675607	1673	-0.5937
15822312-e361-406b-91c1-1558028f72c9	1	29675805	30185759	405	-0.7543
15822312-e361-406b-91c1-1558028f72c9	1	30186325	39442550	5274	-0.6336
15822312-e361-406b-91c1-1558028f72c9	1	39442758	58241439	11413	-0.013
15822312-e361-406b-91c1-1558028f72c9	1	58244223	63007702	3397	0.0325
15822312-e361-406b-91c1-1558028f72c9	1	63008029	72303233	6352	-0.0003
15822312-e361-406b-91c1-1558028f72c9	1	72303253	72345465	45	-1.0673
15822312-e361-406b-91c1-1558028f72c9	1	72346221	83136020	7006	-0.0174
15822312-e361-406b-91c1-1558028f72c9	1	83137674	96423702	8648	0.0202
15822312-e361-406b-91c1-1558028f72c9	1	96423758	105470754	5299	-0.0217
15822312-e361-406b-91c1-1558028f72c9	1	105476583	105479738	16	0.6911
15822312-e361-406b-91c1-1558028f72c9	1	105479753	109690352	2638	0.0222
15822312-e361-406b-91c1-1558028f72c9	1	109690415	109697556	12	1.4446
15822312-e361-406b-91c1-1558028f72c9	1	109702376	112147704	1950	-0.0128
15822312-e361-406b-91c1-1558028f72c9	1	112153343	112153686	5	-1.0852
15822312-e361-406b-91c1-1558028f72c9	1	112153851	143748012	5282	0.0064
15822312-e361-406b-91c1-1558028f72c9	1	143748074	143942271	30	0.4321
15822312-e361-406b-91c1-1558028f72c9	1	144432083	166302053	11571	0.0033
15822312-e361-406b-91c1-1558028f72c9	1	166302062	174859618	5839	0.0379
15822312-e361-406b-91c1-1558028f72c9	1	174864833	189838628	10018	0.0055
15822312-e361-406b-91c1-1558028f72c9	1	189838641	189840244	4	-1.0071
15822312-e361-406b-91c1-1558028f72c9	1	189840280	196780705	4624	0.009
15822312-e361-406b-91c1-1558028f72c9	1	196780731	196820637	17	0.4841
15822312-e361-406b-91c1-1558028f72c9	1	196820704	199138574	1391	-0.0054
15822312-e361-406b-91c1-1558028f72c9	1	199142235	199143883	8	-0.8168
15822312-e361-406b-91c1-1558028f72c9	1	199144712	226905620	18851	0.0092
15822312-e361-406b-91c1-1558028f72c9	1	226908087	227013564	67	-0.7
15822312-e361-406b-91c1-1558028f72c9	1	227015941	232562965	3751	0.0164
15822312-e361-406b-91c1-1558028f72c9	1	232565026	232567952	2	-1.5194
15822312-e361-406b-91c1-1558028f72c9	1	232568363	248477891	11581	0.0049
15822312-e361-406b-91c1-1558028f72c9	1	248520099	248697642	78	0.2474
15822312-e361-406b-91c1-1558028f72c9	1	248702256	248930189	110	0.0422
15822312-e361-406b-91c1-1558028f72c9	2	12784	7980369	6292	0.0189
15822312-e361-406b-91c1-1558028f72c9	2	7982579	8019980	36	0.2302
15822312-e361-406b-91c1-1558028f72c9	2	8020796	13868546	4170	0.0561
15822312-e361-406b-91c1-1558028f72c9	2	13878863	14963824	842	0.1213
15822312-e361-406b-91c1-1558028f72c9	2	14963848	18768030	2863	0.0246
15822312-e361-406b-91c1-1558028f72c9	2	18770236	18890623	85	-0.2446
15822312-e361-406b-91c1-1558028f72c9	2	18891079	34466002	9808	0.0507
15822312-e361-406b-91c1-1558028f72c9	2	34474248	34511990	46	0.5859
15822312-e361-406b-91c1-1558028f72c9	2	34512096	35750907	872	0.0602
15822312-e361-406b-91c1-1558028f72c9	2	35752724	35762850	6	-1.0235
15822312-e361-406b-91c1-1558028f72c9	2	35762881	47241816	8622	0.0674
15822312-e361-406b-91c1-1558028f72c9	2	47242572	53038991	3955	0.0219
15822312-e361-406b-91c1-1558028f72c9	2	53040058	54056697	737	0.0565
15822312-e361-406b-91c1-1558028f72c9	2	54056734	55351240	1005	0.1264
15822312-e361-406b-91c1-1558028f72c9	2	55352903	87286164	19903	0.053
15822312-e361-406b-91c1-1558028f72c9	2	87287256	87295819	3	-1.2692
15822312-e361-406b-91c1-1558028f72c9	2	87299357	89296555	722	0.0586
15822312-e361-406b-91c1-1558028f72c9	2	89305244	89933871	6	-0.2552
15822312-e361-406b-91c1-1558028f72c9	2	89936810	90228255	122	-0.7776
15822312-e361-406b-91c1-1558028f72c9	2	90230139	140792514	27104	0.0397
15822312-e361-406b-91c1-1558028f72c9	2	140799772	140800456	2	-1.9134
15822312-e361-406b-91c1-1558028f72c9	2	140803121	146773016	3610	0.0091
15822312-e361-406b-91c1-1558028f72c9	2	146773187	152484220	3571	0.062
15822312-e361-406b-91c1-1558028f72c9	2	152486038	155474737	1768	0.0334
15822312-e361-406b-91c1-1558028f72c9	2	155476563	170957099	9416	0.0794
15822312-e361-406b-91c1-1558028f72c9	2	170959782	170993102	15	-0.5505
15822312-e361-406b-91c1-1558028f72c9	2	171002622	176887864	3760	0.0736
15822312-e361-406b-91c1-1558028f72c9	2	176888283	177533751	407	0.1634
15822312-e361-406b-91c1-1558028f72c9	2	177533819	183149719	3540	0.0644
15822312-e361-406b-91c1-1558028f72c9	2	183150361	185191968	1302	0.014
15822312-e361-406b-91c1-1558028f72c9	2	185196208	198317561	7307	0.0756
15822312-e361-406b-91c1-1558028f72c9	2	198317912	199170502	550	0.1696
15822312-e361-406b-91c1-1558028f72c9	2	199170536	208721514	5815	0.0797
15822312-e361-406b-91c1-1558028f72c9	2	208724655	212321824	2250	0.03
15822312-e361-406b-91c1-1558028f72c9	2	212322478	212327101	24	-0.7459
15822312-e361-406b-91c1-1558028f72c9	2	212327402	221821124	6166	0.0286
15822312-e361-406b-91c1-1558028f72c9	2	221821304	235259182	8706	0.0665
15822312-e361-406b-91c1-1558028f72c9	2	235259490	242147305	4150	0.0136
15822312-e361-406b-91c1-1558028f72c9	3	20930	2561833	2194	0.2827
15822312-e361-406b-91c1-1558028f72c9	3	2563163	25454017	16943	0.3443
15822312-e361-406b-91c1-1558028f72c9	3	25454339	26559609	876	0.3028
15822312-e361-406b-91c1-1558028f72c9	3	26560269	26570470	11	-1.25
15822312-e361-406b-91c1-1558028f72c9	3	26570536	28768950	1440	0.3474
15822312-e361-406b-91c1-1558028f72c9	3	28770519	28780621	10	-0.2052
15822312-e361-406b-91c1-1558028f72c9	3	28783166	37935926	6163	0.3664
15822312-e361-406b-91c1-1558028f72c9	3	37940617	37945437	18	-0.7368
15822312-e361-406b-91c1-1558028f72c9	3	37945615	46804346	5578	0.3615
15822312-e361-406b-91c1-1558028f72c9	3	46804414	56136350	4928	0.3244
15822312-e361-406b-91c1-1558028f72c9	3	56138010	68697013	9649	0.3681
15822312-e361-406b-91c1-1558028f72c9	3	68697108	68698262	14	-0.6815
15822312-e361-406b-91c1-1558028f72c9	3	68699607	75450463	4902	0.3443
15822312-e361-406b-91c1-1558028f72c9	3	75451613	75853316	99	0.1015
15822312-e361-406b-91c1-1558028f72c9	3	75853758	80195265	2557	0.3526
15822312-e361-406b-91c1-1558028f72c9	3	80195631	81254910	601	0.4379
15822312-e361-406b-91c1-1558028f72c9	3	81255187	89337896	4467	0.3374
15822312-e361-406b-91c1-1558028f72c9	3	89337951	89371338	56	-0.4845
15822312-e361-406b-91c1-1558028f72c9	3	89376664	98888689	3020	0.3228
15822312-e361-406b-91c1-1558028f72c9	3	98890781	103969556	2910	0.3658
15822312-e361-406b-91c1-1558028f72c9	3	103973280	104946111	722	0.3129
15822312-e361-406b-91c1-1558028f72c9	3	104946630	130041779	15322	-0.0498
15822312-e361-406b-91c1-1558028f72c9	3	130044016	130087393	39	-1.0865
15822312-e361-406b-91c1-1558028f72c9	3	130088081	158632329	17662	-0.0496
15822312-e361-406b-91c1-1558028f72c9	3	158633095	158633756	2	-1.7725
15822312-e361-406b-91c1-1558028f72c9	3	158641083	162218151	2241	-0.0524
15822312-e361-406b-91c1-1558028f72c9	3	162218190	162218668	2	-1.6117
15822312-e361-406b-91c1-1558028f72c9	3	162225922	162405578	90	-0.0125
15822312-e361-406b-91c1-1558028f72c9	3	162419812	162424917	14	-1.3627
15822312-e361-406b-91c1-1558028f72c9	3	162426460	162794869	259	-0.0419
15822312-e361-406b-91c1-1558028f72c9	3	162794951	162908207	69	0.4947
15822312-e361-406b-91c1-1558028f72c9	3	162908784	195548576	20667	-0.0364
15822312-e361-406b-91c1-1558028f72c9	3	195549253	195752877	52	-0.6399
15822312-e361-406b-91c1-1558028f72c9	3	195754940	198169247	1163	-0.0433
15822312-e361-406b-91c1-1558028f72c9	4	68929	3876063	1567	0.5909
15822312-e361-406b-91c1-1558028f72c9	4	3877891	3914425	10	-0.0594
15822312-e361-406b-91c1-1558028f72c9	4	3915215	7003278	2294	0.5694
15822312-e361-406b-91c1-1558028f72c9	4	7004814	10208766	1835	0.2984
15822312-e361-406b-91c1-1558028f72c9	4	10212536	10228870	20	0.9286
15822312-e361-406b-91c1-1558028f72c9	4	10228994	10229188	4	0.1549
15822312-e361-406b-91c1-1558028f72c9	4	10229279	10233644	12	0.8105
15822312-e361-406b-91c1-1558028f72c9	4	10234518	10390730	172	0.3052
15822312-e361-406b-91c1-1558028f72c9	4	10391530	10399044	15	-0.5775
15822312-e361-406b-91c1-1558028f72c9	4	10401094	10929918	397	0.3884
15822312-e361-406b-91c1-1558028f72c9	4	10929964	10998806	79	0.2228
15822312-e361-406b-91c1-1558028f72c9	4	10998893	12149839	994	0.3652
15822312-e361-406b-91c1-1558028f72c9	4	12152884	15180225	2326	0.2935
15822312-e361-406b-91c1-1558028f72c9	4	15180261	17288305	1556	0.3494
15822312-e361-406b-91c1-1558028f72c9	4	17288738	23085815	3862	-0.0824
15822312-e361-406b-91c1-1558028f72c9	4	23086358	25405734	1681	-0.0336
15822312-e361-406b-91c1-1558028f72c9	4	25406039	34777432	5893	-0.0944
15822312-e361-406b-91c1-1558028f72c9	4	34784878	34823103	38	-0.5827
15822312-e361-406b-91c1-1558028f72c9	4	34828250	53690405	10096	-0.0689
15822312-e361-406b-91c1-1558028f72c9	4	53693073	60395204	4519	0.3111
15822312-e361-406b-91c1-1558028f72c9	4	60403203	63280986	1631	-0.1117
15822312-e361-406b-91c1-1558028f72c9	4	63281375	63286195	3	-1.303
15822312-e361-406b-91c1-1558028f72c9	4	63288849	63293751	5	-0.4444
15822312-e361-406b-91c1-1558028f72c9	4	63294605	63828222	303	-0.0783
15822312-e361-406b-91c1-1558028f72c9	4	63831751	63840033	19	-0.5349
15822312-e361-406b-91c1-1558028f72c9	4	63841863	63842540	8	-1.8444
15822312-e361-406b-91c1-1558028f72c9	4	63850713	68494770	2871	-0.0856
15822312-e361-406b-91c1-1558028f72c9	4	68501424	68663241	72	0.2609
15822312-e361-406b-91c1-1558028f72c9	4	68671434	129682728	36859	-0.0528
15822312-e361-406b-91c1-1558028f72c9	4	129684381	131130725	849	-0.0851
15822312-e361-406b-91c1-1558028f72c9	4	131131775	131151414	10	-0.8245
15822312-e361-406b-91c1-1558028f72c9	4	131153615	137014513	3110	-0.1075
15822312-e361-406b-91c1-1558028f72c9	4	137014782	151868241	8968	-0.0575
15822312-e361-406b-91c1-1558028f72c9	4	151868634	151871415	13	-0.9763
15822312-e361-406b-91c1-1558028f72c9	4	151871739	168605860	10785	-0.0646
15822312-e361-406b-91c1-1558028f72c9	4	168608651	171448195	1773	-0.6805
15822312-e361-406b-91c1-1558028f72c9	4	171453733	171459811	14	0.3203
15822312-e361-406b-91c1-1558028f72c9	4	171460247	172066777	393	-0.6981
15822312-e361-406b-91c1-1558028f72c9	4	172067997	172068382	12	0.1825
15822312-e361-406b-91c1-1558028f72c9	4	172074828	175986729	2218	-0.6696
15822312-e361-406b-91c1-1558028f72c9	4	175993085	185374981	6675	-0.7453
15822312-e361-406b-91c1-1558028f72c9	4	185377704	190106768	3158	-0.6922
15822312-e361-406b-91c1-1558028f72c9	5	15532	2123871	1103	0.0291
15822312-e361-406b-91c1-1558028f72c9	5	2125216	8219246	5441	-0.0386
15822312-e361-406b-91c1-1558028f72c9	5	8219828	12791608	3648	0.0236
15822312-e361-406b-91c1-1558028f72c9	5	12800777	12819964	10	0.7666
15822312-e361-406b-91c1-1558028f72c9	5	12824299	21376735	5467	0.0166
15822312-e361-406b-91c1-1558028f72c9	5	21377730	21377744	2	-1.6897
15822312-e361-406b-91c1-1558028f72c9	5	21385957	21451168	46	-0.0583
15822312-e361-406b-91c1-1558028f72c9	5	21451855	21451889	2	-2.2091
15822312-e361-406b-91c1-1558028f72c9	5	21452329	24572733	1765	0.0105
15822312-e361-406b-91c1-1558028f72c9	5	24576854	24577060	2	-1.6078
15822312-e361-406b-91c1-1558028f72c9	5	24577260	46334235	13210	0.0196
15822312-e361-406b-91c1-1558028f72c9	5	46334777	58033703	5071	-0.0413
15822312-e361-406b-91c1-1558028f72c9	5	58033756	58042530	28	0.5278
15822312-e361-406b-91c1-1558028f72c9	5	58044246	90872194	19076	-0.0413
15822312-e361-406b-91c1-1558028f72c9	5	90872724	99833420	5017	-0.6218
15822312-e361-406b-91c1-1558028f72c9	5	99833565	118366660	12336	-0.6765
15822312-e361-406b-91c1-1558028f72c9	5	118367745	119548376	756	-0.0442
15822312-e361-406b-91c1-1558028f72c9	5	119551461	120716074	744	-0.6597
15822312-e361-406b-91c1-1558028f72c9	5	120719635	121708909	657	-0.0255
15822312-e361-406b-91c1-1558028f72c9	5	121710417	122466697	475	-0.6462
15822312-e361-406b-91c1-1558028f72c9	5	122467823	124647590	1455	-0.0189
15822312-e361-406b-91c1-1558028f72c9	5	124652370	124663585	7	-0.587
15822312-e361-406b-91c1-1558028f72c9	5	124665513	124848696	110	-0.0075
15822312-e361-406b-91c1-1558028f72c9	5	124850980	125813665	714	0.1891
15822312-e361-406b-91c1-1558028f72c9	5	125819016	128530885	1642	0.005
15822312-e361-406b-91c1-1558028f72c9	5	128535893	133483654	2750	-0.0321
15822312-e361-406b-91c1-1558028f72c9	5	133485252	140758059	4267	0.0172
15822312-e361-406b-91c1-1558028f72c9	5	140758464	141444562	298	-0.5094
15822312-e361-406b-91c1-1558028f72c9	5	141447667	150128981	5896	0.0287
15822312-e361-406b-91c1-1558028f72c9	5	150129548	158908470	6082	-0.003
15822312-e361-406b-91c1-1558028f72c9	5	158912096	163353108	2868	0.0313
15822312-e361-406b-91c1-1558028f72c9	5	163353785	171970542	6219	-0.0138
15822312-e361-406b-91c1-1558028f72c9	5	171970845	176033084	2995	0.0251
15822312-e361-406b-91c1-1558028f72c9	5	176038686	176042504	2	-2.2593
15822312-e361-406b-91c1-1558028f72c9	5	176043321	181363319	2710	-0.0096
15822312-e361-406b-91c1-1558028f72c9	6	149661	265143	107	-0.0602
15822312-e361-406b-91c1-1558028f72c9	6	267622	290598	11	-0.6146
15822312-e361-406b-91c1-1558028f72c9	6	291082	4786926	3708	-0.0077
15822312-e361-406b-91c1-1558028f72c9	6	4787266	4787562	2	-2.0176
15822312-e361-406b-91c1-1558028f72c9	6	4789025	18788547	10730	-0.0176
15822312-e361-406b-91c1-1558028f72c9	6	18789526	18789733	2	-2.1818
15822312-e361-406b-91c1-1558028f72c9	6	18791200	29869410	7092	-0.0349
15822312-e361-406b-91c1-1558028f72c9	6	29869411	30003229	83	-0.3444
15822312-e361-406b-91c1-1558028f72c9	6	30003771	31309909	595	0.0105
15822312-e361-406b-91c1-1558028f72c9	6	31313046	31366162	23	0.6114
15822312-e361-406b-91c1-1558028f72c9	6	31366700	32486746	491	0.033
15822312-e361-406b-91c1-1558028f72c9	6	32488906	32634330	48	0.4938
15822312-e361-406b-91c1-1558028f72c9	6	32634492	33970222	813	-0.0323
15822312-e361-406b-91c1-1558028f72c9	6	33970966	33974928	7	-2.2091
15822312-e361-406b-91c1-1558028f72c9	6	33976809	45762067	7424	-0.0291
15822312-e361-406b-91c1-1558028f72c9	6	45762451	48344492	1796	0.0337
15822312-e361-406b-91c1-1558028f72c9	6	48344516	51319914	1681	-0.0313
15822312-e361-406b-91c1-1558028f72c9	6	51321090	54066582	1994	0.0268
15822312-e361-406b-91c1-1558028f72c9	6	54066621	54067057	3	-1.0708
15822312-e361-406b-91c1-1558028f72c9	6	54070550	57055273	1842	0.0113
15822312-e361-406b-91c1-1558028f72c9	6	57057255	61730375	856	-0.0813
15822312-e361-406b-91c1-1558028f72c9	6	61733846	61744817	11	-1.2408
15822312-e361-406b-91c1-1558028f72c9	6	61749646	66295080	2621	-0.0026
15822312-e361-406b-91c1-1558028f72c9	6	66298369	66338736	57	-0.7361
15822312-e361-406b-91c1-1558028f72c9	6	66339513	68966271	1841	-0.0429
15822312-e361-406b-91c1-1558028f72c9	6	68966454	70763935	1112	0.0079
15822312-e361-406b-91c1-1558028f72c9	6	70765327	70765599	2	-1.4992
15822312-e361-406b-91c1-1558028f72c9	6	70765652	78253172	4823	-0.0199
15822312-e361-406b-91c1-1558028f72c9	6	78259348	78316279	95	-0.2876
15822312-e361-406b-91c1-1558028f72c9	6	78316427	89190656	6782	0.0016
15822312-e361-406b-91c1-1558028f72c9	6	89192332	103290164	8711	-0.0423
15822312-e361-406b-91c1-1558028f72c9	6	103290209	103311850	38	0.6284
15822312-e361-406b-91c1-1558028f72c9	6	103311950	125809025	13858	-0.0132
15822312-e361-406b-91c1-1558028f72c9	6	125809502	145212840	12502	0.0095
15822312-e361-406b-91c1-1558028f72c9	6	145216794	154639748	6647	-0.0153
15822312-e361-406b-91c1-1558028f72c9	6	154642532	154645133	4	-1.0592
15822312-e361-406b-91c1-1558028f72c9	6	154650798	162300775	5280	-0.015
15822312-e361-406b-91c1-1558028f72c9	6	162301236	162357969	63	-0.6576
15822312-e361-406b-91c1-1558028f72c9	6	162361829	166653059	3305	-0.0575
15822312-e361-406b-91c1-1558028f72c9	6	166653737	168995986	1462	0.0069
15822312-e361-406b-91c1-1558028f72c9	6	168996732	170741917	1061	-0.0659
15822312-e361-406b-91c1-1558028f72c9	7	43355	7023356	3505	0.3596
15822312-e361-406b-91c1-1558028f72c9	7	7024572	8954288	1737	0.4513
15822312-e361-406b-91c1-1558028f72c9	7	8956649	11739246	2207	0.3723
15822312-e361-406b-91c1-1558028f72c9	7	11739258	18974579	5797	0.4215
15822312-e361-406b-91c1-1558028f72c9	7	18974958	19376697	515	0.3064
15822312-e361-406b-91c1-1558028f72c9	7	19376792	20843650	1062	0.4421
15822312-e361-406b-91c1-1558028f72c9	7	20843679	21926012	845	0.373
15822312-e361-406b-91c1-1558028f72c9	7	21926501	21939899	4	-0.6841
15822312-e361-406b-91c1-1558028f72c9	7	21941155	22395161	392	0.4342
15822312-e361-406b-91c1-1558028f72c9	7	22395853	22405051	6	-0.1906
15822312-e361-406b-91c1-1558028f72c9	7	22405287	22728953	241	0.4418
15822312-e361-406b-91c1-1558028f72c9	7	22729577	24282515	1116	0.3499
15822312-e361-406b-91c1-1558028f72c9	7	24282706	29687854	4045	0.4296
15822312-e361-406b-91c1-1558028f72c9	7	29688032	38238544	5897	0.3975
15822312-e361-406b-91c1-1558028f72c9	7	38239007	41101358	1934	0.4344
15822312-e361-406b-91c1-1558028f72c9	7	41103346	55432952	10171	0.3722
15822312-e361-406b-91c1-1558028f72c9	7	55435616	70954832	5156	0.3327
15822312-e361-406b-91c1-1558028f72c9	7	70955452	70961155	3	-1.473
15822312-e361-406b-91c1-1558028f72c9	7	70963257	73439787	1235	0.3348
15822312-e361-406b-91c1-1558028f72c9	7	73444153	88693266	8627	0.402
15822312-e361-406b-91c1-1558028f72c9	7	88695464	103519842	8279	0.3712
15822312-e361-406b-91c1-1558028f72c9	7	103519895	116797497	8556	0.398
15822312-e361-406b-91c1-1558028f72c9	7	116797528	119054283	1304	0.4636
15822312-e361-406b-91c1-1558028f72c9	7	119059247	126404920	4380	0.3928
15822312-e361-406b-91c1-1558028f72c9	7	126405428	126406822	13	1.169
15822312-e361-406b-91c1-1558028f72c9	7	126406823	134093899	4700	0.3922
15822312-e361-406b-91c1-1558028f72c9	7	134100424	134110881	26	-0.3254
15822312-e361-406b-91c1-1558028f72c9	7	134110912	154598185	12868	0.3759
15822312-e361-406b-91c1-1558028f72c9	7	154601461	154607903	4	-1.2431
15822312-e361-406b-91c1-1558028f72c9	7	154609120	155263552	665	0.35
15822312-e361-406b-91c1-1558028f72c9	7	155264673	155284030	19	-0.2072
15822312-e361-406b-91c1-1558028f72c9	7	155290368	159334314	2552	0.3903
15822312-e361-406b-91c1-1558028f72c9	8	81254	643041	321	-0.7071
15822312-e361-406b-91c1-1558028f72c9	8	644944	645908	10	1.3412
15822312-e361-406b-91c1-1558028f72c9	8	656117	7974123	7425	-0.717
15822312-e361-406b-91c1-1558028f72c9	8	7981252	8120649	11	0.4379
15822312-e361-406b-91c1-1558028f72c9	8	8132772	12176798	3229	-0.6839
15822312-e361-406b-91c1-1558028f72c9	8	12177488	12695325	72	-0.2594
15822312-e361-406b-91c1-1558028f72c9	8	12695342	23544795	9215	-0.6894
15822312-e361-406b-91c1-1558028f72c9	8	23550227	23550358	5	-2.9114
15822312-e361-406b-91c1-1558028f72c9	8	23550392	25114672	1133	-0.6656
15822312-e361-406b-91c1-1558028f72c9	8	25116928	25126818	27	0.107
15822312-e361-406b-91c1-1558028f72c9	8	25133589	27184643	1608	-0.6549
15822312-e361-406b-91c1-1558028f72c9	8	27188793	27188884	2	-2.9521
15822312-e361-406b-91c1-1558028f72c9	8	27196125	32821348	3813	-0.6788
15822312-e361-406b-91c1-1558028f72c9	8	32825580	32834588	9	0.5318
15822312-e361-406b-91c1-1558028f72c9	8	32834603	36581659	2063	-0.6783
15822312-e361-406b-91c1-1558028f72c9	8	36582891	40331203	2183	0.0056
15822312-e361-406b-91c1-1558028f72c9	8	40331218	43226108	1787	-0.0698
15822312-e361-406b-91c1-1558028f72c9	8	43230354	43901170	180	0.0174
15822312-e361-406b-91c1-1558028f72c9	8	43907538	51308708	2723	0.3511
15822312-e361-406b-91c1-1558028f72c9	8	51308900	52815233	1001	0.4161
15822312-e361-406b-91c1-1558028f72c9	8	52816503	60109229	4879	0.3578
15822312-e361-406b-91c1-1558028f72c9	8	60109284	63751714	2354	0.4179
15822312-e361-406b-91c1-1558028f72c9	8	63752002	94544731	18202	0.3745
15822312-e361-406b-91c1-1558028f72c9	8	94545084	94545764	8	1.4913
15822312-e361-406b-91c1-1558028f72c9	8	94545887	99034484	2875	0.385
15822312-e361-406b-91c1-1558028f72c9	8	99034841	99312125	135	0.2234
15822312-e361-406b-91c1-1558028f72c9	8	99316867	111282417	7260	0.3817
15822312-e361-406b-91c1-1558028f72c9	8	111282441	111283031	6	-0.9276
15822312-e361-406b-91c1-1558028f72c9	8	111288052	116978485	3327	0.3597
15822312-e361-406b-91c1-1558028f72c9	8	116981258	122561831	3907	0.4082
15822312-e361-406b-91c1-1558028f72c9	8	122562003	122562554	2	-0.9918
15822312-e361-406b-91c1-1558028f72c9	8	122562578	129171955	4677	0.4103
15822312-e361-406b-91c1-1558028f72c9	8	129172114	141540766	9536	0.3646
15822312-e361-406b-91c1-1558028f72c9	8	141541257	141901380	249	0.4887
15822312-e361-406b-91c1-1558028f72c9	8	141901773	145072769	1226	0.3686
15822312-e361-406b-91c1-1558028f72c9	9	46587	1712303	1831	-0.0246
15822312-e361-406b-91c1-1558028f72c9	9	1712434	5108603	3454	-0.0037
15822312-e361-406b-91c1-1558028f72c9	9	5108648	5114773	16	-0.7416
15822312-e361-406b-91c1-1558028f72c9	9	5115779	20889148	13366	0.0159
15822312-e361-406b-91c1-1558028f72c9	9	20892953	39242280	12491	-0.015
15822312-e361-406b-91c1-1558028f72c9	9	39249764	39455364	8	0.3705
15822312-e361-406b-91c1-1558028f72c9	9	39455596	39840169	30	-0.5717
15822312-e361-406b-91c1-1558028f72c9	9	40018947	61405110	193	-0.18
15822312-e361-406b-91c1-1558028f72c9	9	61520021	61574022	20	-0.8521
15822312-e361-406b-91c1-1558028f72c9	9	61580999	63274174	36	0.0715
15822312-e361-406b-91c1-1558028f72c9	9	63276793	64503154	75	-0.2219
15822312-e361-406b-91c1-1558028f72c9	9	64507211	68995485	597	0.0251
15822312-e361-406b-91c1-1558028f72c9	9	68999432	70878137	1452	-0.0448
15822312-e361-406b-91c1-1558028f72c9	9	70878812	78398910	5332	0.0089
15822312-e361-406b-91c1-1558028f72c9	9	78399004	89796642	8164	-0.0671
15822312-e361-406b-91c1-1558028f72c9	9	89797617	116173538	18763	-0.0178
15822312-e361-406b-91c1-1558028f72c9	9	116174223	119656535	3009	-0.0707
15822312-e361-406b-91c1-1558028f72c9	9	119656829	130870153	6750	-0.0282
15822312-e361-406b-91c1-1558028f72c9	9	130870282	138200944	3932	-0.0648
15822312-e361-406b-91c1-1558028f72c9	10	45792	6878657	5923	-0.0356
15822312-e361-406b-91c1-1558028f72c9	10	6878794	9454762	2241	-0.1078
15822312-e361-406b-91c1-1558028f72c9	10	9457159	36464412	19743	-0.0559
15822312-e361-406b-91c1-1558028f72c9	10	36465536	46522571	3773	-0.0832
15822312-e361-406b-91c1-1558028f72c9	10	46525652	46526280	14	0.4602
15822312-e361-406b-91c1-1558028f72c9	10	46526920	50107474	1724	-0.1056
15822312-e361-406b-91c1-1558028f72c9	10	50132160	50575025	293	0.0754
15822312-e361-406b-91c1-1558028f72c9	10	50576741	56756779	4564	-0.0663
15822312-e361-406b-91c1-1558028f72c9	10	56756830	56767077	37	-0.5556
15822312-e361-406b-91c1-1558028f72c9	10	56772992	70741554	9677	-0.0416
15822312-e361-406b-91c1-1558028f72c9	10	70741603	71660981	739	-0.1262
15822312-e361-406b-91c1-1558028f72c9	10	71661173	79649470	4960	-0.0602
15822312-e361-406b-91c1-1558028f72c9	10	79663484	79754434	11	0.5345
15822312-e361-406b-91c1-1558028f72c9	10	79763550	82652709	1983	-0.0707
15822312-e361-406b-91c1-1558028f72c9	10	82652803	82675699	37	0.3285
15822312-e361-406b-91c1-1558028f72c9	10	82676128	104556718	13842	-0.0464
15822312-e361-406b-91c1-1558028f72c9	10	104557295	107668148	2380	-0.0981
15822312-e361-406b-91c1-1558028f72c9	10	107669408	115817019	5653	-0.0344
15822312-e361-406b-91c1-1558028f72c9	10	115817343	121184912	3959	-0.0693
15822312-e361-406b-91c1-1558028f72c9	10	121185335	123082285	1561	-0.0308
15822312-e361-406b-91c1-1558028f72c9	10	123083550	133547593	7522	-0.0849
15822312-e361-406b-91c1-1558028f72c9	10	133551641	133654968	53	-0.7143
15822312-e361-406b-91c1-1558028f72c9	11	198510	18919323	12679	-0.0099
15822312-e361-406b-91c1-1558028f72c9	11	18927525	18939631	31	-0.9493
15822312-e361-406b-91c1-1558028f72c9	11	18939734	32925084	10149	-0.0178
15822312-e361-406b-91c1-1558028f72c9	11	32929532	38171068	3958	0.0271
15822312-e361-406b-91c1-1558028f72c9	11	38172578	55618192	7687	-0.0242
15822312-e361-406b-91c1-1558028f72c9	11	55618921	55678469	33	0.3618
15822312-e361-406b-91c1-1558028f72c9	11	55679761	65605047	5404	-0.0051
15822312-e361-406b-91c1-1558028f72c9	11	65615093	65623342	3	-1.2869
15822312-e361-406b-91c1-1558028f72c9	11	65623846	71748557	2944	-0.0049
15822312-e361-406b-91c1-1558028f72c9	11	71752517	78592867	3571	0.0356
15822312-e361-406b-91c1-1558028f72c9	11	78593293	80115226	1245	-0.0211
15822312-e361-406b-91c1-1558028f72c9	11	80116241	80256469	102	0.0409
15822312-e361-406b-91c1-1558028f72c9	11	80256504	80256520	2	-2.1758
15822312-e361-406b-91c1-1558028f72c9	11	80256642	82417413	1759	0.0036
15822312-e361-406b-91c1-1558028f72c9	11	82419468	87311148	3240	0.0497
15822312-e361-406b-91c1-1558028f72c9	11	87312042	93201167	3904	-0.0051
15822312-e361-406b-91c1-1558028f72c9	11	93202996	93205318	3	-1.1255
15822312-e361-406b-91c1-1558028f72c9	11	93208587	93288077	41	0.0255
15822312-e361-406b-91c1-1558028f72c9	11	93292250	93296295	2	-1.7079
15822312-e361-406b-91c1-1558028f72c9	11	93297287	112606274	13462	0.0273
15822312-e361-406b-91c1-1558028f72c9	11	112608392	122533617	7076	0.0029
15822312-e361-406b-91c1-1558028f72c9	11	122534528	123816297	980	-0.0633
15822312-e361-406b-91c1-1558028f72c9	11	123818377	131622666	5898	0.0046
15822312-e361-406b-91c1-1558028f72c9	11	131622870	133111938	1207	-0.065
15822312-e361-406b-91c1-1558028f72c9	11	133112708	135074876	1469	-0.0119
15822312-e361-406b-91c1-1558028f72c9	12	51460	2136950	1268	0.0073
15822312-e361-406b-91c1-1558028f72c9	12	2138266	2148754	38	-0.4912
15822312-e361-406b-91c1-1558028f72c9	12	2148857	11241915	6000	-0.048
15822312-e361-406b-91c1-1558028f72c9	12	11243616	18421189	4933	0.0085
15822312-e361-406b-91c1-1558028f72c9	12	18421372	32416826	10070	-0.0242
15822312-e361-406b-91c1-1558028f72c9	12	32419892	33755941	917	0.0267
15822312-e361-406b-91c1-1558028f72c9	12	33756109	46240128	5619	-0.0439
15822312-e361-406b-91c1-1558028f72c9	12	46244326	102325994	35044	-0.0158
15822312-e361-406b-91c1-1558028f72c9	12	102331810	109186491	4886	-0.0511
15822312-e361-406b-91c1-1558028f72c9	12	109186534	109193012	3	-1.171
15822312-e361-406b-91c1-1558028f72c9	12	109193667	114193597	2945	-0.0474
15822312-e361-406b-91c1-1558028f72c9	12	114194398	114197023	3	-1.5653
15822312-e361-406b-91c1-1558028f72c9	12	114199651	133201603	13133	-0.0359
15822312-e361-406b-91c1-1558028f72c9	13	18452809	18844391	95	0.1679
15822312-e361-406b-91c1-1558028f72c9	13	18852422	23051669	2753	0.4299
15822312-e361-406b-91c1-1558028f72c9	13	23051898	23058865	15	0.133
15822312-e361-406b-91c1-1558028f72c9	13	23058992	23059376	6	-0.8297
15822312-e361-406b-91c1-1558028f72c9	13	23064056	23524464	376	0.4422
15822312-e361-406b-91c1-1558028f72c9	13	23534329	23956400	301	0.568
15822312-e361-406b-91c1-1558028f72c9	13	23956588	34114296	7652	0.4389
15822312-e361-406b-91c1-1558028f72c9	13	34114444	37502534	2296	0.3905
15822312-e361-406b-91c1-1558028f72c9	13	37504215	37514237	10	-0.1531
15822312-e361-406b-91c1-1558028f72c9	13	37514250	47050733	6626	0.4491
15822312-e361-406b-91c1-1558028f72c9	13	47053333	48695024	1191	0.3872
15822312-e361-406b-91c1-1558028f72c9	13	48695051	52356116	2035	0.4577
15822312-e361-406b-91c1-1558028f72c9	13	52357773	57093519	2638	0.395
15822312-e361-406b-91c1-1558028f72c9	13	57093573	57232451	87	0.1815
15822312-e361-406b-91c1-1558028f72c9	13	57236166	63743696	3848	0.4074
15822312-e361-406b-91c1-1558028f72c9	13	63770336	63788015	18	0.8984
15822312-e361-406b-91c1-1558028f72c9	13	63788424	68221795	2723	0.3986
15822312-e361-406b-91c1-1558028f72c9	13	68222708	71297336	2038	0.4379
15822312-e361-406b-91c1-1558028f72c9	13	71297473	74335792	2193	0.5058
15822312-e361-406b-91c1-1558028f72c9	13	74336112	77629298	2281	0.4321
15822312-e361-406b-91c1-1558028f72c9	13	77632244	78210078	397	-0.0133
15822312-e361-406b-91c1-1558028f72c9	13	78211698	82827007	2922	0.0317
15822312-e361-406b-91c1-1558028f72c9	13	82827867	86290176	2206	-0.0295
15822312-e361-406b-91c1-1558028f72c9	13	86299688	96683994	6552	0.4114
15822312-e361-406b-91c1-1558028f72c9	13	96685773	111407171	11386	0.4437
15822312-e361-406b-91c1-1558028f72c9	13	111408167	114342922	1522	0.4132
15822312-e361-406b-91c1-1558028f72c9	14	18239283	22067807	1626	-0.6369
15822312-e361-406b-91c1-1558028f72c9	14	22069113	22505269	390	-0.4228
15822312-e361-406b-91c1-1558028f72c9	14	22505306	51497434	17854	-0.6261
15822312-e361-406b-91c1-1558028f72c9	14	51498911	52438919	770	-0.7267
15822312-e361-406b-91c1-1558028f72c9	14	52439091	76031979	14994	-0.6281
15822312-e361-406b-91c1-1558028f72c9	14	76033159	92121803	10646	-0.6557
15822312-e361-406b-91c1-1558028f72c9	14	92121875	92122573	2	-3.0748
15822312-e361-406b-91c1-1558028f72c9	14	92123337	101603185	6930	-0.6788
15822312-e361-406b-91c1-1558028f72c9	14	101605758	106877229	2099	-0.6152
15822312-e361-406b-91c1-1558028f72c9	15	19811075	20284478	69	-0.0939
15822312-e361-406b-91c1-1558028f72c9	15	20285134	21999319	109	0.3455
15822312-e361-406b-91c1-1558028f72c9	15	22003073	22299523	28	0.8822
15822312-e361-406b-91c1-1558028f72c9	15	22385639	22582296	8	0.3125
15822312-e361-406b-91c1-1558028f72c9	15	22584747	23060013	259	0.0076
15822312-e361-406b-91c1-1558028f72c9	15	23060383	29468312	3962	-0.0621
15822312-e361-406b-91c1-1558028f72c9	15	29468991	30252720	406	0.0175
15822312-e361-406b-91c1-1558028f72c9	15	30253290	30269364	4	-1.1552
15822312-e361-406b-91c1-1558028f72c9	15	30281107	39211623	5990	-0.0045
15822312-e361-406b-91c1-1558028f72c9	15	39213520	66125467	16903	0.0151
15822312-e361-406b-91c1-1558028f72c9	15	66125856	82289098	9849	-0.0071
15822312-e361-406b-91c1-1558028f72c9	15	82305363	82305697	2	-1.7462
15822312-e361-406b-91c1-1558028f72c9	15	82307905	101928837	13974	-0.011
15822312-e361-406b-91c1-1558028f72c9	16	10777	5410290	2439	0.1854
15822312-e361-406b-91c1-1558028f72c9	16	5410522	5723739	391	-0.3307
15822312-e361-406b-91c1-1558028f72c9	16	5724173	6458576	859	0.1796
15822312-e361-406b-91c1-1558028f72c9	16	6458612	6536236	95	-0.031
15822312-e361-406b-91c1-1558028f72c9	16	6536271	19933041	9687	0.2071
15822312-e361-406b-91c1-1558028f72c9	16	19934328	19954553	28	-1.1085
15822312-e361-406b-91c1-1558028f72c9	16	19956040	21349109	889	0.1814
15822312-e361-406b-91c1-1558028f72c9	16	21352084	21582313	30	-0.3669
15822312-e361-406b-91c1-1558028f72c9	16	21584992	22604483	374	0.2182
15822312-e361-406b-91c1-1558028f72c9	16	22614263	22693199	58	-0.5354
15822312-e361-406b-91c1-1558028f72c9	16	22699421	24212282	1019	0.1944
15822312-e361-406b-91c1-1558028f72c9	16	24214070	24214944	2	1.6373
15822312-e361-406b-91c1-1558028f72c9	16	24215238	31927270	4071	0.1821
15822312-e361-406b-91c1-1558028f72c9	16	31927672	35600724	437	0.0663
15822312-e361-406b-91c1-1558028f72c9	16	35601428	51837767	3384	0.1843
15822312-e361-406b-91c1-1558028f72c9	16	51844512	53323806	1096	0.2462
15822312-e361-406b-91c1-1558028f72c9	16	53328575	55762682	2087	0.157
15822312-e361-406b-91c1-1558028f72c9	16	55764310	55764850	2	2.6061
15822312-e361-406b-91c1-1558028f72c9	16	55764867	70105639	8774	0.1827
15822312-e361-406b-91c1-1558028f72c9	16	70117657	70219938	26	-0.3397
15822312-e361-406b-91c1-1558028f72c9	16	70220039	74363160	2287	0.1933
15822312-e361-406b-91c1-1558028f72c9	16	74364089	74373481	6	-0.6488
15822312-e361-406b-91c1-1558028f72c9	16	74418138	78337711	3207	0.207
15822312-e361-406b-91c1-1558028f72c9	16	78338543	78351585	19	0.7601
15822312-e361-406b-91c1-1558028f72c9	16	78351611	78984269	846	0.1977
15822312-e361-406b-91c1-1558028f72c9	16	78984748	79241452	364	-0.2895
15822312-e361-406b-91c1-1558028f72c9	16	79245768	90096867	9407	0.1962
15822312-e361-406b-91c1-1558028f72c9	17	150733	173873	10	-0.2526
15822312-e361-406b-91c1-1558028f72c9	17	177360	3577153	1824	-0.6109
15822312-e361-406b-91c1-1558028f72c9	17	3577918	3580491	5	-3.3178
15822312-e361-406b-91c1-1558028f72c9	17	3581074	20954007	10507	-0.6608
15822312-e361-406b-91c1-1558028f72c9	17	20957535	20961795	4	-2.6458
15822312-e361-406b-91c1-1558028f72c9	17	20964631	22719870	507	-0.6164
15822312-e361-406b-91c1-1558028f72c9	17	22720241	41258395	7924	-0.0081
15822312-e361-406b-91c1-1558028f72c9	17	41262120	41274279	27	0.4599
15822312-e361-406b-91c1-1558028f72c9	17	41276472	46088437	2501	0.0031
15822312-e361-406b-91c1-1558028f72c9	17	46089055	46136346	35	-0.3513
15822312-e361-406b-91c1-1558028f72c9	17	46136800	78285287	19345	0.0008
15822312-e361-406b-91c1-1558028f72c9	17	78286051	78286887	2	-1.4599
15822312-e361-406b-91c1-1558028f72c9	17	78290662	83091923	2321	-0.0173
15822312-e361-406b-91c1-1558028f72c9	18	48133	80257174	50632	-0.6492
15822312-e361-406b-91c1-1558028f72c9	19	90910	20614273	9045	-0.0287
15822312-e361-406b-91c1-1558028f72c9	19	20614318	31653054	5183	-0.0687
15822312-e361-406b-91c1-1558028f72c9	19	31653395	32921942	882	-0.0232
15822312-e361-406b-91c1-1558028f72c9	19	32922053	32926138	3	-1.299
15822312-e361-406b-91c1-1558028f72c9	19	32926577	35364547	1605	-0.0136
15822312-e361-406b-91c1-1558028f72c9	19	35365141	35365384	4	-1.0178
15822312-e361-406b-91c1-1558028f72c9	19	35365657	40854267	2788	-0.0312
15822312-e361-406b-91c1-1558028f72c9	19	40854465	40864857	15	-0.9611
15822312-e361-406b-91c1-1558028f72c9	19	40864888	50234726	4449	-0.001
15822312-e361-406b-91c1-1558028f72c9	19	50236817	54631479	2740	-0.0548
15822312-e361-406b-91c1-1558028f72c9	19	54639945	54801157	98	0.0339
15822312-e361-406b-91c1-1558028f72c9	19	54801545	54802362	2	-1.6592
15822312-e361-406b-91c1-1558028f72c9	19	54802832	58586487	2303	-0.0285
15822312-e361-406b-91c1-1558028f72c9	20	80664	80907	8	0.3349
15822312-e361-406b-91c1-1558028f72c9	20	80941	1580141	1189	-0.6366
15822312-e361-406b-91c1-1558028f72c9	20	1580156	1601446	39	0.1316
15822312-e361-406b-91c1-1558028f72c9	20	1601561	19950247	14426	-0.6644
15822312-e361-406b-91c1-1558028f72c9	20	19951246	30417073	4364	0.8188
15822312-e361-406b-91c1-1558028f72c9	20	31247246	36906647	2681	1.1874
15822312-e361-406b-91c1-1558028f72c9	20	36908301	37094427	196	0.9657
15822312-e361-406b-91c1-1558028f72c9	20	37097999	41730880	3046	1.162
15822312-e361-406b-91c1-1558028f72c9	20	41731384	41731388	5	0.003
15822312-e361-406b-91c1-1558028f72c9	20	41732145	45573245	2895	1.1788
15822312-e361-406b-91c1-1558028f72c9	20	45575904	45576132	2	-0.8327
15822312-e361-406b-91c1-1558028f72c9	20	45580879	50545704	3436	1.1782
15822312-e361-406b-91c1-1558028f72c9	20	50545958	50546005	3	0.0115
15822312-e361-406b-91c1-1558028f72c9	20	50546040	50557587	20	1.2197
15822312-e361-406b-91c1-1558028f72c9	20	50557971	50558065	4	0.166
15822312-e361-406b-91c1-1558028f72c9	20	50558183	51739925	833	1.1864
15822312-e361-406b-91c1-1558028f72c9	20	51740975	54041178	1740	1.2284
15822312-e361-406b-91c1-1558028f72c9	20	54041534	54041625	2	-0.7623
15822312-e361-406b-91c1-1558028f72c9	20	54041980	55993027	1634	1.2382
15822312-e361-406b-91c1-1558028f72c9	20	55999488	64324800	5825	1.1759
15822312-e361-406b-91c1-1558028f72c9	21	10354168	10494350	19	-0.6459
15822312-e361-406b-91c1-1558028f72c9	21	10511939	14189786	397	-0.0907
15822312-e361-406b-91c1-1558028f72c9	21	14190262	19357910	3697	0.0289
15822312-e361-406b-91c1-1558028f72c9	21	19357990	27493653	6287	-0.0369
15822312-e361-406b-91c1-1558028f72c9	21	27494475	30212649	1935	0.019
15822312-e361-406b-91c1-1558028f72c9	21	30212839	31768450	1026	-0.0543
15822312-e361-406b-91c1-1558028f72c9	21	31768691	36557014	3360	0.0011
15822312-e361-406b-91c1-1558028f72c9	21	36557831	36558060	2	-1.7314
15822312-e361-406b-91c1-1558028f72c9	21	36560880	46677045	7146	-0.0003
15822312-e361-406b-91c1-1558028f72c9	22	15294547	15484302	11	0.1622
15822312-e361-406b-91c1-1558028f72c9	22	15570064	15696762	8	-0.9832
15822312-e361-406b-91c1-1558028f72c9	22	15729257	33777419	11627	0.1176
15822312-e361-406b-91c1-1558028f72c9	22	33778960	33778986	3	-2.1797
15822312-e361-406b-91c1-1558028f72c9	22	33778998	47610057	9165	0.1191
15822312-e361-406b-91c1-1558028f72c9	22	47610081	48848072	1222	0.0509
15822312-e361-406b-91c1-1558028f72c9	22	48856139	50528603	1095	0.1307
15822312-e361-406b-91c1-1558028f72c9	22	50534679	50534687	5	-1.0748
15822312-e361-406b-91c1-1558028f72c9	22	50535325	50796027	143	0.1269
15822312-e361-406b-91c1-1558028f72c9	X	251810	2671323	92	-0.3519
15822312-e361-406b-91c1-1558028f72c9	X	2747168	8601685	4411	-0.0101
15822312-e361-406b-91c1-1558028f72c9	X	8603106	8614189	13	-0.3933
15822312-e361-406b-91c1-1558028f72c9	X	8616748	16459272	5547	0.0676
15822312-e361-406b-91c1-1558028f72c9	X	16459377	23185196	3917	0.0073
15822312-e361-406b-91c1-1558028f72c9	X	23186024	24577219	947	0.0806
15822312-e361-406b-91c1-1558028f72c9	X	24577297	24577630	4	1.6631
15822312-e361-406b-91c1-1558028f72c9	X	24579832	32114850	4811	0.0198
15822312-e361-406b-91c1-1558028f72c9	X	32115131	38001737	3630	-0.0268
15822312-e361-406b-91c1-1558028f72c9	X	38002195	44218656	3615	0.0464
15822312-e361-406b-91c1-1558028f72c9	X	44219723	50177497	2765	-0.0178
15822312-e361-406b-91c1-1558028f72c9	X	50177927	50179686	2	2.3806
15822312-e361-406b-91c1-1558028f72c9	X	50180216	51569038	729	0.0322
15822312-e361-406b-91c1-1558028f72c9	X	51569739	63250575	3006	-0.0671
15822312-e361-406b-91c1-1558028f72c9	X	63250976	63261022	9	1.3036
15822312-e361-406b-91c1-1558028f72c9	X	63261699	65987859	1071	-0.078
15822312-e361-406b-91c1-1558028f72c9	X	65988166	87461824	10596	-0.0184
15822312-e361-406b-91c1-1558028f72c9	X	87461983	87462049	2	2.3129
15822312-e361-406b-91c1-1558028f72c9	X	87463167	88243630	505	-0.0334
15822312-e361-406b-91c1-1558028f72c9	X	88244347	88245113	2	-1.8978
15822312-e361-406b-91c1-1558028f72c9	X	88251070	89190556	621	0.0134
15822312-e361-406b-91c1-1558028f72c9	X	89200436	95094079	2580	-0.0851
15822312-e361-406b-91c1-1558028f72c9	X	95096232	155952689	34591	-0.0022
15822312-e361-406b-91c1-1558028f72c9	Y	2782397	56872112	6639	-0.8539
