GDC_Aliquot	Chromosome	Start	End	Num_Probes	Segment_Mean
e523abdc-1742-4ff5-9423-ccb55ee99af5	1	62920	98588	12	1.0126
e523abdc-1742-4ff5-9423-ccb55ee99af5	1	98602	3308771	738	0.1378
e523abdc-1742-4ff5-9423-ccb55ee99af5	1	3309193	10307286	4410	0.0074
e523abdc-1742-4ff5-9423-ccb55ee99af5	1	10310344	10317925	18	-0.4442
e523abdc-1742-4ff5-9423-ccb55ee99af5	1	10321714	15822508	3148	0.0116
e523abdc-1742-4ff5-9423-ccb55ee99af5	1	15822572	15827430	10	-0.5166
e523abdc-1742-4ff5-9423-ccb55ee99af5	1	15827706	16037445	89	0.0097
e523abdc-1742-4ff5-9423-ccb55ee99af5	1	16041638	16052836	5	1.0548
e523abdc-1742-4ff5-9423-ccb55ee99af5	1	16052921	16470247	189	0.0158
e523abdc-1742-4ff5-9423-ccb55ee99af5	1	16471261	16973678	144	0.1641
e523abdc-1742-4ff5-9423-ccb55ee99af5	1	16975177	25090270	5122	0.0002
e523abdc-1742-4ff5-9423-ccb55ee99af5	1	25092208	25301974	139	0.1209
e523abdc-1742-4ff5-9423-ccb55ee99af5	1	25318693	25336853	8	0.9017
e523abdc-1742-4ff5-9423-ccb55ee99af5	1	25346663	37388151	6434	0.0133
e523abdc-1742-4ff5-9423-ccb55ee99af5	1	37389012	37455442	42	0.2715
e523abdc-1742-4ff5-9423-ccb55ee99af5	1	37457798	72290430	22230	0.0041
e523abdc-1742-4ff5-9423-ccb55ee99af5	1	72290459	72345450	55	0.266
e523abdc-1742-4ff5-9423-ccb55ee99af5	1	72345465	103621165	20014	0.0041
e523abdc-1742-4ff5-9423-ccb55ee99af5	1	103697067	103717410	3	1.6681
e523abdc-1742-4ff5-9423-ccb55ee99af5	1	103717617	105763866	1141	-0.0044
e523abdc-1742-4ff5-9423-ccb55ee99af5	1	105766516	105773232	7	-1.0799
e523abdc-1742-4ff5-9423-ccb55ee99af5	1	105778334	108951525	2072	0.0051
e523abdc-1742-4ff5-9423-ccb55ee99af5	1	108954232	108954764	7	-0.9998
e523abdc-1742-4ff5-9423-ccb55ee99af5	1	108955178	109679105	337	-0.0059
e523abdc-1742-4ff5-9423-ccb55ee99af5	1	109684695	109697556	15	0.6216
e523abdc-1742-4ff5-9423-ccb55ee99af5	1	109702376	110811880	816	0.0115
e523abdc-1742-4ff5-9423-ccb55ee99af5	1	110817113	110817923	6	-0.7852
e523abdc-1742-4ff5-9423-ccb55ee99af5	1	110820818	110834746	15	-0.045
e523abdc-1742-4ff5-9423-ccb55ee99af5	1	110834943	110845604	38	-0.6962
e523abdc-1742-4ff5-9423-ccb55ee99af5	1	110849445	120370887	6156	0.0062
e523abdc-1742-4ff5-9423-ccb55ee99af5	1	120385535	149913375	1147	0.0885
e523abdc-1742-4ff5-9423-ccb55ee99af5	1	149914031	152583230	1391	0.0148
e523abdc-1742-4ff5-9423-ccb55ee99af5	1	152583291	152618018	35	1.2715
e523abdc-1742-4ff5-9423-ccb55ee99af5	1	152618089	152784298	163	-0.0066
e523abdc-1742-4ff5-9423-ccb55ee99af5	1	152784330	152795487	34	-0.5471
e523abdc-1742-4ff5-9423-ccb55ee99af5	1	152795783	155210675	1345	0.0087
e523abdc-1742-4ff5-9423-ccb55ee99af5	1	155219369	155231273	11	1.1346
e523abdc-1742-4ff5-9423-ccb55ee99af5	1	155241876	174827267	13442	0.0055
e523abdc-1742-4ff5-9423-ccb55ee99af5	1	174827418	174832599	15	-0.6266
e523abdc-1742-4ff5-9423-ccb55ee99af5	1	174832702	179354603	3073	0.0083
e523abdc-1742-4ff5-9423-ccb55ee99af5	1	179361393	179364180	4	-0.9333
e523abdc-1742-4ff5-9423-ccb55ee99af5	1	179370071	187323476	5273	0.0061
e523abdc-1742-4ff5-9423-ccb55ee99af5	1	187329235	187331559	4	-0.9551
e523abdc-1742-4ff5-9423-ccb55ee99af5	1	187331953	196745743	6275	0.0005
e523abdc-1742-4ff5-9423-ccb55ee99af5	1	196758720	196788979	34	-0.5919
e523abdc-1742-4ff5-9423-ccb55ee99af5	1	196788990	196830158	19	-0.2648
e523abdc-1742-4ff5-9423-ccb55ee99af5	1	196830375	209897717	8781	-0.0014
e523abdc-1742-4ff5-9423-ccb55ee99af5	1	209908268	209910639	3	1.2376
e523abdc-1742-4ff5-9423-ccb55ee99af5	1	209913207	219226452	6501	0.0025
e523abdc-1742-4ff5-9423-ccb55ee99af5	1	219229085	219239373	9	-1.1745
e523abdc-1742-4ff5-9423-ccb55ee99af5	1	219242122	248572774	20315	0.0052
e523abdc-1742-4ff5-9423-ccb55ee99af5	1	248574146	248633912	33	-0.7506
e523abdc-1742-4ff5-9423-ccb55ee99af5	1	248645563	248930189	141	0.0703
e523abdc-1742-4ff5-9423-ccb55ee99af5	2	12784	3142265	2179	0.029
e523abdc-1742-4ff5-9423-ccb55ee99af5	2	3143365	3223337	91	0.2206
e523abdc-1742-4ff5-9423-ccb55ee99af5	2	3223659	4155990	716	-0.0024
e523abdc-1742-4ff5-9423-ccb55ee99af5	2	4158097	4174949	34	-0.653
e523abdc-1742-4ff5-9423-ccb55ee99af5	2	4175059	34476516	21047	-0.0015
e523abdc-1742-4ff5-9423-ccb55ee99af5	2	34476558	34512965	46	0.3868
e523abdc-1742-4ff5-9423-ccb55ee99af5	2	34515572	35356085	533	-0.0217
e523abdc-1742-4ff5-9423-ccb55ee99af5	2	35356441	35390609	53	-0.9859
e523abdc-1742-4ff5-9423-ccb55ee99af5	2	35396850	78749511	29306	-0.0036
e523abdc-1742-4ff5-9423-ccb55ee99af5	2	78749884	78750043	3	-1.6755
e523abdc-1742-4ff5-9423-ccb55ee99af5	2	78752523	87286164	5145	-0.0013
e523abdc-1742-4ff5-9423-ccb55ee99af5	2	87287256	87295819	3	-1.1057
e523abdc-1742-4ff5-9423-ccb55ee99af5	2	87299357	88833611	538	0.0121
e523abdc-1742-4ff5-9423-ccb55ee99af5	2	88834118	94675825	380	0.1192
e523abdc-1742-4ff5-9423-ccb55ee99af5	2	94675975	114629270	10861	-0.0033
e523abdc-1742-4ff5-9423-ccb55ee99af5	2	114638844	114643422	18	-0.8418
e523abdc-1742-4ff5-9423-ccb55ee99af5	2	114645637	131458124	10290	-0.0017
e523abdc-1742-4ff5-9423-ccb55ee99af5	2	131464435	131468795	3	-1.5406
e523abdc-1742-4ff5-9423-ccb55ee99af5	2	131472229	146104517	9082	-0.0002
e523abdc-1742-4ff5-9423-ccb55ee99af5	2	146106836	146109139	21	0.6794
e523abdc-1742-4ff5-9423-ccb55ee99af5	2	146109230	202428368	33763	-0.0041
e523abdc-1742-4ff5-9423-ccb55ee99af5	2	202431052	202447478	41	-0.6981
e523abdc-1742-4ff5-9423-ccb55ee99af5	2	202448759	205864701	2113	-0.01
e523abdc-1742-4ff5-9423-ccb55ee99af5	2	205868759	205868839	2	-1.1946
e523abdc-1742-4ff5-9423-ccb55ee99af5	2	205868979	207486030	1007	0.0015
e523abdc-1742-4ff5-9423-ccb55ee99af5	2	207490188	207494301	15	0.5193
e523abdc-1742-4ff5-9423-ccb55ee99af5	2	207494425	242147305	22059	0.0015
e523abdc-1742-4ff5-9423-ccb55ee99af5	3	20930	1875292	1672	0
e523abdc-1742-4ff5-9423-ccb55ee99af5	3	1876465	1881281	6	-1.203
e523abdc-1742-4ff5-9423-ccb55ee99af5	3	1883380	27072782	18677	0.007
e523abdc-1742-4ff5-9423-ccb55ee99af5	3	27076956	27084106	20	-0.6697
e523abdc-1742-4ff5-9423-ccb55ee99af5	3	27084161	46008216	12294	0.0062
e523abdc-1742-4ff5-9423-ccb55ee99af5	3	46008344	46010221	2	-1.6029
e523abdc-1742-4ff5-9423-ccb55ee99af5	3	46010251	46380554	229	-0.0015
e523abdc-1742-4ff5-9423-ccb55ee99af5	3	46380801	46380896	4	-0.6735
e523abdc-1742-4ff5-9423-ccb55ee99af5	3	46381266	46751887	248	-0.0046
e523abdc-1742-4ff5-9423-ccb55ee99af5	3	46760327	46807689	39	-2.4168
e523abdc-1742-4ff5-9423-ccb55ee99af5	3	46808099	52997720	2496	-0.0077
e523abdc-1742-4ff5-9423-ccb55ee99af5	3	52997734	53004832	31	0.4043
e523abdc-1742-4ff5-9423-ccb55ee99af5	3	53004886	60239746	5190	0.0096
e523abdc-1742-4ff5-9423-ccb55ee99af5	3	60239784	60240526	2	-1.674
e523abdc-1742-4ff5-9423-ccb55ee99af5	3	60241327	75434122	11738	0.0108
e523abdc-1742-4ff5-9423-ccb55ee99af5	3	75444989	75519398	31	0.3129
e523abdc-1742-4ff5-9423-ccb55ee99af5	3	75523398	75547095	8	0.9206
e523abdc-1742-4ff5-9423-ccb55ee99af5	3	75559488	75748496	39	0.2321
e523abdc-1742-4ff5-9423-ccb55ee99af5	3	75755699	99215760	10918	-0.002
e523abdc-1742-4ff5-9423-ccb55ee99af5	3	99217783	99230457	38	0.3267
e523abdc-1742-4ff5-9423-ccb55ee99af5	3	99230464	106596648	4388	0.0054
e523abdc-1742-4ff5-9423-ccb55ee99af5	3	106600845	106606048	4	-1.0207
e523abdc-1742-4ff5-9423-ccb55ee99af5	3	106606298	114941775	5064	0.0084
e523abdc-1742-4ff5-9423-ccb55ee99af5	3	114941823	114942097	3	-0.9961
e523abdc-1742-4ff5-9423-ccb55ee99af5	3	114950103	130044016	9231	0.0097
e523abdc-1742-4ff5-9423-ccb55ee99af5	3	130044855	130088155	40	0.6136
e523abdc-1742-4ff5-9423-ccb55ee99af5	3	130089433	134904858	3142	0.0176
e523abdc-1742-4ff5-9423-ccb55ee99af5	3	134905345	134905964	2	-1.3757
e523abdc-1742-4ff5-9423-ccb55ee99af5	3	134906413	140823697	3575	0.0098
e523abdc-1742-4ff5-9423-ccb55ee99af5	3	140826859	140828142	2	1.1774
e523abdc-1742-4ff5-9423-ccb55ee99af5	3	140841776	142797724	1010	0.0133
e523abdc-1742-4ff5-9423-ccb55ee99af5	3	142797984	142804507	4	-0.9308
e523abdc-1742-4ff5-9423-ccb55ee99af5	3	142804578	146661402	2643	0.0137
e523abdc-1742-4ff5-9423-ccb55ee99af5	3	146665207	146668345	4	-1.0444
e523abdc-1742-4ff5-9423-ccb55ee99af5	3	146674197	148694578	1133	0.0242
e523abdc-1742-4ff5-9423-ccb55ee99af5	3	148694621	148694813	2	-1.9216
e523abdc-1742-4ff5-9423-ccb55ee99af5	3	148695132	154775592	3867	0.0089
e523abdc-1742-4ff5-9423-ccb55ee99af5	3	154777163	154778164	5	-1.6446
e523abdc-1742-4ff5-9423-ccb55ee99af5	3	154778302	156466033	956	0.0076
e523abdc-1742-4ff5-9423-ccb55ee99af5	3	156466383	156466934	2	-1.8348
e523abdc-1742-4ff5-9423-ccb55ee99af5	3	156468521	157620872	745	0.0007
e523abdc-1742-4ff5-9423-ccb55ee99af5	3	157622121	157623893	6	-1.0543
e523abdc-1742-4ff5-9423-ccb55ee99af5	3	157625703	162795304	3147	0.003
e523abdc-1742-4ff5-9423-ccb55ee99af5	3	162795361	162896180	58	0.6267
e523abdc-1742-4ff5-9423-ccb55ee99af5	3	162897779	162906093	6	0.0596
e523abdc-1742-4ff5-9423-ccb55ee99af5	3	162906109	162908815	5	-0.9606
e523abdc-1742-4ff5-9423-ccb55ee99af5	3	162910826	162996729	70	0.0265
e523abdc-1742-4ff5-9423-ccb55ee99af5	3	162999939	163001774	2	-2.6341
e523abdc-1742-4ff5-9423-ccb55ee99af5	3	163008371	193160113	19075	0.0088
e523abdc-1742-4ff5-9423-ccb55ee99af5	3	193160173	193163053	11	1.4198
e523abdc-1742-4ff5-9423-ccb55ee99af5	3	193164615	193165114	8	0.6115
e523abdc-1742-4ff5-9423-ccb55ee99af5	3	193168646	195702737	1494	0.0135
e523abdc-1742-4ff5-9423-ccb55ee99af5	3	195702830	195728637	16	-0.7512
e523abdc-1742-4ff5-9423-ccb55ee99af5	3	195728990	198169247	1180	0.0421
e523abdc-1742-4ff5-9423-ccb55ee99af5	4	68929	548239	210	0.0545
e523abdc-1742-4ff5-9423-ccb55ee99af5	4	554946	886826	99	0.2274
e523abdc-1742-4ff5-9423-ccb55ee99af5	4	886910	4093722	1309	0.0124
e523abdc-1742-4ff5-9423-ccb55ee99af5	4	4093936	4175446	24	0.458
e523abdc-1742-4ff5-9423-ccb55ee99af5	4	4176082	8722817	3451	0.0016
e523abdc-1742-4ff5-9423-ccb55ee99af5	4	9370577	9455251	59	0.8983
e523abdc-1742-4ff5-9423-ccb55ee99af5	4	9459504	10208766	544	0.0431
e523abdc-1742-4ff5-9423-ccb55ee99af5	4	10221792	10232590	29	-1.5289
e523abdc-1742-4ff5-9423-ccb55ee99af5	4	10232642	20551734	7587	0.0057
e523abdc-1742-4ff5-9423-ccb55ee99af5	4	20554097	20561343	28	-0.6809
e523abdc-1742-4ff5-9423-ccb55ee99af5	4	20561426	20561980	5	-1.4054
e523abdc-1742-4ff5-9423-ccb55ee99af5	4	20562042	20566943	9	-0.6975
e523abdc-1742-4ff5-9423-ccb55ee99af5	4	20567066	64250044	26110	0.0055
e523abdc-1742-4ff5-9423-ccb55ee99af5	4	64252154	64252307	2	1.68
e523abdc-1742-4ff5-9423-ccb55ee99af5	4	64254909	68378716	2670	0.0038
e523abdc-1742-4ff5-9423-ccb55ee99af5	4	68389352	68623617	88	0.4675
e523abdc-1742-4ff5-9423-ccb55ee99af5	4	68639397	68805671	60	0.0316
e523abdc-1742-4ff5-9423-ccb55ee99af5	4	68807003	68851497	28	0.582
e523abdc-1742-4ff5-9423-ccb55ee99af5	4	68851812	69257792	226	0.0094
e523abdc-1742-4ff5-9423-ccb55ee99af5	4	69261926	69366081	54	-0.6377
e523abdc-1742-4ff5-9423-ccb55ee99af5	4	69366304	108375761	23664	0.0014
e523abdc-1742-4ff5-9423-ccb55ee99af5	4	108377779	108378205	2	-1.8354
e523abdc-1742-4ff5-9423-ccb55ee99af5	4	108379736	114252472	3636	0.001
e523abdc-1742-4ff5-9423-ccb55ee99af5	4	114252500	114261019	25	0.5486
e523abdc-1742-4ff5-9423-ccb55ee99af5	4	114263073	124104508	5852	0.0046
e523abdc-1742-4ff5-9423-ccb55ee99af5	4	124105858	124118124	10	-1.1001
e523abdc-1742-4ff5-9423-ccb55ee99af5	4	124121696	137171085	7359	0.003
e523abdc-1742-4ff5-9423-ccb55ee99af5	4	137171266	137172260	13	-0.6457
e523abdc-1742-4ff5-9423-ccb55ee99af5	4	137173804	155672936	11281	0.0019
e523abdc-1742-4ff5-9423-ccb55ee99af5	4	155673078	155676769	14	-0.7852
e523abdc-1742-4ff5-9423-ccb55ee99af5	4	155676843	155957769	233	-0.0197
e523abdc-1742-4ff5-9423-ccb55ee99af5	4	155958021	155958987	12	-0.6483
e523abdc-1742-4ff5-9423-ccb55ee99af5	4	155959196	160952848	3157	0.0002
e523abdc-1742-4ff5-9423-ccb55ee99af5	4	160958866	160963767	22	-0.7055
e523abdc-1742-4ff5-9423-ccb55ee99af5	4	160963806	171448195	6660	0.002
e523abdc-1742-4ff5-9423-ccb55ee99af5	4	171453733	171456559	10	1.3509
e523abdc-1742-4ff5-9423-ccb55ee99af5	4	171456573	172068149	403	-0.0223
e523abdc-1742-4ff5-9423-ccb55ee99af5	4	172068222	172068354	6	-2.3763
e523abdc-1742-4ff5-9423-ccb55ee99af5	4	172068368	177795340	3424	-0.0034
e523abdc-1742-4ff5-9423-ccb55ee99af5	4	177796640	177797760	5	-1.0008
e523abdc-1742-4ff5-9423-ccb55ee99af5	4	177799724	180209402	1676	-0.0001
e523abdc-1742-4ff5-9423-ccb55ee99af5	4	180215918	180217146	8	-0.8137
e523abdc-1742-4ff5-9423-ccb55ee99af5	4	180217172	183890110	2739	0.0127
e523abdc-1742-4ff5-9423-ccb55ee99af5	4	183890165	183893171	2	-1.8969
e523abdc-1742-4ff5-9423-ccb55ee99af5	4	183893186	188300104	3060	0.0225
e523abdc-1742-4ff5-9423-ccb55ee99af5	4	188300206	188301659	5	1.3429
e523abdc-1742-4ff5-9423-ccb55ee99af5	4	188301899	190106768	1139	0.054
e523abdc-1742-4ff5-9423-ccb55ee99af5	5	15532	741924	322	0.1186
e523abdc-1742-4ff5-9423-ccb55ee99af5	5	742574	825192	28	0.7306
e523abdc-1742-4ff5-9423-ccb55ee99af5	5	825538	1003020	66	-0.0114
e523abdc-1742-4ff5-9423-ccb55ee99af5	5	1005958	1893813	506	0.1031
e523abdc-1742-4ff5-9423-ccb55ee99af5	5	1894165	15925125	11362	0.0047
e523abdc-1742-4ff5-9423-ccb55ee99af5	5	15925464	15925986	2	-2.1744
e523abdc-1742-4ff5-9423-ccb55ee99af5	5	15926657	21370468	3359	0.0171
e523abdc-1742-4ff5-9423-ccb55ee99af5	5	21376735	21377744	3	-1.3172
e523abdc-1742-4ff5-9423-ccb55ee99af5	5	21385957	26789387	3178	0.0025
e523abdc-1742-4ff5-9423-ccb55ee99af5	5	26797651	26797735	2	-2.1428
e523abdc-1742-4ff5-9423-ccb55ee99af5	5	26803775	33823776	4558	-0.0008
e523abdc-1742-4ff5-9423-ccb55ee99af5	5	33824149	33825026	2	-1.7852
e523abdc-1742-4ff5-9423-ccb55ee99af5	5	33828098	44575369	6627	0.0084
e523abdc-1742-4ff5-9423-ccb55ee99af5	5	44575697	44575931	2	-2.3184
e523abdc-1742-4ff5-9423-ccb55ee99af5	5	44576069	181363319	82732	0.0053
e523abdc-1742-4ff5-9423-ccb55ee99af5	6	149661	29876257	21638	0.01
e523abdc-1742-4ff5-9423-ccb55ee99af5	6	29876595	29881490	6	-1.0512
e523abdc-1742-4ff5-9423-ccb55ee99af5	6	29882419	31309909	661	0.0097
e523abdc-1742-4ff5-9423-ccb55ee99af5	6	31313046	31342147	13	0.7759
e523abdc-1742-4ff5-9423-ccb55ee99af5	6	31349570	33970222	1362	0.0166
e523abdc-1742-4ff5-9423-ccb55ee99af5	6	33970966	33974928	7	-1.0469
e523abdc-1742-4ff5-9423-ccb55ee99af5	6	33976809	34164831	121	0.0342
e523abdc-1742-4ff5-9423-ccb55ee99af5	6	34166743	34167087	2	-2.5026
e523abdc-1742-4ff5-9423-ccb55ee99af5	6	34169875	52441084	11560	0.0041
e523abdc-1742-4ff5-9423-ccb55ee99af5	6	52442015	52442405	2	1.4504
e523abdc-1742-4ff5-9423-ccb55ee99af5	6	52446938	52792463	247	0.0062
e523abdc-1742-4ff5-9423-ccb55ee99af5	6	52792523	52799684	8	0.5959
e523abdc-1742-4ff5-9423-ccb55ee99af5	6	52800741	54066477	946	0.0109
e523abdc-1742-4ff5-9423-ccb55ee99af5	6	54066582	54067057	4	1.6018
e523abdc-1742-4ff5-9423-ccb55ee99af5	6	54070550	78259348	13156	0.0027
e523abdc-1742-4ff5-9423-ccb55ee99af5	6	78259388	78325310	110	0.2316
e523abdc-1742-4ff5-9423-ccb55ee99af5	6	78325457	92864624	9230	0.004
e523abdc-1742-4ff5-9423-ccb55ee99af5	6	92866148	92868912	31	-0.8358
e523abdc-1742-4ff5-9423-ccb55ee99af5	6	92873205	103286954	6204	0.0058
e523abdc-1742-4ff5-9423-ccb55ee99af5	6	103290101	103314186	46	0.4593
e523abdc-1742-4ff5-9423-ccb55ee99af5	6	103317795	170741917	44099	0.0071
e523abdc-1742-4ff5-9423-ccb55ee99af5	7	43355	54305455	38434	0.0083
e523abdc-1742-4ff5-9423-ccb55ee99af5	7	54318812	54318824	6	1.9267
e523abdc-1742-4ff5-9423-ccb55ee99af5	7	54325795	67225584	3750	0.0366
e523abdc-1742-4ff5-9423-ccb55ee99af5	7	67230121	67233947	2	-1.7896
e523abdc-1742-4ff5-9423-ccb55ee99af5	7	67234797	70955452	2371	0.0041
e523abdc-1742-4ff5-9423-ccb55ee99af5	7	70958264	70961155	2	1.3953
e523abdc-1742-4ff5-9423-ccb55ee99af5	7	70963257	82395606	6001	0.0086
e523abdc-1742-4ff5-9423-ccb55ee99af5	7	82396186	82401828	2	-1.5348
e523abdc-1742-4ff5-9423-ccb55ee99af5	7	82404769	89527443	4415	-0.0005
e523abdc-1742-4ff5-9423-ccb55ee99af5	7	89529165	89529475	2	-1.5815
e523abdc-1742-4ff5-9423-ccb55ee99af5	7	89531096	126404920	21932	0.0094
e523abdc-1742-4ff5-9423-ccb55ee99af5	7	126405428	126406561	12	-0.8833
e523abdc-1742-4ff5-9423-ccb55ee99af5	7	126406822	134100424	4696	0.0109
e523abdc-1742-4ff5-9423-ccb55ee99af5	7	134100442	134105690	23	-1.7321
e523abdc-1742-4ff5-9423-ccb55ee99af5	7	134110881	136763089	1852	0.009
e523abdc-1742-4ff5-9423-ccb55ee99af5	7	136768489	136772391	5	-0.8826
e523abdc-1742-4ff5-9423-ccb55ee99af5	7	136773403	140492542	2254	0.0171
e523abdc-1742-4ff5-9423-ccb55ee99af5	7	140493059	140493213	2	1.2803
e523abdc-1742-4ff5-9423-ccb55ee99af5	7	140493235	143984077	2128	0.012
e523abdc-1742-4ff5-9423-ccb55ee99af5	7	143990950	143991370	3	-1.1134
e523abdc-1742-4ff5-9423-ccb55ee99af5	7	143991454	144249785	190	0.0143
e523abdc-1742-4ff5-9423-ccb55ee99af5	7	144255220	144352208	13	-1.073
e523abdc-1742-4ff5-9423-ccb55ee99af5	7	144377836	154636288	6438	0.0126
e523abdc-1742-4ff5-9423-ccb55ee99af5	7	154636466	154636708	2	-1.3475
e523abdc-1742-4ff5-9423-ccb55ee99af5	7	154637850	158647527	2740	0.0138
e523abdc-1742-4ff5-9423-ccb55ee99af5	7	158647583	159334314	458	0.1071
e523abdc-1742-4ff5-9423-ccb55ee99af5	8	81254	212672	5	0.6694
e523abdc-1742-4ff5-9423-ccb55ee99af5	8	212832	644944	317	0.1142
e523abdc-1742-4ff5-9423-ccb55ee99af5	8	644973	645875	7	0.903
e523abdc-1742-4ff5-9423-ccb55ee99af5	8	645892	645908	2	3.4954
e523abdc-1742-4ff5-9423-ccb55ee99af5	8	656117	7182331	7382	0.0196
e523abdc-1742-4ff5-9423-ccb55ee99af5	8	7185818	7380497	25	-0.6699
e523abdc-1742-4ff5-9423-ccb55ee99af5	8	7396819	7598502	17	-0.2122
e523abdc-1742-4ff5-9423-ccb55ee99af5	8	7775900	8132772	26	0.8289
e523abdc-1742-4ff5-9423-ccb55ee99af5	8	8139659	13430575	3993	0.0332
e523abdc-1742-4ff5-9423-ccb55ee99af5	8	13430638	25117062	9662	-0.0042
e523abdc-1742-4ff5-9423-ccb55ee99af5	8	25117985	25126818	23	0.7555
e523abdc-1742-4ff5-9423-ccb55ee99af5	8	25133589	32828250	5431	-0.0002
e523abdc-1742-4ff5-9423-ccb55ee99af5	8	32829101	32829941	2	2.4823
e523abdc-1742-4ff5-9423-ccb55ee99af5	8	32830685	36482479	2015	0.0041
e523abdc-1742-4ff5-9423-ccb55ee99af5	8	36483239	36499841	12	-0.6917
e523abdc-1742-4ff5-9423-ccb55ee99af5	8	36500247	85623370	28154	0.0082
e523abdc-1742-4ff5-9423-ccb55ee99af5	8	85625685	85640913	11	-0.9891
e523abdc-1742-4ff5-9423-ccb55ee99af5	8	85645184	106840278	12763	0.0054
e523abdc-1742-4ff5-9423-ccb55ee99af5	8	106846291	106848098	13	-0.7907
e523abdc-1742-4ff5-9423-ccb55ee99af5	8	106850042	109698375	1793	-0.0046
e523abdc-1742-4ff5-9423-ccb55ee99af5	8	109698795	109709910	11	-0.6569
e523abdc-1742-4ff5-9423-ccb55ee99af5	8	109712314	141442903	22191	0.0074
e523abdc-1742-4ff5-9423-ccb55ee99af5	8	141447076	142410112	587	0.1542
e523abdc-1742-4ff5-9423-ccb55ee99af5	8	142410372	145072769	945	0.0522
e523abdc-1742-4ff5-9423-ccb55ee99af5	9	46587	512080	392	0.0083
e523abdc-1742-4ff5-9423-ccb55ee99af5	9	517715	531565	15	-0.9705
e523abdc-1742-4ff5-9423-ccb55ee99af5	9	531826	602903	100	0.0577
e523abdc-1742-4ff5-9423-ccb55ee99af5	9	606699	606961	4	-1.7997
e523abdc-1742-4ff5-9423-ccb55ee99af5	9	607307	8706583	7845	0.0083
e523abdc-1742-4ff5-9423-ccb55ee99af5	9	8707144	8712365	5	-1.4262
e523abdc-1742-4ff5-9423-ccb55ee99af5	9	8712601	15156134	5424	-0.002
e523abdc-1742-4ff5-9423-ccb55ee99af5	9	15158905	15159423	4	-1.2398
e523abdc-1742-4ff5-9423-ccb55ee99af5	9	15159851	19431410	3712	0.0034
e523abdc-1742-4ff5-9423-ccb55ee99af5	9	19431637	19432093	2	1.9203
e523abdc-1742-4ff5-9423-ccb55ee99af5	9	19433125	39342828	13613	0.0006
e523abdc-1742-4ff5-9423-ccb55ee99af5	9	39455364	67915741	420	0.2801
e523abdc-1742-4ff5-9423-ccb55ee99af5	9	68318441	87907679	14198	0.0048
e523abdc-1742-4ff5-9423-ccb55ee99af5	9	87939236	87939304	2	-1.5283
e523abdc-1742-4ff5-9423-ccb55ee99af5	9	87943042	103804216	10582	-0.0004
e523abdc-1742-4ff5-9423-ccb55ee99af5	9	103806415	103807009	2	-2.5345
e523abdc-1742-4ff5-9423-ccb55ee99af5	9	103808421	135322259	21971	0.002
e523abdc-1742-4ff5-9423-ccb55ee99af5	9	135323776	135324566	2	-3.2243
e523abdc-1742-4ff5-9423-ccb55ee99af5	9	135325951	136167429	404	0.0321
e523abdc-1742-4ff5-9423-ccb55ee99af5	9	136168810	136228982	19	0.3561
e523abdc-1742-4ff5-9423-ccb55ee99af5	9	136229411	137358495	273	0.0088
e523abdc-1742-4ff5-9423-ccb55ee99af5	9	137361190	137361381	3	1.3221
e523abdc-1742-4ff5-9423-ccb55ee99af5	9	137378551	137396394	9	0.2614
e523abdc-1742-4ff5-9423-ccb55ee99af5	9	137396579	138037308	274	-0.0013
e523abdc-1742-4ff5-9423-ccb55ee99af5	9	138037754	138200944	124	0.1462
e523abdc-1742-4ff5-9423-ccb55ee99af5	10	45792	713619	391	0.0532
e523abdc-1742-4ff5-9423-ccb55ee99af5	10	715085	720927	2	-2.2042
e523abdc-1742-4ff5-9423-ccb55ee99af5	10	720969	24088745	18776	0.0084
e523abdc-1742-4ff5-9423-ccb55ee99af5	10	24088746	24089125	10	0.6225
e523abdc-1742-4ff5-9423-ccb55ee99af5	10	24089979	25306444	811	0.0075
e523abdc-1742-4ff5-9423-ccb55ee99af5	10	25308379	25311279	2	-2.0958
e523abdc-1742-4ff5-9423-ccb55ee99af5	10	25312104	56103143	17800	0.006
e523abdc-1742-4ff5-9423-ccb55ee99af5	10	56106579	56120728	16	-0.7663
e523abdc-1742-4ff5-9423-ccb55ee99af5	10	56121559	56753095	404	0.0203
e523abdc-1742-4ff5-9423-ccb55ee99af5	10	56756615	56766578	37	-0.9312
e523abdc-1742-4ff5-9423-ccb55ee99af5	10	56766637	57332483	434	-0.0082
e523abdc-1742-4ff5-9423-ccb55ee99af5	10	57332551	57332811	5	-0.9592
e523abdc-1742-4ff5-9423-ccb55ee99af5	10	57332870	79588086	14913	0.008
e523abdc-1742-4ff5-9423-ccb55ee99af5	10	79593012	79754419	18	0.4853
e523abdc-1742-4ff5-9423-ccb55ee99af5	10	79754434	90238755	7362	0.0061
e523abdc-1742-4ff5-9423-ccb55ee99af5	10	90238817	90241962	2	-2.1823
e523abdc-1742-4ff5-9423-ccb55ee99af5	10	90242355	118600317	18511	0.0035
e523abdc-1742-4ff5-9423-ccb55ee99af5	10	118601549	118602949	3	1.1651
e523abdc-1742-4ff5-9423-ccb55ee99af5	10	118604156	120119541	951	-0.0191
e523abdc-1742-4ff5-9423-ccb55ee99af5	10	120120361	120139779	21	-0.8343
e523abdc-1742-4ff5-9423-ccb55ee99af5	10	120140865	133654968	10083	0.0094
e523abdc-1742-4ff5-9423-ccb55ee99af5	11	198510	4946021	2413	0.0229
e523abdc-1742-4ff5-9423-ccb55ee99af5	11	4946166	4955042	32	1.2493
e523abdc-1742-4ff5-9423-ccb55ee99af5	11	4955781	42580980	27286	0.0043
e523abdc-1742-4ff5-9423-ccb55ee99af5	11	42582673	42583833	3	-1.4781
e523abdc-1742-4ff5-9423-ccb55ee99af5	11	42583867	55608804	4719	0.0148
e523abdc-1742-4ff5-9423-ccb55ee99af5	11	55609022	55685501	50	-0.3809
e523abdc-1742-4ff5-9423-ccb55ee99af5	11	55685533	64828200	5122	0.0016
e523abdc-1742-4ff5-9423-ccb55ee99af5	11	64855397	65894607	404	0.143
e523abdc-1742-4ff5-9423-ccb55ee99af5	11	65902628	67518604	619	0.004
e523abdc-1742-4ff5-9423-ccb55ee99af5	11	67521123	67981851	149	0.1824
e523abdc-1742-4ff5-9423-ccb55ee99af5	11	67996609	89754781	13543	0.002
e523abdc-1742-4ff5-9423-ccb55ee99af5	11	89759710	89768798	3	-2.0194
e523abdc-1742-4ff5-9423-ccb55ee99af5	11	89796439	90833345	561	-0.014
e523abdc-1742-4ff5-9423-ccb55ee99af5	11	90835019	90837870	4	-3.0575
e523abdc-1742-4ff5-9423-ccb55ee99af5	11	90838996	90848544	7	-0.6879
e523abdc-1742-4ff5-9423-ccb55ee99af5	11	90848747	93964792	2246	0.0111
e523abdc-1742-4ff5-9423-ccb55ee99af5	11	93964894	93968422	8	-4.6957
e523abdc-1742-4ff5-9423-ccb55ee99af5	11	93971294	107359993	9655	-0.0001
e523abdc-1742-4ff5-9423-ccb55ee99af5	11	107367930	107368402	7	0.828
e523abdc-1742-4ff5-9423-ccb55ee99af5	11	107381636	114350393	4599	-0.004
e523abdc-1742-4ff5-9423-ccb55ee99af5	11	114350687	114350694	2	-1.5011
e523abdc-1742-4ff5-9423-ccb55ee99af5	11	114357856	131850393	12820	0.0016
e523abdc-1742-4ff5-9423-ccb55ee99af5	11	131852724	131858163	4	-1.0691
e523abdc-1742-4ff5-9423-ccb55ee99af5	11	131858180	133898991	1597	0.0184
e523abdc-1742-4ff5-9423-ccb55ee99af5	11	133902940	135074876	871	0.0827
e523abdc-1742-4ff5-9423-ccb55ee99af5	12	51460	1591785	895	0.056
e523abdc-1742-4ff5-9423-ccb55ee99af5	12	1600063	1600655	2	-1.4233
e523abdc-1742-4ff5-9423-ccb55ee99af5	12	1602453	2252294	493	0.0437
e523abdc-1742-4ff5-9423-ccb55ee99af5	12	2257155	2257186	2	-1.2244
e523abdc-1742-4ff5-9423-ccb55ee99af5	12	2257335	8289689	4161	0.0131
e523abdc-1742-4ff5-9423-ccb55ee99af5	12	8296516	8296621	2	1.8505
e523abdc-1742-4ff5-9423-ccb55ee99af5	12	8300870	8404097	35	0.1683
e523abdc-1742-4ff5-9423-ccb55ee99af5	12	8405892	8432076	18	1.1334
e523abdc-1742-4ff5-9423-ccb55ee99af5	12	8442298	9477960	558	0.0165
e523abdc-1742-4ff5-9423-ccb55ee99af5	12	9481274	9561078	22	-1.3962
e523abdc-1742-4ff5-9423-ccb55ee99af5	12	9562969	11359558	1181	0.0197
e523abdc-1742-4ff5-9423-ccb55ee99af5	12	11359597	11390472	27	-0.7948
e523abdc-1742-4ff5-9423-ccb55ee99af5	12	11399258	27493059	11179	0.0054
e523abdc-1742-4ff5-9423-ccb55ee99af5	12	27494808	27498429	28	-0.7723
e523abdc-1742-4ff5-9423-ccb55ee99af5	12	27504228	33233822	4217	0.0076
e523abdc-1742-4ff5-9423-ccb55ee99af5	12	33235894	33242207	4	-2.4061
e523abdc-1742-4ff5-9423-ccb55ee99af5	12	33242483	34054074	508	0.0015
e523abdc-1742-4ff5-9423-ccb55ee99af5	12	34055421	34091994	20	-0.4984
e523abdc-1742-4ff5-9423-ccb55ee99af5	12	34092010	38590240	590	0.0812
e523abdc-1742-4ff5-9423-ccb55ee99af5	12	38590398	45505721	4411	-0.0081
e523abdc-1742-4ff5-9423-ccb55ee99af5	12	45506042	45515754	5	1.2125
e523abdc-1742-4ff5-9423-ccb55ee99af5	12	45519509	113802614	42895	0.0043
e523abdc-1742-4ff5-9423-ccb55ee99af5	12	113802630	114123875	305	0.1119
e523abdc-1742-4ff5-9423-ccb55ee99af5	12	114124246	127232999	8816	0.0106
e523abdc-1742-4ff5-9423-ccb55ee99af5	12	127234170	133201603	4389	0.0474
e523abdc-1742-4ff5-9423-ccb55ee99af5	13	18452809	57176962	25991	0.0097
e523abdc-1742-4ff5-9423-ccb55ee99af5	13	57184136	57204246	34	-2.2134
e523abdc-1742-4ff5-9423-ccb55ee99af5	13	57215580	101798154	28685	0.0002
e523abdc-1742-4ff5-9423-ccb55ee99af5	13	101798541	101798679	2	-1.8518
e523abdc-1742-4ff5-9423-ccb55ee99af5	13	101800174	114342922	9374	0.0048
e523abdc-1742-4ff5-9423-ccb55ee99af5	14	18239283	19735726	70	0.0451
e523abdc-1742-4ff5-9423-ccb55ee99af5	14	19735739	19955213	97	-0.5025
e523abdc-1742-4ff5-9423-ccb55ee99af5	14	19956767	20893877	715	0.0059
e523abdc-1742-4ff5-9423-ccb55ee99af5	14	20895189	20952929	23	-0.7975
e523abdc-1742-4ff5-9423-ccb55ee99af5	14	20956559	21952614	647	0.0083
e523abdc-1742-4ff5-9423-ccb55ee99af5	14	21953271	22496095	443	-0.0973
e523abdc-1742-4ff5-9423-ccb55ee99af5	14	22496189	47227057	15294	0.0033
e523abdc-1742-4ff5-9423-ccb55ee99af5	14	47238133	47247780	8	-1.2754
e523abdc-1742-4ff5-9423-ccb55ee99af5	14	47248244	61361403	9083	0.0066
e523abdc-1742-4ff5-9423-ccb55ee99af5	14	61365142	61372660	6	-1.1976
e523abdc-1742-4ff5-9423-ccb55ee99af5	14	61377031	106434898	28724	0.0036
e523abdc-1742-4ff5-9423-ccb55ee99af5	14	106437363	106524704	66	0.3099
e523abdc-1742-4ff5-9423-ccb55ee99af5	14	106531859	106877229	172	0.0572
e523abdc-1742-4ff5-9423-ccb55ee99af5	15	19811075	20206773	59	0.1109
e523abdc-1742-4ff5-9423-ccb55ee99af5	15	20207225	20380735	37	0.4175
e523abdc-1742-4ff5-9423-ccb55ee99af5	15	20380837	20381704	9	1.3396
e523abdc-1742-4ff5-9423-ccb55ee99af5	15	20384774	20525226	28	0.6046
e523abdc-1742-4ff5-9423-ccb55ee99af5	15	20538669	21053458	26	-0.0637
e523abdc-1742-4ff5-9423-ccb55ee99af5	15	21063689	22572323	53	0.6304
e523abdc-1742-4ff5-9423-ccb55ee99af5	15	22576496	56497449	20916	0.0085
e523abdc-1742-4ff5-9423-ccb55ee99af5	15	56498505	56521208	30	-0.5558
e523abdc-1742-4ff5-9423-ccb55ee99af5	15	56528713	71375801	10021	0.0026
e523abdc-1742-4ff5-9423-ccb55ee99af5	15	71375895	71376173	2	-1.6406
e523abdc-1742-4ff5-9423-ccb55ee99af5	15	71376776	76586021	2713	0.0078
e523abdc-1742-4ff5-9423-ccb55ee99af5	15	76598900	76603434	22	0.8229
e523abdc-1742-4ff5-9423-ccb55ee99af5	15	76609838	99942106	16049	-0.0006
e523abdc-1742-4ff5-9423-ccb55ee99af5	15	99943269	100345707	387	0.1219
e523abdc-1742-4ff5-9423-ccb55ee99af5	15	100347138	101355297	756	0.0092
e523abdc-1742-4ff5-9423-ccb55ee99af5	15	101357714	101573326	208	0.1507
e523abdc-1742-4ff5-9423-ccb55ee99af5	15	101574211	101928837	194	-0.0014
e523abdc-1742-4ff5-9423-ccb55ee99af5	16	10777	601407	272	0.1308
e523abdc-1742-4ff5-9423-ccb55ee99af5	16	601525	2596118	613	0.0183
e523abdc-1742-4ff5-9423-ccb55ee99af5	16	2598739	2671962	16	0.5473
e523abdc-1742-4ff5-9423-ccb55ee99af5	16	2672368	15034129	10258	0.0137
e523abdc-1742-4ff5-9423-ccb55ee99af5	16	15036048	16259309	581	0.1148
e523abdc-1742-4ff5-9423-ccb55ee99af5	16	16268505	16419234	3	-1.4568
e523abdc-1742-4ff5-9423-ccb55ee99af5	16	16419422	17243379	400	0.0877
e523abdc-1742-4ff5-9423-ccb55ee99af5	16	17243634	17243649	2	-1.9275
e523abdc-1742-4ff5-9423-ccb55ee99af5	16	17243867	17663603	298	0.1013
e523abdc-1742-4ff5-9423-ccb55ee99af5	16	17668557	21328989	1917	0.0063
e523abdc-1742-4ff5-9423-ccb55ee99af5	16	21333362	22843236	597	0.1267
e523abdc-1742-4ff5-9423-ccb55ee99af5	16	22849181	28696878	3929	0.0015
e523abdc-1742-4ff5-9423-ccb55ee99af5	16	28736213	46590879	1616	0.0688
e523abdc-1742-4ff5-9423-ccb55ee99af5	16	46597673	70091271	15174	0.0008
e523abdc-1742-4ff5-9423-ccb55ee99af5	16	70105639	70164453	15	-0.4344
e523abdc-1742-4ff5-9423-ccb55ee99af5	16	70164493	75501474	2927	0.0018
e523abdc-1742-4ff5-9423-ccb55ee99af5	16	75505510	75542100	20	0.6974
e523abdc-1742-4ff5-9423-ccb55ee99af5	16	75546219	76459817	765	-0.0062
e523abdc-1742-4ff5-9423-ccb55ee99af5	16	76460657	76463807	5	-2.032
e523abdc-1742-4ff5-9423-ccb55ee99af5	16	76465100	78337711	1790	0.0054
e523abdc-1742-4ff5-9423-ccb55ee99af5	16	78338543	78350868	17	0.9248
e523abdc-1742-4ff5-9423-ccb55ee99af5	16	78351104	78804243	583	0.0299
e523abdc-1742-4ff5-9423-ccb55ee99af5	16	78804853	78805045	2	-3.2666
e523abdc-1742-4ff5-9423-ccb55ee99af5	16	78805211	78827890	43	0.1194
e523abdc-1742-4ff5-9423-ccb55ee99af5	16	78828450	84023427	5724	0.0036
e523abdc-1742-4ff5-9423-ccb55ee99af5	16	84023531	84877892	770	0.1062
e523abdc-1742-4ff5-9423-ccb55ee99af5	16	84878725	88326325	2745	-0.0098
e523abdc-1742-4ff5-9423-ccb55ee99af5	16	88330387	90096867	740	0.1167
e523abdc-1742-4ff5-9423-ccb55ee99af5	17	150733	1331771	580	0.0934
e523abdc-1742-4ff5-9423-ccb55ee99af5	17	1332023	18277301	10709	0.0106
e523abdc-1742-4ff5-9423-ccb55ee99af5	17	18277375	18414080	88	0.1428
e523abdc-1742-4ff5-9423-ccb55ee99af5	17	18452078	18523147	18	0.9275
e523abdc-1742-4ff5-9423-ccb55ee99af5	17	18529764	29455209	2701	0.0207
e523abdc-1742-4ff5-9423-ccb55ee99af5	17	29455272	29455859	3	-1.1142
e523abdc-1742-4ff5-9423-ccb55ee99af5	17	29461239	36119737	4143	0.0207
e523abdc-1742-4ff5-9423-ccb55ee99af5	17	36120012	36143611	21	0.4887
e523abdc-1742-4ff5-9423-ccb55ee99af5	17	36148151	36524718	82	0.1898
e523abdc-1742-4ff5-9423-ccb55ee99af5	17	36528105	40639691	2038	0.0065
e523abdc-1742-4ff5-9423-ccb55ee99af5	17	40640693	40640990	2	-1.5802
e523abdc-1742-4ff5-9423-ccb55ee99af5	17	40641769	41265456	411	-0.0139
e523abdc-1742-4ff5-9423-ccb55ee99af5	17	41266762	41274279	24	1.2404
e523abdc-1742-4ff5-9423-ccb55ee99af5	17	41276472	45577724	2152	0.0262
e523abdc-1742-4ff5-9423-ccb55ee99af5	17	45579014	45582060	6	-1.0308
e523abdc-1742-4ff5-9423-ccb55ee99af5	17	45587327	46099741	347	0.0907
e523abdc-1742-4ff5-9423-ccb55ee99af5	17	46100092	46284643	112	-0.3394
e523abdc-1742-4ff5-9423-ccb55ee99af5	17	46284997	46446360	6	0.9015
e523abdc-1742-4ff5-9423-ccb55ee99af5	17	46569894	73837862	16794	0.0014
e523abdc-1742-4ff5-9423-ccb55ee99af5	17	73837982	74661358	545	0.1283
e523abdc-1742-4ff5-9423-ccb55ee99af5	17	74664643	83091923	4206	0.0148
e523abdc-1742-4ff5-9423-ccb55ee99af5	18	48133	868286	614	0.082
e523abdc-1742-4ff5-9423-ccb55ee99af5	18	871267	79362434	49643	0.0013
e523abdc-1742-4ff5-9423-ccb55ee99af5	18	79362597	80257174	424	0.1167
e523abdc-1742-4ff5-9423-ccb55ee99af5	19	90910	6642406	2101	0.0089
e523abdc-1742-4ff5-9423-ccb55ee99af5	19	6642471	6647962	7	-1.5304
e523abdc-1742-4ff5-9423-ccb55ee99af5	19	6649425	9135529	1256	0.002
e523abdc-1742-4ff5-9423-ccb55ee99af5	19	9137150	9138115	3	-1.3546
e523abdc-1742-4ff5-9423-ccb55ee99af5	19	9141490	14820825	2614	0.0057
e523abdc-1742-4ff5-9423-ccb55ee99af5	19	14821415	14844217	25	0.4891
e523abdc-1742-4ff5-9423-ccb55ee99af5	19	14845796	15565939	480	0.0114
e523abdc-1742-4ff5-9423-ccb55ee99af5	19	15568021	15578641	8	-0.9791
e523abdc-1742-4ff5-9423-ccb55ee99af5	19	15586172	19701829	1994	-0.0077
e523abdc-1742-4ff5-9423-ccb55ee99af5	19	19702210	20638696	561	0.0978
e523abdc-1742-4ff5-9423-ccb55ee99af5	19	20639213	21798077	639	0.0242
e523abdc-1742-4ff5-9423-ccb55ee99af5	19	21799020	21799612	3	-1.9665
e523abdc-1742-4ff5-9423-ccb55ee99af5	19	21802938	35364451	7007	0.0094
e523abdc-1742-4ff5-9423-ccb55ee99af5	19	35364547	35387478	31	0.415
e523abdc-1742-4ff5-9423-ccb55ee99af5	19	35389988	40828847	2752	0.0017
e523abdc-1742-4ff5-9423-ccb55ee99af5	19	40832930	40863094	20	0.6747
e523abdc-1742-4ff5-9423-ccb55ee99af5	19	40863500	43208098	1082	0.0197
e523abdc-1742-4ff5-9423-ccb55ee99af5	19	43208446	43252085	19	-0.7227
e523abdc-1742-4ff5-9423-ccb55ee99af5	19	43262507	48440664	2663	0.0025
e523abdc-1742-4ff5-9423-ccb55ee99af5	19	48448459	48448622	2	-1.6487
e523abdc-1742-4ff5-9423-ccb55ee99af5	19	48451314	51639099	1477	0.0239
e523abdc-1742-4ff5-9423-ccb55ee99af5	19	51639362	51644944	10	-0.6112
e523abdc-1742-4ff5-9423-ccb55ee99af5	19	51651652	53387882	1211	0.0353
e523abdc-1742-4ff5-9423-ccb55ee99af5	19	53388820	53872572	348	0.1385
e523abdc-1742-4ff5-9423-ccb55ee99af5	19	53875419	56201725	1259	0.0178
e523abdc-1742-4ff5-9423-ccb55ee99af5	19	56202579	56211390	10	-0.9982
e523abdc-1742-4ff5-9423-ccb55ee99af5	19	56212254	56241777	26	0.1651
e523abdc-1742-4ff5-9423-ccb55ee99af5	19	56241947	58366859	1377	0.008
e523abdc-1742-4ff5-9423-ccb55ee99af5	19	58370362	58586487	101	0.1776
e523abdc-1742-4ff5-9423-ccb55ee99af5	20	80664	158778	63	0.0034
e523abdc-1742-4ff5-9423-ccb55ee99af5	20	158935	159104	2	-2.387
e523abdc-1742-4ff5-9423-ccb55ee99af5	20	159160	1580353	1137	0.0347
e523abdc-1742-4ff5-9423-ccb55ee99af5	20	1580934	1613247	41	-0.479
e523abdc-1742-4ff5-9423-ccb55ee99af5	20	1617300	4459418	2037	0.0085
e523abdc-1742-4ff5-9423-ccb55ee99af5	20	4465402	4468301	5	-1.2194
e523abdc-1742-4ff5-9423-ccb55ee99af5	20	4469019	15331123	8346	0.0004
e523abdc-1742-4ff5-9423-ccb55ee99af5	20	15331136	15337332	14	-1.0693
e523abdc-1742-4ff5-9423-ccb55ee99af5	20	15341445	60067662	28027	0.0039
e523abdc-1742-4ff5-9423-ccb55ee99af5	20	60068648	60068652	2	-2.2434
e523abdc-1742-4ff5-9423-ccb55ee99af5	20	60071791	64324800	2670	0.021
e523abdc-1742-4ff5-9423-ccb55ee99af5	21	10354168	13081432	99	0.1089
e523abdc-1742-4ff5-9423-ccb55ee99af5	21	13084095	13231256	23	-0.3716
e523abdc-1742-4ff5-9423-ccb55ee99af5	21	13240288	18683769	3420	0.0063
e523abdc-1742-4ff5-9423-ccb55ee99af5	21	18685360	18708066	26	0.6792
e523abdc-1742-4ff5-9423-ccb55ee99af5	21	18708616	20210925	1102	0.0085
e523abdc-1742-4ff5-9423-ccb55ee99af5	21	20211763	20213083	3	-0.5467
e523abdc-1742-4ff5-9423-ccb55ee99af5	21	20213410	20214042	2	-1.5409
e523abdc-1742-4ff5-9423-ccb55ee99af5	21	20217252	26822585	5111	0.0028
e523abdc-1742-4ff5-9423-ccb55ee99af5	21	26827753	26828403	7	-0.7552
e523abdc-1742-4ff5-9423-ccb55ee99af5	21	26831754	45250897	13237	0.0078
e523abdc-1742-4ff5-9423-ccb55ee99af5	21	45250959	45639006	198	0.1588
e523abdc-1742-4ff5-9423-ccb55ee99af5	21	45640408	46677045	608	0.0489
e523abdc-1742-4ff5-9423-ccb55ee99af5	22	15294547	16757445	142	0.1541
e523abdc-1742-4ff5-9423-ccb55ee99af5	22	16758524	18131162	962	0.0056
e523abdc-1742-4ff5-9423-ccb55ee99af5	22	18131238	23444463	2973	0.1181
e523abdc-1742-4ff5-9423-ccb55ee99af5	22	23458108	36218264	9558	0.0049
e523abdc-1742-4ff5-9423-ccb55ee99af5	22	36225663	36315806	69	0.6547
e523abdc-1742-4ff5-9423-ccb55ee99af5	22	36317486	42501276	3436	0.0118
e523abdc-1742-4ff5-9423-ccb55ee99af5	22	42503434	42554485	24	0.5645
e523abdc-1742-4ff5-9423-ccb55ee99af5	22	42559425	45598937	2273	0.0004
e523abdc-1742-4ff5-9423-ccb55ee99af5	22	45600081	45600230	2	-1.2122
e523abdc-1742-4ff5-9423-ccb55ee99af5	22	45600902	49006106	2697	0.0126
e523abdc-1742-4ff5-9423-ccb55ee99af5	22	49006126	50796027	1126	0.1133
e523abdc-1742-4ff5-9423-ccb55ee99af5	X	251810	155952689	83195	-0.0002
e523abdc-1742-4ff5-9423-ccb55ee99af5	Y	2782397	56872112	6638	-0.9962
