GDC_Aliquot	Chromosome	Start	End	Copy_Number	Major_Copy_Number	Minor_Copy_Number
d8ca83f0-95cf-4a6a-9baf-af6ed13ae0ca	chr1	62920	15218825	2	1	1
d8ca83f0-95cf-4a6a-9baf-af6ed13ae0ca	chr1	15219581	15249345	4	3	1
d8ca83f0-95cf-4a6a-9baf-af6ed13ae0ca	chr1	15249609	248930189	2	1	1
d8ca83f0-95cf-4a6a-9baf-af6ed13ae0ca	chr2	12784	34227565	2	1	1
d8ca83f0-95cf-4a6a-9baf-af6ed13ae0ca	chr2	34228228	34235474	5	3	2
d8ca83f0-95cf-4a6a-9baf-af6ed13ae0ca	chr2	34236339	146106861	2	1	1
d8ca83f0-95cf-4a6a-9baf-af6ed13ae0ca	chr2	146106875	146109366	0	0	0
d8ca83f0-95cf-4a6a-9baf-af6ed13ae0ca	chr2	146120238	242147305	2	1	1
d8ca83f0-95cf-4a6a-9baf-af6ed13ae0ca	chr3	20930	14787659	2	1	1
d8ca83f0-95cf-4a6a-9baf-af6ed13ae0ca	chr3	14788962	14878406	3	2	1
d8ca83f0-95cf-4a6a-9baf-af6ed13ae0ca	chr3	14878503	22678829	2	1	1
d8ca83f0-95cf-4a6a-9baf-af6ed13ae0ca	chr3	22679137	22705036	1	1	0
d8ca83f0-95cf-4a6a-9baf-af6ed13ae0ca	chr3	22709139	129946644	2	1	1
d8ca83f0-95cf-4a6a-9baf-af6ed13ae0ca	chr3	129947976	129967591	3	2	1
d8ca83f0-95cf-4a6a-9baf-af6ed13ae0ca	chr3	129967983	198169247	2	1	1
d8ca83f0-95cf-4a6a-9baf-af6ed13ae0ca	chr4	68929	3939505	2	1	1
d8ca83f0-95cf-4a6a-9baf-af6ed13ae0ca	chr4	3948333	4073300	5	3	2
d8ca83f0-95cf-4a6a-9baf-af6ed13ae0ca	chr4	4073760	114252544	2	1	1
d8ca83f0-95cf-4a6a-9baf-af6ed13ae0ca	chr4	114254167	114261019	0	0	0
d8ca83f0-95cf-4a6a-9baf-af6ed13ae0ca	chr4	114263073	190106768	2	1	1
d8ca83f0-95cf-4a6a-9baf-af6ed13ae0ca	chr5	15532	22592421	2	1	1
d8ca83f0-95cf-4a6a-9baf-af6ed13ae0ca	chr5	22592516	22660455	3	2	1
d8ca83f0-95cf-4a6a-9baf-af6ed13ae0ca	chr5	22664966	181363319	2	1	1
d8ca83f0-95cf-4a6a-9baf-af6ed13ae0ca	chr6	149661	30499918	2	1	1
d8ca83f0-95cf-4a6a-9baf-af6ed13ae0ca	chr6	30507638	30515216	0	0	0
d8ca83f0-95cf-4a6a-9baf-af6ed13ae0ca	chr6	30544386	170741917	2	1	1
d8ca83f0-95cf-4a6a-9baf-af6ed13ae0ca	chr7	43259	13940991	2	1	1
d8ca83f0-95cf-4a6a-9baf-af6ed13ae0ca	chr7	13942460	13942603	17	17	0
d8ca83f0-95cf-4a6a-9baf-af6ed13ae0ca	chr7	13942867	159334314	2	1	1
d8ca83f0-95cf-4a6a-9baf-af6ed13ae0ca	chr8	81254	12693626	2	1	1
d8ca83f0-95cf-4a6a-9baf-af6ed13ae0ca	chr8	12694109	12712880	4	2	2
d8ca83f0-95cf-4a6a-9baf-af6ed13ae0ca	chr8	12713650	145072769	2	1	1
d8ca83f0-95cf-4a6a-9baf-af6ed13ae0ca	chr9	46587	122109237	2	1	1
d8ca83f0-95cf-4a6a-9baf-af6ed13ae0ca	chr9	122111193	122143350	4	2	2
d8ca83f0-95cf-4a6a-9baf-af6ed13ae0ca	chr9	122143453	138200944	2	1	1
d8ca83f0-95cf-4a6a-9baf-af6ed13ae0ca	chr10	45792	30957581	2	1	1
d8ca83f0-95cf-4a6a-9baf-af6ed13ae0ca	chr10	30962405	30962850	0	0	0
d8ca83f0-95cf-4a6a-9baf-af6ed13ae0ca	chr10	30962893	46221236	2	1	1
d8ca83f0-95cf-4a6a-9baf-af6ed13ae0ca	chr10	46221897	46321709	3	2	1
d8ca83f0-95cf-4a6a-9baf-af6ed13ae0ca	chr10	46324033	46522571	6	3	3
d8ca83f0-95cf-4a6a-9baf-af6ed13ae0ca	chr10	46525652	54858435	2	1	1
d8ca83f0-95cf-4a6a-9baf-af6ed13ae0ca	chr10	54858565	54876318	5	3	2
d8ca83f0-95cf-4a6a-9baf-af6ed13ae0ca	chr10	54877871	133654968	2	1	1
d8ca83f0-95cf-4a6a-9baf-af6ed13ae0ca	chr11	198510	19418249	2	1	1
d8ca83f0-95cf-4a6a-9baf-af6ed13ae0ca	chr11	19418585	19419680	5	3	2
d8ca83f0-95cf-4a6a-9baf-af6ed13ae0ca	chr11	19420311	117249737	2	1	1
d8ca83f0-95cf-4a6a-9baf-af6ed13ae0ca	chr11	117249757	117710974	1	1	0
d8ca83f0-95cf-4a6a-9baf-af6ed13ae0ca	chr11	117711419	117722845	2	1	1
d8ca83f0-95cf-4a6a-9baf-af6ed13ae0ca	chr11	117723270	117775824	1	1	0
d8ca83f0-95cf-4a6a-9baf-af6ed13ae0ca	chr11	117776781	135074876	2	1	1
d8ca83f0-95cf-4a6a-9baf-af6ed13ae0ca	chr12	51460	101655135	2	1	1
d8ca83f0-95cf-4a6a-9baf-af6ed13ae0ca	chr12	101655309	101660640	0	0	0
d8ca83f0-95cf-4a6a-9baf-af6ed13ae0ca	chr12	101661034	133201603	2	1	1
d8ca83f0-95cf-4a6a-9baf-af6ed13ae0ca	chr13	18452809	20319292	5	3	2
d8ca83f0-95cf-4a6a-9baf-af6ed13ae0ca	chr13	20320213	21444326	6	4	2
d8ca83f0-95cf-4a6a-9baf-af6ed13ae0ca	chr13	21444433	22274114	8	6	2
d8ca83f0-95cf-4a6a-9baf-af6ed13ae0ca	chr13	22274305	23674508	5	3	2
d8ca83f0-95cf-4a6a-9baf-af6ed13ae0ca	chr13	23674762	26900069	6	4	2
d8ca83f0-95cf-4a6a-9baf-af6ed13ae0ca	chr13	26900719	28318120	8	6	2
d8ca83f0-95cf-4a6a-9baf-af6ed13ae0ca	chr13	28318516	28318516	2	2	0
d8ca83f0-95cf-4a6a-9baf-af6ed13ae0ca	chr13	28318584	28339694	8	4	4
d8ca83f0-95cf-4a6a-9baf-af6ed13ae0ca	chr13	28344666	30089076	5	3	2
d8ca83f0-95cf-4a6a-9baf-af6ed13ae0ca	chr13	30091214	31198719	4	2	2
d8ca83f0-95cf-4a6a-9baf-af6ed13ae0ca	chr13	31198809	108704165	6	3	3
d8ca83f0-95cf-4a6a-9baf-af6ed13ae0ca	chr13	108705157	108706264	2	1	1
d8ca83f0-95cf-4a6a-9baf-af6ed13ae0ca	chr13	108706342	114342922	5	3	2
d8ca83f0-95cf-4a6a-9baf-af6ed13ae0ca	chr14	18239283	21057984	1	1	0
d8ca83f0-95cf-4a6a-9baf-af6ed13ae0ca	chr14	21058531	21223956	2	1	1
d8ca83f0-95cf-4a6a-9baf-af6ed13ae0ca	chr14	21224525	38462150	1	1	0
d8ca83f0-95cf-4a6a-9baf-af6ed13ae0ca	chr14	38462163	38474162	3	3	0
d8ca83f0-95cf-4a6a-9baf-af6ed13ae0ca	chr14	38475342	57349588	1	1	0
d8ca83f0-95cf-4a6a-9baf-af6ed13ae0ca	chr14	57350498	57361135	2	2	0
d8ca83f0-95cf-4a6a-9baf-af6ed13ae0ca	chr14	57361243	71920232	1	1	0
d8ca83f0-95cf-4a6a-9baf-af6ed13ae0ca	chr14	71921719	72135292	2	1	1
d8ca83f0-95cf-4a6a-9baf-af6ed13ae0ca	chr14	72137787	87049103	1	1	0
d8ca83f0-95cf-4a6a-9baf-af6ed13ae0ca	chr14	87049396	87140302	2	1	1
d8ca83f0-95cf-4a6a-9baf-af6ed13ae0ca	chr14	87140360	87147733	3	2	1
d8ca83f0-95cf-4a6a-9baf-af6ed13ae0ca	chr14	87148403	89854474	1	1	0
d8ca83f0-95cf-4a6a-9baf-af6ed13ae0ca	chr14	89854987	90122032	2	1	1
d8ca83f0-95cf-4a6a-9baf-af6ed13ae0ca	chr14	90129052	105731651	1	1	0
d8ca83f0-95cf-4a6a-9baf-af6ed13ae0ca	chr14	105733039	105862987	2	2	0
d8ca83f0-95cf-4a6a-9baf-af6ed13ae0ca	chr14	105876458	105974395	7	7	0
d8ca83f0-95cf-4a6a-9baf-af6ed13ae0ca	chr14	105981975	106456683	2	2	0
d8ca83f0-95cf-4a6a-9baf-af6ed13ae0ca	chr14	106456712	106877229	1	1	0
d8ca83f0-95cf-4a6a-9baf-af6ed13ae0ca	chr15	19811075	45943616	2	1	1
d8ca83f0-95cf-4a6a-9baf-af6ed13ae0ca	chr15	45943633	45950067	0	0	0
d8ca83f0-95cf-4a6a-9baf-af6ed13ae0ca	chr15	45950082	101928837	2	1	1
d8ca83f0-95cf-4a6a-9baf-af6ed13ae0ca	chr16	10777	76200286	2	1	1
d8ca83f0-95cf-4a6a-9baf-af6ed13ae0ca	chr16	76201036	76201965	0	0	0
d8ca83f0-95cf-4a6a-9baf-af6ed13ae0ca	chr16	76202164	90096867	2	1	1
d8ca83f0-95cf-4a6a-9baf-af6ed13ae0ca	chr17	150733	20850808	1	1	0
d8ca83f0-95cf-4a6a-9baf-af6ed13ae0ca	chr17	20855807	21071453	5	4	1
d8ca83f0-95cf-4a6a-9baf-af6ed13ae0ca	chr17	21071786	21601624	8	6	2
d8ca83f0-95cf-4a6a-9baf-af6ed13ae0ca	chr17	21605628	27014516	4	3	1
d8ca83f0-95cf-4a6a-9baf-af6ed13ae0ca	chr17	27015487	83091923	2	1	1
d8ca83f0-95cf-4a6a-9baf-af6ed13ae0ca	chr18	48133	68625165	1	1	0
d8ca83f0-95cf-4a6a-9baf-af6ed13ae0ca	chr18	68631747	68646537	6	6	0
d8ca83f0-95cf-4a6a-9baf-af6ed13ae0ca	chr18	68646702	80257174	1	1	0
d8ca83f0-95cf-4a6a-9baf-af6ed13ae0ca	chr19	90910	28101802	2	1	1
d8ca83f0-95cf-4a6a-9baf-af6ed13ae0ca	chr19	28102833	28184992	1	1	0
d8ca83f0-95cf-4a6a-9baf-af6ed13ae0ca	chr19	28185151	58586487	2	1	1
d8ca83f0-95cf-4a6a-9baf-af6ed13ae0ca	chr20	80664	1579916	1	1	0
d8ca83f0-95cf-4a6a-9baf-af6ed13ae0ca	chr20	1580141	1613247	7	7	0
d8ca83f0-95cf-4a6a-9baf-af6ed13ae0ca	chr20	1617300	17872606	1	1	0
d8ca83f0-95cf-4a6a-9baf-af6ed13ae0ca	chr20	17876256	62166337	5	4	1
d8ca83f0-95cf-4a6a-9baf-af6ed13ae0ca	chr20	62166541	64324800	4	3	1
d8ca83f0-95cf-4a6a-9baf-af6ed13ae0ca	chr21	12973348	46677045	2	1	1
d8ca83f0-95cf-4a6a-9baf-af6ed13ae0ca	chr22	16392123	50796027	2	1	1
d8ca83f0-95cf-4a6a-9baf-af6ed13ae0ca	chrX	251810	156004181	3	2	1
d8ca83f0-95cf-4a6a-9baf-af6ed13ae0ca	chrY	2782397	56872112	0	0	0
