GDC_Aliquot	Chromosome	Start	End	Num_Probes	Segment_Mean
e0871617-a9dd-4155-9435-84a0157dac98	1	62920	3301765	737	-0.2357
e0871617-a9dd-4155-9435-84a0157dac98	1	3302046	15823420	7600	-0.1387
e0871617-a9dd-4155-9435-84a0157dac98	1	15827002	15827430	6	0.7492
e0871617-a9dd-4155-9435-84a0157dac98	1	15827706	16679483	335	-0.1436
e0871617-a9dd-4155-9435-84a0157dac98	1	16685961	16788139	22	-0.5983
e0871617-a9dd-4155-9435-84a0157dac98	1	16855942	24138215	4590	-0.1272
e0871617-a9dd-4155-9435-84a0157dac98	1	24139769	24144434	3	-1.2991
e0871617-a9dd-4155-9435-84a0157dac98	1	24144710	25256850	724	-0.1336
e0871617-a9dd-4155-9435-84a0157dac98	1	25266637	25359224	33	0.427
e0871617-a9dd-4155-9435-84a0157dac98	1	25359294	46524785	11515	-0.1386
e0871617-a9dd-4155-9435-84a0157dac98	1	46531455	48600972	1320	-0.0838
e0871617-a9dd-4155-9435-84a0157dac98	1	48602408	49352462	475	-0.1158
e0871617-a9dd-4155-9435-84a0157dac98	1	49355791	49402924	27	-0.4978
e0871617-a9dd-4155-9435-84a0157dac98	1	49405305	54582425	2643	-0.1286
e0871617-a9dd-4155-9435-84a0157dac98	1	54582517	54585140	3	-2.4868
e0871617-a9dd-4155-9435-84a0157dac98	1	54588923	72303233	12748	-0.1166
e0871617-a9dd-4155-9435-84a0157dac98	1	72303253	72345450	44	0.3085
e0871617-a9dd-4155-9435-84a0157dac98	1	72345465	81422917	5778	-0.14
e0871617-a9dd-4155-9435-84a0157dac98	1	81422920	81422996	3	-1.649
e0871617-a9dd-4155-9435-84a0157dac98	1	81423009	99809017	11917	-0.1257
e0871617-a9dd-4155-9435-84a0157dac98	1	99809114	100327575	286	-0.9245
e0871617-a9dd-4155-9435-84a0157dac98	1	100327590	100330564	6	-2.3255
e0871617-a9dd-4155-9435-84a0157dac98	1	100332480	102998451	1789	-0.9691
e0871617-a9dd-4155-9435-84a0157dac98	1	103001361	103001662	2	-3.0278
e0871617-a9dd-4155-9435-84a0157dac98	1	103001818	103515125	204	-0.9277
e0871617-a9dd-4155-9435-84a0157dac98	1	103520520	103616762	38	-0.0718
e0871617-a9dd-4155-9435-84a0157dac98	1	103620877	103765074	12	0.6532
e0871617-a9dd-4155-9435-84a0157dac98	1	103765489	105458984	907	-0.1436
e0871617-a9dd-4155-9435-84a0157dac98	1	105459522	105548313	72	0.0964
e0871617-a9dd-4155-9435-84a0157dac98	1	105548694	108187137	1887	-0.1292
e0871617-a9dd-4155-9435-84a0157dac98	1	108191613	108192255	2	-1.9341
e0871617-a9dd-4155-9435-84a0157dac98	1	108194874	110833598	1544	-0.1283
e0871617-a9dd-4155-9435-84a0157dac98	1	110834746	110849445	40	-0.5349
e0871617-a9dd-4155-9435-84a0157dac98	1	110850675	112153343	1076	-0.1277
e0871617-a9dd-4155-9435-84a0157dac98	1	112153465	112154591	21	-1.9773
e0871617-a9dd-4155-9435-84a0157dac98	1	112154619	112163583	14	0.0351
e0871617-a9dd-4155-9435-84a0157dac98	1	112163591	119367456	4525	-0.1302
e0871617-a9dd-4155-9435-84a0157dac98	1	119367844	121598439	619	-0.0481
e0871617-a9dd-4155-9435-84a0157dac98	1	121601998	143713743	93	0.2115
e0871617-a9dd-4155-9435-84a0157dac98	1	143713884	146150530	217	0.6993
e0871617-a9dd-4155-9435-84a0157dac98	1	146161924	146250588	3	2.2459
e0871617-a9dd-4155-9435-84a0157dac98	1	146716041	149906351	735	0.7673
e0871617-a9dd-4155-9435-84a0157dac98	1	149907993	152527952	1340	0.671
e0871617-a9dd-4155-9435-84a0157dac98	1	152531300	152583051	58	0.835
e0871617-a9dd-4155-9435-84a0157dac98	1	152583230	152614100	34	-1.8624
e0871617-a9dd-4155-9435-84a0157dac98	1	152614118	153699771	828	0.7228
e0871617-a9dd-4155-9435-84a0157dac98	1	153701198	153715580	6	1.5517
e0871617-a9dd-4155-9435-84a0157dac98	1	153719014	157508748	1863	0.6928
e0871617-a9dd-4155-9435-84a0157dac98	1	157512664	157513157	2	-0.8538
e0871617-a9dd-4155-9435-84a0157dac98	1	157513483	165067758	5473	0.7173
e0871617-a9dd-4155-9435-84a0157dac98	1	165076228	165076297	2	-0.7326
e0871617-a9dd-4155-9435-84a0157dac98	1	165076317	196843377	21566	0.7158
e0871617-a9dd-4155-9435-84a0157dac98	1	196843400	196846661	2	-2.9133
e0871617-a9dd-4155-9435-84a0157dac98	1	196847600	199138574	1375	0.7258
e0871617-a9dd-4155-9435-84a0157dac98	1	199142235	199143883	8	1.5562
e0871617-a9dd-4155-9435-84a0157dac98	1	199144712	209897717	7403	0.7221
e0871617-a9dd-4155-9435-84a0157dac98	1	209908268	209908720	2	-1.9175
e0871617-a9dd-4155-9435-84a0157dac98	1	209910639	211301618	978	0.7174
e0871617-a9dd-4155-9435-84a0157dac98	1	211305895	211659623	240	-0.5619
e0871617-a9dd-4155-9435-84a0157dac98	1	211660686	217536548	4168	0.7243
e0871617-a9dd-4155-9435-84a0157dac98	1	217537191	217537218	2	-1.3134
e0871617-a9dd-4155-9435-84a0157dac98	1	217546221	239876645	15445	0.7167
e0871617-a9dd-4155-9435-84a0157dac98	1	239876798	244488397	3389	0.68
e0871617-a9dd-4155-9435-84a0157dac98	1	244489674	247917119	2305	0.7298
e0871617-a9dd-4155-9435-84a0157dac98	1	247923651	248645808	367	0.8358
e0871617-a9dd-4155-9435-84a0157dac98	1	248646068	248930189	139	0.6962
e0871617-a9dd-4155-9435-84a0157dac98	2	12784	3636061	2519	-0.1643
e0871617-a9dd-4155-9435-84a0157dac98	2	3636128	34466002	21569	-0.1194
e0871617-a9dd-4155-9435-84a0157dac98	2	34474248	34515732	52	0.4562
e0871617-a9dd-4155-9435-84a0157dac98	2	34515960	35742319	860	-0.1026
e0871617-a9dd-4155-9435-84a0157dac98	2	35742970	35762881	9	0.8263
e0871617-a9dd-4155-9435-84a0157dac98	2	35772407	52512079	12127	-0.1149
e0871617-a9dd-4155-9435-84a0157dac98	2	52514599	52563002	44	0.2248
e0871617-a9dd-4155-9435-84a0157dac98	2	52563355	65491681	8248	-0.1161
e0871617-a9dd-4155-9435-84a0157dac98	2	65492705	65492807	2	-1.8597
e0871617-a9dd-4155-9435-84a0157dac98	2	65496822	78991888	8823	-0.1141
e0871617-a9dd-4155-9435-84a0157dac98	2	78992163	79011072	40	-0.3917
e0871617-a9dd-4155-9435-84a0157dac98	2	79011177	86710564	4797	-0.13
e0871617-a9dd-4155-9435-84a0157dac98	2	86725947	86726731	2	-1.843
e0871617-a9dd-4155-9435-84a0157dac98	2	86743283	87489160	162	-0.0654
e0871617-a9dd-4155-9435-84a0157dac98	2	87489240	87528459	12	-0.9062
e0871617-a9dd-4155-9435-84a0157dac98	2	87542032	97359885	1756	-0.0851
e0871617-a9dd-4155-9435-84a0157dac98	2	97524284	97624729	25	0.4798
e0871617-a9dd-4155-9435-84a0157dac98	2	97627711	106258266	5549	-0.1272
e0871617-a9dd-4155-9435-84a0157dac98	2	106263639	106270952	14	-0.7818
e0871617-a9dd-4155-9435-84a0157dac98	2	106271414	106594589	129	-0.1573
e0871617-a9dd-4155-9435-84a0157dac98	2	106595225	106597736	2	-1.3229
e0871617-a9dd-4155-9435-84a0157dac98	2	106597944	107824280	860	-0.0982
e0871617-a9dd-4155-9435-84a0157dac98	2	107830513	107864451	2	1.4296
e0871617-a9dd-4155-9435-84a0157dac98	2	107875632	113429380	2777	-0.1227
e0871617-a9dd-4155-9435-84a0157dac98	2	113478959	113695369	45	-0.5916
e0871617-a9dd-4155-9435-84a0157dac98	2	113696012	128880504	9573	-0.1126
e0871617-a9dd-4155-9435-84a0157dac98	2	128880904	128882741	15	-1.2068
e0871617-a9dd-4155-9435-84a0157dac98	2	128882755	137730530	5263	-0.1219
e0871617-a9dd-4155-9435-84a0157dac98	2	137731957	137737677	2	-1.8067
e0871617-a9dd-4155-9435-84a0157dac98	2	137738322	146108264	5166	-0.1237
e0871617-a9dd-4155-9435-84a0157dac98	2	146108406	146109366	11	-0.6635
e0871617-a9dd-4155-9435-84a0157dac98	2	146120238	151274400	3058	-0.1145
e0871617-a9dd-4155-9435-84a0157dac98	2	151274814	151280387	8	-1.1972
e0871617-a9dd-4155-9435-84a0157dac98	2	151281601	154361936	1993	-0.123
e0871617-a9dd-4155-9435-84a0157dac98	2	154366359	154418682	39	-0.5149
e0871617-a9dd-4155-9435-84a0157dac98	2	154421715	183798376	18128	-0.1123
e0871617-a9dd-4155-9435-84a0157dac98	2	183805170	183814089	11	0.6658
e0871617-a9dd-4155-9435-84a0157dac98	2	183826726	183929673	50	-0.0977
e0871617-a9dd-4155-9435-84a0157dac98	2	183929787	183937714	16	-0.5678
e0871617-a9dd-4155-9435-84a0157dac98	2	183943862	185488065	956	-0.0947
e0871617-a9dd-4155-9435-84a0157dac98	2	185488771	185986750	234	0.0041
e0871617-a9dd-4155-9435-84a0157dac98	2	185987062	207490231	12477	-0.1124
e0871617-a9dd-4155-9435-84a0157dac98	2	207490454	207494612	16	-1.3149
e0871617-a9dd-4155-9435-84a0157dac98	2	207494752	222577982	9735	-0.1139
e0871617-a9dd-4155-9435-84a0157dac98	2	222579042	223982623	942	-0.4835
e0871617-a9dd-4155-9435-84a0157dac98	2	223985246	238839679	9629	-0.1262
e0871617-a9dd-4155-9435-84a0157dac98	2	238842563	239100676	118	-0.3385
e0871617-a9dd-4155-9435-84a0157dac98	2	239102564	241841244	1527	-0.1527
e0871617-a9dd-4155-9435-84a0157dac98	2	241973315	242084107	95	-1.4702
e0871617-a9dd-4155-9435-84a0157dac98	2	242087337	242092213	5	-0.7242
e0871617-a9dd-4155-9435-84a0157dac98	2	242095460	242147305	24	0.0005
e0871617-a9dd-4155-9435-84a0157dac98	3	20930	26384700	19885	-0.1079
e0871617-a9dd-4155-9435-84a0157dac98	3	26392633	26397852	5	-1.3679
e0871617-a9dd-4155-9435-84a0157dac98	3	26404482	26570158	119	-0.1391
e0871617-a9dd-4155-9435-84a0157dac98	3	26570176	26570394	4	-2.4682
e0871617-a9dd-4155-9435-84a0157dac98	3	26570407	39298855	8531	-0.1138
e0871617-a9dd-4155-9435-84a0157dac98	3	39309966	42785457	2279	-0.08
e0871617-a9dd-4155-9435-84a0157dac98	3	42800753	52988877	4892	-0.1303
e0871617-a9dd-4155-9435-84a0157dac98	3	52988908	53000433	26	0.283
e0871617-a9dd-4155-9435-84a0157dac98	3	53000524	59725191	4558	-0.1061
e0871617-a9dd-4155-9435-84a0157dac98	3	59725291	59937265	239	-0.5067
e0871617-a9dd-4155-9435-84a0157dac98	3	59937665	68697013	7251	-0.0904
e0871617-a9dd-4155-9435-84a0157dac98	3	68697108	68698262	14	1.8282
e0871617-a9dd-4155-9435-84a0157dac98	3	68699607	69298771	479	-0.1335
e0871617-a9dd-4155-9435-84a0157dac98	3	69300106	78432999	6096	-0.1043
e0871617-a9dd-4155-9435-84a0157dac98	3	78433029	89357937	6069	-0.1342
e0871617-a9dd-4155-9435-84a0157dac98	3	89358106	90258727	396	-0.4754
e0871617-a9dd-4155-9435-84a0157dac98	3	90261906	126014238	19300	-0.1176
e0871617-a9dd-4155-9435-84a0157dac98	3	126015429	126018778	2	-2.4278
e0871617-a9dd-4155-9435-84a0157dac98	3	126018828	130044016	2309	-0.1207
e0871617-a9dd-4155-9435-84a0157dac98	3	130044855	130087393	38	0.599
e0871617-a9dd-4155-9435-84a0157dac98	3	130088081	162420194	19998	-0.1115
e0871617-a9dd-4155-9435-84a0157dac98	3	162420211	162424900	7	0.7276
e0871617-a9dd-4155-9435-84a0157dac98	3	162424917	162815162	275	-0.1089
e0871617-a9dd-4155-9435-84a0157dac98	3	162816942	162818795	2	-1.9007
e0871617-a9dd-4155-9435-84a0157dac98	3	162819035	162906093	49	-0.0694
e0871617-a9dd-4155-9435-84a0157dac98	3	162906109	162908815	5	1.1676
e0871617-a9dd-4155-9435-84a0157dac98	3	162910826	162996729	70	-0.0719
e0871617-a9dd-4155-9435-84a0157dac98	3	162999939	163001774	2	2.0874
e0871617-a9dd-4155-9435-84a0157dac98	3	163008371	163941155	504	-0.1276
e0871617-a9dd-4155-9435-84a0157dac98	3	163941157	163944558	8	0.4773
e0871617-a9dd-4155-9435-84a0157dac98	3	163944583	165341586	756	-0.0991
e0871617-a9dd-4155-9435-84a0157dac98	3	165341597	165344711	14	0.5133
e0871617-a9dd-4155-9435-84a0157dac98	3	165344960	175362822	6300	-0.1026
e0871617-a9dd-4155-9435-84a0157dac98	3	175362958	176177543	510	-0.0019
e0871617-a9dd-4155-9435-84a0157dac98	3	176177799	176991014	553	-0.1008
e0871617-a9dd-4155-9435-84a0157dac98	3	176992906	177171042	100	0.0756
e0871617-a9dd-4155-9435-84a0157dac98	3	177176493	193156958	10352	-0.123
e0871617-a9dd-4155-9435-84a0157dac98	3	193160113	193168734	24	0.358
e0871617-a9dd-4155-9435-84a0157dac98	3	193168790	195728990	1507	-0.1061
e0871617-a9dd-4155-9435-84a0157dac98	3	195729005	195747311	16	0.4398
e0871617-a9dd-4155-9435-84a0157dac98	3	195747892	198169247	1167	-0.1234
e0871617-a9dd-4155-9435-84a0157dac98	4	68929	9455251	5154	-0.1413
e0871617-a9dd-4155-9435-84a0157dac98	4	9459504	9477699	6	-1.3129
e0871617-a9dd-4155-9435-84a0157dac98	4	9484440	9858273	159	-0.1215
e0871617-a9dd-4155-9435-84a0157dac98	4	9858277	9865878	5	-0.9172
e0871617-a9dd-4155-9435-84a0157dac98	4	9866969	10208766	376	-0.0906
e0871617-a9dd-4155-9435-84a0157dac98	4	10221792	10229874	28	-2.2478
e0871617-a9dd-4155-9435-84a0157dac98	4	10232590	10389091	178	-0.1536
e0871617-a9dd-4155-9435-84a0157dac98	4	10391530	10399044	15	0.4593
e0871617-a9dd-4155-9435-84a0157dac98	4	10401094	22557420	8916	-0.1343
e0871617-a9dd-4155-9435-84a0157dac98	4	22564065	25470246	2019	-0.0911
e0871617-a9dd-4155-9435-84a0157dac98	4	25471145	34777353	5845	-0.1493
e0871617-a9dd-4155-9435-84a0157dac98	4	34777382	34823103	42	0.598
e0871617-a9dd-4155-9435-84a0157dac98	4	34828250	48249899	8580	-0.1329
e0871617-a9dd-4155-9435-84a0157dac98	4	48250003	49289338	395	-0.0186
e0871617-a9dd-4155-9435-84a0157dac98	4	49295203	60631418	5810	-0.127
e0871617-a9dd-4155-9435-84a0157dac98	4	60635111	60635552	2	-4.0528
e0871617-a9dd-4155-9435-84a0157dac98	4	60638258	63093980	1369	-0.1383
e0871617-a9dd-4155-9435-84a0157dac98	4	63105282	63351510	113	0.0089
e0871617-a9dd-4155-9435-84a0157dac98	4	63351614	63821857	280	-0.1566
e0871617-a9dd-4155-9435-84a0157dac98	4	63822533	63857475	41	0.3006
e0871617-a9dd-4155-9435-84a0157dac98	4	63859786	68509237	2869	-0.132
e0871617-a9dd-4155-9435-84a0157dac98	4	68509442	68620261	63	-0.6734
e0871617-a9dd-4155-9435-84a0157dac98	4	68623617	69105617	236	-0.0526
e0871617-a9dd-4155-9435-84a0157dac98	4	69106000	69452478	184	0.0515
e0871617-a9dd-4155-9435-84a0157dac98	4	69453762	86053362	10388	-0.1137
e0871617-a9dd-4155-9435-84a0157dac98	4	86053909	86058548	20	0.2995
e0871617-a9dd-4155-9435-84a0157dac98	4	86058611	87151351	605	-0.1171
e0871617-a9dd-4155-9435-84a0157dac98	4	87155311	87157486	3	-1.1036
e0871617-a9dd-4155-9435-84a0157dac98	4	87166288	90506113	2105	-0.1085
e0871617-a9dd-4155-9435-84a0157dac98	4	90506973	90614347	64	-0.4358
e0871617-a9dd-4155-9435-84a0157dac98	4	90622111	114252544	14096	-0.1195
e0871617-a9dd-4155-9435-84a0157dac98	4	114254167	114267153	33	0.3579
e0871617-a9dd-4155-9435-84a0157dac98	4	114267345	131079073	9955	-0.1212
e0871617-a9dd-4155-9435-84a0157dac98	4	131080104	131358440	132	0.0436
e0871617-a9dd-4155-9435-84a0157dac98	4	131359873	134070675	1432	-0.1221
e0871617-a9dd-4155-9435-84a0157dac98	4	134070730	134271087	85	0.064
e0871617-a9dd-4155-9435-84a0157dac98	4	134271522	137017211	1500	-0.1365
e0871617-a9dd-4155-9435-84a0157dac98	4	137017324	137046640	45	0.1614
e0871617-a9dd-4155-9435-84a0157dac98	4	137049499	160131622	14168	-0.1261
e0871617-a9dd-4155-9435-84a0157dac98	4	160132439	160149426	35	-0.7754
e0871617-a9dd-4155-9435-84a0157dac98	4	160149572	160952848	596	-0.1524
e0871617-a9dd-4155-9435-84a0157dac98	4	160958866	160963448	20	-0.7387
e0871617-a9dd-4155-9435-84a0157dac98	4	160963756	164349945	2186	-0.1317
e0871617-a9dd-4155-9435-84a0157dac98	4	164357401	164387898	13	-1.0395
e0871617-a9dd-4155-9435-84a0157dac98	4	164391781	172068222	4881	-0.1278
e0871617-a9dd-4155-9435-84a0157dac98	4	172068257	172068382	7	-1.9107
e0871617-a9dd-4155-9435-84a0157dac98	4	172074828	172445426	201	-0.098
e0871617-a9dd-4155-9435-84a0157dac98	4	172445610	172501371	29	0.171
e0871617-a9dd-4155-9435-84a0157dac98	4	172503796	175620493	1746	-0.1286
e0871617-a9dd-4155-9435-84a0157dac98	4	175623085	176645863	698	-0.532
e0871617-a9dd-4155-9435-84a0157dac98	4	176650926	186955675	7411	-0.1301
e0871617-a9dd-4155-9435-84a0157dac98	4	186955747	186975086	22	0.2922
e0871617-a9dd-4155-9435-84a0157dac98	4	186975198	189267889	1618	-0.1088
e0871617-a9dd-4155-9435-84a0157dac98	4	189273964	189278110	4	-1.6745
e0871617-a9dd-4155-9435-84a0157dac98	4	189278617	190106768	350	-0.1235
e0871617-a9dd-4155-9435-84a0157dac98	5	15532	698357	308	0.1095
e0871617-a9dd-4155-9435-84a0157dac98	5	698390	733497	14	0.5615
e0871617-a9dd-4155-9435-84a0157dac98	5	741924	773453	11	0.1208
e0871617-a9dd-4155-9435-84a0157dac98	5	779766	833513	20	-0.5263
e0871617-a9dd-4155-9435-84a0157dac98	5	852451	1794807	506	0.1006
e0871617-a9dd-4155-9435-84a0157dac98	5	1795263	1798024	3	-1.0258
e0871617-a9dd-4155-9435-84a0157dac98	5	1798129	1826516	25	0.2142
e0871617-a9dd-4155-9435-84a0157dac98	5	1827582	1872215	31	-0.1333
e0871617-a9dd-4155-9435-84a0157dac98	5	1877166	7169363	4803	0.1483
e0871617-a9dd-4155-9435-84a0157dac98	5	7177225	7189812	26	-0.7759
e0871617-a9dd-4155-9435-84a0157dac98	5	7202522	17758483	7718	0.1724
e0871617-a9dd-4155-9435-84a0157dac98	5	17758869	28635718	6412	0.1375
e0871617-a9dd-4155-9435-84a0157dac98	5	28635768	28725507	68	0.349
e0871617-a9dd-4155-9435-84a0157dac98	5	28727942	45306120	10423	0.1608
e0871617-a9dd-4155-9435-84a0157dac98	5	45308261	46191782	291	0.2548
e0871617-a9dd-4155-9435-84a0157dac98	5	46195781	46199333	4	-1.2036
e0871617-a9dd-4155-9435-84a0157dac98	5	46209197	46251204	13	0.1628
e0871617-a9dd-4155-9435-84a0157dac98	5	46270906	46273400	8	1.2779
e0871617-a9dd-4155-9435-84a0157dac98	5	46278110	50382297	91	0.1352
e0871617-a9dd-4155-9435-84a0157dac98	5	50393257	50820624	194	0.3174
e0871617-a9dd-4155-9435-84a0157dac98	5	50820898	58025759	4789	0.1634
e0871617-a9dd-4155-9435-84a0157dac98	5	58025819	58042530	34	-0.3369
e0871617-a9dd-4155-9435-84a0157dac98	5	58044246	60541764	1782	0.1782
e0871617-a9dd-4155-9435-84a0157dac98	5	60541807	60782570	113	-0.113
e0871617-a9dd-4155-9435-84a0157dac98	5	60782585	63281299	1549	0.1728
e0871617-a9dd-4155-9435-84a0157dac98	5	63281634	63904532	358	0.2721
e0871617-a9dd-4155-9435-84a0157dac98	5	63912416	67888756	2513	0.1628
e0871617-a9dd-4155-9435-84a0157dac98	5	67897679	75244909	3525	-0.507
e0871617-a9dd-4155-9435-84a0157dac98	5	75259523	86398530	6893	0.1615
e0871617-a9dd-4155-9435-84a0157dac98	5	86401127	88134394	863	-0.4831
e0871617-a9dd-4155-9435-84a0157dac98	5	88134485	88134700	2	-2.4186
e0871617-a9dd-4155-9435-84a0157dac98	5	88137436	95833119	4139	-0.5039
e0871617-a9dd-4155-9435-84a0157dac98	5	95833134	95833799	3	-2.2654
e0871617-a9dd-4155-9435-84a0157dac98	5	95834295	97630645	1113	-0.4912
e0871617-a9dd-4155-9435-84a0157dac98	5	97634349	105322136	4579	-0.4553
e0871617-a9dd-4155-9435-84a0157dac98	5	105326145	140839137	22597	-0.4952
e0871617-a9dd-4155-9435-84a0157dac98	5	140844251	140861442	10	-1.8179
e0871617-a9dd-4155-9435-84a0157dac98	5	140862894	147387907	4253	-0.5094
e0871617-a9dd-4155-9435-84a0157dac98	5	147388254	152135825	3285	0.1751
e0871617-a9dd-4155-9435-84a0157dac98	5	152135909	152140710	14	-0.4716
e0871617-a9dd-4155-9435-84a0157dac98	5	152140861	156049762	2659	0.1655
e0871617-a9dd-4155-9435-84a0157dac98	5	156049910	156075169	18	0.6363
e0871617-a9dd-4155-9435-84a0157dac98	5	156077395	163431168	4908	0.1556
e0871617-a9dd-4155-9435-84a0157dac98	5	163435178	163435536	2	-2.3661
e0871617-a9dd-4155-9435-84a0157dac98	5	163439542	166211100	1787	0.1446
e0871617-a9dd-4155-9435-84a0157dac98	5	166218003	166411070	158	-0.5155
e0871617-a9dd-4155-9435-84a0157dac98	5	166411214	166422365	41	-0.2727
e0871617-a9dd-4155-9435-84a0157dac98	5	166422569	166896233	333	-0.5363
e0871617-a9dd-4155-9435-84a0157dac98	5	166904556	170111784	2581	0.168
e0871617-a9dd-4155-9435-84a0157dac98	5	170113200	170116367	4	-0.7357
e0871617-a9dd-4155-9435-84a0157dac98	5	170118638	172336659	1516	0.1714
e0871617-a9dd-4155-9435-84a0157dac98	5	172337116	172337170	3	-0.824
e0871617-a9dd-4155-9435-84a0157dac98	5	172339821	175946505	2728	0.1728
e0871617-a9dd-4155-9435-84a0157dac98	5	175960543	175993893	7	1.079
e0871617-a9dd-4155-9435-84a0157dac98	5	175999690	177771448	731	0.1166
e0871617-a9dd-4155-9435-84a0157dac98	5	177800550	177805604	3	1.9997
e0871617-a9dd-4155-9435-84a0157dac98	5	177827964	180947523	1796	0.119
e0871617-a9dd-4155-9435-84a0157dac98	5	180951710	180991103	19	-2.3387
e0871617-a9dd-4155-9435-84a0157dac98	5	181006225	181363319	170	0.1312
e0871617-a9dd-4155-9435-84a0157dac98	6	149661	254283	101	0.1816
e0871617-a9dd-4155-9435-84a0157dac98	6	257353	360873	81	0.4636
e0871617-a9dd-4155-9435-84a0157dac98	6	361022	2025104	1430	0.1884
e0871617-a9dd-4155-9435-84a0157dac98	6	2027325	2196963	103	0.3676
e0871617-a9dd-4155-9435-84a0157dac98	6	2204405	16086019	10847	0.1589
e0871617-a9dd-4155-9435-84a0157dac98	6	16087003	16088500	6	-1.3092
e0871617-a9dd-4155-9435-84a0157dac98	6	16088820	16936114	713	0.1264
e0871617-a9dd-4155-9435-84a0157dac98	6	16936273	25836699	6423	0.1624
e0871617-a9dd-4155-9435-84a0157dac98	6	25837392	29875657	1965	0.1163
e0871617-a9dd-4155-9435-84a0157dac98	6	29876257	29881490	7	0.9182
e0871617-a9dd-4155-9435-84a0157dac98	6	29882419	31318528	666	0.1139
e0871617-a9dd-4155-9435-84a0157dac98	6	31318754	31328674	9	-0.6588
e0871617-a9dd-4155-9435-84a0157dac98	6	31342147	32486746	503	0.1202
e0871617-a9dd-4155-9435-84a0157dac98	6	32488906	32541699	16	1.7818
e0871617-a9dd-4155-9435-84a0157dac98	6	32549151	32606604	17	0.7333
e0871617-a9dd-4155-9435-84a0157dac98	6	32610305	32718419	63	0.2902
e0871617-a9dd-4155-9435-84a0157dac98	6	32720838	32721076	3	1.4922
e0871617-a9dd-4155-9435-84a0157dac98	6	32721547	33740999	579	0.1302
e0871617-a9dd-4155-9435-84a0157dac98	6	33742243	33742261	2	-1.0282
e0871617-a9dd-4155-9435-84a0157dac98	6	33745833	38828817	3135	0.1383
e0871617-a9dd-4155-9435-84a0157dac98	6	38829559	54060406	9943	0.1679
e0871617-a9dd-4155-9435-84a0157dac98	6	54066269	54067057	9	-0.7125
e0871617-a9dd-4155-9435-84a0157dac98	6	54070550	65689656	4931	0.1762
e0871617-a9dd-4155-9435-84a0157dac98	6	65689660	65693959	19	-0.6969
e0871617-a9dd-4155-9435-84a0157dac98	6	65697234	73882509	5442	0.1566
e0871617-a9dd-4155-9435-84a0157dac98	6	73882741	73891694	9	-2.1206
e0871617-a9dd-4155-9435-84a0157dac98	6	73893839	76726815	1769	0.1605
e0871617-a9dd-4155-9435-84a0157dac98	6	76730151	76758214	23	0.6171
e0871617-a9dd-4155-9435-84a0157dac98	6	76758749	78261995	979	0.1607
e0871617-a9dd-4155-9435-84a0157dac98	6	78262064	78345088	124	0.5656
e0871617-a9dd-4155-9435-84a0157dac98	6	78345284	80574999	1419	0.1809
e0871617-a9dd-4155-9435-84a0157dac98	6	80575042	80585386	34	0.4602
e0871617-a9dd-4155-9435-84a0157dac98	6	80588760	93761148	8436	0.1543
e0871617-a9dd-4155-9435-84a0157dac98	6	93761296	94955213	780	0.2541
e0871617-a9dd-4155-9435-84a0157dac98	6	94958360	103286954	4794	0.1526
e0871617-a9dd-4155-9435-84a0157dac98	6	103290101	103314186	46	0.9164
e0871617-a9dd-4155-9435-84a0157dac98	6	103317795	118222249	9149	0.1586
e0871617-a9dd-4155-9435-84a0157dac98	6	118222352	118641496	235	0.2748
e0871617-a9dd-4155-9435-84a0157dac98	6	118645172	140324154	13982	0.1542
e0871617-a9dd-4155-9435-84a0157dac98	6	140329690	140830647	227	0.2702
e0871617-a9dd-4155-9435-84a0157dac98	6	140833153	153636235	8663	0.1565
e0871617-a9dd-4155-9435-84a0157dac98	6	153639651	153640284	2	-2.8314
e0871617-a9dd-4155-9435-84a0157dac98	6	153640764	170741917	11919	0.1519
e0871617-a9dd-4155-9435-84a0157dac98	7	43355	1198303	355	0.0592
e0871617-a9dd-4155-9435-84a0157dac98	7	1204095	1207269	3	-0.9739
e0871617-a9dd-4155-9435-84a0157dac98	7	1212295	3570080	1264	0.1745
e0871617-a9dd-4155-9435-84a0157dac98	7	3570211	3578729	30	-0.891
e0871617-a9dd-4155-9435-84a0157dac98	7	3585172	3833987	198	0.1876
e0871617-a9dd-4155-9435-84a0157dac98	7	3834605	6951247	1616	0.1279
e0871617-a9dd-4155-9435-84a0157dac98	7	6951260	9135141	1935	0.1877
e0871617-a9dd-4155-9435-84a0157dac98	7	9138746	9138993	4	-1.3326
e0871617-a9dd-4155-9435-84a0157dac98	7	9139659	9874808	582	0.1501
e0871617-a9dd-4155-9435-84a0157dac98	7	9875116	9973701	70	0.3525
e0871617-a9dd-4155-9435-84a0157dac98	7	9973939	14683309	3781	0.1683
e0871617-a9dd-4155-9435-84a0157dac98	7	14684670	15392007	544	0.6396
e0871617-a9dd-4155-9435-84a0157dac98	7	15392045	15393664	2	-1.8091
e0871617-a9dd-4155-9435-84a0157dac98	7	15394440	15401330	8	0.5916
e0871617-a9dd-4155-9435-84a0157dac98	7	15401384	15412372	8	1.0891
e0871617-a9dd-4155-9435-84a0157dac98	7	15413347	15704146	223	0.6136
e0871617-a9dd-4155-9435-84a0157dac98	7	15704867	16295953	488	0.1671
e0871617-a9dd-4155-9435-84a0157dac98	7	16296654	17659174	1093	0.2397
e0871617-a9dd-4155-9435-84a0157dac98	7	17659219	18893487	954	0.1572
e0871617-a9dd-4155-9435-84a0157dac98	7	18894855	19751984	888	0.2635
e0871617-a9dd-4155-9435-84a0157dac98	7	19752034	70955452	30579	0.1616
e0871617-a9dd-4155-9435-84a0157dac98	7	70958264	70961155	2	-1.9845
e0871617-a9dd-4155-9435-84a0157dac98	7	70963257	88522968	9750	0.1563
e0871617-a9dd-4155-9435-84a0157dac98	7	88523463	90620140	1385	0.2496
e0871617-a9dd-4155-9435-84a0157dac98	7	90620383	97756658	4562	0.1592
e0871617-a9dd-4155-9435-84a0157dac98	7	97766148	97773163	16	-0.5986
e0871617-a9dd-4155-9435-84a0157dac98	7	97774928	111129024	7517	0.1582
e0871617-a9dd-4155-9435-84a0157dac98	7	111131505	111644105	323	0.2719
e0871617-a9dd-4155-9435-84a0157dac98	7	111645764	126405597	8833	0.1646
e0871617-a9dd-4155-9435-84a0157dac98	7	126405632	126406561	9	1.271
e0871617-a9dd-4155-9435-84a0157dac98	7	126406822	143780181	10882	0.1634
e0871617-a9dd-4155-9435-84a0157dac98	7	143790571	143802294	4	-1.0413
e0871617-a9dd-4155-9435-84a0157dac98	7	143846758	154598185	6699	0.1596
e0871617-a9dd-4155-9435-84a0157dac98	7	154601461	154607903	4	-1.798
e0871617-a9dd-4155-9435-84a0157dac98	7	154609120	159334314	3236	0.1749
e0871617-a9dd-4155-9435-84a0157dac98	8	81254	644973	324	0.3803
e0871617-a9dd-4155-9435-84a0157dac98	8	645220	645908	8	-0.6132
e0871617-a9dd-4155-9435-84a0157dac98	8	656117	5736745	5670	0.4143
e0871617-a9dd-4155-9435-84a0157dac98	8	5741204	5746805	25	-2.6984
e0871617-a9dd-4155-9435-84a0157dac98	8	5749566	7312952	1702	0.4108
e0871617-a9dd-4155-9435-84a0157dac98	8	7329110	7329124	2	3.5044
e0871617-a9dd-4155-9435-84a0157dac98	8	7336299	7396819	21	0.6382
e0871617-a9dd-4155-9435-84a0157dac98	8	7397588	11911398	3196	-0.1032
e0871617-a9dd-4155-9435-84a0157dac98	8	11914537	11928948	6	-0.9198
e0871617-a9dd-4155-9435-84a0157dac98	8	11930740	13952610	1407	-0.089
e0871617-a9dd-4155-9435-84a0157dac98	8	13952720	13957826	6	-1.0692
e0871617-a9dd-4155-9435-84a0157dac98	8	13958557	14652059	652	-0.1108
e0871617-a9dd-4155-9435-84a0157dac98	8	14652523	14652967	6	0.5695
e0871617-a9dd-4155-9435-84a0157dac98	8	14652983	15478701	724	-0.1247
e0871617-a9dd-4155-9435-84a0157dac98	8	15480380	23513183	6502	-1.0386
e0871617-a9dd-4155-9435-84a0157dac98	8	23514525	25116928	1180	-0.1471
e0871617-a9dd-4155-9435-84a0157dac98	8	25116961	25126818	26	-0.7746
e0871617-a9dd-4155-9435-84a0157dac98	8	25133589	39372664	9016	-0.1319
e0871617-a9dd-4155-9435-84a0157dac98	8	39372806	39531510	65	0.6897
e0871617-a9dd-4155-9435-84a0157dac98	8	39531605	43067847	2334	-0.1293
e0871617-a9dd-4155-9435-84a0157dac98	8	43068274	46000405	251	-0.0089
e0871617-a9dd-4155-9435-84a0157dac98	8	46000692	57204927	6592	-0.1254
e0871617-a9dd-4155-9435-84a0157dac98	8	57205493	57217466	3	-1.3036
e0871617-a9dd-4155-9435-84a0157dac98	8	57220239	60087317	1949	-0.1292
e0871617-a9dd-4155-9435-84a0157dac98	8	60087467	60090136	4	0.5684
e0871617-a9dd-4155-9435-84a0157dac98	8	60090247	60094589	17	0.0337
e0871617-a9dd-4155-9435-84a0157dac98	8	60095060	60095309	9	0.3174
e0871617-a9dd-4155-9435-84a0157dac98	8	60097002	63936079	2483	-0.1191
e0871617-a9dd-4155-9435-84a0157dac98	8	63936340	63936561	6	0.6377
e0871617-a9dd-4155-9435-84a0157dac98	8	63936953	77805313	8415	-0.1244
e0871617-a9dd-4155-9435-84a0157dac98	8	77806126	94807850	9814	-0.0967
e0871617-a9dd-4155-9435-84a0157dac98	8	94810521	102980362	5130	0.451
e0871617-a9dd-4155-9435-84a0157dac98	8	102982683	102983595	2	-0.9389
e0871617-a9dd-4155-9435-84a0157dac98	8	102985207	105768416	1675	0.4494
e0871617-a9dd-4155-9435-84a0157dac98	8	105777792	105813949	26	-0.1276
e0871617-a9dd-4155-9435-84a0157dac98	8	105816582	106768275	596	0.4799
e0871617-a9dd-4155-9435-84a0157dac98	8	106773260	106775319	3	-1.0258
e0871617-a9dd-4155-9435-84a0157dac98	8	106777154	108794947	1342	0.4348
e0871617-a9dd-4155-9435-84a0157dac98	8	108801038	108945852	71	0.6478
e0871617-a9dd-4155-9435-84a0157dac98	8	108949190	111279265	1279	0.4392
e0871617-a9dd-4155-9435-84a0157dac98	8	111282050	111282237	3	-0.7049
e0871617-a9dd-4155-9435-84a0157dac98	8	111282417	111283031	7	-2.1698
e0871617-a9dd-4155-9435-84a0157dac98	8	111288052	114608617	1811	0.4166
e0871617-a9dd-4155-9435-84a0157dac98	8	114611050	114859766	191	0.5303
e0871617-a9dd-4155-9435-84a0157dac98	8	114866654	117026572	1349	0.4088
e0871617-a9dd-4155-9435-84a0157dac98	8	117026617	124190731	4972	0.4769
e0871617-a9dd-4155-9435-84a0157dac98	8	124191788	126387170	1551	0.438
e0871617-a9dd-4155-9435-84a0157dac98	8	126387625	126550784	103	1.1512
e0871617-a9dd-4155-9435-84a0157dac98	8	126551139	126978684	351	1.564
e0871617-a9dd-4155-9435-84a0157dac98	8	126979458	128765208	1340	1.1316
e0871617-a9dd-4155-9435-84a0157dac98	8	128766360	136676674	6038	-1.0394
e0871617-a9dd-4155-9435-84a0157dac98	8	136677059	136882271	190	-0.7885
e0871617-a9dd-4155-9435-84a0157dac98	8	136888490	139656234	2359	-1.0492
e0871617-a9dd-4155-9435-84a0157dac98	8	139656317	139658610	4	-4.1354
e0871617-a9dd-4155-9435-84a0157dac98	8	139658687	140653873	604	-1.0788
e0871617-a9dd-4155-9435-84a0157dac98	8	140653893	141023343	210	-0.8408
e0871617-a9dd-4155-9435-84a0157dac98	8	141028500	141364408	202	-1.1484
e0871617-a9dd-4155-9435-84a0157dac98	8	141364907	142410112	594	-1.3004
e0871617-a9dd-4155-9435-84a0157dac98	8	142410372	145072769	935	-1.0663
e0871617-a9dd-4155-9435-84a0157dac98	9	46587	602857	507	0.457
e0871617-a9dd-4155-9435-84a0157dac98	9	602903	606893	4	1.5383
e0871617-a9dd-4155-9435-84a0157dac98	9	606961	11291467	10196	0.4118
e0871617-a9dd-4155-9435-84a0157dac98	9	11294703	12721692	1116	0.4989
e0871617-a9dd-4155-9435-84a0157dac98	9	12721807	27236646	11411	0.4035
e0871617-a9dd-4155-9435-84a0157dac98	9	27248179	27248646	5	-0.6186
e0871617-a9dd-4155-9435-84a0157dac98	9	27248729	39313823	7917	0.3963
e0871617-a9dd-4155-9435-84a0157dac98	9	39337296	39455364	4	-0.6829
e0871617-a9dd-4155-9435-84a0157dac98	9	39455596	41639988	117	0.4756
e0871617-a9dd-4155-9435-84a0157dac98	9	41644133	42014203	14	0.0058
e0871617-a9dd-4155-9435-84a0157dac98	9	42037471	42179276	20	-1.5785
e0871617-a9dd-4155-9435-84a0157dac98	9	42202227	42308537	12	-0.516
e0871617-a9dd-4155-9435-84a0157dac98	9	42501791	61405110	60	0.3975
e0871617-a9dd-4155-9435-84a0157dac98	9	61520021	61647899	30	-0.6811
e0871617-a9dd-4155-9435-84a0157dac98	9	61665362	68384471	178	0.2348
e0871617-a9dd-4155-9435-84a0157dac98	9	68388042	79862676	8381	-0.1391
e0871617-a9dd-4155-9435-84a0157dac98	9	79862908	79863278	2	-1.6147
e0871617-a9dd-4155-9435-84a0157dac98	9	79863585	80844384	736	-0.1441
e0871617-a9dd-4155-9435-84a0157dac98	9	80847924	80848008	2	-2.1542
e0871617-a9dd-4155-9435-84a0157dac98	9	80848362	103804216	15668	-0.1384
e0871617-a9dd-4155-9435-84a0157dac98	9	103806415	103807009	2	-1.9463
e0871617-a9dd-4155-9435-84a0157dac98	9	103808421	124078286	15359	-0.1317
e0871617-a9dd-4155-9435-84a0157dac98	9	124078307	138200944	7743	-0.1675
e0871617-a9dd-4155-9435-84a0157dac98	10	45792	17885034	14855	0.1332
e0871617-a9dd-4155-9435-84a0157dac98	10	17896194	17910884	3	1.4858
e0871617-a9dd-4155-9435-84a0157dac98	10	17929793	20551945	2140	0.1382
e0871617-a9dd-4155-9435-84a0157dac98	10	20561183	20564574	5	-1.0069
e0871617-a9dd-4155-9435-84a0157dac98	10	20564605	24086334	2196	0.1374
e0871617-a9dd-4155-9435-84a0157dac98	10	24088745	24089125	11	-2.1119
e0871617-a9dd-4155-9435-84a0157dac98	10	24089979	26936975	1986	0.1445
e0871617-a9dd-4155-9435-84a0157dac98	10	26937062	26939523	11	0.6733
e0871617-a9dd-4155-9435-84a0157dac98	10	26939544	30962405	3024	0.1324
e0871617-a9dd-4155-9435-84a0157dac98	10	30962419	30962850	10	-0.6029
e0871617-a9dd-4155-9435-84a0157dac98	10	30962893	87538426	34724	0.1522
e0871617-a9dd-4155-9435-84a0157dac98	10	87539636	87868764	234	-0.5295
e0871617-a9dd-4155-9435-84a0157dac98	10	87868814	87975840	195	-0.3281
e0871617-a9dd-4155-9435-84a0157dac98	10	87976151	88570165	383	-0.5259
e0871617-a9dd-4155-9435-84a0157dac98	10	88570726	90054722	1153	0.155
e0871617-a9dd-4155-9435-84a0157dac98	10	90055946	91087596	734	-0.5056
e0871617-a9dd-4155-9435-84a0157dac98	10	91088547	99884553	5400	0.1544
e0871617-a9dd-4155-9435-84a0157dac98	10	99886944	103456851	1752	0.1143
e0871617-a9dd-4155-9435-84a0157dac98	10	103457090	130374334	19788	0.1568
e0871617-a9dd-4155-9435-84a0157dac98	10	130374769	130472507	83	0.0452
e0871617-a9dd-4155-9435-84a0157dac98	10	130472578	130472908	4	-0.9467
e0871617-a9dd-4155-9435-84a0157dac98	10	130474590	131797909	1123	0.0638
e0871617-a9dd-4155-9435-84a0157dac98	10	131798465	132802312	504	0.157
e0871617-a9dd-4155-9435-84a0157dac98	10	132803301	133019081	103	-0.0001
e0871617-a9dd-4155-9435-84a0157dac98	10	133019107	133654968	266	0.1416
e0871617-a9dd-4155-9435-84a0157dac98	11	198510	4941402	2400	-0.1466
e0871617-a9dd-4155-9435-84a0157dac98	11	4941522	4954475	45	0.1615
e0871617-a9dd-4155-9435-84a0157dac98	11	4955027	5761695	777	-0.128
e0871617-a9dd-4155-9435-84a0157dac98	11	5761729	5787909	40	0.3389
e0871617-a9dd-4155-9435-84a0157dac98	11	5788108	12286237	4934	-0.1264
e0871617-a9dd-4155-9435-84a0157dac98	11	12287455	13896234	1249	-0.4996
e0871617-a9dd-4155-9435-84a0157dac98	11	13898006	18919323	3222	-0.1284
e0871617-a9dd-4155-9435-84a0157dac98	11	18927525	18956113	63	0.1341
e0871617-a9dd-4155-9435-84a0157dac98	11	18956549	37112621	13421	-0.1303
e0871617-a9dd-4155-9435-84a0157dac98	11	37112702	37670834	367	-0.0376
e0871617-a9dd-4155-9435-84a0157dac98	11	37671130	48327958	6680	-0.1463
e0871617-a9dd-4155-9435-84a0157dac98	11	48330727	48981875	220	0.0031
e0871617-a9dd-4155-9435-84a0157dac98	11	48982010	49679859	308	-0.1724
e0871617-a9dd-4155-9435-84a0157dac98	11	49686823	49745369	32	0.1949
e0871617-a9dd-4155-9435-84a0157dac98	11	49748054	54655267	379	-0.1085
e0871617-a9dd-4155-9435-84a0157dac98	11	54656138	54837054	69	0.1393
e0871617-a9dd-4155-9435-84a0157dac98	11	54843921	55595864	269	-0.0738
e0871617-a9dd-4155-9435-84a0157dac98	11	55606556	55685533	59	0.4991
e0871617-a9dd-4155-9435-84a0157dac98	11	55686100	56257482	404	-0.0099
e0871617-a9dd-4155-9435-84a0157dac98	11	56260226	61750767	3210	-0.134
e0871617-a9dd-4155-9435-84a0157dac98	11	61754149	67603308	2557	-0.1807
e0871617-a9dd-4155-9435-84a0157dac98	11	67606198	67638034	14	-0.702
e0871617-a9dd-4155-9435-84a0157dac98	11	67642562	69812150	1109	-0.1589
e0871617-a9dd-4155-9435-84a0157dac98	11	69813484	92090484	13984	-0.1335
e0871617-a9dd-4155-9435-84a0157dac98	11	92090485	92090489	5	-1.4062
e0871617-a9dd-4155-9435-84a0157dac98	11	92090831	134355703	30407	-0.1368
e0871617-a9dd-4155-9435-84a0157dac98	11	134355798	134868991	440	-0.2461
e0871617-a9dd-4155-9435-84a0157dac98	11	134869255	135074876	144	-0.1471
e0871617-a9dd-4155-9435-84a0157dac98	12	51460	720708	402	-0.1934
e0871617-a9dd-4155-9435-84a0157dac98	12	725908	6467555	4316	-0.121
e0871617-a9dd-4155-9435-84a0157dac98	12	6468510	9481274	1453	-0.1754
e0871617-a9dd-4155-9435-84a0157dac98	12	9485313	9575696	23	-1.4915
e0871617-a9dd-4155-9435-84a0157dac98	12	9582373	11033005	1018	-0.1372
e0871617-a9dd-4155-9435-84a0157dac98	12	11039459	11165842	56	0.23
e0871617-a9dd-4155-9435-84a0157dac98	12	11175291	33373507	15673	-0.1278
e0871617-a9dd-4155-9435-84a0157dac98	12	33375905	38821834	1191	-0.0486
e0871617-a9dd-4155-9435-84a0157dac98	12	38821850	69505623	18766	-0.136
e0871617-a9dd-4155-9435-84a0157dac98	12	69506428	69756808	195	-0.5182
e0871617-a9dd-4155-9435-84a0157dac98	12	69757263	72895908	2015	-0.111
e0871617-a9dd-4155-9435-84a0157dac98	12	72896245	72949962	27	0.1928
e0871617-a9dd-4155-9435-84a0157dac98	12	72950060	85157437	7708	-0.1335
e0871617-a9dd-4155-9435-84a0157dac98	12	85157834	85705542	293	0.1519
e0871617-a9dd-4155-9435-84a0157dac98	12	85705565	127990519	27901	-0.1302
e0871617-a9dd-4155-9435-84a0157dac98	12	127992319	133201603	3775	-0.1777
e0871617-a9dd-4155-9435-84a0157dac98	13	18452809	19547319	532	0.1431
e0871617-a9dd-4155-9435-84a0157dac98	13	19549755	19549770	2	-2.0031
e0871617-a9dd-4155-9435-84a0157dac98	13	19550361	26142828	4636	0.1403
e0871617-a9dd-4155-9435-84a0157dac98	13	26144866	31957487	4395	0.5951
e0871617-a9dd-4155-9435-84a0157dac98	13	31957787	31964271	21	0.9473
e0871617-a9dd-4155-9435-84a0157dac98	13	31964286	38478674	4618	0.5901
e0871617-a9dd-4155-9435-84a0157dac98	13	38483435	38483919	2	-1.9803
e0871617-a9dd-4155-9435-84a0157dac98	13	38490920	41461930	2050	0.5797
e0871617-a9dd-4155-9435-84a0157dac98	13	41464799	41671706	152	-0.4611
e0871617-a9dd-4155-9435-84a0157dac98	13	41673850	47298624	3920	0.6066
e0871617-a9dd-4155-9435-84a0157dac98	13	47302886	48957415	1205	0.5525
e0871617-a9dd-4155-9435-84a0157dac98	13	48959579	48962368	2	-3.3042
e0871617-a9dd-4155-9435-84a0157dac98	13	48963569	52520664	1872	0.6032
e0871617-a9dd-4155-9435-84a0157dac98	13	52523849	52531650	3	-1.596
e0871617-a9dd-4155-9435-84a0157dac98	13	52543744	57139099	2613	0.5825
e0871617-a9dd-4155-9435-84a0157dac98	13	57139102	57204234	43	0.2427
e0871617-a9dd-4155-9435-84a0157dac98	13	57204246	57318526	71	0.6815
e0871617-a9dd-4155-9435-84a0157dac98	13	57318640	57441104	71	0.8388
e0871617-a9dd-4155-9435-84a0157dac98	13	57441147	68675349	6761	0.5815
e0871617-a9dd-4155-9435-84a0157dac98	13	68676647	68684883	10	0.0155
e0871617-a9dd-4155-9435-84a0157dac98	13	68685082	71902850	2084	0.5885
e0871617-a9dd-4155-9435-84a0157dac98	13	71903417	71906418	4	1.8262
e0871617-a9dd-4155-9435-84a0157dac98	13	71906467	97875020	16955	0.5909
e0871617-a9dd-4155-9435-84a0157dac98	13	97877870	97879211	6	-0.1824
e0871617-a9dd-4155-9435-84a0157dac98	13	97881576	114342922	12146	0.6003
e0871617-a9dd-4155-9435-84a0157dac98	14	18239283	19966799	183	0.3778
e0871617-a9dd-4155-9435-84a0157dac98	14	19966871	21900671	1286	0.1404
e0871617-a9dd-4155-9435-84a0157dac98	14	21900722	22536839	587	0.278
e0871617-a9dd-4155-9435-84a0157dac98	14	22537282	34548002	7673	0.1444
e0871617-a9dd-4155-9435-84a0157dac98	14	34548665	34551172	3	-0.8294
e0871617-a9dd-4155-9435-84a0157dac98	14	34551779	37648779	1874	0.1533
e0871617-a9dd-4155-9435-84a0157dac98	14	37650645	37751117	57	-0.4704
e0871617-a9dd-4155-9435-84a0157dac98	14	37754497	43330934	3454	0.1445
e0871617-a9dd-4155-9435-84a0157dac98	14	43331146	44055567	393	0.2493
e0871617-a9dd-4155-9435-84a0157dac98	14	44057220	73529070	18731	0.1397
e0871617-a9dd-4155-9435-84a0157dac98	14	73534419	73563196	10	1.0591
e0871617-a9dd-4155-9435-84a0157dac98	14	73563211	85818410	8159	0.1257
e0871617-a9dd-4155-9435-84a0157dac98	14	85819968	85845829	15	-0.9707
e0871617-a9dd-4155-9435-84a0157dac98	14	85849791	104631724	12214	0.1277
e0871617-a9dd-4155-9435-84a0157dac98	14	104636218	104655857	5	-0.6971
e0871617-a9dd-4155-9435-84a0157dac98	14	104657063	106284182	462	0.1303
e0871617-a9dd-4155-9435-84a0157dac98	14	106290131	106307401	15	0.5535
e0871617-a9dd-4155-9435-84a0157dac98	14	106308664	106423925	46	0.1295
e0871617-a9dd-4155-9435-84a0157dac98	14	106425447	106462183	47	-2.0564
e0871617-a9dd-4155-9435-84a0157dac98	14	106462724	106877229	195	0.2064
e0871617-a9dd-4155-9435-84a0157dac98	15	19811075	20041902	49	0.0268
e0871617-a9dd-4155-9435-84a0157dac98	15	20056983	22413894	160	-0.5333
e0871617-a9dd-4155-9435-84a0157dac98	15	22455811	30215235	4629	-0.1483
e0871617-a9dd-4155-9435-84a0157dac98	15	30230885	30269364	7	-0.9531
e0871617-a9dd-4155-9435-84a0157dac98	15	30281107	76586021	29075	-0.1448
e0871617-a9dd-4155-9435-84a0157dac98	15	76598900	76603434	22	0.7914
e0871617-a9dd-4155-9435-84a0157dac98	15	76609838	101928837	17610	-0.1481
e0871617-a9dd-4155-9435-84a0157dac98	16	10777	5596284	2676	0.1369
e0871617-a9dd-4155-9435-84a0157dac98	16	5596707	5779550	219	0.0047
e0871617-a9dd-4155-9435-84a0157dac98	16	5780104	5782327	2	-1.5887
e0871617-a9dd-4155-9435-84a0157dac98	16	5782945	6089238	348	-0.0214
e0871617-a9dd-4155-9435-84a0157dac98	16	6089748	6472309	455	0.1704
e0871617-a9dd-4155-9435-84a0157dac98	16	6473141	6533487	77	-0.4517
e0871617-a9dd-4155-9435-84a0157dac98	16	6535645	6617328	123	-2.516
e0871617-a9dd-4155-9435-84a0157dac98	16	6617399	6618587	5	-1.3609
e0871617-a9dd-4155-9435-84a0157dac98	16	6620612	6642536	27	-0.4646
e0871617-a9dd-4155-9435-84a0157dac98	16	6642595	6716823	98	-2.3376
e0871617-a9dd-4155-9435-84a0157dac98	16	6717191	6794991	130	-0.5481
e0871617-a9dd-4155-9435-84a0157dac98	16	6796091	6908847	113	0.1562
e0871617-a9dd-4155-9435-84a0157dac98	16	6908902	7013774	109	-0.1308
e0871617-a9dd-4155-9435-84a0157dac98	16	7013996	7028147	26	-0.524
e0871617-a9dd-4155-9435-84a0157dac98	16	7030603	7063412	38	-0.1362
e0871617-a9dd-4155-9435-84a0157dac98	16	7063621	7526645	609	0.1586
e0871617-a9dd-4155-9435-84a0157dac98	16	7526966	7557110	43	-0.5014
e0871617-a9dd-4155-9435-84a0157dac98	16	7559439	18104860	7665	0.17
e0871617-a9dd-4155-9435-84a0157dac98	16	18134261	18144432	2	-1.9866
e0871617-a9dd-4155-9435-84a0157dac98	16	18148869	18335528	11	0.1436
e0871617-a9dd-4155-9435-84a0157dac98	16	18540265	18545889	3	-0.8215
e0871617-a9dd-4155-9435-84a0157dac98	16	18583078	22430699	1997	0.1682
e0871617-a9dd-4155-9435-84a0157dac98	16	22546611	22693199	72	0.4147
e0871617-a9dd-4155-9435-84a0157dac98	16	22699421	29268429	4211	0.1472
e0871617-a9dd-4155-9435-84a0157dac98	16	29269203	29270444	4	-1.569
e0871617-a9dd-4155-9435-84a0157dac98	16	29272383	32198553	916	0.124
e0871617-a9dd-4155-9435-84a0157dac98	16	32198778	32513457	11	-0.3899
e0871617-a9dd-4155-9435-84a0157dac98	16	32553191	35225230	182	0.1542
e0871617-a9dd-4155-9435-84a0157dac98	16	35225338	35522700	169	0.656
e0871617-a9dd-4155-9435-84a0157dac98	16	35526596	55762682	6602	0.1592
e0871617-a9dd-4155-9435-84a0157dac98	16	55764310	55764867	3	2.8752
e0871617-a9dd-4155-9435-84a0157dac98	16	55770436	78337711	14297	0.149
e0871617-a9dd-4155-9435-84a0157dac98	16	78338543	78350841	16	-2.3577
e0871617-a9dd-4155-9435-84a0157dac98	16	78350868	83760390	6124	0.1475
e0871617-a9dd-4155-9435-84a0157dac98	16	83760392	83760401	2	-1.6687
e0871617-a9dd-4155-9435-84a0157dac98	16	83760419	84001464	215	0.1698
e0871617-a9dd-4155-9435-84a0157dac98	16	84001509	85047242	928	0.1039
e0871617-a9dd-4155-9435-84a0157dac98	16	85047566	86750040	1571	0.1766
e0871617-a9dd-4155-9435-84a0157dac98	16	86750292	86762713	17	-0.8081
e0871617-a9dd-4155-9435-84a0157dac98	16	86766068	88546604	1100	0.1626
e0871617-a9dd-4155-9435-84a0157dac98	16	88560193	89809344	512	0.0695
e0871617-a9dd-4155-9435-84a0157dac98	16	89818094	89820155	4	-0.9025
e0871617-a9dd-4155-9435-84a0157dac98	16	89822103	90096867	152	0.0734
e0871617-a9dd-4155-9435-84a0157dac98	17	150733	16729340	10450	-0.5387
e0871617-a9dd-4155-9435-84a0157dac98	17	16749820	16838470	17	0.1434
e0871617-a9dd-4155-9435-84a0157dac98	17	16853833	17555953	442	-0.526
e0871617-a9dd-4155-9435-84a0157dac98	17	17556101	17569299	9	-1.0632
e0871617-a9dd-4155-9435-84a0157dac98	17	17569719	17722187	84	-0.5764
e0871617-a9dd-4155-9435-84a0157dac98	17	17725971	17730618	3	-1.365
e0871617-a9dd-4155-9435-84a0157dac98	17	17734636	18107222	184	-0.4896
e0871617-a9dd-4155-9435-84a0157dac98	17	18108436	18123666	11	-1.2143
e0871617-a9dd-4155-9435-84a0157dac98	17	18123679	18414080	171	-0.5093
e0871617-a9dd-4155-9435-84a0157dac98	17	18452078	18561272	26	-1.7634
e0871617-a9dd-4155-9435-84a0157dac98	17	18561907	27077023	1536	-0.4855
e0871617-a9dd-4155-9435-84a0157dac98	17	27077635	41265456	7861	0.1469
e0871617-a9dd-4155-9435-84a0157dac98	17	41266762	41284649	41	0.4617
e0871617-a9dd-4155-9435-84a0157dac98	17	41284704	46085732	2482	0.1433
e0871617-a9dd-4155-9435-84a0157dac98	17	46088437	46206010	97	0.5458
e0871617-a9dd-4155-9435-84a0157dac98	17	46208674	46286804	27	0.188
e0871617-a9dd-4155-9435-84a0157dac98	17	46323701	46446360	4	-1.1819
e0871617-a9dd-4155-9435-84a0157dac98	17	46569894	52889268	3582	0.15
e0871617-a9dd-4155-9435-84a0157dac98	17	52889459	53215238	205	0.2757
e0871617-a9dd-4155-9435-84a0157dac98	17	53217344	57610128	3217	0.154
e0871617-a9dd-4155-9435-84a0157dac98	17	57610972	57611632	2	-1.077
e0871617-a9dd-4155-9435-84a0157dac98	17	57614632	70581791	7226	0.1441
e0871617-a9dd-4155-9435-84a0157dac98	17	70584869	73838033	2589	0.1866
e0871617-a9dd-4155-9435-84a0157dac98	17	73838553	79365779	3134	0.1217
e0871617-a9dd-4155-9435-84a0157dac98	17	79367431	79393019	20	0.6457
e0871617-a9dd-4155-9435-84a0157dac98	17	79404541	83091923	1602	0.1427
e0871617-a9dd-4155-9435-84a0157dac98	18	48133	14660483	10188	-0.1271
e0871617-a9dd-4155-9435-84a0157dac98	18	14661644	21109786	281	0.0059
e0871617-a9dd-4155-9435-84a0157dac98	18	21114061	27600749	3929	-0.1172
e0871617-a9dd-4155-9435-84a0157dac98	18	27603389	29417948	1140	-0.9856
e0871617-a9dd-4155-9435-84a0157dac98	18	29419922	36688034	4691	-0.107
e0871617-a9dd-4155-9435-84a0157dac98	18	36688800	73846047	25709	-0.9779
e0871617-a9dd-4155-9435-84a0157dac98	18	73848579	74446118	514	-1.1345
e0871617-a9dd-4155-9435-84a0157dac98	18	74446263	74446495	2	-5.0706
e0871617-a9dd-4155-9435-84a0157dac98	18	74448312	78903872	3347	-1.078
e0871617-a9dd-4155-9435-84a0157dac98	18	78904040	78904863	2	-4.0956
e0871617-a9dd-4155-9435-84a0157dac98	18	78906449	80257174	697	-1.0615
e0871617-a9dd-4155-9435-84a0157dac98	19	90910	12581187	5039	0.0527
e0871617-a9dd-4155-9435-84a0157dac98	19	12586552	12587288	2	-1.3494
e0871617-a9dd-4155-9435-84a0157dac98	19	12589709	19828616	3515	0.0571
e0871617-a9dd-4155-9435-84a0157dac98	19	19829788	20413400	368	0.1457
e0871617-a9dd-4155-9435-84a0157dac98	19	20415637	20528957	63	-0.658
e0871617-a9dd-4155-9435-84a0157dac98	19	20533360	20563384	23	0.0055
e0871617-a9dd-4155-9435-84a0157dac98	19	20576271	20577052	2	-1.5535
e0871617-a9dd-4155-9435-84a0157dac98	19	20582324	35358420	7695	0.0919
e0871617-a9dd-4155-9435-84a0157dac98	19	35364451	35370946	21	-0.669
e0871617-a9dd-4155-9435-84a0157dac98	19	35375842	42939470	3746	0.0681
e0871617-a9dd-4155-9435-84a0157dac98	19	42939918	43263109	145	0.2504
e0871617-a9dd-4155-9435-84a0157dac98	19	43265681	53013829	5096	0.0696
e0871617-a9dd-4155-9435-84a0157dac98	19	53015494	53048976	22	0.447
e0871617-a9dd-4155-9435-84a0157dac98	19	53050987	53764821	549	0.0758
e0871617-a9dd-4155-9435-84a0157dac98	19	53764887	53784549	9	-0.5048
e0871617-a9dd-4155-9435-84a0157dac98	19	53785188	54215083	211	0.047
e0871617-a9dd-4155-9435-84a0157dac98	19	54215099	54249657	21	0.49
e0871617-a9dd-4155-9435-84a0157dac98	19	54249685	55771003	741	0.0552
e0871617-a9dd-4155-9435-84a0157dac98	19	55771169	55771701	3	-2.938
e0871617-a9dd-4155-9435-84a0157dac98	19	55774927	58586487	1838	0.0665
e0871617-a9dd-4155-9435-84a0157dac98	20	80664	1571811	1183	0.1469
e0871617-a9dd-4155-9435-84a0157dac98	20	1576544	1590091	30	-0.4789
e0871617-a9dd-4155-9435-84a0157dac98	20	1590106	1601561	27	-0.04
e0871617-a9dd-4155-9435-84a0157dac98	20	1609611	1613247	5	2.1732
e0871617-a9dd-4155-9435-84a0157dac98	20	1617300	5905043	3113	0.1434
e0871617-a9dd-4155-9435-84a0157dac98	20	5905543	23009713	13519	0.18
e0871617-a9dd-4155-9435-84a0157dac98	20	23010478	32658860	2843	0.1616
e0871617-a9dd-4155-9435-84a0157dac98	20	32659276	37585513	2478	0.1222
e0871617-a9dd-4155-9435-84a0157dac98	20	37589346	64324800	19186	0.1596
e0871617-a9dd-4155-9435-84a0157dac98	21	10354168	27072333	10025	0.3367
e0871617-a9dd-4155-9435-84a0157dac98	21	27079051	27085616	10	-1.0385
e0871617-a9dd-4155-9435-84a0157dac98	21	27087592	36502193	6648	0.3249
e0871617-a9dd-4155-9435-84a0157dac98	21	36502245	42835078	5299	0.3537
e0871617-a9dd-4155-9435-84a0157dac98	21	42844412	46677045	1890	0.3065
e0871617-a9dd-4155-9435-84a0157dac98	22	15294547	19495221	1486	-0.139
e0871617-a9dd-4155-9435-84a0157dac98	22	19495376	20752414	809	-0.2379
e0871617-a9dd-4155-9435-84a0157dac98	22	20752442	25265731	2917	-0.1396
e0871617-a9dd-4155-9435-84a0157dac98	22	25268018	25522742	285	0.5612
e0871617-a9dd-4155-9435-84a0157dac98	22	25526375	40397256	10458	-0.1452
e0871617-a9dd-4155-9435-84a0157dac98	22	40398586	40398816	2	-3.163
e0871617-a9dd-4155-9435-84a0157dac98	22	40401668	41973091	909	-0.1848
e0871617-a9dd-4155-9435-84a0157dac98	22	41975550	42536412	296	-0.9998
e0871617-a9dd-4155-9435-84a0157dac98	22	42538456	45507343	2202	-0.1582
e0871617-a9dd-4155-9435-84a0157dac98	22	45507977	45508114	2	-1.7468
e0871617-a9dd-4155-9435-84a0157dac98	22	45510227	48670096	2488	-0.1416
e0871617-a9dd-4155-9435-84a0157dac98	22	48670814	48681058	9	-0.7684
e0871617-a9dd-4155-9435-84a0157dac98	22	48681330	48848072	158	-0.1368
e0871617-a9dd-4155-9435-84a0157dac98	22	48856139	50796027	1242	-0.2424
e0871617-a9dd-4155-9435-84a0157dac98	X	251810	2748312	94	0.3898
e0871617-a9dd-4155-9435-84a0157dac98	X	2785350	10998855	6120	-0.0353
e0871617-a9dd-4155-9435-84a0157dac98	X	11007715	11063366	26	-1.7938
e0871617-a9dd-4155-9435-84a0157dac98	X	11066262	32543941	13812	-0.0008
e0871617-a9dd-4155-9435-84a0157dac98	X	32544496	32544696	2	-2.1818
e0871617-a9dd-4155-9435-84a0157dac98	X	32544727	33192085	522	-0.0126
e0871617-a9dd-4155-9435-84a0157dac98	X	33192105	89834525	25862	0.0262
e0871617-a9dd-4155-9435-84a0157dac98	X	89843727	91308999	493	0.1737
e0871617-a9dd-4155-9435-84a0157dac98	X	91309030	133169623	22964	0.0181
e0871617-a9dd-4155-9435-84a0157dac98	X	133171842	152849208	12204	-0.0105
e0871617-a9dd-4155-9435-84a0157dac98	X	152849443	153037475	167	-0.2455
e0871617-a9dd-4155-9435-84a0157dac98	X	153042014	154839780	763	-0.0604
e0871617-a9dd-4155-9435-84a0157dac98	X	154839980	155952689	364	0.0974
e0871617-a9dd-4155-9435-84a0157dac98	Y	2782397	56872112	6635	-2.0985
