GDC_Aliquot	Chromosome	Start	End	Copy_Number	Major_Copy_Number	Minor_Copy_Number
24aca1de-2850-4c0b-865d-7fdf29a30a37	chr1	61735	248930189	2	1	1
24aca1de-2850-4c0b-865d-7fdf29a30a37	chr2	12784	77778458	2	1	1
24aca1de-2850-4c0b-865d-7fdf29a30a37	chr2	77786961	77953604	1	1	0
24aca1de-2850-4c0b-865d-7fdf29a30a37	chr2	77961271	242147305	2	1	1
24aca1de-2850-4c0b-865d-7fdf29a30a37	chr3	18667	59715181	2	1	1
24aca1de-2850-4c0b-865d-7fdf29a30a37	chr3	59715251	60265359	1	1	0
24aca1de-2850-4c0b-865d-7fdf29a30a37	chr3	60267633	60680763	2	1	1
24aca1de-2850-4c0b-865d-7fdf29a30a37	chr3	60680879	61112491	1	1	0
24aca1de-2850-4c0b-865d-7fdf29a30a37	chr3	61114376	133142725	2	1	1
24aca1de-2850-4c0b-865d-7fdf29a30a37	chr3	133143404	137939288	1	1	0
24aca1de-2850-4c0b-865d-7fdf29a30a37	chr3	137940131	174472797	2	1	1
24aca1de-2850-4c0b-865d-7fdf29a30a37	chr3	174485712	174526753	0	0	0
24aca1de-2850-4c0b-865d-7fdf29a30a37	chr3	174531339	174611519	1	1	0
24aca1de-2850-4c0b-865d-7fdf29a30a37	chr3	174611559	198169247	2	1	1
24aca1de-2850-4c0b-865d-7fdf29a30a37	chr4	12281	56958974	2	1	1
24aca1de-2850-4c0b-865d-7fdf29a30a37	chr4	56959024	57089686	3	2	1
24aca1de-2850-4c0b-865d-7fdf29a30a37	chr4	57090331	190106768	2	1	1
24aca1de-2850-4c0b-865d-7fdf29a30a37	chr5	15532	181363319	2	1	1
24aca1de-2850-4c0b-865d-7fdf29a30a37	chr6	149661	46998049	2	2	0
24aca1de-2850-4c0b-865d-7fdf29a30a37	chr6	46998198	170741917	2	1	1
24aca1de-2850-4c0b-865d-7fdf29a30a37	chr7	43259	114298905	2	2	0
24aca1de-2850-4c0b-865d-7fdf29a30a37	chr7	114302940	114437779	1	1	0
24aca1de-2850-4c0b-865d-7fdf29a30a37	chr7	114438814	159334314	2	2	0
24aca1de-2850-4c0b-865d-7fdf29a30a37	chr8	81254	145072769	2	2	0
24aca1de-2850-4c0b-865d-7fdf29a30a37	chr9	46587	138200944	2	1	1
24aca1de-2850-4c0b-865d-7fdf29a30a37	chr10	26823	18576029	2	1	1
24aca1de-2850-4c0b-865d-7fdf29a30a37	chr10	18577939	18706434	1	1	0
24aca1de-2850-4c0b-865d-7fdf29a30a37	chr10	18707704	80900817	2	1	1
24aca1de-2850-4c0b-865d-7fdf29a30a37	chr10	80902199	103501238	1	1	0
24aca1de-2850-4c0b-865d-7fdf29a30a37	chr10	103507755	133769379	2	1	1
24aca1de-2850-4c0b-865d-7fdf29a30a37	chr11	198572	135074876	2	1	1
24aca1de-2850-4c0b-865d-7fdf29a30a37	chr12	51460	133201603	2	2	0
24aca1de-2850-4c0b-865d-7fdf29a30a37	chr13	18452809	114342922	4	2	2
24aca1de-2850-4c0b-865d-7fdf29a30a37	chr14	18225647	106877229	1	1	0
24aca1de-2850-4c0b-865d-7fdf29a30a37	chr15	19811075	101928837	2	1	1
24aca1de-2850-4c0b-865d-7fdf29a30a37	chr16	10777	29641167	2	1	1
24aca1de-2850-4c0b-865d-7fdf29a30a37	chr16	29642431	78722237	3	2	1
24aca1de-2850-4c0b-865d-7fdf29a30a37	chr16	78722431	78835219	2	1	1
24aca1de-2850-4c0b-865d-7fdf29a30a37	chr16	78835563	90221127	3	2	1
24aca1de-2850-4c0b-865d-7fdf29a30a37	chr17	150733	22728509	1	1	0
24aca1de-2850-4c0b-865d-7fdf29a30a37	chr17	22728514	55783072	3	2	1
24aca1de-2850-4c0b-865d-7fdf29a30a37	chr17	55783469	69572799	2	2	0
24aca1de-2850-4c0b-865d-7fdf29a30a37	chr17	69579977	83090856	3	2	1
24aca1de-2850-4c0b-865d-7fdf29a30a37	chr18	48133	80257174	1	1	0
24aca1de-2850-4c0b-865d-7fdf29a30a37	chr19	90910	58586487	2	1	1
24aca1de-2850-4c0b-865d-7fdf29a30a37	chr20	80664	14517463	2	1	1
24aca1de-2850-4c0b-865d-7fdf29a30a37	chr20	14517891	14613221	1	1	0
24aca1de-2850-4c0b-865d-7fdf29a30a37	chr20	14614485	14882901	2	1	1
24aca1de-2850-4c0b-865d-7fdf29a30a37	chr20	14883586	15057252	0	0	0
24aca1de-2850-4c0b-865d-7fdf29a30a37	chr20	15058955	15120818	1	1	0
24aca1de-2850-4c0b-865d-7fdf29a30a37	chr20	15120834	24728148	2	1	1
24aca1de-2850-4c0b-865d-7fdf29a30a37	chr20	24731446	30417073	3	2	1
24aca1de-2850-4c0b-865d-7fdf29a30a37	chr20	31247246	32222364	6	5	1
24aca1de-2850-4c0b-865d-7fdf29a30a37	chr20	32224891	37771178	4	3	1
24aca1de-2850-4c0b-865d-7fdf29a30a37	chr20	37773265	38849308	6	5	1
24aca1de-2850-4c0b-865d-7fdf29a30a37	chr20	38851669	45323784	4	3	1
24aca1de-2850-4c0b-865d-7fdf29a30a37	chr20	45324237	46274335	6	5	1
24aca1de-2850-4c0b-865d-7fdf29a30a37	chr20	46275524	52645076	4	3	1
24aca1de-2850-4c0b-865d-7fdf29a30a37	chr20	52645136	52965533	6	5	1
24aca1de-2850-4c0b-865d-7fdf29a30a37	chr20	52965868	53733353	4	3	1
24aca1de-2850-4c0b-865d-7fdf29a30a37	chr20	53733521	54689937	6	5	1
24aca1de-2850-4c0b-865d-7fdf29a30a37	chr20	54691925	64324800	4	3	1
24aca1de-2850-4c0b-865d-7fdf29a30a37	chr21	10336543	46677045	2	1	1
24aca1de-2850-4c0b-865d-7fdf29a30a37	chr22	15294545	50796027	2	1	1
24aca1de-2850-4c0b-865d-7fdf29a30a37	chrX	251810	587305	1	1	0
24aca1de-2850-4c0b-865d-7fdf29a30a37	chrX	592335	2776199	4	2	2
24aca1de-2850-4c0b-865d-7fdf29a30a37	chrX	2785350	155683544	2	2	0
24aca1de-2850-4c0b-865d-7fdf29a30a37	chrX	155686314	156004181	3	2	1
