GDC_Aliquot	Chromosome	Start	End	Num_Probes	Segment_Mean
afb71bd3-d291-403b-be12-5e5a435e3809	1	3301765	3698012	184	-0.0727
afb71bd3-d291-403b-be12-5e5a435e3809	1	3698042	5886096	1656	-0.15
afb71bd3-d291-403b-be12-5e5a435e3809	1	5886308	54502217	25549	-0.0895
afb71bd3-d291-403b-be12-5e5a435e3809	1	54502821	80990345	17156	-0.0377
afb71bd3-d291-403b-be12-5e5a435e3809	1	80990894	80995612	2	-1.7764
afb71bd3-d291-403b-be12-5e5a435e3809	1	80995933	83752308	1701	-0.0679
afb71bd3-d291-403b-be12-5e5a435e3809	1	83752496	152421392	22940	-0.0192
afb71bd3-d291-403b-be12-5e5a435e3809	1	152423239	166521900	8932	-0.0525
afb71bd3-d291-403b-be12-5e5a435e3809	1	166522092	173361238	4795	-0.0079
afb71bd3-d291-403b-be12-5e5a435e3809	1	173362368	183015462	5818	-0.0461
afb71bd3-d291-403b-be12-5e5a435e3809	1	183017926	198939447	9447	-0.0093
afb71bd3-d291-403b-be12-5e5a435e3809	1	198942559	247650984	31582	-0.046
afb71bd3-d291-403b-be12-5e5a435e3809	2	480597	2528387	613	-0.1178
afb71bd3-d291-403b-be12-5e5a435e3809	2	2529212	2529716	3	-2.4851
afb71bd3-d291-403b-be12-5e5a435e3809	2	2529761	7770650	3815	-0.0793
afb71bd3-d291-403b-be12-5e5a435e3809	2	7770912	115503505	56733	-0.0387
afb71bd3-d291-403b-be12-5e5a435e3809	2	115503567	146894282	16202	-0.0634
afb71bd3-d291-403b-be12-5e5a435e3809	2	146896066	151742715	2925	-0.0109
afb71bd3-d291-403b-be12-5e5a435e3809	2	151743102	155259429	2052	-0.0545
afb71bd3-d291-403b-be12-5e5a435e3809	2	155260614	166615366	6448	0.0054
afb71bd3-d291-403b-be12-5e5a435e3809	2	166615984	166616233	2	-3.005
afb71bd3-d291-403b-be12-5e5a435e3809	2	166617915	197891107	17067	-0.0061
afb71bd3-d291-403b-be12-5e5a435e3809	2	197893977	197896617	3	-1.8179
afb71bd3-d291-403b-be12-5e5a435e3809	2	197897818	198026343	58	0.0542
afb71bd3-d291-403b-be12-5e5a435e3809	2	198029788	198030369	2	-1.7214
afb71bd3-d291-403b-be12-5e5a435e3809	2	198033415	206576864	4956	-0.0078
afb71bd3-d291-403b-be12-5e5a435e3809	2	206576965	208335062	1034	-0.0466
afb71bd3-d291-403b-be12-5e5a435e3809	2	208335207	208335221	2	-1.877
afb71bd3-d291-403b-be12-5e5a435e3809	2	208338541	221830597	8390	-0.0655
afb71bd3-d291-403b-be12-5e5a435e3809	2	221830626	229505804	4954	-0.0141
afb71bd3-d291-403b-be12-5e5a435e3809	2	229507598	241537572	6907	-0.0901
afb71bd3-d291-403b-be12-5e5a435e3809	3	2170634	12715608	6364	-0.5543
afb71bd3-d291-403b-be12-5e5a435e3809	3	12723891	13541076	520	-0.6753
afb71bd3-d291-403b-be12-5e5a435e3809	3	13541398	13542028	2	-3.4758
afb71bd3-d291-403b-be12-5e5a435e3809	3	13543813	20535981	4140	-0.5609
afb71bd3-d291-403b-be12-5e5a435e3809	3	20537098	25216159	2588	-0.5134
afb71bd3-d291-403b-be12-5e5a435e3809	3	25217774	25218532	3	-2.5135
afb71bd3-d291-403b-be12-5e5a435e3809	3	25219756	36783648	7121	-0.5112
afb71bd3-d291-403b-be12-5e5a435e3809	3	36783682	74272544	22529	-0.5536
afb71bd3-d291-403b-be12-5e5a435e3809	3	74274147	113111505	18365	-0.4956
afb71bd3-d291-403b-be12-5e5a435e3809	3	113113587	122811607	5685	-0.5236
afb71bd3-d291-403b-be12-5e5a435e3809	3	122811722	126377204	2242	-0.5708
afb71bd3-d291-403b-be12-5e5a435e3809	3	126379006	126380769	3	-2.7338
afb71bd3-d291-403b-be12-5e5a435e3809	3	126380822	140852583	8275	-0.5659
afb71bd3-d291-403b-be12-5e5a435e3809	3	140856899	197812401	29199	-0.5161
afb71bd3-d291-403b-be12-5e5a435e3809	4	1059384	11060573	5448	-0.0892
afb71bd3-d291-403b-be12-5e5a435e3809	4	11067498	12997543	1423	0.0048
afb71bd3-d291-403b-be12-5e5a435e3809	4	12997613	22775568	6756	-0.0627
afb71bd3-d291-403b-be12-5e5a435e3809	4	22775635	67766745	24082	-0.0311
afb71bd3-d291-403b-be12-5e5a435e3809	4	67769303	111291050	24326	-0.0025
afb71bd3-d291-403b-be12-5e5a435e3809	4	111291686	111295645	2	-2.6307
afb71bd3-d291-403b-be12-5e5a435e3809	4	111296654	124802734	7689	0.0055
afb71bd3-d291-403b-be12-5e5a435e3809	4	124803327	158455850	18309	-0.0248
afb71bd3-d291-403b-be12-5e5a435e3809	4	158455985	158675594	117	-0.0721
afb71bd3-d291-403b-be12-5e5a435e3809	4	158681817	158690156	5	-0.7388
afb71bd3-d291-403b-be12-5e5a435e3809	4	158695056	158725683	19	-0.0311
afb71bd3-d291-403b-be12-5e5a435e3809	4	158734618	159171195	247	-0.5118
afb71bd3-d291-403b-be12-5e5a435e3809	4	159174242	187842528	15082	-0.0338
afb71bd3-d291-403b-be12-5e5a435e3809	5	914118	6556261	4039	-0.1288
afb71bd3-d291-403b-be12-5e5a435e3809	5	6556592	12250424	4095	-0.066
afb71bd3-d291-403b-be12-5e5a435e3809	5	12250507	12544977	150	-0.1393
afb71bd3-d291-403b-be12-5e5a435e3809	5	12547681	38806541	14295	-0.0482
afb71bd3-d291-403b-be12-5e5a435e3809	5	38807021	105392105	32655	-0.0149
afb71bd3-d291-403b-be12-5e5a435e3809	5	105392711	114883217	5869	-0.0482
afb71bd3-d291-403b-be12-5e5a435e3809	5	114884158	152964026	22719	-0.0164
afb71bd3-d291-403b-be12-5e5a435e3809	5	152964383	177465510	15707	-0.0385
afb71bd3-d291-403b-be12-5e5a435e3809	5	177471618	180934240	1593	-0.0926
afb71bd3-d291-403b-be12-5e5a435e3809	6	1011760	9086080	5955	-0.5627
afb71bd3-d291-403b-be12-5e5a435e3809	6	9086125	9087751	2	-3.3831
afb71bd3-d291-403b-be12-5e5a435e3809	6	9087834	37824120	16087	-0.5636
afb71bd3-d291-403b-be12-5e5a435e3809	6	37829536	37977218	73	2.6141
afb71bd3-d291-403b-be12-5e5a435e3809	6	37979871	38025623	30	-0.4458
afb71bd3-d291-403b-be12-5e5a435e3809	6	38037321	38706046	463	2.5034
afb71bd3-d291-403b-be12-5e5a435e3809	6	38710943	40760383	1630	2.2536
afb71bd3-d291-403b-be12-5e5a435e3809	6	40760401	41512390	495	2.4123
afb71bd3-d291-403b-be12-5e5a435e3809	6	41512445	43070457	856	2.2481
afb71bd3-d291-403b-be12-5e5a435e3809	6	43070853	43071189	5	0.8047
afb71bd3-d291-403b-be12-5e5a435e3809	6	43071350	44585225	847	2.3116
afb71bd3-d291-403b-be12-5e5a435e3809	6	44604353	45728529	579	1.3871
afb71bd3-d291-403b-be12-5e5a435e3809	6	45729803	45979730	222	1.1531
afb71bd3-d291-403b-be12-5e5a435e3809	6	45980842	46423168	194	1.4987
afb71bd3-d291-403b-be12-5e5a435e3809	6	46427639	47445812	746	0.7027
afb71bd3-d291-403b-be12-5e5a435e3809	6	47446660	47462733	15	1.2437
afb71bd3-d291-403b-be12-5e5a435e3809	6	47464384	48961930	831	0.6915
afb71bd3-d291-403b-be12-5e5a435e3809	6	48962816	51953792	1691	-0.0387
afb71bd3-d291-403b-be12-5e5a435e3809	6	51957609	56921462	3192	0.023
afb71bd3-d291-403b-be12-5e5a435e3809	6	56924513	126247635	36315	-0.024
afb71bd3-d291-403b-be12-5e5a435e3809	6	126252104	134375877	5182	0.0165
afb71bd3-d291-403b-be12-5e5a435e3809	6	134376239	134376302	2	-1.6247
afb71bd3-d291-403b-be12-5e5a435e3809	6	134376858	138382106	2714	0.0197
afb71bd3-d291-403b-be12-5e5a435e3809	6	138393482	160808546	14183	-0.0252
afb71bd3-d291-403b-be12-5e5a435e3809	6	160812149	166323094	3379	-0.0841
afb71bd3-d291-403b-be12-5e5a435e3809	6	166324492	170596889	1440	-0.0383
afb71bd3-d291-403b-be12-5e5a435e3809	7	664936	6736846	2304	0.3195
afb71bd3-d291-403b-be12-5e5a435e3809	7	6737427	15978487	5473	0.3934
afb71bd3-d291-403b-be12-5e5a435e3809	7	15978882	17846425	779	0.4679
afb71bd3-d291-403b-be12-5e5a435e3809	7	17849028	21148850	1771	0.4086
afb71bd3-d291-403b-be12-5e5a435e3809	7	21149107	22054037	627	0.3177
afb71bd3-d291-403b-be12-5e5a435e3809	7	22054186	37132497	10137	0.3964
afb71bd3-d291-403b-be12-5e5a435e3809	7	37132697	40084535	1928	0.3756
afb71bd3-d291-403b-be12-5e5a435e3809	7	40084538	42665556	1729	0.3198
afb71bd3-d291-403b-be12-5e5a435e3809	7	42667203	55669446	8451	0.3721
afb71bd3-d291-403b-be12-5e5a435e3809	7	55669924	67811391	1646	0.2807
afb71bd3-d291-403b-be12-5e5a435e3809	7	67814201	69623001	1143	0.2177
afb71bd3-d291-403b-be12-5e5a435e3809	7	69624965	76378474	2602	0.2891
afb71bd3-d291-403b-be12-5e5a435e3809	7	76378492	97683137	11357	0.3819
afb71bd3-d291-403b-be12-5e5a435e3809	7	97683399	103484309	2164	0.3253
afb71bd3-d291-403b-be12-5e5a435e3809	7	103487818	115803602	6630	0.3847
afb71bd3-d291-403b-be12-5e5a435e3809	7	115805854	119042202	1929	0.4435
afb71bd3-d291-403b-be12-5e5a435e3809	7	119044231	131471005	6595	0.3767
afb71bd3-d291-403b-be12-5e5a435e3809	7	131471468	134780643	2082	0.3207
afb71bd3-d291-403b-be12-5e5a435e3809	7	134783257	135491920	483	0.3998
afb71bd3-d291-403b-be12-5e5a435e3809	7	135491990	135508429	2	-1.4983
afb71bd3-d291-403b-be12-5e5a435e3809	7	135508584	158592540	12140	0.3628
afb71bd3-d291-403b-be12-5e5a435e3809	8	667625	43080575	25091	-0.0664
afb71bd3-d291-403b-be12-5e5a435e3809	8	46547532	52084519	2784	0.6146
afb71bd3-d291-403b-be12-5e5a435e3809	8	52084535	52452180	280	0.745
afb71bd3-d291-403b-be12-5e5a435e3809	8	52452684	52462668	5	-0.9546
afb71bd3-d291-403b-be12-5e5a435e3809	8	52463174	58120833	3319	0.6078
afb71bd3-d291-403b-be12-5e5a435e3809	8	58125596	60656877	1606	0.6511
afb71bd3-d291-403b-be12-5e5a435e3809	8	60662433	60663969	2	-1.239
afb71bd3-d291-403b-be12-5e5a435e3809	8	60664239	70042037	5477	0.6298
afb71bd3-d291-403b-be12-5e5a435e3809	8	70042119	70042599	5	-0.5744
afb71bd3-d291-403b-be12-5e5a435e3809	8	70048926	98186702	16097	0.6419
afb71bd3-d291-403b-be12-5e5a435e3809	8	98186838	103950070	3230	0.681
afb71bd3-d291-403b-be12-5e5a435e3809	8	103950910	109285419	2839	0.616
afb71bd3-d291-403b-be12-5e5a435e3809	8	109287517	109411748	57	0.9678
afb71bd3-d291-403b-be12-5e5a435e3809	8	109414063	133922657	15876	0.6481
afb71bd3-d291-403b-be12-5e5a435e3809	8	133923143	144182542	5579	0.6
afb71bd3-d291-403b-be12-5e5a435e3809	9	789794	29768210	18268	-0.1347
afb71bd3-d291-403b-be12-5e5a435e3809	9	29768511	33902077	2455	-0.02
afb71bd3-d291-403b-be12-5e5a435e3809	9	33903186	68423153	2878	-0.0988
afb71bd3-d291-403b-be12-5e5a435e3809	9	68424128	70952866	1919	0.6207
afb71bd3-d291-403b-be12-5e5a435e3809	9	70953051	78056184	4837	0.6582
afb71bd3-d291-403b-be12-5e5a435e3809	9	78060562	82529349	3047	0.5516
afb71bd3-d291-403b-be12-5e5a435e3809	9	82539701	83478835	742	0.626
afb71bd3-d291-403b-be12-5e5a435e3809	9	83479484	83479957	2	-0.8112
afb71bd3-d291-403b-be12-5e5a435e3809	9	83484133	85341607	1374	0.606
afb71bd3-d291-403b-be12-5e5a435e3809	9	85343194	87340181	1287	0.5632
afb71bd3-d291-403b-be12-5e5a435e3809	9	87341184	88974525	1132	0.5057
afb71bd3-d291-403b-be12-5e5a435e3809	9	88976653	107534405	11568	0.5972
afb71bd3-d291-403b-be12-5e5a435e3809	9	107534848	108793439	1119	0.6518
afb71bd3-d291-403b-be12-5e5a435e3809	9	108798035	108798165	2	-0.9783
afb71bd3-d291-403b-be12-5e5a435e3809	9	108799186	115279666	4512	0.6315
afb71bd3-d291-403b-be12-5e5a435e3809	9	115279857	116409511	692	0.5783
afb71bd3-d291-403b-be12-5e5a435e3809	9	116410565	119530887	2433	0.531
afb71bd3-d291-403b-be12-5e5a435e3809	9	119530903	125593893	3842	0.6043
afb71bd3-d291-403b-be12-5e5a435e3809	9	125597300	125602622	6	-1.432
afb71bd3-d291-403b-be12-5e5a435e3809	9	125606465	138044505	6381	0.5745
afb71bd3-d291-403b-be12-5e5a435e3809	10	366509	3310236	1539	-0.0764
afb71bd3-d291-403b-be12-5e5a435e3809	10	3326489	6150848	2233	0.0003
afb71bd3-d291-403b-be12-5e5a435e3809	10	6152513	17636486	8908	-0.0677
afb71bd3-d291-403b-be12-5e5a435e3809	10	17637544	18619605	655	-0.0372
afb71bd3-d291-403b-be12-5e5a435e3809	10	18622098	19335976	445	0.0638
afb71bd3-d291-403b-be12-5e5a435e3809	10	19336993	23745338	2892	-0.0339
afb71bd3-d291-403b-be12-5e5a435e3809	10	23749357	23749445	2	-1.7499
afb71bd3-d291-403b-be12-5e5a435e3809	10	23749881	35039328	7558	-0.0276
afb71bd3-d291-403b-be12-5e5a435e3809	10	35039506	49620269	5369	-0.0803
afb71bd3-d291-403b-be12-5e5a435e3809	10	49624231	57333572	3966	-0.0264
afb71bd3-d291-403b-be12-5e5a435e3809	10	57333872	62636282	3700	0.0107
afb71bd3-d291-403b-be12-5e5a435e3809	10	62637030	87681154	15090	-0.0615
afb71bd3-d291-403b-be12-5e5a435e3809	10	87682693	89638692	1462	0.0346
afb71bd3-d291-403b-be12-5e5a435e3809	10	89638727	89662872	22	-0.2302
afb71bd3-d291-403b-be12-5e5a435e3809	10	89663111	109158832	11592	-0.049
afb71bd3-d291-403b-be12-5e5a435e3809	10	109159438	115727400	4389	-0.0154
afb71bd3-d291-403b-be12-5e5a435e3809	10	115728351	129494642	10102	-0.0597
afb71bd3-d291-403b-be12-5e5a435e3809	10	129494761	133411599	1376	-0.1386
afb71bd3-d291-403b-be12-5e5a435e3809	11	456012	9384476	4775	-0.0662
afb71bd3-d291-403b-be12-5e5a435e3809	11	9385764	15360455	4373	-0.0283
afb71bd3-d291-403b-be12-5e5a435e3809	11	15361293	16545158	780	0.0472
afb71bd3-d291-403b-be12-5e5a435e3809	11	16545376	26332404	6811	-0.05
afb71bd3-d291-403b-be12-5e5a435e3809	11	26339118	27832465	1039	0.019
afb71bd3-d291-403b-be12-5e5a435e3809	11	27833355	31250038	2022	-0.0571
afb71bd3-d291-403b-be12-5e5a435e3809	11	31254628	31256293	3	-1.54
afb71bd3-d291-403b-be12-5e5a435e3809	11	31260355	38432417	4353	-0.036
afb71bd3-d291-403b-be12-5e5a435e3809	11	38432519	80851695	18868	-0.0789
afb71bd3-d291-403b-be12-5e5a435e3809	11	80852173	87262146	3852	-0.0377
afb71bd3-d291-403b-be12-5e5a435e3809	11	87262395	94104041	3851	-0.0725
afb71bd3-d291-403b-be12-5e5a435e3809	11	94105535	111848826	11283	-0.0325
afb71bd3-d291-403b-be12-5e5a435e3809	11	111848870	122284434	7306	-0.0709
afb71bd3-d291-403b-be12-5e5a435e3809	11	122284962	123701237	1056	-0.1551
afb71bd3-d291-403b-be12-5e5a435e3809	11	123710774	127934952	3008	-0.0807
afb71bd3-d291-403b-be12-5e5a435e3809	11	127935640	129846104	1478	-0.0208
afb71bd3-d291-403b-be12-5e5a435e3809	11	129847000	134272740	2727	-0.0952
afb71bd3-d291-403b-be12-5e5a435e3809	12	780472	9599415	4761	-0.0481
afb71bd3-d291-403b-be12-5e5a435e3809	12	9601448	70145123	32979	-0.0211
afb71bd3-d291-403b-be12-5e5a435e3809	12	70145585	93428315	13774	0.0028
afb71bd3-d291-403b-be12-5e5a435e3809	12	93431294	107175947	9196	-0.0307
afb71bd3-d291-403b-be12-5e5a435e3809	12	107176974	127702276	12089	-0.0682
afb71bd3-d291-403b-be12-5e5a435e3809	12	127702330	132605822	1566	-0.1307
afb71bd3-d291-403b-be12-5e5a435e3809	13	18874255	24010642	2471	0.1511
afb71bd3-d291-403b-be12-5e5a435e3809	13	24011067	24110024	105	0.8826
afb71bd3-d291-403b-be12-5e5a435e3809	13	24110181	40984541	11550	0.1635
afb71bd3-d291-403b-be12-5e5a435e3809	13	40985222	51215030	5695	0.2061
afb71bd3-d291-403b-be12-5e5a435e3809	13	51215899	70009489	9151	0.1584
afb71bd3-d291-403b-be12-5e5a435e3809	13	70009658	80919830	7159	0.2089
afb71bd3-d291-403b-be12-5e5a435e3809	13	80919860	91513310	5950	0.1612
afb71bd3-d291-403b-be12-5e5a435e3809	13	91514107	91577530	47	0.7991
afb71bd3-d291-403b-be12-5e5a435e3809	13	91580936	114226675	14878	0.1727
afb71bd3-d291-403b-be12-5e5a435e3809	14	20033191	34387040	7940	-0.0324
afb71bd3-d291-403b-be12-5e5a435e3809	14	34387210	47966618	6487	-0.0573
afb71bd3-d291-403b-be12-5e5a435e3809	14	47966860	71681330	14438	-0.0245
afb71bd3-d291-403b-be12-5e5a435e3809	14	71684180	73076609	1100	-0.0809
afb71bd3-d291-403b-be12-5e5a435e3809	14	73077682	73080036	3	-1.6589
afb71bd3-d291-403b-be12-5e5a435e3809	14	73080716	105533894	19834	-0.0614
afb71bd3-d291-403b-be12-5e5a435e3809	15	23437561	23563909	97	-0.0266
afb71bd3-d291-403b-be12-5e5a435e3809	15	23566770	30863318	2640	-0.1401
afb71bd3-d291-403b-be12-5e5a435e3809	15	30865395	75723561	26984	-0.015
afb71bd3-d291-403b-be12-5e5a435e3809	15	75724831	77867705	992	-0.5713
afb71bd3-d291-403b-be12-5e5a435e3809	15	77869961	86593262	4838	-0.0247
afb71bd3-d291-403b-be12-5e5a435e3809	15	86593363	88279443	1218	-0.0945
afb71bd3-d291-403b-be12-5e5a435e3809	15	88279535	101344124	8021	-0.0158
afb71bd3-d291-403b-be12-5e5a435e3809	16	603333	89317317	41217	-0.0797
afb71bd3-d291-403b-be12-5e5a435e3809	17	1074619	1337800	49	-0.0383
afb71bd3-d291-403b-be12-5e5a435e3809	17	1337877	2214701	355	0.3307
afb71bd3-d291-403b-be12-5e5a435e3809	17	2214716	4290637	1053	-0.0299
afb71bd3-d291-403b-be12-5e5a435e3809	17	4290949	5496542	490	0.1848
afb71bd3-d291-403b-be12-5e5a435e3809	17	5512846	26943774	7792	-0.2226
afb71bd3-d291-403b-be12-5e5a435e3809	17	26947350	29149696	1010	0.2319
afb71bd3-d291-403b-be12-5e5a435e3809	17	29150020	61466419	15586	0.0037
afb71bd3-d291-403b-be12-5e5a435e3809	17	61467414	66051258	2226	0.3678
afb71bd3-d291-403b-be12-5e5a435e3809	17	66052432	69875018	2249	0.016
afb71bd3-d291-403b-be12-5e5a435e3809	17	69878194	71816474	1528	0.0741
afb71bd3-d291-403b-be12-5e5a435e3809	17	71817563	71820661	2	1.5688
afb71bd3-d291-403b-be12-5e5a435e3809	17	71822130	72238631	315	0.0883
afb71bd3-d291-403b-be12-5e5a435e3809	17	72238941	74793770	1241	-0.0228
afb71bd3-d291-403b-be12-5e5a435e3809	17	74795932	74933206	67	0.2777
afb71bd3-d291-403b-be12-5e5a435e3809	17	74937020	79695611	2078	-0.0148
afb71bd3-d291-403b-be12-5e5a435e3809	17	79708813	82257710	898	0.3346
afb71bd3-d291-403b-be12-5e5a435e3809	17	82259505	82959812	347	-0.01
afb71bd3-d291-403b-be12-5e5a435e3809	18	326691	5632076	2799	-0.5411
afb71bd3-d291-403b-be12-5e5a435e3809	18	5632198	8852922	1983	-0.6136
afb71bd3-d291-403b-be12-5e5a435e3809	18	8854134	9913494	701	-0.5439
afb71bd3-d291-403b-be12-5e5a435e3809	18	9918028	28984427	7499	-0.0445
afb71bd3-d291-403b-be12-5e5a435e3809	18	28984455	33213749	2611	0.0163
afb71bd3-d291-403b-be12-5e5a435e3809	18	33220147	43664868	6234	-0.0436
afb71bd3-d291-403b-be12-5e5a435e3809	18	43664946	43665808	3	-1.5575
afb71bd3-d291-403b-be12-5e5a435e3809	18	43667287	53947590	6884	-0.0444
afb71bd3-d291-403b-be12-5e5a435e3809	18	53949560	59947183	3913	-0.5577
afb71bd3-d291-403b-be12-5e5a435e3809	18	59947859	73699619	6567	-0.5172
afb71bd3-d291-403b-be12-5e5a435e3809	18	73699797	79349796	3730	-0.5794
afb71bd3-d291-403b-be12-5e5a435e3809	19	283868	27749586	9065	0.2534
afb71bd3-d291-403b-be12-5e5a435e3809	19	27749601	31828836	3015	-0.1484
afb71bd3-d291-403b-be12-5e5a435e3809	19	31829018	36711451	2928	-0.096
afb71bd3-d291-403b-be12-5e5a435e3809	19	36712347	36712454	2	-1.9706
afb71bd3-d291-403b-be12-5e5a435e3809	19	36716505	50408869	5731	-0.0922
afb71bd3-d291-403b-be12-5e5a435e3809	19	50410704	58370362	3414	-0.1385
afb71bd3-d291-403b-be12-5e5a435e3809	20	472817	6955493	4073	0.4542
afb71bd3-d291-403b-be12-5e5a435e3809	20	7136070	14707123	4999	0.9838
afb71bd3-d291-403b-be12-5e5a435e3809	20	14709539	15446605	198	1.1361
afb71bd3-d291-403b-be12-5e5a435e3809	20	15447141	16662483	1162	1.2213
afb71bd3-d291-403b-be12-5e5a435e3809	20	16662561	18710637	1619	1.0981
afb71bd3-d291-403b-be12-5e5a435e3809	20	18710732	19780993	930	1.0456
afb71bd3-d291-403b-be12-5e5a435e3809	20	19781214	41730880	9772	0.8225
afb71bd3-d291-403b-be12-5e5a435e3809	20	41731384	41732656	7	-0.1096
afb71bd3-d291-403b-be12-5e5a435e3809	20	41732893	53046949	7504	0.8105
afb71bd3-d291-403b-be12-5e5a435e3809	20	53049440	53050295	2	-0.9796
afb71bd3-d291-403b-be12-5e5a435e3809	20	53052873	55005958	1473	0.8699
afb71bd3-d291-403b-be12-5e5a435e3809	20	55006142	57101803	1547	0.7721
afb71bd3-d291-403b-be12-5e5a435e3809	20	57101966	60422025	2553	0.8311
afb71bd3-d291-403b-be12-5e5a435e3809	20	60425271	60847563	316	0.5433
afb71bd3-d291-403b-be12-5e5a435e3809	20	60847790	61578836	556	0.7339
afb71bd3-d291-403b-be12-5e5a435e3809	20	61580068	63588502	860	0.8488
afb71bd3-d291-403b-be12-5e5a435e3809	21	13974127	14035713	10	-0.7011
afb71bd3-d291-403b-be12-5e5a435e3809	21	14036080	14239563	99	-0.0087
afb71bd3-d291-403b-be12-5e5a435e3809	21	14239999	15417775	862	-0.4951
afb71bd3-d291-403b-be12-5e5a435e3809	21	15417894	16110394	321	0.1036
afb71bd3-d291-403b-be12-5e5a435e3809	21	16110813	23874544	4652	-0.5151
afb71bd3-d291-403b-be12-5e5a435e3809	21	23874983	24519099	512	0.0253
afb71bd3-d291-403b-be12-5e5a435e3809	21	24521650	25805996	875	-0.5435
afb71bd3-d291-403b-be12-5e5a435e3809	21	25879390	27439100	1303	-0.001
afb71bd3-d291-403b-be12-5e5a435e3809	21	27439377	28792103	863	-0.5229
afb71bd3-d291-403b-be12-5e5a435e3809	21	28792568	28972620	134	0.0627
afb71bd3-d291-403b-be12-5e5a435e3809	21	28975668	29043257	32	-0.5479
afb71bd3-d291-403b-be12-5e5a435e3809	21	29044421	29062544	13	0.0397
afb71bd3-d291-403b-be12-5e5a435e3809	21	29065418	29229195	121	-0.5555
afb71bd3-d291-403b-be12-5e5a435e3809	21	29230335	30119264	638	0.0123
afb71bd3-d291-403b-be12-5e5a435e3809	21	30119680	30143328	20	-0.5475
afb71bd3-d291-403b-be12-5e5a435e3809	21	30152831	31363156	688	-0.007
afb71bd3-d291-403b-be12-5e5a435e3809	21	31363269	31382622	23	-0.6889
afb71bd3-d291-403b-be12-5e5a435e3809	21	31383591	31765318	233	-0.0389
afb71bd3-d291-403b-be12-5e5a435e3809	21	31767713	31786649	11	-0.7277
afb71bd3-d291-403b-be12-5e5a435e3809	21	31790742	31810427	23	-0.0283
afb71bd3-d291-403b-be12-5e5a435e3809	21	31814841	33128969	849	-0.5654
afb71bd3-d291-403b-be12-5e5a435e3809	21	33129916	33227587	84	-0.0153
afb71bd3-d291-403b-be12-5e5a435e3809	21	33230944	33371933	110	-0.5175
afb71bd3-d291-403b-be12-5e5a435e3809	21	33371946	33453484	45	-0.0047
afb71bd3-d291-403b-be12-5e5a435e3809	21	33463622	33484000	24	0.3836
afb71bd3-d291-403b-be12-5e5a435e3809	21	33499733	33529235	18	-0.0682
afb71bd3-d291-403b-be12-5e5a435e3809	21	33535099	33628287	38	0.3297
afb71bd3-d291-403b-be12-5e5a435e3809	21	33633927	33755055	29	0.7936
afb71bd3-d291-403b-be12-5e5a435e3809	21	33756718	34901221	727	-0.5928
afb71bd3-d291-403b-be12-5e5a435e3809	21	34906645	39968141	3639	-0.5397
afb71bd3-d291-403b-be12-5e5a435e3809	21	39971723	46262057	3569	-0.6017
afb71bd3-d291-403b-be12-5e5a435e3809	22	16934932	48299054	16578	-0.1165
afb71bd3-d291-403b-be12-5e5a435e3809	22	48300847	48940621	509	-0.2609
afb71bd3-d291-403b-be12-5e5a435e3809	X	3236359	53417997	22189	-0.4554
afb71bd3-d291-403b-be12-5e5a435e3809	X	53430903	145610150	37364	0.2516
afb71bd3-d291-403b-be12-5e5a435e3809	X	145610426	145611405	4	2.9429
afb71bd3-d291-403b-be12-5e5a435e3809	X	145611785	155677414	4335	0.2672
