GDC_Aliquot	Chromosome	Start	End	Num_Probes	Segment_Mean
003dbdff-c9a6-4253-8792-471a5c9478e9	1	62920	1275810	143	-0.0116
003dbdff-c9a6-4253-8792-471a5c9478e9	1	1275912	3086742	508	0.0955
003dbdff-c9a6-4253-8792-471a5c9478e9	1	3086924	12779433	5841	0.005
003dbdff-c9a6-4253-8792-471a5c9478e9	1	12792599	12797714	2	-1.1528
003dbdff-c9a6-4253-8792-471a5c9478e9	1	12797904	12807374	13	-0.0968
003dbdff-c9a6-4253-8792-471a5c9478e9	1	12807507	12867264	16	-0.6
003dbdff-c9a6-4253-8792-471a5c9478e9	1	12868035	13778803	242	-0.0097
003dbdff-c9a6-4253-8792-471a5c9478e9	1	13778888	13782619	2	-1.2628
003dbdff-c9a6-4253-8792-471a5c9478e9	1	13786254	14730074	800	0.0003
003dbdff-c9a6-4253-8792-471a5c9478e9	1	14733135	14741078	6	-0.6271
003dbdff-c9a6-4253-8792-471a5c9478e9	1	14741704	15823420	768	0.0139
003dbdff-c9a6-4253-8792-471a5c9478e9	1	15827002	15827430	6	-2.0075
003dbdff-c9a6-4253-8792-471a5c9478e9	1	15827706	16504088	297	-0.0125
003dbdff-c9a6-4253-8792-471a5c9478e9	1	16504325	16679281	37	0.3085
003dbdff-c9a6-4253-8792-471a5c9478e9	1	16679483	16686246	3	-0.8261
003dbdff-c9a6-4253-8792-471a5c9478e9	1	16689764	16868660	24	0.4636
003dbdff-c9a6-4253-8792-471a5c9478e9	1	16877002	16935393	50	-0.3939
003dbdff-c9a6-4253-8792-471a5c9478e9	1	16935737	25256850	5263	0.0001
003dbdff-c9a6-4253-8792-471a5c9478e9	1	25266637	25320198	22	0.7452
003dbdff-c9a6-4253-8792-471a5c9478e9	1	25320253	27022452	723	0.0122
003dbdff-c9a6-4253-8792-471a5c9478e9	1	27034728	27049799	8	0.0994
003dbdff-c9a6-4253-8792-471a5c9478e9	1	27051821	27053461	5	0.6314
003dbdff-c9a6-4253-8792-471a5c9478e9	1	27054388	30258675	1647	-0.0035
003dbdff-c9a6-4253-8792-471a5c9478e9	1	30258730	30266949	12	-0.6675
003dbdff-c9a6-4253-8792-471a5c9478e9	1	30268649	34626073	2557	0.0016
003dbdff-c9a6-4253-8792-471a5c9478e9	1	34637053	34638890	20	-0.4632
003dbdff-c9a6-4253-8792-471a5c9478e9	1	34648667	59580430	15031	0.0021
003dbdff-c9a6-4253-8792-471a5c9478e9	1	59586394	59592607	2	-1.2296
003dbdff-c9a6-4253-8792-471a5c9478e9	1	59593034	65387966	4209	0.0045
003dbdff-c9a6-4253-8792-471a5c9478e9	1	65389172	65490042	66	0.637
003dbdff-c9a6-4253-8792-471a5c9478e9	1	65491255	72302815	4453	-0.0022
003dbdff-c9a6-4253-8792-471a5c9478e9	1	72303233	72345465	46	-1.32
003dbdff-c9a6-4253-8792-471a5c9478e9	1	72346221	81171201	5576	0.0047
003dbdff-c9a6-4253-8792-471a5c9478e9	1	81173488	81174024	3	-1.0321
003dbdff-c9a6-4253-8792-471a5c9478e9	1	81174735	103616762	14436	-0.0011
003dbdff-c9a6-4253-8792-471a5c9478e9	1	103620877	103697364	4	1.087
003dbdff-c9a6-4253-8792-471a5c9478e9	1	103717410	105476748	923	0.0117
003dbdff-c9a6-4253-8792-471a5c9478e9	1	105476861	105479753	13	0.6693
003dbdff-c9a6-4253-8792-471a5c9478e9	1	105481433	112153465	4599	0.0017
003dbdff-c9a6-4253-8792-471a5c9478e9	1	112153571	112154591	20	-0.4082
003dbdff-c9a6-4253-8792-471a5c9478e9	1	112154619	121573699	5155	-0.0044
003dbdff-c9a6-4253-8792-471a5c9478e9	1	121580012	147215930	447	0.1124
003dbdff-c9a6-4253-8792-471a5c9478e9	1	147216069	152575558	1986	0.0105
003dbdff-c9a6-4253-8792-471a5c9478e9	1	152575695	152618018	50	0.3469
003dbdff-c9a6-4253-8792-471a5c9478e9	1	152618089	152789809	172	-0.0241
003dbdff-c9a6-4253-8792-471a5c9478e9	1	152789918	152795805	26	-0.2899
003dbdff-c9a6-4253-8792-471a5c9478e9	1	152795862	153366548	464	0.0192
003dbdff-c9a6-4253-8792-471a5c9478e9	1	153368173	153368348	2	1.5314
003dbdff-c9a6-4253-8792-471a5c9478e9	1	153371898	155210675	880	0.0261
003dbdff-c9a6-4253-8792-471a5c9478e9	1	155219369	155231273	11	1.4392
003dbdff-c9a6-4253-8792-471a5c9478e9	1	155241876	196745692	28101	0.0008
003dbdff-c9a6-4253-8792-471a5c9478e9	1	196745743	196843400	61	0.2844
003dbdff-c9a6-4253-8792-471a5c9478e9	1	196846661	248546369	35627	0.0028
003dbdff-c9a6-4253-8792-471a5c9478e9	1	248550567	248646068	38	0.4033
003dbdff-c9a6-4253-8792-471a5c9478e9	1	248661836	248930189	138	0.0091
003dbdff-c9a6-4253-8792-471a5c9478e9	2	12784	3197646	2249	0.0103
003dbdff-c9a6-4253-8792-471a5c9478e9	2	3199226	3200081	3	1.0234
003dbdff-c9a6-4253-8792-471a5c9478e9	2	3200432	4169706	745	0.005
003dbdff-c9a6-4253-8792-471a5c9478e9	2	4169966	4175577	27	0.4667
003dbdff-c9a6-4253-8792-471a5c9478e9	2	4175922	34295406	20974	0.001
003dbdff-c9a6-4253-8792-471a5c9478e9	2	34298911	34300513	2	-1.796
003dbdff-c9a6-4253-8792-471a5c9478e9	2	34300900	34466002	95	0.0381
003dbdff-c9a6-4253-8792-471a5c9478e9	2	34474248	34515690	51	-0.2306
003dbdff-c9a6-4253-8792-471a5c9478e9	2	34515732	35750907	867	0.0247
003dbdff-c9a6-4253-8792-471a5c9478e9	2	35752724	35762850	6	0.8722
003dbdff-c9a6-4253-8792-471a5c9478e9	2	35762881	38147425	1899	0.0196
003dbdff-c9a6-4253-8792-471a5c9478e9	2	38147954	38148887	4	-0.8885
003dbdff-c9a6-4253-8792-471a5c9478e9	2	38149427	44429485	4478	-0.0002
003dbdff-c9a6-4253-8792-471a5c9478e9	2	44433300	44433945	3	-1.042
003dbdff-c9a6-4253-8792-471a5c9478e9	2	44436013	48624013	2952	-0.0081
003dbdff-c9a6-4253-8792-471a5c9478e9	2	48626833	48628795	2	1.1597
003dbdff-c9a6-4253-8792-471a5c9478e9	2	48634765	52516787	2784	0.0056
003dbdff-c9a6-4253-8792-471a5c9478e9	2	52527330	52560811	41	0.4055
003dbdff-c9a6-4253-8792-471a5c9478e9	2	52563002	86901078	21974	0.0027
003dbdff-c9a6-4253-8792-471a5c9478e9	2	86902080	86910262	2	-1.6707
003dbdff-c9a6-4253-8792-471a5c9478e9	2	86934730	87110846	18	0.1105
003dbdff-c9a6-4253-8792-471a5c9478e9	2	87117615	87747102	118	0.6031
003dbdff-c9a6-4253-8792-471a5c9478e9	2	87835245	88955215	556	0.0129
003dbdff-c9a6-4253-8792-471a5c9478e9	2	88957049	90216778	221	0.1963
003dbdff-c9a6-4253-8792-471a5c9478e9	2	90223541	90228255	5	1.0976
003dbdff-c9a6-4253-8792-471a5c9478e9	2	90230139	91902859	36	0.2105
003dbdff-c9a6-4253-8792-471a5c9478e9	2	91907212	97164886	873	0.0116
003dbdff-c9a6-4253-8792-471a5c9478e9	2	97168345	97211436	25	0.4868
003dbdff-c9a6-4253-8792-471a5c9478e9	2	97310327	97359885	13	0.1024
003dbdff-c9a6-4253-8792-471a5c9478e9	2	97524284	97545247	8	-0.9797
003dbdff-c9a6-4253-8792-471a5c9478e9	2	97545726	107824280	6568	0.0028
003dbdff-c9a6-4253-8792-471a5c9478e9	2	107830513	107864451	2	1.9073
003dbdff-c9a6-4253-8792-471a5c9478e9	2	107875632	124470196	9725	0.0021
003dbdff-c9a6-4253-8792-471a5c9478e9	2	124479206	124479306	2	-1.865
003dbdff-c9a6-4253-8792-471a5c9478e9	2	124484365	128880504	2663	0.0057
003dbdff-c9a6-4253-8792-471a5c9478e9	2	128880904	128882723	14	-0.7804
003dbdff-c9a6-4253-8792-471a5c9478e9	2	128882741	131962142	1502	0.0104
003dbdff-c9a6-4253-8792-471a5c9478e9	2	131964554	132022409	23	0.3479
003dbdff-c9a6-4253-8792-471a5c9478e9	2	132022945	150174937	11174	-0.0014
003dbdff-c9a6-4253-8792-471a5c9478e9	2	150175020	150181218	4	-1.021
003dbdff-c9a6-4253-8792-471a5c9478e9	2	150182694	207490231	34692	0.0001
003dbdff-c9a6-4253-8792-471a5c9478e9	2	207490454	207494612	16	-0.8155
003dbdff-c9a6-4253-8792-471a5c9478e9	2	207494752	228668779	13758	0.0017
003dbdff-c9a6-4253-8792-471a5c9478e9	2	228669911	228671135	2	-1.1394
003dbdff-c9a6-4253-8792-471a5c9478e9	2	228673045	232368341	2096	0.0045
003dbdff-c9a6-4253-8792-471a5c9478e9	2	232370621	232385973	32	0.2869
003dbdff-c9a6-4253-8792-471a5c9478e9	2	232392286	237256792	3395	-0.0038
003dbdff-c9a6-4253-8792-471a5c9478e9	2	237257504	237269802	14	-1.1841
003dbdff-c9a6-4253-8792-471a5c9478e9	2	237269873	242147305	2780	0.0044
003dbdff-c9a6-4253-8792-471a5c9478e9	3	20930	6609441	5816	0.0283
003dbdff-c9a6-4253-8792-471a5c9478e9	3	6609524	6611381	17	0.5187
003dbdff-c9a6-4253-8792-471a5c9478e9	3	6611427	36633435	20953	0.0041
003dbdff-c9a6-4253-8792-471a5c9478e9	3	36635655	36635994	2	1.2151
003dbdff-c9a6-4253-8792-471a5c9478e9	3	36638791	38595623	1255	-0.0186
003dbdff-c9a6-4253-8792-471a5c9478e9	3	38599643	38600330	3	-1.0263
003dbdff-c9a6-4253-8792-471a5c9478e9	3	38601788	52998009	7674	0.0045
003dbdff-c9a6-4253-8792-471a5c9478e9	3	52998022	53003069	13	0.4606
003dbdff-c9a6-4253-8792-471a5c9478e9	3	53003224	59717095	4552	-0.0047
003dbdff-c9a6-4253-8792-471a5c9478e9	3	59719409	60931835	1381	0.0496
003dbdff-c9a6-4253-8792-471a5c9478e9	3	60933722	65211413	3651	0.0061
003dbdff-c9a6-4253-8792-471a5c9478e9	3	65211481	65224777	36	0.3141
003dbdff-c9a6-4253-8792-471a5c9478e9	3	65230674	68697013	2421	0.0028
003dbdff-c9a6-4253-8792-471a5c9478e9	3	68697108	68698262	14	-1.2038
003dbdff-c9a6-4253-8792-471a5c9478e9	3	68699607	75372019	4869	-0.0033
003dbdff-c9a6-4253-8792-471a5c9478e9	3	75377956	75496021	50	-0.6688
003dbdff-c9a6-4253-8792-471a5c9478e9	3	75496671	75559488	19	0.0773
003dbdff-c9a6-4253-8792-471a5c9478e9	3	75564023	75590356	5	-0.8342
003dbdff-c9a6-4253-8792-471a5c9478e9	3	75596233	75715277	26	0.3308
003dbdff-c9a6-4253-8792-471a5c9478e9	3	75718930	99218940	10935	0.006
003dbdff-c9a6-4253-8792-471a5c9478e9	3	99225614	99230212	27	-0.5016
003dbdff-c9a6-4253-8792-471a5c9478e9	3	99230225	125717394	16245	0.0013
003dbdff-c9a6-4253-8792-471a5c9478e9	3	125724765	125739919	10	0.6509
003dbdff-c9a6-4253-8792-471a5c9478e9	3	125743486	125950205	72	0.0335
003dbdff-c9a6-4253-8792-471a5c9478e9	3	125954540	125957120	3	-2.065
003dbdff-c9a6-4253-8792-471a5c9478e9	3	125961657	128662406	1747	-0.0038
003dbdff-c9a6-4253-8792-471a5c9478e9	3	128665680	128695318	16	0.937
003dbdff-c9a6-4253-8792-471a5c9478e9	3	128702323	130047743	622	-0.0022
003dbdff-c9a6-4253-8792-471a5c9478e9	3	130057015	130079938	31	0.426
003dbdff-c9a6-4253-8792-471a5c9478e9	3	130080170	162405578	19998	0.002
003dbdff-c9a6-4253-8792-471a5c9478e9	3	162419812	162424917	14	-0.8204
003dbdff-c9a6-4253-8792-471a5c9478e9	3	162426460	162795304	261	0.0166
003dbdff-c9a6-4253-8792-471a5c9478e9	3	162795361	162908815	69	0.4864
003dbdff-c9a6-4253-8792-471a5c9478e9	3	162910826	162996729	70	0.0229
003dbdff-c9a6-4253-8792-471a5c9478e9	3	162999939	163001774	2	1.6441
003dbdff-c9a6-4253-8792-471a5c9478e9	3	163008371	193160113	19084	0.0056
003dbdff-c9a6-4253-8792-471a5c9478e9	3	193160173	193161217	6	0.8445
003dbdff-c9a6-4253-8792-471a5c9478e9	3	193162684	194830659	1109	0.0049
003dbdff-c9a6-4253-8792-471a5c9478e9	3	194831045	194831263	3	-1.0645
003dbdff-c9a6-4253-8792-471a5c9478e9	3	194834085	195536361	379	-0.0025
003dbdff-c9a6-4253-8792-471a5c9478e9	3	195548576	195747311	49	0.4887
003dbdff-c9a6-4253-8792-471a5c9478e9	3	195747892	195934679	81	0.0094
003dbdff-c9a6-4253-8792-471a5c9478e9	3	195963975	195973611	2	1.529
003dbdff-c9a6-4253-8792-471a5c9478e9	3	195974244	198111566	1067	0.0392
003dbdff-c9a6-4253-8792-471a5c9478e9	3	198118345	198169247	17	-0.8421
003dbdff-c9a6-4253-8792-471a5c9478e9	4	68929	3597723	1439	0.0118
003dbdff-c9a6-4253-8792-471a5c9478e9	4	3598142	3600457	2	-1.1935
003dbdff-c9a6-4253-8792-471a5c9478e9	4	3607663	3862096	122	0.013
003dbdff-c9a6-4253-8792-471a5c9478e9	4	3864047	4174887	79	0.2903
003dbdff-c9a6-4253-8792-471a5c9478e9	4	4174902	10208766	4062	0.0098
003dbdff-c9a6-4253-8792-471a5c9478e9	4	10212536	10229874	29	-2.2067
003dbdff-c9a6-4253-8792-471a5c9478e9	4	10232590	10390730	179	-0.0195
003dbdff-c9a6-4253-8792-471a5c9478e9	4	10391530	10399044	15	0.5141
003dbdff-c9a6-4253-8792-471a5c9478e9	4	10401094	34788894	16786	0.002
003dbdff-c9a6-4253-8792-471a5c9478e9	4	34789072	34812668	22	-0.4707
003dbdff-c9a6-4253-8792-471a5c9478e9	4	34813937	48118854	8355	0.0027
003dbdff-c9a6-4253-8792-471a5c9478e9	4	48120931	51856661	667	0.0683
003dbdff-c9a6-4253-8792-471a5c9478e9	4	51858858	63823000	7525	0.0061
003dbdff-c9a6-4253-8792-471a5c9478e9	4	63825160	63857475	39	0.4124
003dbdff-c9a6-4253-8792-471a5c9478e9	4	63859786	68389352	2843	0.0024
003dbdff-c9a6-4253-8792-471a5c9478e9	4	68391041	68395346	4	1.4548
003dbdff-c9a6-4253-8792-471a5c9478e9	4	68416487	68478894	14	-0.0661
003dbdff-c9a6-4253-8792-471a5c9478e9	4	68494770	68620261	67	0.6333
003dbdff-c9a6-4253-8792-471a5c9478e9	4	68623617	69257792	315	0.0597
003dbdff-c9a6-4253-8792-471a5c9478e9	4	69261926	69366081	54	-0.4713
003dbdff-c9a6-4253-8792-471a5c9478e9	4	69366304	87849077	11549	0
003dbdff-c9a6-4253-8792-471a5c9478e9	4	87849142	87849248	4	1.3155
003dbdff-c9a6-4253-8792-471a5c9478e9	4	87849407	114254167	15770	-0.001
003dbdff-c9a6-4253-8792-471a5c9478e9	4	114254188	114261019	22	0.5558
003dbdff-c9a6-4253-8792-471a5c9478e9	4	114263073	137171085	13236	0.0023
003dbdff-c9a6-4253-8792-471a5c9478e9	4	137171266	137172260	13	-0.7917
003dbdff-c9a6-4253-8792-471a5c9478e9	4	137173804	143965600	4446	0.0015
003dbdff-c9a6-4253-8792-471a5c9478e9	4	143965614	143999622	29	0.293
003dbdff-c9a6-4253-8792-471a5c9478e9	4	143999664	151868634	4349	0.0035
003dbdff-c9a6-4253-8792-471a5c9478e9	4	151870381	151871739	13	-1.0971
003dbdff-c9a6-4253-8792-471a5c9478e9	4	151873644	151873707	3	1.3438
003dbdff-c9a6-4253-8792-471a5c9478e9	4	151874236	154881396	1945	0.0016
003dbdff-c9a6-4253-8792-471a5c9478e9	4	154881853	154881926	3	-3.2433
003dbdff-c9a6-4253-8792-471a5c9478e9	4	154882047	167907381	8327	0.0022
003dbdff-c9a6-4253-8792-471a5c9478e9	4	167907396	167907407	2	1.369
003dbdff-c9a6-4253-8792-471a5c9478e9	4	167907571	168058341	107	0.1071
003dbdff-c9a6-4253-8792-471a5c9478e9	4	168063303	170346793	1468	-0.002
003dbdff-c9a6-4253-8792-471a5c9478e9	4	170346931	170352007	7	-0.6868
003dbdff-c9a6-4253-8792-471a5c9478e9	4	170352863	171448195	683	-0.0078
003dbdff-c9a6-4253-8792-471a5c9478e9	4	171453733	171456625	12	0.8355
003dbdff-c9a6-4253-8792-471a5c9478e9	4	171459220	172066777	397	0.0167
003dbdff-c9a6-4253-8792-471a5c9478e9	4	172067997	172068354	10	-1.8221
003dbdff-c9a6-4253-8792-471a5c9478e9	4	172068368	183010841	7373	0.0008
003dbdff-c9a6-4253-8792-471a5c9478e9	4	183011481	183012233	3	1.0205
003dbdff-c9a6-4253-8792-471a5c9478e9	4	183014086	187984224	3348	0.0193
003dbdff-c9a6-4253-8792-471a5c9478e9	4	187984449	190106768	1346	0.0638
003dbdff-c9a6-4253-8792-471a5c9478e9	5	15532	685389	305	0.0524
003dbdff-c9a6-4253-8792-471a5c9478e9	5	685633	773453	28	0.7122
003dbdff-c9a6-4253-8792-471a5c9478e9	5	779766	800724	2	-1.8118
003dbdff-c9a6-4253-8792-471a5c9478e9	5	801456	823655	13	-0.4605
003dbdff-c9a6-4253-8792-471a5c9478e9	5	823951	11162524	8749	0.0128
003dbdff-c9a6-4253-8792-471a5c9478e9	5	11162596	11162659	2	-1.3383
003dbdff-c9a6-4253-8792-471a5c9478e9	5	11167165	46251204	21558	0.008
003dbdff-c9a6-4253-8792-471a5c9478e9	5	46270906	46273400	8	-1.9182
003dbdff-c9a6-4253-8792-471a5c9478e9	5	46278110	58030200	5074	0.0014
003dbdff-c9a6-4253-8792-471a5c9478e9	5	58030336	58037706	31	-0.8355
003dbdff-c9a6-4253-8792-471a5c9478e9	5	58042530	74114367	9068	-0.002
003dbdff-c9a6-4253-8792-471a5c9478e9	5	74118986	74119259	2	1.3931
003dbdff-c9a6-4253-8792-471a5c9478e9	5	74119708	82927574	5694	0.0044
003dbdff-c9a6-4253-8792-471a5c9478e9	5	82938978	82941389	5	-1.1846
003dbdff-c9a6-4253-8792-471a5c9478e9	5	82950300	86819561	2179	0.0062
003dbdff-c9a6-4253-8792-471a5c9478e9	5	86820504	86823329	2	-3.4633
003dbdff-c9a6-4253-8792-471a5c9478e9	5	86825812	104515520	9886	0.0031
003dbdff-c9a6-4253-8792-471a5c9478e9	5	104524672	104524903	4	-1.6323
003dbdff-c9a6-4253-8792-471a5c9478e9	5	104525348	139789292	22713	0.0043
003dbdff-c9a6-4253-8792-471a5c9478e9	5	139798577	139803311	4	-1.2724
003dbdff-c9a6-4253-8792-471a5c9478e9	5	139804359	152135825	8037	0.0021
003dbdff-c9a6-4253-8792-471a5c9478e9	5	152135909	152138790	13	-0.4693
003dbdff-c9a6-4253-8792-471a5c9478e9	5	152140710	156048095	2659	0.0017
003dbdff-c9a6-4253-8792-471a5c9478e9	5	156049762	156068240	15	-0.6321
003dbdff-c9a6-4253-8792-471a5c9478e9	5	156068247	175008050	13346	0.0072
003dbdff-c9a6-4253-8792-471a5c9478e9	5	175009018	175012240	9	-1.2392
003dbdff-c9a6-4253-8792-471a5c9478e9	5	175016230	176033084	714	0.0071
003dbdff-c9a6-4253-8792-471a5c9478e9	5	176038686	176042504	2	1.2113
003dbdff-c9a6-4253-8792-471a5c9478e9	5	176043321	177805604	727	0.0068
003dbdff-c9a6-4253-8792-471a5c9478e9	5	177827964	177956397	17	0.4969
003dbdff-c9a6-4253-8792-471a5c9478e9	5	177957188	180947523	1777	0.0115
003dbdff-c9a6-4253-8792-471a5c9478e9	5	180951710	180991103	19	-0.5101
003dbdff-c9a6-4253-8792-471a5c9478e9	5	181006225	181031539	19	-0.0293
003dbdff-c9a6-4253-8792-471a5c9478e9	5	181031625	181040482	8	0.4858
003dbdff-c9a6-4253-8792-471a5c9478e9	5	181044823	181363319	143	-0.017
003dbdff-c9a6-4253-8792-471a5c9478e9	6	149661	240232	82	0.0733
003dbdff-c9a6-4253-8792-471a5c9478e9	6	241344	258265	21	0.2458
003dbdff-c9a6-4253-8792-471a5c9478e9	6	260376	294837	21	0.668
003dbdff-c9a6-4253-8792-471a5c9478e9	6	302306	355360	49	0.2679
003dbdff-c9a6-4253-8792-471a5c9478e9	6	355386	4396947	3312	0.0139
003dbdff-c9a6-4253-8792-471a5c9478e9	6	4399282	4399620	3	1.061
003dbdff-c9a6-4253-8792-471a5c9478e9	6	4400131	29869411	18164	0.0035
003dbdff-c9a6-4253-8792-471a5c9478e9	6	29869537	29869681	2	-1.6507
003dbdff-c9a6-4253-8792-471a5c9478e9	6	29869700	29876257	6	-0.0175
003dbdff-c9a6-4253-8792-471a5c9478e9	6	29876595	29881490	6	-0.7861
003dbdff-c9a6-4253-8792-471a5c9478e9	6	29882419	32463515	1170	0.0301
003dbdff-c9a6-4253-8792-471a5c9478e9	6	32463775	32658841	66	0.646
003dbdff-c9a6-4253-8792-471a5c9478e9	6	32682835	33970966	802	0.0092
003dbdff-c9a6-4253-8792-471a5c9478e9	6	33974234	33974794	4	-1.472
003dbdff-c9a6-4253-8792-471a5c9478e9	6	33974834	40396586	4149	0.004
003dbdff-c9a6-4253-8792-471a5c9478e9	6	40397862	40401554	6	-0.8146
003dbdff-c9a6-4253-8792-471a5c9478e9	6	40402760	58400146	10946	0.0015
003dbdff-c9a6-4253-8792-471a5c9478e9	6	58400260	61631661	432	0.0991
003dbdff-c9a6-4253-8792-471a5c9478e9	6	61631812	71976651	6547	0.0088
003dbdff-c9a6-4253-8792-471a5c9478e9	6	71984180	71984949	2	-1.365
003dbdff-c9a6-4253-8792-471a5c9478e9	6	71985785	72166170	119	0.0006
003dbdff-c9a6-4253-8792-471a5c9478e9	6	72168958	72170169	3	0.6661
003dbdff-c9a6-4253-8792-471a5c9478e9	6	72171793	72877398	470	-0.0019
003dbdff-c9a6-4253-8792-471a5c9478e9	6	72882874	72886710	3	-0.7916
003dbdff-c9a6-4253-8792-471a5c9478e9	6	72888582	73882142	606	-0.0063
003dbdff-c9a6-4253-8792-471a5c9478e9	6	73882509	73891694	10	0.8835
003dbdff-c9a6-4253-8792-471a5c9478e9	6	73893839	76726815	1770	0.0096
003dbdff-c9a6-4253-8792-471a5c9478e9	6	76730151	76742729	17	0.5743
003dbdff-c9a6-4253-8792-471a5c9478e9	6	76742924	78261995	985	0.0005
003dbdff-c9a6-4253-8792-471a5c9478e9	6	78262064	78325457	107	0.5979
003dbdff-c9a6-4253-8792-471a5c9478e9	6	78325468	115047731	22817	0.0037
003dbdff-c9a6-4253-8792-471a5c9478e9	6	115057911	115086809	4	-1.243
003dbdff-c9a6-4253-8792-471a5c9478e9	6	115087407	129895365	8999	0.0036
003dbdff-c9a6-4253-8792-471a5c9478e9	6	129896640	129896972	2	-1.2426
003dbdff-c9a6-4253-8792-471a5c9478e9	6	129899927	133945130	2756	-0.004
003dbdff-c9a6-4253-8792-471a5c9478e9	6	133947933	133948494	2	-1.6429
003dbdff-c9a6-4253-8792-471a5c9478e9	6	133950934	170741917	25090	0.0024
003dbdff-c9a6-4253-8792-471a5c9478e9	7	43355	11743022	7454	0.0252
003dbdff-c9a6-4253-8792-471a5c9478e9	7	11743368	38284089	19932	0.0014
003dbdff-c9a6-4253-8792-471a5c9478e9	7	38285840	38370089	112	0.2136
003dbdff-c9a6-4253-8792-471a5c9478e9	7	38370835	54318812	10979	0.0066
003dbdff-c9a6-4253-8792-471a5c9478e9	7	54318816	54318824	5	-1.8494
003dbdff-c9a6-4253-8792-471a5c9478e9	7	54325795	56583604	1482	0.0043
003dbdff-c9a6-4253-8792-471a5c9478e9	7	56584200	65988411	1850	0.074
003dbdff-c9a6-4253-8792-471a5c9478e9	7	65992462	70955452	2794	0.0043
003dbdff-c9a6-4253-8792-471a5c9478e9	7	70958264	70961155	2	-2.4754
003dbdff-c9a6-4253-8792-471a5c9478e9	7	70963257	76508058	2137	0.0142
003dbdff-c9a6-4253-8792-471a5c9478e9	7	76514308	76653459	39	0.2975
003dbdff-c9a6-4253-8792-471a5c9478e9	7	76653478	88485909	7543	-0.0021
003dbdff-c9a6-4253-8792-471a5c9478e9	7	88492006	90593986	1391	0.0471
003dbdff-c9a6-4253-8792-471a5c9478e9	7	90597627	97777749	4611	-0.0046
003dbdff-c9a6-4253-8792-471a5c9478e9	7	97788295	97788298	2	-1.4951
003dbdff-c9a6-4253-8792-471a5c9478e9	7	97791337	122093330	14013	0.0017
003dbdff-c9a6-4253-8792-471a5c9478e9	7	122094880	122160338	31	-1.0227
003dbdff-c9a6-4253-8792-471a5c9478e9	7	122163643	126404920	2593	0.0091
003dbdff-c9a6-4253-8792-471a5c9478e9	7	126405428	126406824	15	0.8941
003dbdff-c9a6-4253-8792-471a5c9478e9	7	126406825	134093899	4696	0.0084
003dbdff-c9a6-4253-8792-471a5c9478e9	7	134100424	134113805	34	0.4499
003dbdff-c9a6-4253-8792-471a5c9478e9	7	134114093	159334314	16090	0.0143
003dbdff-c9a6-4253-8792-471a5c9478e9	8	81254	2844412	2039	0.0151
003dbdff-c9a6-4253-8792-471a5c9478e9	8	2846011	2846377	7	-0.8837
003dbdff-c9a6-4253-8792-471a5c9478e9	8	2849649	4048687	1511	0.0157
003dbdff-c9a6-4253-8792-471a5c9478e9	8	4050319	4050928	4	-1.2281
003dbdff-c9a6-4253-8792-471a5c9478e9	8	4052574	15543669	10232	0.0212
003dbdff-c9a6-4253-8792-471a5c9478e9	8	15545551	15555938	9	-1.166
003dbdff-c9a6-4253-8792-471a5c9478e9	8	15565761	18407644	2581	0.0146
003dbdff-c9a6-4253-8792-471a5c9478e9	8	18408647	18413675	4	-1.605
003dbdff-c9a6-4253-8792-471a5c9478e9	8	18413877	25114672	5079	-0.0001
003dbdff-c9a6-4253-8792-471a5c9478e9	8	25116928	25126708	25	-0.5365
003dbdff-c9a6-4253-8792-471a5c9478e9	8	25126735	43081812	11415	0.0048
003dbdff-c9a6-4253-8792-471a5c9478e9	8	43084488	46517387	374	0.1144
003dbdff-c9a6-4253-8792-471a5c9478e9	8	46524311	57003789	6337	0.0113
003dbdff-c9a6-4253-8792-471a5c9478e9	8	57005385	57016644	8	-0.7821
003dbdff-c9a6-4253-8792-471a5c9478e9	8	57025292	70042441	8134	0.001
003dbdff-c9a6-4253-8792-471a5c9478e9	8	70042470	70042599	3	-1.0963
003dbdff-c9a6-4253-8792-471a5c9478e9	8	70048926	111279265	24793	0.0009
003dbdff-c9a6-4253-8792-471a5c9478e9	8	111282050	111283031	10	-1.2418
003dbdff-c9a6-4253-8792-471a5c9478e9	8	111288052	114619814	1821	-0.0043
003dbdff-c9a6-4253-8792-471a5c9478e9	8	114622258	114626121	14	-0.71
003dbdff-c9a6-4253-8792-471a5c9478e9	8	114626166	114628588	8	0.051
003dbdff-c9a6-4253-8792-471a5c9478e9	8	114628679	114629502	13	-0.7454
003dbdff-c9a6-4253-8792-471a5c9478e9	8	114638468	115112420	322	0.0556
003dbdff-c9a6-4253-8792-471a5c9478e9	8	115112462	140754747	18802	0.0005
003dbdff-c9a6-4253-8792-471a5c9478e9	8	140759068	145072769	1932	0.0466
003dbdff-c9a6-4253-8792-471a5c9478e9	9	46587	1717031	1845	0.0553
003dbdff-c9a6-4253-8792-471a5c9478e9	9	1717158	5131039	3465	0.0021
003dbdff-c9a6-4253-8792-471a5c9478e9	9	5134065	5134627	2	-1.4139
003dbdff-c9a6-4253-8792-471a5c9478e9	9	5138417	11202612	5344	0.001
003dbdff-c9a6-4253-8792-471a5c9478e9	9	11202702	11751682	427	0.0427
003dbdff-c9a6-4253-8792-471a5c9478e9	9	11755019	11778564	17	-1.2505
003dbdff-c9a6-4253-8792-471a5c9478e9	9	11781428	11837866	43	-0.0808
003dbdff-c9a6-4253-8792-471a5c9478e9	9	11839399	11839805	2	-1.7193
003dbdff-c9a6-4253-8792-471a5c9478e9	9	11839832	38808961	19962	0.0056
003dbdff-c9a6-4253-8792-471a5c9478e9	9	38912300	41569590	148	0.2122
003dbdff-c9a6-4253-8792-471a5c9478e9	9	41569591	42825767	101	0.5008
003dbdff-c9a6-4253-8792-471a5c9478e9	9	42834329	67073620	192	0.2215
003dbdff-c9a6-4253-8792-471a5c9478e9	9	67080918	87899200	14227	-0.0053
003dbdff-c9a6-4253-8792-471a5c9478e9	9	87907679	87939304	3	0.9508
003dbdff-c9a6-4253-8792-471a5c9478e9	9	87943042	88314304	236	-0.018
003dbdff-c9a6-4253-8792-471a5c9478e9	9	88320072	88321310	3	-1.1864
003dbdff-c9a6-4253-8792-471a5c9478e9	9	88321998	138200944	33469	0.0025
003dbdff-c9a6-4253-8792-471a5c9478e9	10	45792	26934974	21179	0.0048
003dbdff-c9a6-4253-8792-471a5c9478e9	10	26936975	26941746	15	0.5108
003dbdff-c9a6-4253-8792-471a5c9478e9	10	26941808	30957563	3017	-0.0019
003dbdff-c9a6-4253-8792-471a5c9478e9	10	30957581	30962753	8	0.557
003dbdff-c9a6-4253-8792-471a5c9478e9	10	30962785	41798237	4851	0.006
003dbdff-c9a6-4253-8792-471a5c9478e9	10	41806394	42288046	31	0.3576
003dbdff-c9a6-4253-8792-471a5c9478e9	10	42292394	42425436	57	0.1217
003dbdff-c9a6-4253-8792-471a5c9478e9	10	42426218	42429851	2	0.6548
003dbdff-c9a6-4253-8792-471a5c9478e9	10	42430274	46525728	2505	0.0012
003dbdff-c9a6-4253-8792-471a5c9478e9	10	46525759	46525833	5	-1.2462
003dbdff-c9a6-4253-8792-471a5c9478e9	10	46525848	65546518	12728	0.0033
003dbdff-c9a6-4253-8792-471a5c9478e9	10	65548165	65554672	27	-0.5238
003dbdff-c9a6-4253-8792-471a5c9478e9	10	65554688	79763550	9245	-0.0027
003dbdff-c9a6-4253-8792-471a5c9478e9	10	79764135	79854946	20	0.4932
003dbdff-c9a6-4253-8792-471a5c9478e9	10	79857864	90700170	7652	0.0071
003dbdff-c9a6-4253-8792-471a5c9478e9	10	90702958	90703388	3	-1.1472
003dbdff-c9a6-4253-8792-471a5c9478e9	10	90703534	130424187	27261	0.0029
003dbdff-c9a6-4253-8792-471a5c9478e9	10	130424851	131923542	1219	0.0534
003dbdff-c9a6-4253-8792-471a5c9478e9	10	131923568	133654968	816	0.0024
003dbdff-c9a6-4253-8792-471a5c9478e9	11	198510	4946420	2419	0.0189
003dbdff-c9a6-4253-8792-471a5c9478e9	11	4947280	4955042	30	0.4135
003dbdff-c9a6-4253-8792-471a5c9478e9	11	4955781	5500921	539	-0.0201
003dbdff-c9a6-4253-8792-471a5c9478e9	11	5500967	5502363	5	-1.6626
003dbdff-c9a6-4253-8792-471a5c9478e9	11	5503234	5762693	238	-0.018
003dbdff-c9a6-4253-8792-471a5c9478e9	11	5766175	5788231	35	-0.5415
003dbdff-c9a6-4253-8792-471a5c9478e9	11	5791130	50155939	30640	0.0007
003dbdff-c9a6-4253-8792-471a5c9478e9	11	50156511	55609035	565	0.0864
003dbdff-c9a6-4253-8792-471a5c9478e9	11	55609158	55672514	37	0.5865
003dbdff-c9a6-4253-8792-471a5c9478e9	11	55674842	64973915	5172	0.0056
003dbdff-c9a6-4253-8792-471a5c9478e9	11	64975377	65885838	361	0.0997
003dbdff-c9a6-4253-8792-471a5c9478e9	11	65893863	67734155	703	0.0028
003dbdff-c9a6-4253-8792-471a5c9478e9	11	67736185	68003149	73	0.2403
003dbdff-c9a6-4253-8792-471a5c9478e9	11	68007631	80282842	7007	0.0032
003dbdff-c9a6-4253-8792-471a5c9478e9	11	80289574	80289861	4	-0.8481
003dbdff-c9a6-4253-8792-471a5c9478e9	11	80291631	81280389	806	-0.0037
003dbdff-c9a6-4253-8792-471a5c9478e9	11	81280537	81283789	7	0.597
003dbdff-c9a6-4253-8792-471a5c9478e9	11	81283840	84769104	2394	0.011
003dbdff-c9a6-4253-8792-471a5c9478e9	11	84770174	84770414	2	1.1419
003dbdff-c9a6-4253-8792-471a5c9478e9	11	84772046	89754781	3335	0.0024
003dbdff-c9a6-4253-8792-471a5c9478e9	11	89759710	89817056	11	-0.5622
003dbdff-c9a6-4253-8792-471a5c9478e9	11	89834373	134731897	32134	0.0026
003dbdff-c9a6-4253-8792-471a5c9478e9	11	134732386	134733052	2	-1.4919
003dbdff-c9a6-4253-8792-471a5c9478e9	11	134734098	135074876	282	0.0126
003dbdff-c9a6-4253-8792-471a5c9478e9	12	51460	8220161	5544	0.0081
003dbdff-c9a6-4253-8792-471a5c9478e9	12	8241232	8432076	69	0.2598
003dbdff-c9a6-4253-8792-471a5c9478e9	12	8442298	9481274	559	0.0184
003dbdff-c9a6-4253-8792-471a5c9478e9	12	9485313	9575696	23	1.2853
003dbdff-c9a6-4253-8792-471a5c9478e9	12	9582373	11078856	1042	0.0084
003dbdff-c9a6-4253-8792-471a5c9478e9	12	11080319	11088933	5	-1.5626
003dbdff-c9a6-4253-8792-471a5c9478e9	12	11099275	30086381	13257	0.0068
003dbdff-c9a6-4253-8792-471a5c9478e9	12	30086486	30090698	20	-0.6608
003dbdff-c9a6-4253-8792-471a5c9478e9	12	30090732	33129292	2244	0.0089
003dbdff-c9a6-4253-8792-471a5c9478e9	12	33129371	37875038	914	0.0747
003dbdff-c9a6-4253-8792-471a5c9478e9	12	37885541	131636170	60572	0.0014
003dbdff-c9a6-4253-8792-471a5c9478e9	12	131648039	131648790	13	-1.9695
003dbdff-c9a6-4253-8792-471a5c9478e9	12	131657925	133201603	559	0.0106
003dbdff-c9a6-4253-8792-471a5c9478e9	13	18452809	18876666	101	0.2231
003dbdff-c9a6-4253-8792-471a5c9478e9	13	18876681	21321896	1472	0.0084
003dbdff-c9a6-4253-8792-471a5c9478e9	13	21322180	21322360	2	-1.1981
003dbdff-c9a6-4253-8792-471a5c9478e9	13	21322617	23055011	1278	0.0158
003dbdff-c9a6-4253-8792-471a5c9478e9	13	23055025	23059376	16	-0.5183
003dbdff-c9a6-4253-8792-471a5c9478e9	13	23064056	37496998	10611	0.0009
003dbdff-c9a6-4253-8792-471a5c9478e9	13	37497899	37510620	16	0.4922
003dbdff-c9a6-4253-8792-471a5c9478e9	13	37514193	38468401	696	0.0007
003dbdff-c9a6-4253-8792-471a5c9478e9	13	38469642	38478674	5	0.3084
003dbdff-c9a6-4253-8792-471a5c9478e9	13	38483435	38483919	2	-1.6086
003dbdff-c9a6-4253-8792-471a5c9478e9	13	38490920	57184255	11822	0.0001
003dbdff-c9a6-4253-8792-471a5c9478e9	13	57184492	57204234	29	-0.7924
003dbdff-c9a6-4253-8792-471a5c9478e9	13	57204246	70439620	8104	0.0016
003dbdff-c9a6-4253-8792-471a5c9478e9	13	70440853	70441251	4	-0.907
003dbdff-c9a6-4253-8792-471a5c9478e9	13	70442250	74140206	2542	-0.0092
003dbdff-c9a6-4253-8792-471a5c9478e9	13	74143982	74146894	5	-1.3007
003dbdff-c9a6-4253-8792-471a5c9478e9	13	74148249	114342922	27404	0.0019
003dbdff-c9a6-4253-8792-471a5c9478e9	14	18239283	19019303	30	-0.1049
003dbdff-c9a6-4253-8792-471a5c9478e9	14	19049265	19957752	141	0.2471
003dbdff-c9a6-4253-8792-471a5c9478e9	14	19958388	20707115	566	-0.0043
003dbdff-c9a6-4253-8792-471a5c9478e9	14	20707930	20707933	2	-1.0445
003dbdff-c9a6-4253-8792-471a5c9478e9	14	20710239	21799873	650	0.003
003dbdff-c9a6-4253-8792-471a5c9478e9	14	21800096	22645702	761	0.1204
003dbdff-c9a6-4253-8792-471a5c9478e9	14	22646052	41139155	11606	0.0023
003dbdff-c9a6-4253-8792-471a5c9478e9	14	41141293	41184774	13	-0.9877
003dbdff-c9a6-4253-8792-471a5c9478e9	14	41188046	69551330	17827	0.0043
003dbdff-c9a6-4253-8792-471a5c9478e9	14	69551651	69555750	8	-0.8204
003dbdff-c9a6-4253-8792-471a5c9478e9	14	69555996	98814311	19848	-0.0028
003dbdff-c9a6-4253-8792-471a5c9478e9	14	98815215	98993937	159	0.1273
003dbdff-c9a6-4253-8792-471a5c9478e9	14	98994343	106070718	3399	0.0005
003dbdff-c9a6-4253-8792-471a5c9478e9	14	106117522	106236187	52	-0.6573
003dbdff-c9a6-4253-8792-471a5c9478e9	14	106236294	106271566	18	-1.2182
003dbdff-c9a6-4253-8792-471a5c9478e9	14	106279645	106294689	9	-0.7747
003dbdff-c9a6-4253-8792-471a5c9478e9	14	106297265	106305728	8	-0.0946
003dbdff-c9a6-4253-8792-471a5c9478e9	14	106307268	106346129	16	-0.6953
003dbdff-c9a6-4253-8792-471a5c9478e9	14	106360014	106403147	24	0.0681
003dbdff-c9a6-4253-8792-471a5c9478e9	14	106407604	106462183	55	-0.6231
003dbdff-c9a6-4253-8792-471a5c9478e9	14	106462724	106769689	124	0.0724
003dbdff-c9a6-4253-8792-471a5c9478e9	14	106770215	106770361	3	-0.933
003dbdff-c9a6-4253-8792-471a5c9478e9	14	106775945	106877229	68	0.0047
003dbdff-c9a6-4253-8792-471a5c9478e9	15	19811075	19957492	29	0.3191
003dbdff-c9a6-4253-8792-471a5c9478e9	15	19958418	20001686	16	-0.113
003dbdff-c9a6-4253-8792-471a5c9478e9	15	20011702	20056983	5	-1.3743
003dbdff-c9a6-4253-8792-471a5c9478e9	15	20059033	23199669	472	0.0025
003dbdff-c9a6-4253-8792-471a5c9478e9	15	23396367	23417449	9	-1.0112
003dbdff-c9a6-4253-8792-471a5c9478e9	15	23419666	24429986	671	0.0092
003dbdff-c9a6-4253-8792-471a5c9478e9	15	24435245	24480146	32	-0.456
003dbdff-c9a6-4253-8792-471a5c9478e9	15	24482084	25176460	458	0.0125
003dbdff-c9a6-4253-8792-471a5c9478e9	15	25180191	25185096	6	-0.7096
003dbdff-c9a6-4253-8792-471a5c9478e9	15	25188158	27859017	2026	0.0118
003dbdff-c9a6-4253-8792-471a5c9478e9	15	27860991	30839824	1215	0.0619
003dbdff-c9a6-4253-8792-471a5c9478e9	15	30842699	76586021	28966	0.0027
003dbdff-c9a6-4253-8792-471a5c9478e9	15	76598900	76603434	22	0.9151
003dbdff-c9a6-4253-8792-471a5c9478e9	15	76609838	83874673	4419	0.0087
003dbdff-c9a6-4253-8792-471a5c9478e9	15	83874798	83878795	3	-1.282
003dbdff-c9a6-4253-8792-471a5c9478e9	15	83879115	99824641	11574	0.0049
003dbdff-c9a6-4253-8792-471a5c9478e9	15	99826046	100383335	469	0.0936
003dbdff-c9a6-4253-8792-471a5c9478e9	15	100386082	101333621	716	-0.0002
003dbdff-c9a6-4253-8792-471a5c9478e9	15	101334918	101797895	376	0.6344
003dbdff-c9a6-4253-8792-471a5c9478e9	15	101800637	101928837	53	0.0289
003dbdff-c9a6-4253-8792-471a5c9478e9	16	10777	16169504	11717	0.0154
003dbdff-c9a6-4253-8792-471a5c9478e9	16	16169856	17315015	503	0.0997
003dbdff-c9a6-4253-8792-471a5c9478e9	16	17315192	18104860	541	0.0307
003dbdff-c9a6-4253-8792-471a5c9478e9	16	18134261	18144432	2	1.621
003dbdff-c9a6-4253-8792-471a5c9478e9	16	18148869	19932678	703	-0.0011
003dbdff-c9a6-4253-8792-471a5c9478e9	16	19933041	19958932	31	0.3221
003dbdff-c9a6-4253-8792-471a5c9478e9	16	19959168	22412350	1270	0.0231
003dbdff-c9a6-4253-8792-471a5c9478e9	16	22412847	22699421	79	0.3062
003dbdff-c9a6-4253-8792-471a5c9478e9	16	22701658	29934997	4372	0.0055
003dbdff-c9a6-4253-8792-471a5c9478e9	16	29936815	30165200	81	0.1921
003dbdff-c9a6-4253-8792-471a5c9478e9	16	30165932	35214114	863	0.0315
003dbdff-c9a6-4253-8792-471a5c9478e9	16	35214932	35533134	179	0.4979
003dbdff-c9a6-4253-8792-471a5c9478e9	16	35533625	55762682	6598	0.0004
003dbdff-c9a6-4253-8792-471a5c9478e9	16	55764310	55764867	3	2.2866
003dbdff-c9a6-4253-8792-471a5c9478e9	16	55770436	55775312	6	0.8004
003dbdff-c9a6-4253-8792-471a5c9478e9	16	55775554	66017015	6771	0.0015
003dbdff-c9a6-4253-8792-471a5c9478e9	16	66019327	66019498	2	-1.388
003dbdff-c9a6-4253-8792-471a5c9478e9	16	66020304	78337711	7515	0.0066
003dbdff-c9a6-4253-8792-471a5c9478e9	16	78338543	78350868	16	1.1066
003dbdff-c9a6-4253-8792-471a5c9478e9	16	78351104	90096867	10614	0.0205
003dbdff-c9a6-4253-8792-471a5c9478e9	17	150733	18452078	11388	0.0112
003dbdff-c9a6-4253-8792-471a5c9478e9	17	18455632	18561907	26	0.7921
003dbdff-c9a6-4253-8792-471a5c9478e9	17	18565883	33727701	5088	0.0097
003dbdff-c9a6-4253-8792-471a5c9478e9	17	33727911	34365168	564	0.0796
003dbdff-c9a6-4253-8792-471a5c9478e9	17	34365553	41265456	3741	0.0094
003dbdff-c9a6-4253-8792-471a5c9478e9	17	41266762	41274198	23	-0.5782
003dbdff-c9a6-4253-8792-471a5c9478e9	17	41274279	46085231	2500	0.0123
003dbdff-c9a6-4253-8792-471a5c9478e9	17	46085732	46687628	133	0.3731
003dbdff-c9a6-4253-8792-471a5c9478e9	17	46707286	83091923	21565	0.0074
003dbdff-c9a6-4253-8792-471a5c9478e9	18	48133	3331396	2346	0.0233
003dbdff-c9a6-4253-8792-471a5c9478e9	18	3331419	3347815	11	0.555
003dbdff-c9a6-4253-8792-471a5c9478e9	18	3353654	14088882	7678	0.0075
003dbdff-c9a6-4253-8792-471a5c9478e9	18	14090897	21128631	440	0.1185
003dbdff-c9a6-4253-8792-471a5c9478e9	18	21131323	52178916	20167	0.0018
003dbdff-c9a6-4253-8792-471a5c9478e9	18	52182161	52183578	6	-0.9295
003dbdff-c9a6-4253-8792-471a5c9478e9	18	52188888	65532840	9259	0.0007
003dbdff-c9a6-4253-8792-471a5c9478e9	18	65533230	65537481	18	0.7004
003dbdff-c9a6-4253-8792-471a5c9478e9	18	65540037	80257174	10790	0.0076
003dbdff-c9a6-4253-8792-471a5c9478e9	19	90910	35358420	16703	0.0137
003dbdff-c9a6-4253-8792-471a5c9478e9	19	35364451	35370268	17	-0.4528
003dbdff-c9a6-4253-8792-471a5c9478e9	19	35370747	42711176	3666	0.0179
003dbdff-c9a6-4253-8792-471a5c9478e9	19	42712819	43436624	312	0.1454
003dbdff-c9a6-4253-8792-471a5c9478e9	19	43443892	55766684	6563	0.0181
003dbdff-c9a6-4253-8792-471a5c9478e9	19	55770704	55777575	7	0.7937
003dbdff-c9a6-4253-8792-471a5c9478e9	19	55782335	57516135	1245	-0.0025
003dbdff-c9a6-4253-8792-471a5c9478e9	19	57516384	57523861	3	0.9574
003dbdff-c9a6-4253-8792-471a5c9478e9	19	57526742	58586487	588	0.0144
003dbdff-c9a6-4253-8792-471a5c9478e9	20	80664	1580353	1204	0.0325
003dbdff-c9a6-4253-8792-471a5c9478e9	20	1580934	1613247	41	1.6095
003dbdff-c9a6-4253-8792-471a5c9478e9	20	1617300	54191351	33839	0.0072
003dbdff-c9a6-4253-8792-471a5c9478e9	20	54191421	54191523	2	-1.4264
003dbdff-c9a6-4253-8792-471a5c9478e9	20	54192240	61013529	5524	0.0006
003dbdff-c9a6-4253-8792-471a5c9478e9	20	61014142	61015001	9	0.6058
003dbdff-c9a6-4253-8792-471a5c9478e9	20	61015027	63904241	1554	0.0128
003dbdff-c9a6-4253-8792-471a5c9478e9	20	63916846	63932435	7	0.6064
003dbdff-c9a6-4253-8792-471a5c9478e9	20	63933088	64324800	183	0.0251
003dbdff-c9a6-4253-8792-471a5c9478e9	21	10354168	13963953	315	0.1505
003dbdff-c9a6-4253-8792-471a5c9478e9	21	13964098	46677045	23532	0.0038
003dbdff-c9a6-4253-8792-471a5c9478e9	22	15294547	15825678	33	0.0088
003dbdff-c9a6-4253-8792-471a5c9478e9	22	15825902	16766183	112	0.247
003dbdff-c9a6-4253-8792-471a5c9478e9	22	16767314	17014661	156	0.0416
003dbdff-c9a6-4253-8792-471a5c9478e9	22	17018144	17018618	2	1.4289
003dbdff-c9a6-4253-8792-471a5c9478e9	22	17019000	18649244	831	0.0139
003dbdff-c9a6-4253-8792-471a5c9478e9	22	18760927	18950430	11	0.6781
003dbdff-c9a6-4253-8792-471a5c9478e9	22	18951419	24015674	3266	0.0657
003dbdff-c9a6-4253-8792-471a5c9478e9	22	24020015	40397256	11542	0.01
003dbdff-c9a6-4253-8792-471a5c9478e9	22	40398586	40398816	2	-1.5947
003dbdff-c9a6-4253-8792-471a5c9478e9	22	40401668	48985051	6176	0.013
003dbdff-c9a6-4253-8792-471a5c9478e9	22	48992901	50796027	1142	0.0647
003dbdff-c9a6-4253-8792-471a5c9478e9	X	251810	155952689	83502	0.0071
003dbdff-c9a6-4253-8792-471a5c9478e9	Y	2782397	56872112	6640	-0.9523
