GDC_Aliquot	Chromosome	Start	End	Num_Probes	Segment_Mean
4fd7515b-03d6-4df3-9218-5102c294b45c	1	62920	864083	47	0.2556
4fd7515b-03d6-4df3-9218-5102c294b45c	1	864351	31148580	16974	-0.1337
4fd7515b-03d6-4df3-9218-5102c294b45c	1	31150820	31152499	2	-2.4834
4fd7515b-03d6-4df3-9218-5102c294b45c	1	31152542	38386328	3989	-0.1347
4fd7515b-03d6-4df3-9218-5102c294b45c	1	38392489	38396462	2	2.0947
4fd7515b-03d6-4df3-9218-5102c294b45c	1	38400444	58585984	12273	-0.1268
4fd7515b-03d6-4df3-9218-5102c294b45c	1	58591260	105593117	30551	-0.1829
4fd7515b-03d6-4df3-9218-5102c294b45c	1	105593285	105594291	4	1.5003
4fd7515b-03d6-4df3-9218-5102c294b45c	1	105596841	119556421	9239	-0.1888
4fd7515b-03d6-4df3-9218-5102c294b45c	1	119559935	121705338	441	-0.1182
4fd7515b-03d6-4df3-9218-5102c294b45c	1	143459641	152789918	2651	0.3098
4fd7515b-03d6-4df3-9218-5102c294b45c	1	152789962	152806050	33	0.7907
4fd7515b-03d6-4df3-9218-5102c294b45c	1	152806082	192928879	26871	0.3012
4fd7515b-03d6-4df3-9218-5102c294b45c	1	192941649	193422247	408	0.0974
4fd7515b-03d6-4df3-9218-5102c294b45c	1	193423184	199138574	3631	0.3065
4fd7515b-03d6-4df3-9218-5102c294b45c	1	199142235	199143343	6	-0.9364
4fd7515b-03d6-4df3-9218-5102c294b45c	1	199143396	217968787	13058	0.3056
4fd7515b-03d6-4df3-9218-5102c294b45c	1	217968932	217969079	2	-2.3229
4fd7515b-03d6-4df3-9218-5102c294b45c	1	217969477	248930189	21377	0.3034
4fd7515b-03d6-4df3-9218-5102c294b45c	2	12784	34427804	24081	0.0866
4fd7515b-03d6-4df3-9218-5102c294b45c	2	34434869	34517969	65	0.5143
4fd7515b-03d6-4df3-9218-5102c294b45c	2	34521390	77168024	28989	0.0954
4fd7515b-03d6-4df3-9218-5102c294b45c	2	77168512	78728212	934	-0.0506
4fd7515b-03d6-4df3-9218-5102c294b45c	2	78728668	89960252	5892	0.0772
4fd7515b-03d6-4df3-9218-5102c294b45c	2	89963133	90228237	119	-0.6567
4fd7515b-03d6-4df3-9218-5102c294b45c	2	90228255	132528129	21654	-0.1677
4fd7515b-03d6-4df3-9218-5102c294b45c	2	132537257	132537264	2	2.2325
4fd7515b-03d6-4df3-9218-5102c294b45c	2	132537271	147588045	9461	-0.1819
4fd7515b-03d6-4df3-9218-5102c294b45c	2	147588480	234633494	53661	-0.1593
4fd7515b-03d6-4df3-9218-5102c294b45c	2	234633745	241841244	4476	-0.2043
4fd7515b-03d6-4df3-9218-5102c294b45c	2	241973315	242147305	128	-0.7864
4fd7515b-03d6-4df3-9218-5102c294b45c	3	20930	374882	336	0.0127
4fd7515b-03d6-4df3-9218-5102c294b45c	3	375260	65203644	44979	-0.0415
4fd7515b-03d6-4df3-9218-5102c294b45c	3	65203772	65214027	29	-0.7785
4fd7515b-03d6-4df3-9218-5102c294b45c	3	65214192	68675541	2442	-0.0303
4fd7515b-03d6-4df3-9218-5102c294b45c	3	68676600	68700090	25	0.5458
4fd7515b-03d6-4df3-9218-5102c294b45c	3	68700106	89319142	12591	-0.0447
4fd7515b-03d6-4df3-9218-5102c294b45c	3	89319479	131740231	23078	0.0471
4fd7515b-03d6-4df3-9218-5102c294b45c	3	131740303	158477221	16579	0.0723
4fd7515b-03d6-4df3-9218-5102c294b45c	3	158480499	167284625	5216	0.0435
4fd7515b-03d6-4df3-9218-5102c294b45c	3	167286035	170604482	2004	0.1193
4fd7515b-03d6-4df3-9218-5102c294b45c	3	170604858	174595653	2619	0.055
4fd7515b-03d6-4df3-9218-5102c294b45c	3	174596152	174922478	213	-0.2398
4fd7515b-03d6-4df3-9218-5102c294b45c	3	174927526	175019814	63	-0.7345
4fd7515b-03d6-4df3-9218-5102c294b45c	3	175019899	175193829	121	-0.3617
4fd7515b-03d6-4df3-9218-5102c294b45c	3	175195806	175715918	443	0.0235
4fd7515b-03d6-4df3-9218-5102c294b45c	3	175716495	176215159	295	0.2811
4fd7515b-03d6-4df3-9218-5102c294b45c	3	176216825	193162798	10970	0.0532
4fd7515b-03d6-4df3-9218-5102c294b45c	3	193162937	193163053	3	-2.1836
4fd7515b-03d6-4df3-9218-5102c294b45c	3	193164615	198169247	2701	0.0639
4fd7515b-03d6-4df3-9218-5102c294b45c	4	68929	1041640	347	-0.1424
4fd7515b-03d6-4df3-9218-5102c294b45c	4	1051323	1051383	2	1.9389
4fd7515b-03d6-4df3-9218-5102c294b45c	4	1051535	9450197	4803	-0.1223
4fd7515b-03d6-4df3-9218-5102c294b45c	4	9455251	9477560	6	1.5956
4fd7515b-03d6-4df3-9218-5102c294b45c	4	9477699	10227652	553	-0.1176
4fd7515b-03d6-4df3-9218-5102c294b45c	4	10227668	10232984	19	0.676
4fd7515b-03d6-4df3-9218-5102c294b45c	4	10233383	13269330	2511	-0.0914
4fd7515b-03d6-4df3-9218-5102c294b45c	4	13269362	13275301	10	-1.0249
4fd7515b-03d6-4df3-9218-5102c294b45c	4	13275456	34784878	14453	-0.1019
4fd7515b-03d6-4df3-9218-5102c294b45c	4	34785333	34817589	34	-1.8215
4fd7515b-03d6-4df3-9218-5102c294b45c	4	34819718	90141341	32843	-0.0877
4fd7515b-03d6-4df3-9218-5102c294b45c	4	90142552	90503866	212	-0.409
4fd7515b-03d6-4df3-9218-5102c294b45c	4	90505709	90809174	189	-0.074
4fd7515b-03d6-4df3-9218-5102c294b45c	4	90819399	90931589	53	-0.4449
4fd7515b-03d6-4df3-9218-5102c294b45c	4	90931644	111376705	12064	-0.0863
4fd7515b-03d6-4df3-9218-5102c294b45c	4	111384346	111384623	4	-1.546
4fd7515b-03d6-4df3-9218-5102c294b45c	4	111384670	114252500	1851	-0.0648
4fd7515b-03d6-4df3-9218-5102c294b45c	4	114252544	114263154	28	0.5289
4fd7515b-03d6-4df3-9218-5102c294b45c	4	114263166	171447380	34638	-0.0874
4fd7515b-03d6-4df3-9218-5102c294b45c	4	171448195	171456625	13	1.4609
4fd7515b-03d6-4df3-9218-5102c294b45c	4	171459220	172065874	388	-0.064
4fd7515b-03d6-4df3-9218-5102c294b45c	4	172066242	172074828	22	0.6421
4fd7515b-03d6-4df3-9218-5102c294b45c	4	172075742	174870177	1574	-0.0799
4fd7515b-03d6-4df3-9218-5102c294b45c	4	174871369	190106768	10488	-0.2583
4fd7515b-03d6-4df3-9218-5102c294b45c	5	15532	12785150	10185	0.0593
4fd7515b-03d6-4df3-9218-5102c294b45c	5	12790757	12857021	20	0.9945
4fd7515b-03d6-4df3-9218-5102c294b45c	5	12857227	17513301	3170	0.0698
4fd7515b-03d6-4df3-9218-5102c294b45c	5	17515692	17655029	21	-0.8264
4fd7515b-03d6-4df3-9218-5102c294b45c	5	17662996	42273253	15534	0.0692
4fd7515b-03d6-4df3-9218-5102c294b45c	5	42274303	42276367	3	2.0211
4fd7515b-03d6-4df3-9218-5102c294b45c	5	42277189	46271006	1740	0.0727
4fd7515b-03d6-4df3-9218-5102c294b45c	5	46271828	46273400	6	-1.5737
4fd7515b-03d6-4df3-9218-5102c294b45c	5	46278110	56185985	3711	-0.1965
4fd7515b-03d6-4df3-9218-5102c294b45c	5	56186572	58025819	1356	-0.2635
4fd7515b-03d6-4df3-9218-5102c294b45c	5	58030200	58037466	30	0.7553
4fd7515b-03d6-4df3-9218-5102c294b45c	5	58037688	59801097	1381	-0.2648
4fd7515b-03d6-4df3-9218-5102c294b45c	5	59806934	59906460	73	-0.6581
4fd7515b-03d6-4df3-9218-5102c294b45c	5	59907309	110846397	29372	-0.2522
4fd7515b-03d6-4df3-9218-5102c294b45c	5	110848199	116031070	3777	-0.1932
4fd7515b-03d6-4df3-9218-5102c294b45c	5	116032337	116034614	2	-3.386
4fd7515b-03d6-4df3-9218-5102c294b45c	5	116035385	130741345	9608	-0.1819
4fd7515b-03d6-4df3-9218-5102c294b45c	5	130742921	152317705	13506	-0.0342
4fd7515b-03d6-4df3-9218-5102c294b45c	5	152317879	152319483	2	-2.3264
4fd7515b-03d6-4df3-9218-5102c294b45c	5	152320008	172240274	13812	-0.0465
4fd7515b-03d6-4df3-9218-5102c294b45c	5	172240564	172243270	2	-2.5369
4fd7515b-03d6-4df3-9218-5102c294b45c	5	172244114	177771448	3512	-0.0478
4fd7515b-03d6-4df3-9218-5102c294b45c	5	177800550	177805604	3	1.9336
4fd7515b-03d6-4df3-9218-5102c294b45c	5	177827964	180953203	1797	-0.0575
4fd7515b-03d6-4df3-9218-5102c294b45c	5	180960138	180987465	11	-1.7744
4fd7515b-03d6-4df3-9218-5102c294b45c	5	180990207	181363319	175	-0.0347
4fd7515b-03d6-4df3-9218-5102c294b45c	6	149661	265143	107	0.3399
4fd7515b-03d6-4df3-9218-5102c294b45c	6	267622	382559	96	-0.0053
4fd7515b-03d6-4df3-9218-5102c294b45c	6	382897	27554595	20357	0.3317
4fd7515b-03d6-4df3-9218-5102c294b45c	6	27559505	27712791	96	0.1021
4fd7515b-03d6-4df3-9218-5102c294b45c	6	27720590	29906932	1026	0.3292
4fd7515b-03d6-4df3-9218-5102c294b45c	6	29907031	29931120	8	-0.7276
4fd7515b-03d6-4df3-9218-5102c294b45c	6	29931900	32485152	1160	0.3584
4fd7515b-03d6-4df3-9218-5102c294b45c	6	32486498	32540699	16	2.0747
4fd7515b-03d6-4df3-9218-5102c294b45c	6	32541506	32723053	93	0.7127
4fd7515b-03d6-4df3-9218-5102c294b45c	6	32732907	54066582	13659	0.3357
4fd7515b-03d6-4df3-9218-5102c294b45c	6	54066621	54070550	4	-1.1957
4fd7515b-03d6-4df3-9218-5102c294b45c	6	54070617	58126421	2089	0.3315
4fd7515b-03d6-4df3-9218-5102c294b45c	6	58126776	60739315	243	0.0774
4fd7515b-03d6-4df3-9218-5102c294b45c	6	60739693	60746457	7	0.7914
4fd7515b-03d6-4df3-9218-5102c294b45c	6	60749069	78259348	10823	-0.1427
4fd7515b-03d6-4df3-9218-5102c294b45c	6	78259388	78336944	120	0.3048
4fd7515b-03d6-4df3-9218-5102c294b45c	6	78341897	85445938	4566	-0.1387
4fd7515b-03d6-4df3-9218-5102c294b45c	6	85451551	85656074	85	-0.4717
4fd7515b-03d6-4df3-9218-5102c294b45c	6	85660918	156931529	45443	-0.1385
4fd7515b-03d6-4df3-9218-5102c294b45c	6	156933953	159241154	1327	-0.2138
4fd7515b-03d6-4df3-9218-5102c294b45c	6	159241315	161860340	1978	-0.14
4fd7515b-03d6-4df3-9218-5102c294b45c	6	161860365	162537688	589	-0.441
4fd7515b-03d6-4df3-9218-5102c294b45c	6	162537819	168155667	3966	-0.1757
4fd7515b-03d6-4df3-9218-5102c294b45c	6	168156940	168158833	3	-2.6255
4fd7515b-03d6-4df3-9218-5102c294b45c	6	168165127	170741917	1700	-0.1872
4fd7515b-03d6-4df3-9218-5102c294b45c	7	43355	54318819	38490	0.2669
4fd7515b-03d6-4df3-9218-5102c294b45c	7	54318821	54318824	2	3.9261
4fd7515b-03d6-4df3-9218-5102c294b45c	7	54325795	62701896	2133	0.2516
4fd7515b-03d6-4df3-9218-5102c294b45c	7	62720732	109793728	26305	0.1174
4fd7515b-03d6-4df3-9218-5102c294b45c	7	109793741	109800862	20	0.8396
4fd7515b-03d6-4df3-9218-5102c294b45c	7	109800863	109834003	41	0.2639
4fd7515b-03d6-4df3-9218-5102c294b45c	7	109834473	111453897	1088	0.0394
4fd7515b-03d6-4df3-9218-5102c294b45c	7	111461486	111561897	50	-0.2933
4fd7515b-03d6-4df3-9218-5102c294b45c	7	111565751	134100442	13578	0.0764
4fd7515b-03d6-4df3-9218-5102c294b45c	7	134100458	134113314	28	0.5959
4fd7515b-03d6-4df3-9218-5102c294b45c	7	134113356	142063324	5198	0.08
4fd7515b-03d6-4df3-9218-5102c294b45c	7	142069843	142088099	26	-0.6207
4fd7515b-03d6-4df3-9218-5102c294b45c	7	142088173	159334314	10871	0.0587
4fd7515b-03d6-4df3-9218-5102c294b45c	8	81254	35117091	28234	0.0047
4fd7515b-03d6-4df3-9218-5102c294b45c	8	35118610	35244455	71	0.6659
4fd7515b-03d6-4df3-9218-5102c294b45c	8	35250447	50119451	6839	-0.0015
4fd7515b-03d6-4df3-9218-5102c294b45c	8	50119464	50119827	7	-1.2794
4fd7515b-03d6-4df3-9218-5102c294b45c	8	50126018	50296522	128	-0.085
4fd7515b-03d6-4df3-9218-5102c294b45c	8	50296960	139108917	57080	0.0043
4fd7515b-03d6-4df3-9218-5102c294b45c	8	139108993	145072769	3129	-0.0509
4fd7515b-03d6-4df3-9218-5102c294b45c	9	46587	39110889	31099	-0.3368
4fd7515b-03d6-4df3-9218-5102c294b45c	9	39134929	61557822	258	-0.0787
4fd7515b-03d6-4df3-9218-5102c294b45c	9	61561095	61633080	14	-1.3418
4fd7515b-03d6-4df3-9218-5102c294b45c	9	61647899	67915741	167	0.0784
4fd7515b-03d6-4df3-9218-5102c294b45c	9	68318441	90858681	16225	-0.3407
4fd7515b-03d6-4df3-9218-5102c294b45c	9	90858709	90865019	9	0.7887
4fd7515b-03d6-4df3-9218-5102c294b45c	9	90867227	95487805	2976	-0.356
4fd7515b-03d6-4df3-9218-5102c294b45c	9	95487916	95488676	5	1.1895
4fd7515b-03d6-4df3-9218-5102c294b45c	9	95491372	110198272	10582	-0.3356
4fd7515b-03d6-4df3-9218-5102c294b45c	9	110199505	110219729	16	-1.0739
4fd7515b-03d6-4df3-9218-5102c294b45c	9	110220784	135334696	16915	-0.3361
4fd7515b-03d6-4df3-9218-5102c294b45c	9	135334785	135335019	3	1.6565
4fd7515b-03d6-4df3-9218-5102c294b45c	9	135335157	138109553	1023	-0.3373
4fd7515b-03d6-4df3-9218-5102c294b45c	9	138110039	138200944	55	0.1054
4fd7515b-03d6-4df3-9218-5102c294b45c	10	45792	24088746	19169	-0.1888
4fd7515b-03d6-4df3-9218-5102c294b45c	10	24088747	24089125	9	-1.9392
4fd7515b-03d6-4df3-9218-5102c294b45c	10	24089979	46522571	12460	-0.1839
4fd7515b-03d6-4df3-9218-5102c294b45c	10	46525652	46526280	14	0.6831
4fd7515b-03d6-4df3-9218-5102c294b45c	10	46526920	51371212	2553	-0.2011
4fd7515b-03d6-4df3-9218-5102c294b45c	10	51371937	51442945	61	-0.5983
4fd7515b-03d6-4df3-9218-5102c294b45c	10	51443026	56368030	3728	-0.1866
4fd7515b-03d6-4df3-9218-5102c294b45c	10	56368271	59597949	2352	0.0746
4fd7515b-03d6-4df3-9218-5102c294b45c	10	59598028	59606636	19	0.6282
4fd7515b-03d6-4df3-9218-5102c294b45c	10	59606737	63790926	2811	0.0732
4fd7515b-03d6-4df3-9218-5102c294b45c	10	63793460	63795036	2	2.5743
4fd7515b-03d6-4df3-9218-5102c294b45c	10	63799001	65548165	1202	0.0725
4fd7515b-03d6-4df3-9218-5102c294b45c	10	65548178	65554672	26	-0.4397
4fd7515b-03d6-4df3-9218-5102c294b45c	10	65554688	75670683	6168	0.0808
4fd7515b-03d6-4df3-9218-5102c294b45c	10	75671823	76271724	452	-0.1889
4fd7515b-03d6-4df3-9218-5102c294b45c	10	76271789	81121574	3492	0.0751
4fd7515b-03d6-4df3-9218-5102c294b45c	10	81122049	81134713	10	-0.8866
4fd7515b-03d6-4df3-9218-5102c294b45c	10	81137106	95005176	9288	0.0821
4fd7515b-03d6-4df3-9218-5102c294b45c	10	95007177	133654968	26796	-0.1914
4fd7515b-03d6-4df3-9218-5102c294b45c	11	198510	4946166	2417	-0.0713
4fd7515b-03d6-4df3-9218-5102c294b45c	11	4946420	4954445	28	0.6338
4fd7515b-03d6-4df3-9218-5102c294b45c	11	4954475	18919323	10225	-0.0544
4fd7515b-03d6-4df3-9218-5102c294b45c	11	18927525	18949158	48	0.5379
4fd7515b-03d6-4df3-9218-5102c294b45c	11	18949201	122678506	64600	-0.0582
4fd7515b-03d6-4df3-9218-5102c294b45c	11	122679665	122680417	2	2.6564
4fd7515b-03d6-4df3-9218-5102c294b45c	11	122681508	135074876	9486	-0.0718
4fd7515b-03d6-4df3-9218-5102c294b45c	12	51460	4279366	2890	0.1591
4fd7515b-03d6-4df3-9218-5102c294b45c	12	4279989	4280040	4	-2.4419
4fd7515b-03d6-4df3-9218-5102c294b45c	12	4280183	9481274	3284	0.1426
4fd7515b-03d6-4df3-9218-5102c294b45c	12	9485313	9508122	8	-1.5926
4fd7515b-03d6-4df3-9218-5102c294b45c	12	9514854	9583090	18	-0.3851
4fd7515b-03d6-4df3-9218-5102c294b45c	12	9584060	29010695	13524	0.1647
4fd7515b-03d6-4df3-9218-5102c294b45c	12	29011388	29011589	2	-2.851
4fd7515b-03d6-4df3-9218-5102c294b45c	12	29015050	37886114	3962	0.1672
4fd7515b-03d6-4df3-9218-5102c294b45c	12	37886234	88814249	31201	-0.0589
4fd7515b-03d6-4df3-9218-5102c294b45c	12	88818389	130454678	28426	-0.1159
4fd7515b-03d6-4df3-9218-5102c294b45c	12	130454746	130474482	18	-0.7917
4fd7515b-03d6-4df3-9218-5102c294b45c	12	130475482	132965375	1384	-0.1399
4fd7515b-03d6-4df3-9218-5102c294b45c	12	132967855	133201603	122	-0.0247
4fd7515b-03d6-4df3-9218-5102c294b45c	13	18452809	62410562	29195	0.8862
4fd7515b-03d6-4df3-9218-5102c294b45c	13	62413943	62415937	3	-1.4968
4fd7515b-03d6-4df3-9218-5102c294b45c	13	62417153	114342922	34970	0.8914
4fd7515b-03d6-4df3-9218-5102c294b45c	14	18239283	19955213	167	0.1985
4fd7515b-03d6-4df3-9218-5102c294b45c	14	19956767	21991283	1406	-0.1976
4fd7515b-03d6-4df3-9218-5102c294b45c	14	21993192	22501252	437	-0.0027
4fd7515b-03d6-4df3-9218-5102c294b45c	14	22501272	23434908	513	-0.1879
4fd7515b-03d6-4df3-9218-5102c294b45c	14	23435015	23450291	11	-1.3547
4fd7515b-03d6-4df3-9218-5102c294b45c	14	23450315	26310436	1967	-0.1861
4fd7515b-03d6-4df3-9218-5102c294b45c	14	26314697	26315707	8	1.2367
4fd7515b-03d6-4df3-9218-5102c294b45c	14	26325898	39353698	8090	-0.186
4fd7515b-03d6-4df3-9218-5102c294b45c	14	39357507	39739771	213	-0.5031
4fd7515b-03d6-4df3-9218-5102c294b45c	14	39741805	84037179	28366	-0.1905
4fd7515b-03d6-4df3-9218-5102c294b45c	14	84037349	84038468	4	1.5511
4fd7515b-03d6-4df3-9218-5102c294b45c	14	84038681	106260759	13869	-0.2018
4fd7515b-03d6-4df3-9218-5102c294b45c	14	106264001	106340774	36	0.1861
4fd7515b-03d6-4df3-9218-5102c294b45c	14	106345431	106365807	8	-2.0873
4fd7515b-03d6-4df3-9218-5102c294b45c	14	106369985	106877229	270	-0.1815
4fd7515b-03d6-4df3-9218-5102c294b45c	15	19811075	101928837	51543	0.0533
4fd7515b-03d6-4df3-9218-5102c294b45c	16	10777	5375167	2416	-0.0636
4fd7515b-03d6-4df3-9218-5102c294b45c	16	5375189	5940781	655	-0.2261
4fd7515b-03d6-4df3-9218-5102c294b45c	16	5941072	6861209	1155	-0.0637
4fd7515b-03d6-4df3-9218-5102c294b45c	16	6861440	6951710	93	-0.5527
4fd7515b-03d6-4df3-9218-5102c294b45c	16	6954135	7296095	464	-0.2334
4fd7515b-03d6-4df3-9218-5102c294b45c	16	7296097	21356685	9593	0.0587
4fd7515b-03d6-4df3-9218-5102c294b45c	16	21361279	21584992	28	-0.6609
4fd7515b-03d6-4df3-9218-5102c294b45c	16	21586954	22576696	367	0.0761
4fd7515b-03d6-4df3-9218-5102c294b45c	16	22576729	22693199	63	-0.5562
4fd7515b-03d6-4df3-9218-5102c294b45c	16	22699421	55762682	12095	0.0686
4fd7515b-03d6-4df3-9218-5102c294b45c	16	55764310	55764867	3	2.0245
4fd7515b-03d6-4df3-9218-5102c294b45c	16	55770436	55775554	7	0.4169
4fd7515b-03d6-4df3-9218-5102c294b45c	16	55776109	61213934	3400	0.0669
4fd7515b-03d6-4df3-9218-5102c294b45c	16	61216067	61220267	2	2.1075
4fd7515b-03d6-4df3-9218-5102c294b45c	16	61221447	78337711	10888	0.0748
4fd7515b-03d6-4df3-9218-5102c294b45c	16	78338543	78347366	14	-1.6074
4fd7515b-03d6-4df3-9218-5102c294b45c	16	78349243	82751082	4823	0.0556
4fd7515b-03d6-4df3-9218-5102c294b45c	16	82751220	82751514	3	-1.8486
4fd7515b-03d6-4df3-9218-5102c294b45c	16	82752297	89872043	5671	0.0466
4fd7515b-03d6-4df3-9218-5102c294b45c	16	89888987	90096867	125	-0.0282
4fd7515b-03d6-4df3-9218-5102c294b45c	17	150733	10073260	5766	-0.2062
4fd7515b-03d6-4df3-9218-5102c294b45c	17	10073320	10076522	2	2.5799
4fd7515b-03d6-4df3-9218-5102c294b45c	17	10077612	26947350	7122	-0.2029
4fd7515b-03d6-4df3-9218-5102c294b45c	17	26949301	41273905	7935	0.0061
4fd7515b-03d6-4df3-9218-5102c294b45c	17	41273921	41273934	2	-2.3408
4fd7515b-03d6-4df3-9218-5102c294b45c	17	41274198	72681384	18562	0.0056
4fd7515b-03d6-4df3-9218-5102c294b45c	17	72681764	78424123	3385	0.1701
4fd7515b-03d6-4df3-9218-5102c294b45c	17	78429944	78433764	3	-1.9893
4fd7515b-03d6-4df3-9218-5102c294b45c	17	78435287	83071333	2242	0.1687
4fd7515b-03d6-4df3-9218-5102c294b45c	17	83071714	83091923	6	-0.5878
4fd7515b-03d6-4df3-9218-5102c294b45c	18	48133	77106558	48637	-0.1942
4fd7515b-03d6-4df3-9218-5102c294b45c	18	77106803	77108960	4	-2.6225
4fd7515b-03d6-4df3-9218-5102c294b45c	18	77109166	80257174	2058	-0.2286
4fd7515b-03d6-4df3-9218-5102c294b45c	19	90910	260912	8	0.3385
4fd7515b-03d6-4df3-9218-5102c294b45c	19	260970	24413948	11143	-0.1884
4fd7515b-03d6-4df3-9218-5102c294b45c	19	27257085	53013829	14560	0.1629
4fd7515b-03d6-4df3-9218-5102c294b45c	19	53015494	53043602	20	0.8262
4fd7515b-03d6-4df3-9218-5102c294b45c	19	53044108	58586487	3377	0.1478
4fd7515b-03d6-4df3-9218-5102c294b45c	20	80664	1571811	1183	0.5481
4fd7515b-03d6-4df3-9218-5102c294b45c	20	1576544	1580353	21	-0.331
4fd7515b-03d6-4df3-9218-5102c294b45c	20	1580934	1613247	41	2.0481
4fd7515b-03d6-4df3-9218-5102c294b45c	20	1617300	13600196	9251	0.5633
4fd7515b-03d6-4df3-9218-5102c294b45c	20	13600450	13602263	2	-1.4213
4fd7515b-03d6-4df3-9218-5102c294b45c	20	13605387	14553292	494	0.5655
4fd7515b-03d6-4df3-9218-5102c294b45c	20	14554153	15003772	382	0.3159
4fd7515b-03d6-4df3-9218-5102c294b45c	20	15005509	26285462	8641	0.5487
4fd7515b-03d6-4df3-9218-5102c294b45c	20	26285677	64239470	22341	0.7297
4fd7515b-03d6-4df3-9218-5102c294b45c	20	64239879	64324800	40	0.5902
4fd7515b-03d6-4df3-9218-5102c294b45c	21	10354168	10427776	12	-0.0625
4fd7515b-03d6-4df3-9218-5102c294b45c	21	10448914	10568903	42	0.6264
4fd7515b-03d6-4df3-9218-5102c294b45c	21	10569525	38433567	18058	0.1717
4fd7515b-03d6-4df3-9218-5102c294b45c	21	38433590	38433625	2	-2.3333
4fd7515b-03d6-4df3-9218-5102c294b45c	21	38433731	46677045	5751	0.1569
4fd7515b-03d6-4df3-9218-5102c294b45c	22	15294547	20215605	1963	-0.2164
4fd7515b-03d6-4df3-9218-5102c294b45c	22	20216982	20223805	8	1.0578
4fd7515b-03d6-4df3-9218-5102c294b45c	22	20226155	25288441	3248	-0.1756
4fd7515b-03d6-4df3-9218-5102c294b45c	22	25288864	25296774	4	1.4178
4fd7515b-03d6-4df3-9218-5102c294b45c	22	25304367	29473201	3493	-0.2055
4fd7515b-03d6-4df3-9218-5102c294b45c	22	29474269	29485728	6	0.9954
4fd7515b-03d6-4df3-9218-5102c294b45c	22	29485839	38137048	6053	-0.1993
4fd7515b-03d6-4df3-9218-5102c294b45c	22	38137964	38142239	2	-2.4127
4fd7515b-03d6-4df3-9218-5102c294b45c	22	38142633	38998468	473	-0.186
4fd7515b-03d6-4df3-9218-5102c294b45c	22	38999277	38999502	6	1.2191
4fd7515b-03d6-4df3-9218-5102c294b45c	22	39003307	42496576	1873	-0.1837
4fd7515b-03d6-4df3-9218-5102c294b45c	22	42496590	42529206	19	-0.9027
4fd7515b-03d6-4df3-9218-5102c294b45c	22	42529608	49110730	5097	-0.23
4fd7515b-03d6-4df3-9218-5102c294b45c	22	49111033	49112166	2	-3.4081
4fd7515b-03d6-4df3-9218-5102c294b45c	22	49115637	50796027	995	-0.2532
4fd7515b-03d6-4df3-9218-5102c294b45c	X	251810	73456689	38096	0.0136
4fd7515b-03d6-4df3-9218-5102c294b45c	X	73457006	73846912	164	-0.4831
4fd7515b-03d6-4df3-9218-5102c294b45c	X	73868093	103998938	15490	0.0196
4fd7515b-03d6-4df3-9218-5102c294b45c	X	103999013	104090650	73	0.3177
4fd7515b-03d6-4df3-9218-5102c294b45c	X	104091067	112468139	4399	0.0149
4fd7515b-03d6-4df3-9218-5102c294b45c	X	112474685	112499268	15	-0.8894
4fd7515b-03d6-4df3-9218-5102c294b45c	X	112499549	153222256	24377	0.0152
4fd7515b-03d6-4df3-9218-5102c294b45c	X	153223198	153223294	2	-2.2051
4fd7515b-03d6-4df3-9218-5102c294b45c	X	153223764	155546046	907	-0.0044
4fd7515b-03d6-4df3-9218-5102c294b45c	X	155546050	155550280	6	0.8599
4fd7515b-03d6-4df3-9218-5102c294b45c	X	155550401	155952689	106	0.0033
4fd7515b-03d6-4df3-9218-5102c294b45c	Y	2782397	6249869	785	-1.9841
4fd7515b-03d6-4df3-9218-5102c294b45c	Y	6252391	21592463	5471	-2.296
4fd7515b-03d6-4df3-9218-5102c294b45c	Y	21592711	56872112	379	-2.0356
