GDC_Aliquot	Chromosome	Start	End	Copy_Number	Major_Copy_Number	Minor_Copy_Number
97f7b955-fcdc-4d2f-a6b1-284351179085	chr1	13116	11630670	2	1	1
97f7b955-fcdc-4d2f-a6b1-284351179085	chr1	11631897	11664651	3	2	1
97f7b955-fcdc-4d2f-a6b1-284351179085	chr1	11665661	70874065	2	1	1
97f7b955-fcdc-4d2f-a6b1-284351179085	chr1	70875267	72316860	1	1	0
97f7b955-fcdc-4d2f-a6b1-284351179085	chr1	72320416	96998244	2	1	1
97f7b955-fcdc-4d2f-a6b1-284351179085	chr1	97001675	97027381	1	1	0
97f7b955-fcdc-4d2f-a6b1-284351179085	chr1	97028481	203959284	2	1	1
97f7b955-fcdc-4d2f-a6b1-284351179085	chr1	203960929	204247340	1	1	0
97f7b955-fcdc-4d2f-a6b1-284351179085	chr1	204248434	228351267	2	1	1
97f7b955-fcdc-4d2f-a6b1-284351179085	chr1	228352841	229459059	1	1	0
97f7b955-fcdc-4d2f-a6b1-284351179085	chr1	229460314	248945703	2	1	1
97f7b955-fcdc-4d2f-a6b1-284351179085	chr2	10587	77565192	2	1	1
97f7b955-fcdc-4d2f-a6b1-284351179085	chr2	77566462	77571760	1	1	0
97f7b955-fcdc-4d2f-a6b1-284351179085	chr2	77572826	77603276	0	0	0
97f7b955-fcdc-4d2f-a6b1-284351179085	chr2	77605977	77813704	1	1	0
97f7b955-fcdc-4d2f-a6b1-284351179085	chr2	77814957	77951613	2	1	1
97f7b955-fcdc-4d2f-a6b1-284351179085	chr2	77952740	78515183	1	1	0
97f7b955-fcdc-4d2f-a6b1-284351179085	chr2	78516553	145171738	2	1	1
97f7b955-fcdc-4d2f-a6b1-284351179085	chr2	145173895	149933574	1	1	0
97f7b955-fcdc-4d2f-a6b1-284351179085	chr2	149935021	150998197	2	1	1
97f7b955-fcdc-4d2f-a6b1-284351179085	chr2	151000624	152634866	1	1	0
97f7b955-fcdc-4d2f-a6b1-284351179085	chr2	152636251	163495735	2	1	1
97f7b955-fcdc-4d2f-a6b1-284351179085	chr2	163497014	164580069	1	1	0
97f7b955-fcdc-4d2f-a6b1-284351179085	chr2	164581082	171914490	2	1	1
97f7b955-fcdc-4d2f-a6b1-284351179085	chr2	171916023	175423858	1	1	0
97f7b955-fcdc-4d2f-a6b1-284351179085	chr2	175425855	192707990	2	1	1
97f7b955-fcdc-4d2f-a6b1-284351179085	chr2	192717351	196874359	1	1	0
97f7b955-fcdc-4d2f-a6b1-284351179085	chr2	196875547	203626161	2	1	1
97f7b955-fcdc-4d2f-a6b1-284351179085	chr2	203627950	208633344	1	1	0
97f7b955-fcdc-4d2f-a6b1-284351179085	chr2	208634434	219664914	2	1	1
97f7b955-fcdc-4d2f-a6b1-284351179085	chr2	219668327	221296025	1	1	0
97f7b955-fcdc-4d2f-a6b1-284351179085	chr2	221298013	228520650	2	1	1
97f7b955-fcdc-4d2f-a6b1-284351179085	chr2	228522890	232918103	1	1	0
97f7b955-fcdc-4d2f-a6b1-284351179085	chr2	232919908	242183243	2	1	1
97f7b955-fcdc-4d2f-a6b1-284351179085	chr3	18519	16890061	2	1	1
97f7b955-fcdc-4d2f-a6b1-284351179085	chr3	16891211	17018356	1	1	0
97f7b955-fcdc-4d2f-a6b1-284351179085	chr3	17019536	60444499	2	1	1
97f7b955-fcdc-4d2f-a6b1-284351179085	chr3	60445783	60481736	1	1	0
97f7b955-fcdc-4d2f-a6b1-284351179085	chr3	60483149	181125613	2	1	1
97f7b955-fcdc-4d2f-a6b1-284351179085	chr3	181127869	181149882	1	1	0
97f7b955-fcdc-4d2f-a6b1-284351179085	chr3	181152240	198181744	2	1	1
97f7b955-fcdc-4d2f-a6b1-284351179085	chr4	11961	21467359	2	1	1
97f7b955-fcdc-4d2f-a6b1-284351179085	chr4	21468468	21602921	1	1	0
97f7b955-fcdc-4d2f-a6b1-284351179085	chr4	21604255	49487364	2	1	1
97f7b955-fcdc-4d2f-a6b1-284351179085	chr4	49488736	49592488	0	0	0
97f7b955-fcdc-4d2f-a6b1-284351179085	chr4	49598552	51794225	1	1	0
97f7b955-fcdc-4d2f-a6b1-284351179085	chr4	51795413	85882925	2	1	1
97f7b955-fcdc-4d2f-a6b1-284351179085	chr4	85884175	85940565	1	1	0
97f7b955-fcdc-4d2f-a6b1-284351179085	chr4	85941879	97918581	2	1	1
97f7b955-fcdc-4d2f-a6b1-284351179085	chr4	97919594	98318959	1	1	0
97f7b955-fcdc-4d2f-a6b1-284351179085	chr4	98320167	161518808	2	1	1
97f7b955-fcdc-4d2f-a6b1-284351179085	chr4	161521327	163403912	3	2	1
97f7b955-fcdc-4d2f-a6b1-284351179085	chr4	163405434	172970955	2	1	1
97f7b955-fcdc-4d2f-a6b1-284351179085	chr4	172974054	173408775	3	2	1
97f7b955-fcdc-4d2f-a6b1-284351179085	chr4	173410184	177134876	2	1	1
97f7b955-fcdc-4d2f-a6b1-284351179085	chr4	177136191	180580709	3	2	1
97f7b955-fcdc-4d2f-a6b1-284351179085	chr4	180582697	180779924	1	1	0
97f7b955-fcdc-4d2f-a6b1-284351179085	chr4	180781121	182971598	3	2	1
97f7b955-fcdc-4d2f-a6b1-284351179085	chr4	182973080	185417604	2	1	1
97f7b955-fcdc-4d2f-a6b1-284351179085	chr4	185419709	185743388	3	2	1
97f7b955-fcdc-4d2f-a6b1-284351179085	chr4	185744401	186721511	2	1	1
97f7b955-fcdc-4d2f-a6b1-284351179085	chr4	186723326	187527165	3	2	1
97f7b955-fcdc-4d2f-a6b1-284351179085	chr4	187528349	188653274	2	1	1
97f7b955-fcdc-4d2f-a6b1-284351179085	chr4	188654593	190122722	3	2	1
97f7b955-fcdc-4d2f-a6b1-284351179085	chr5	11882	175867535	2	1	1
97f7b955-fcdc-4d2f-a6b1-284351179085	chr5	175869177	176368650	1	1	0
97f7b955-fcdc-4d2f-a6b1-284351179085	chr5	176370239	177878094	2	1	1
97f7b955-fcdc-4d2f-a6b1-284351179085	chr5	177881352	178537788	1	1	0
97f7b955-fcdc-4d2f-a6b1-284351179085	chr5	178538974	181363900	2	1	1
97f7b955-fcdc-4d2f-a6b1-284351179085	chr6	100116	49676997	2	1	1
97f7b955-fcdc-4d2f-a6b1-284351179085	chr6	49678156	49744722	3	2	1
97f7b955-fcdc-4d2f-a6b1-284351179085	chr6	49745827	116130050	2	1	1
97f7b955-fcdc-4d2f-a6b1-284351179085	chr6	116131398	116351197	1	1	0
97f7b955-fcdc-4d2f-a6b1-284351179085	chr6	116352324	162257678	2	1	1
97f7b955-fcdc-4d2f-a6b1-284351179085	chr6	162259888	162456735	1	1	0
97f7b955-fcdc-4d2f-a6b1-284351179085	chr6	162457846	170740469	2	1	1
97f7b955-fcdc-4d2f-a6b1-284351179085	chr7	20608	63286495	2	1	1
97f7b955-fcdc-4d2f-a6b1-284351179085	chr7	63287845	63367113	1	1	0
97f7b955-fcdc-4d2f-a6b1-284351179085	chr7	63368317	76580482	2	1	1
97f7b955-fcdc-4d2f-a6b1-284351179085	chr7	76581837	77550398	1	1	0
97f7b955-fcdc-4d2f-a6b1-284351179085	chr7	77551415	159334386	2	1	1
97f7b955-fcdc-4d2f-a6b1-284351179085	chr8	61774	7167612	1	1	0
97f7b955-fcdc-4d2f-a6b1-284351179085	chr8	7169926	7192760	0	0	0
97f7b955-fcdc-4d2f-a6b1-284351179085	chr8	7194897	7482801	1	1	0
97f7b955-fcdc-4d2f-a6b1-284351179085	chr8	7495958	8088391	0	0	0
97f7b955-fcdc-4d2f-a6b1-284351179085	chr8	8090477	8120873	2	2	0
97f7b955-fcdc-4d2f-a6b1-284351179085	chr8	8132772	8232793	0	0	0
97f7b955-fcdc-4d2f-a6b1-284351179085	chr8	8234167	12088702	1	1	0
97f7b955-fcdc-4d2f-a6b1-284351179085	chr8	12089822	12150828	0	0	0
97f7b955-fcdc-4d2f-a6b1-284351179085	chr8	12152063	43981495	1	1	0
97f7b955-fcdc-4d2f-a6b1-284351179085	chr8	43982538	45929065	3	3	0
97f7b955-fcdc-4d2f-a6b1-284351179085	chr8	45930727	145078402	3	2	1
97f7b955-fcdc-4d2f-a6b1-284351179085	chr9	10469	138256233	2	1	1
97f7b955-fcdc-4d2f-a6b1-284351179085	chr10	15029	41862487	2	1	1
97f7b955-fcdc-4d2f-a6b1-284351179085	chr10	41864556	41883665	3	2	1
97f7b955-fcdc-4d2f-a6b1-284351179085	chr10	42103493	63529420	2	1	1
97f7b955-fcdc-4d2f-a6b1-284351179085	chr10	63531947	63743669	1	1	0
97f7b955-fcdc-4d2f-a6b1-284351179085	chr10	63745087	75880999	2	1	1
97f7b955-fcdc-4d2f-a6b1-284351179085	chr10	75882241	76378246	1	1	0
97f7b955-fcdc-4d2f-a6b1-284351179085	chr10	76379474	114170492	2	1	1
97f7b955-fcdc-4d2f-a6b1-284351179085	chr10	114171634	114728476	1	1	0
97f7b955-fcdc-4d2f-a6b1-284351179085	chr10	114729734	133787009	2	1	1
97f7b955-fcdc-4d2f-a6b1-284351179085	chr11	87268	690462	1	1	0
97f7b955-fcdc-4d2f-a6b1-284351179085	chr11	691636	2808577	3	2	1
97f7b955-fcdc-4d2f-a6b1-284351179085	chr11	2810311	10781833	2	1	1
97f7b955-fcdc-4d2f-a6b1-284351179085	chr11	10783516	13166430	3	2	1
97f7b955-fcdc-4d2f-a6b1-284351179085	chr11	13167486	16691474	2	1	1
97f7b955-fcdc-4d2f-a6b1-284351179085	chr11	16694982	18969490	3	2	1
97f7b955-fcdc-4d2f-a6b1-284351179085	chr11	18970706	81535722	2	1	1
97f7b955-fcdc-4d2f-a6b1-284351179085	chr11	81537144	81692048	1	1	0
97f7b955-fcdc-4d2f-a6b1-284351179085	chr11	81693149	135076424	2	1	1
97f7b955-fcdc-4d2f-a6b1-284351179085	chr12	11065	133264676	2	1	1
97f7b955-fcdc-4d2f-a6b1-284351179085	chr13	18445955	114343123	3	2	1
97f7b955-fcdc-4d2f-a6b1-284351179085	chr14	18223583	45275968	1	1	0
97f7b955-fcdc-4d2f-a6b1-284351179085	chr14	45277070	45666701	0	0	0
97f7b955-fcdc-4d2f-a6b1-284351179085	chr14	45668003	106430508	1	1	0
97f7b955-fcdc-4d2f-a6b1-284351179085	chr14	106431733	106462358	2	2	0
97f7b955-fcdc-4d2f-a6b1-284351179085	chr14	106463393	106880670	1	1	0
97f7b955-fcdc-4d2f-a6b1-284351179085	chr15	19795285	20323618	1	1	0
97f7b955-fcdc-4d2f-a6b1-284351179085	chr15	20324629	20337872	0	0	0
97f7b955-fcdc-4d2f-a6b1-284351179085	chr15	20339381	44654249	1	1	0
97f7b955-fcdc-4d2f-a6b1-284351179085	chr15	44658364	44714420	0	0	0
97f7b955-fcdc-4d2f-a6b1-284351179085	chr15	44717814	47258857	1	1	0
97f7b955-fcdc-4d2f-a6b1-284351179085	chr15	47259998	56808015	2	1	1
97f7b955-fcdc-4d2f-a6b1-284351179085	chr15	56810324	57360032	1	1	0
97f7b955-fcdc-4d2f-a6b1-284351179085	chr15	57361181	101980591	2	1	1
97f7b955-fcdc-4d2f-a6b1-284351179085	chr16	10291	36045725	2	1	1
97f7b955-fcdc-4d2f-a6b1-284351179085	chr16	46380940	46405393	1	1	0
97f7b955-fcdc-4d2f-a6b1-284351179085	chr16	46407648	90226358	2	1	1
97f7b955-fcdc-4d2f-a6b1-284351179085	chr17	151035	21620931	1	1	0
97f7b955-fcdc-4d2f-a6b1-284351179085	chr17	22043154	64690612	2	1	1
97f7b955-fcdc-4d2f-a6b1-284351179085	chr17	64693827	64711811	4	2	2
97f7b955-fcdc-4d2f-a6b1-284351179085	chr17	64713703	83237603	3	2	1
97f7b955-fcdc-4d2f-a6b1-284351179085	chr18	16444	80259190	1	1	0
97f7b955-fcdc-4d2f-a6b1-284351179085	chr19	157892	16705018	2	2	0
97f7b955-fcdc-4d2f-a6b1-284351179085	chr19	16706777	53218935	2	1	1
97f7b955-fcdc-4d2f-a6b1-284351179085	chr19	53220087	53299868	1	1	0
97f7b955-fcdc-4d2f-a6b1-284351179085	chr19	53300907	58607412	2	1	1
97f7b955-fcdc-4d2f-a6b1-284351179085	chr20	80457	14435677	2	1	1
97f7b955-fcdc-4d2f-a6b1-284351179085	chr20	14439405	15136267	1	1	0
97f7b955-fcdc-4d2f-a6b1-284351179085	chr20	15137322	15159768	0	0	0
97f7b955-fcdc-4d2f-a6b1-284351179085	chr20	15161107	15173930	1	1	0
97f7b955-fcdc-4d2f-a6b1-284351179085	chr20	15175796	15198107	2	2	0
97f7b955-fcdc-4d2f-a6b1-284351179085	chr20	15199318	64331516	2	1	1
97f7b955-fcdc-4d2f-a6b1-284351179085	chr21	7762688	7762688	2	2	0
97f7b955-fcdc-4d2f-a6b1-284351179085	chr21	8522577	9069390	1	1	0
97f7b955-fcdc-4d2f-a6b1-284351179085	chr21	9071241	9144311	2	1	1
97f7b955-fcdc-4d2f-a6b1-284351179085	chr21	9148330	10375362	1	1	0
97f7b955-fcdc-4d2f-a6b1-284351179085	chr21	10377013	46699722	2	1	1
97f7b955-fcdc-4d2f-a6b1-284351179085	chr22	15284540	50802392	2	2	0
97f7b955-fcdc-4d2f-a6b1-284351179085	chrX	2781514	62495019	3	2	1
97f7b955-fcdc-4d2f-a6b1-284351179085	chrX	62496150	64216588	1	1	0
97f7b955-fcdc-4d2f-a6b1-284351179085	chrX	64217925	155699751	3	2	1
