GDC_Aliquot	Chromosome	Start	End	Copy_Number	Major_Copy_Number	Minor_Copy_Number
fd50e954-a48b-4bb8-b939-edc949c47635	chr1	61735	89199147	4	2	2
fd50e954-a48b-4bb8-b939-edc949c47635	chr1	89199672	188359412	6	4	2
fd50e954-a48b-4bb8-b939-edc949c47635	chr1	188359519	189068745	11	6	5
fd50e954-a48b-4bb8-b939-edc949c47635	chr1	189072224	191737719	6	4	2
fd50e954-a48b-4bb8-b939-edc949c47635	chr1	191737824	211400203	9	5	4
fd50e954-a48b-4bb8-b939-edc949c47635	chr1	211408977	214407863	19	15	4
fd50e954-a48b-4bb8-b939-edc949c47635	chr1	214408141	248930189	4	4	0
fd50e954-a48b-4bb8-b939-edc949c47635	chr2	12784	13522118	4	4	0
fd50e954-a48b-4bb8-b939-edc949c47635	chr2	13522299	84685067	5	4	1
fd50e954-a48b-4bb8-b939-edc949c47635	chr2	84688345	128624186	7	4	3
fd50e954-a48b-4bb8-b939-edc949c47635	chr2	128627234	153450959	5	4	1
fd50e954-a48b-4bb8-b939-edc949c47635	chr2	153453865	242147305	6	4	2
fd50e954-a48b-4bb8-b939-edc949c47635	chr3	18667	60406004	4	2	2
fd50e954-a48b-4bb8-b939-edc949c47635	chr3	60411891	60634880	3	2	1
fd50e954-a48b-4bb8-b939-edc949c47635	chr3	60635351	69475167	4	2	2
fd50e954-a48b-4bb8-b939-edc949c47635	chr3	69484260	69730839	6	4	2
fd50e954-a48b-4bb8-b939-edc949c47635	chr3	69734743	71545319	9	7	2
fd50e954-a48b-4bb8-b939-edc949c47635	chr3	71545331	75812545	4	2	2
fd50e954-a48b-4bb8-b939-edc949c47635	chr3	75813297	85376363	6	4	2
fd50e954-a48b-4bb8-b939-edc949c47635	chr3	85380616	85655029	9	7	2
fd50e954-a48b-4bb8-b939-edc949c47635	chr3	85656883	146559345	4	2	2
fd50e954-a48b-4bb8-b939-edc949c47635	chr3	146560829	147051202	2	2	0
fd50e954-a48b-4bb8-b939-edc949c47635	chr3	147056504	174490039	4	2	2
fd50e954-a48b-4bb8-b939-edc949c47635	chr3	174495867	174685977	2	2	0
fd50e954-a48b-4bb8-b939-edc949c47635	chr3	174696161	185351609	4	2	2
fd50e954-a48b-4bb8-b939-edc949c47635	chr3	185351870	198169247	2	2	0
fd50e954-a48b-4bb8-b939-edc949c47635	chr4	12281	190106768	4	4	0
fd50e954-a48b-4bb8-b939-edc949c47635	chr5	15532	6629323	7	7	0
fd50e954-a48b-4bb8-b939-edc949c47635	chr5	6635858	50273126	4	4	0
fd50e954-a48b-4bb8-b939-edc949c47635	chr5	50276884	181363319	3	3	0
fd50e954-a48b-4bb8-b939-edc949c47635	chr6	149661	62541390	6	4	2
fd50e954-a48b-4bb8-b939-edc949c47635	chr6	62544269	63841558	14	12	2
fd50e954-a48b-4bb8-b939-edc949c47635	chr6	63842055	161994396	4	2	2
fd50e954-a48b-4bb8-b939-edc949c47635	chr6	161996883	162331661	2	2	0
fd50e954-a48b-4bb8-b939-edc949c47635	chr6	162333142	162626066	1	1	0
fd50e954-a48b-4bb8-b939-edc949c47635	chr6	162626360	170741917	4	2	2
fd50e954-a48b-4bb8-b939-edc949c47635	chr7	43259	40058336	9	8	1
fd50e954-a48b-4bb8-b939-edc949c47635	chr7	40063407	40423162	4	3	1
fd50e954-a48b-4bb8-b939-edc949c47635	chr7	40430620	47249326	9	8	1
fd50e954-a48b-4bb8-b939-edc949c47635	chr7	47252356	62526866	10	9	1
fd50e954-a48b-4bb8-b939-edc949c47635	chr7	62526879	131303707	5	4	1
fd50e954-a48b-4bb8-b939-edc949c47635	chr7	131308132	159334314	6	5	1
fd50e954-a48b-4bb8-b939-edc949c47635	chr8	81254	13525450	4	2	2
fd50e954-a48b-4bb8-b939-edc949c47635	chr8	13526391	25204517	2	2	0
fd50e954-a48b-4bb8-b939-edc949c47635	chr8	25204684	40904744	4	2	2
fd50e954-a48b-4bb8-b939-edc949c47635	chr8	40905970	46007651	6	4	2
fd50e954-a48b-4bb8-b939-edc949c47635	chr8	46010698	57687116	7	5	2
fd50e954-a48b-4bb8-b939-edc949c47635	chr8	57687573	81467748	10	5	5
fd50e954-a48b-4bb8-b939-edc949c47635	chr8	81467761	91713887	7	5	2
fd50e954-a48b-4bb8-b939-edc949c47635	chr8	91718222	93032968	5	3	2
fd50e954-a48b-4bb8-b939-edc949c47635	chr8	93033506	93500903	7	4	3
fd50e954-a48b-4bb8-b939-edc949c47635	chr8	93501545	95548057	9	5	4
fd50e954-a48b-4bb8-b939-edc949c47635	chr8	95548131	145072769	7	5	2
fd50e954-a48b-4bb8-b939-edc949c47635	chr9	46587	7855799	5	3	2
fd50e954-a48b-4bb8-b939-edc949c47635	chr9	7858771	42995504	6	3	3
fd50e954-a48b-4bb8-b939-edc949c47635	chr9	60840363	138200944	4	3	1
fd50e954-a48b-4bb8-b939-edc949c47635	chr10	26823	19029351	6	4	2
fd50e954-a48b-4bb8-b939-edc949c47635	chr10	19030782	42729236	5	3	2
fd50e954-a48b-4bb8-b939-edc949c47635	chr10	42729253	70683345	6	4	2
fd50e954-a48b-4bb8-b939-edc949c47635	chr10	70684228	133769379	4	4	0
fd50e954-a48b-4bb8-b939-edc949c47635	chr11	198572	11003126	4	4	0
fd50e954-a48b-4bb8-b939-edc949c47635	chr11	11003235	11752094	8	8	0
fd50e954-a48b-4bb8-b939-edc949c47635	chr11	11752807	135074876	4	4	0
fd50e954-a48b-4bb8-b939-edc949c47635	chr12	51460	51826870	8	4	4
fd50e954-a48b-4bb8-b939-edc949c47635	chr12	51832664	133201603	4	4	0
fd50e954-a48b-4bb8-b939-edc949c47635	chr13	18452809	26390981	23	22	1
fd50e954-a48b-4bb8-b939-edc949c47635	chr13	26391244	28818099	18	17	1
fd50e954-a48b-4bb8-b939-edc949c47635	chr13	28821736	73879642	4	2	2
fd50e954-a48b-4bb8-b939-edc949c47635	chr13	73880845	102805683	5	3	2
fd50e954-a48b-4bb8-b939-edc949c47635	chr13	102806141	103918799	7	5	2
fd50e954-a48b-4bb8-b939-edc949c47635	chr13	103920372	107249799	10	8	2
fd50e954-a48b-4bb8-b939-edc949c47635	chr13	107249894	107740157	7	5	2
fd50e954-a48b-4bb8-b939-edc949c47635	chr13	107742714	111004567	9	7	2
fd50e954-a48b-4bb8-b939-edc949c47635	chr13	111004706	112116966	4	2	2
fd50e954-a48b-4bb8-b939-edc949c47635	chr13	112117185	112448539	8	6	2
fd50e954-a48b-4bb8-b939-edc949c47635	chr13	112451361	112458352	3	2	1
fd50e954-a48b-4bb8-b939-edc949c47635	chr13	112458649	112616812	4	2	2
fd50e954-a48b-4bb8-b939-edc949c47635	chr13	112617597	113154584	9	7	2
fd50e954-a48b-4bb8-b939-edc949c47635	chr13	113157164	114342922	4	2	2
fd50e954-a48b-4bb8-b939-edc949c47635	chr14	18225647	106877229	4	2	2
fd50e954-a48b-4bb8-b939-edc949c47635	chr15	19811075	101928837	4	2	2
fd50e954-a48b-4bb8-b939-edc949c47635	chr16	10777	592839	4	2	2
fd50e954-a48b-4bb8-b939-edc949c47635	chr16	593120	8014283	2	2	0
fd50e954-a48b-4bb8-b939-edc949c47635	chr16	8020392	24564764	4	2	2
fd50e954-a48b-4bb8-b939-edc949c47635	chr16	24564791	36048855	6	4	2
fd50e954-a48b-4bb8-b939-edc949c47635	chr16	46429870	69432313	8	4	4
fd50e954-a48b-4bb8-b939-edc949c47635	chr16	69432372	90221127	10	5	5
fd50e954-a48b-4bb8-b939-edc949c47635	chr17	150733	83090856	4	4	0
fd50e954-a48b-4bb8-b939-edc949c47635	chr18	48133	21955170	4	4	0
fd50e954-a48b-4bb8-b939-edc949c47635	chr18	21956888	80257174	2	2	0
fd50e954-a48b-4bb8-b939-edc949c47635	chr19	90910	12353752	4	2	2
fd50e954-a48b-4bb8-b939-edc949c47635	chr19	12358271	13885774	6	4	2
fd50e954-a48b-4bb8-b939-edc949c47635	chr19	13897790	16734877	7	4	3
fd50e954-a48b-4bb8-b939-edc949c47635	chr19	16744454	23095560	5	3	2
fd50e954-a48b-4bb8-b939-edc949c47635	chr19	23095633	58586487	7	4	3
fd50e954-a48b-4bb8-b939-edc949c47635	chr20	80664	175765	6	4	2
fd50e954-a48b-4bb8-b939-edc949c47635	chr20	176706	5081806	8	6	2
fd50e954-a48b-4bb8-b939-edc949c47635	chr20	5083751	14616133	6	4	2
fd50e954-a48b-4bb8-b939-edc949c47635	chr20	14618789	14653919	3	2	1
fd50e954-a48b-4bb8-b939-edc949c47635	chr20	14658517	14659375	4	4	0
fd50e954-a48b-4bb8-b939-edc949c47635	chr20	14660205	15243080	1	1	0
fd50e954-a48b-4bb8-b939-edc949c47635	chr20	15243099	15257226	3	2	1
fd50e954-a48b-4bb8-b939-edc949c47635	chr20	15258823	18219146	7	5	2
fd50e954-a48b-4bb8-b939-edc949c47635	chr20	18224146	18700044	10	8	2
fd50e954-a48b-4bb8-b939-edc949c47635	chr20	18701000	23753971	7	5	2
fd50e954-a48b-4bb8-b939-edc949c47635	chr20	23754268	30310258	8	6	2
fd50e954-a48b-4bb8-b939-edc949c47635	chr20	30317535	64324800	10	8	2
fd50e954-a48b-4bb8-b939-edc949c47635	chr21	10336543	15483319	4	2	2
fd50e954-a48b-4bb8-b939-edc949c47635	chr21	15486568	29760305	2	2	0
fd50e954-a48b-4bb8-b939-edc949c47635	chr21	29760856	34302805	4	2	2
fd50e954-a48b-4bb8-b939-edc949c47635	chr21	34307361	34883310	2	2	0
fd50e954-a48b-4bb8-b939-edc949c47635	chr21	34883524	46677045	4	2	2
fd50e954-a48b-4bb8-b939-edc949c47635	chr22	15294545	50796027	4	2	2
fd50e954-a48b-4bb8-b939-edc949c47635	chrX	251810	6996365	8	6	2
fd50e954-a48b-4bb8-b939-edc949c47635	chrX	7009491	7083551	4	4	0
fd50e954-a48b-4bb8-b939-edc949c47635	chrX	7084117	7278552	5	3	2
fd50e954-a48b-4bb8-b939-edc949c47635	chrX	7280028	34879277	8	6	2
fd50e954-a48b-4bb8-b939-edc949c47635	chrX	34879613	62598741	7	4	3
fd50e954-a48b-4bb8-b939-edc949c47635	chrX	62657815	109386283	6	4	2
fd50e954-a48b-4bb8-b939-edc949c47635	chrX	109388516	156004181	7	4	3
