GDC_Aliquot	Chromosome	Start	End	Num_Probes	Segment_Mean
771af675-cbfe-4795-8287-afaea0447c65	1	62920	25256850	14006	0.0077
771af675-cbfe-4795-8287-afaea0447c65	1	25266637	25320455	24	0.5849
771af675-cbfe-4795-8287-afaea0447c65	1	25336819	34190783	4608	0.0171
771af675-cbfe-4795-8287-afaea0447c65	1	34191211	34191702	2	-2.3387
771af675-cbfe-4795-8287-afaea0447c65	1	34196051	72303253	24093	0.0029
771af675-cbfe-4795-8287-afaea0447c65	1	72305460	72346221	45	-0.9975
771af675-cbfe-4795-8287-afaea0447c65	1	72346757	75585159	1927	0.0104
771af675-cbfe-4795-8287-afaea0447c65	1	75589078	75589169	2	-2.0662
771af675-cbfe-4795-8287-afaea0447c65	1	75593824	75644020	40	-0.0673
771af675-cbfe-4795-8287-afaea0447c65	1	75644421	75648636	3	-1.038
771af675-cbfe-4795-8287-afaea0447c65	1	75648979	81422771	3796	0.0048
771af675-cbfe-4795-8287-afaea0447c65	1	81422917	81422920	2	-1.6209
771af675-cbfe-4795-8287-afaea0447c65	1	81422982	89009572	5148	0.0063
771af675-cbfe-4795-8287-afaea0447c65	1	89012275	89012522	2	-2.2345
771af675-cbfe-4795-8287-afaea0447c65	1	89015841	103620877	9076	0.005
771af675-cbfe-4795-8287-afaea0447c65	1	103621165	103760781	6	-1.0427
771af675-cbfe-4795-8287-afaea0447c65	1	103760879	109684695	3559	0.0059
771af675-cbfe-4795-8287-afaea0447c65	1	109684893	109691788	9	-1.1479
771af675-cbfe-4795-8287-afaea0447c65	1	109691933	112145689	1948	0.0172
771af675-cbfe-4795-8287-afaea0447c65	1	112147589	112154576	24	0.4179
771af675-cbfe-4795-8287-afaea0447c65	1	112154591	169247699	19086	0.0052
771af675-cbfe-4795-8287-afaea0447c65	1	169264736	169272528	7	-1.9663
771af675-cbfe-4795-8287-afaea0447c65	1	169273163	174827267	3507	0.0071
771af675-cbfe-4795-8287-afaea0447c65	1	174827418	174832702	16	-2.4887
771af675-cbfe-4795-8287-afaea0447c65	1	174832716	248574146	50278	0.0054
771af675-cbfe-4795-8287-afaea0447c65	1	248585893	248633912	32	-0.4517
771af675-cbfe-4795-8287-afaea0447c65	1	248645563	248930189	141	0.1007
771af675-cbfe-4795-8287-afaea0447c65	2	12784	4158097	2985	0.0232
771af675-cbfe-4795-8287-afaea0447c65	2	4166274	4175922	37	-0.5127
771af675-cbfe-4795-8287-afaea0447c65	2	4175977	52527743	34079	0.0059
771af675-cbfe-4795-8287-afaea0447c65	2	52531615	52554366	31	0.6405
771af675-cbfe-4795-8287-afaea0447c65	2	52554384	106265177	29399	0.0072
771af675-cbfe-4795-8287-afaea0447c65	2	106266773	106268901	8	-2.9058
771af675-cbfe-4795-8287-afaea0447c65	2	106270799	179553661	44270	0.0059
771af675-cbfe-4795-8287-afaea0447c65	2	179553763	179556770	19	-0.8214
771af675-cbfe-4795-8287-afaea0447c65	2	179556785	197873321	10604	0.0009
771af675-cbfe-4795-8287-afaea0447c65	2	197878780	197881802	3	-1.5985
771af675-cbfe-4795-8287-afaea0447c65	2	197889264	228397576	19397	0.002
771af675-cbfe-4795-8287-afaea0447c65	2	228399698	228401658	2	-2.9384
771af675-cbfe-4795-8287-afaea0447c65	2	228404140	241666621	8339	0.0081
771af675-cbfe-4795-8287-afaea0447c65	2	241703438	241706935	3	-1.1104
771af675-cbfe-4795-8287-afaea0447c65	2	241723206	242147305	148	0.1023
771af675-cbfe-4795-8287-afaea0447c65	3	20930	141230	112	0.0303
771af675-cbfe-4795-8287-afaea0447c65	3	142563	144336	4	-1.1208
771af675-cbfe-4795-8287-afaea0447c65	3	144528	2770888	2284	0.0488
771af675-cbfe-4795-8287-afaea0447c65	3	2771028	10195035	6226	0.0102
771af675-cbfe-4795-8287-afaea0447c65	3	10195263	10195613	2	-1.3883
771af675-cbfe-4795-8287-afaea0447c65	3	10200191	21735875	7624	0.0066
771af675-cbfe-4795-8287-afaea0447c65	3	21735914	23937812	1588	0.0405
771af675-cbfe-4795-8287-afaea0447c65	3	23939938	23940837	2	-2.9614
771af675-cbfe-4795-8287-afaea0447c65	3	23940839	47437019	15599	0.0076
771af675-cbfe-4795-8287-afaea0447c65	3	47450332	47451230	2	-1.8434
771af675-cbfe-4795-8287-afaea0447c65	3	47455724	61500233	8631	0.0134
771af675-cbfe-4795-8287-afaea0447c65	3	61504475	61508578	2	-1.3776
771af675-cbfe-4795-8287-afaea0447c65	3	61509218	70500365	7075	0.0125
771af675-cbfe-4795-8287-afaea0447c65	3	70501049	70501311	2	-1.8811
771af675-cbfe-4795-8287-afaea0447c65	3	70501561	99225632	14462	0.0108
771af675-cbfe-4795-8287-afaea0447c65	3	99225667	99230577	36	-0.4594
771af675-cbfe-4795-8287-afaea0447c65	3	99232120	189642965	55677	0.0093
771af675-cbfe-4795-8287-afaea0447c65	3	189645889	189653225	13	-0.643
771af675-cbfe-4795-8287-afaea0447c65	3	189654562	193160113	2487	0.0178
771af675-cbfe-4795-8287-afaea0447c65	3	193160173	193165114	19	1.192
771af675-cbfe-4795-8287-afaea0447c65	3	193168646	194913439	1158	0.005
771af675-cbfe-4795-8287-afaea0447c65	3	194913859	194921751	7	-0.6325
771af675-cbfe-4795-8287-afaea0447c65	3	194921899	195673928	319	0.0321
771af675-cbfe-4795-8287-afaea0447c65	3	195683075	195792827	56	0.3367
771af675-cbfe-4795-8287-afaea0447c65	3	195795450	198169247	1148	0.0154
771af675-cbfe-4795-8287-afaea0447c65	4	68929	9462813	5156	0.0063
771af675-cbfe-4795-8287-afaea0447c65	4	9463248	9477560	3	1.506
771af675-cbfe-4795-8287-afaea0447c65	4	9477699	10208766	540	0.0105
771af675-cbfe-4795-8287-afaea0447c65	4	10212536	10244648	46	0.4305
771af675-cbfe-4795-8287-afaea0447c65	4	10245888	10389091	161	0.0144
771af675-cbfe-4795-8287-afaea0447c65	4	10390730	10399044	16	-0.6149
771af675-cbfe-4795-8287-afaea0447c65	4	10401094	32398929	15422	0.0021
771af675-cbfe-4795-8287-afaea0447c65	4	32398943	32398977	3	1.3638
771af675-cbfe-4795-8287-afaea0447c65	4	32399891	34777340	1336	0.0108
771af675-cbfe-4795-8287-afaea0447c65	4	34777353	34822561	42	0.6643
771af675-cbfe-4795-8287-afaea0447c65	4	34823103	63828222	16532	0.0067
771af675-cbfe-4795-8287-afaea0447c65	4	63831751	63840033	19	-0.7399
771af675-cbfe-4795-8287-afaea0447c65	4	63841863	63842540	8	-2.278
771af675-cbfe-4795-8287-afaea0447c65	4	63850713	68394355	2849	-0.0069
771af675-cbfe-4795-8287-afaea0447c65	4	68394833	68429081	8	-0.7898
771af675-cbfe-4795-8287-afaea0447c65	4	68439221	69257792	390	0.0229
771af675-cbfe-4795-8287-afaea0447c65	4	69261926	69377178	61	-0.4554
771af675-cbfe-4795-8287-afaea0447c65	4	69378363	90350180	13079	0.0041
771af675-cbfe-4795-8287-afaea0447c65	4	90350214	90370365	14	-0.5748
771af675-cbfe-4795-8287-afaea0447c65	4	90373217	103824414	7895	0.0075
771af675-cbfe-4795-8287-afaea0447c65	4	103830473	103830480	5	-0.9144
771af675-cbfe-4795-8287-afaea0447c65	4	103830487	114252544	6289	0.003
771af675-cbfe-4795-8287-afaea0447c65	4	114254167	114263224	29	-0.9759
771af675-cbfe-4795-8287-afaea0447c65	4	114263234	115254776	622	0.0035
771af675-cbfe-4795-8287-afaea0447c65	4	115254789	115259026	4	-1.0731
771af675-cbfe-4795-8287-afaea0447c65	4	115259080	124538250	5453	0.0033
771af675-cbfe-4795-8287-afaea0447c65	4	124539196	124541780	3	-1.4337
771af675-cbfe-4795-8287-afaea0447c65	4	124541870	160950716	21816	0.0068
771af675-cbfe-4795-8287-afaea0447c65	4	160950731	160963756	32	-0.4276
771af675-cbfe-4795-8287-afaea0447c65	4	160963767	169922993	5686	0.009
771af675-cbfe-4795-8287-afaea0447c65	4	169923329	169925890	4	-1.1921
771af675-cbfe-4795-8287-afaea0447c65	4	169926381	171448195	966	0.0142
771af675-cbfe-4795-8287-afaea0447c65	4	171453733	171456573	11	-0.6238
771af675-cbfe-4795-8287-afaea0447c65	4	171456625	172066567	392	0.0229
771af675-cbfe-4795-8287-afaea0447c65	4	172066585	172068368	15	0.6415
771af675-cbfe-4795-8287-afaea0447c65	4	172068382	188323737	10951	0.0104
771af675-cbfe-4795-8287-afaea0447c65	4	188328503	188341927	12	-1.0261
771af675-cbfe-4795-8287-afaea0447c65	4	188342300	190106768	1089	0.0667
771af675-cbfe-4795-8287-afaea0447c65	5	15532	685633	306	0.0855
771af675-cbfe-4795-8287-afaea0447c65	5	698256	779766	28	-0.8611
771af675-cbfe-4795-8287-afaea0447c65	5	800724	8115720	6108	0.0135
771af675-cbfe-4795-8287-afaea0447c65	5	8117676	8117733	2	1.777
771af675-cbfe-4795-8287-afaea0447c65	5	8121212	9898850	1559	0.0052
771af675-cbfe-4795-8287-afaea0447c65	5	9901840	9926299	33	-1.04
771af675-cbfe-4795-8287-afaea0447c65	5	9926575	20432649	7050	0.0091
771af675-cbfe-4795-8287-afaea0447c65	5	20436787	20451616	38	0.3371
771af675-cbfe-4795-8287-afaea0447c65	5	20455032	20564172	102	0.0784
771af675-cbfe-4795-8287-afaea0447c65	5	20564211	45427057	15134	0.002
771af675-cbfe-4795-8287-afaea0447c65	5	45431049	46251204	263	0.1053
771af675-cbfe-4795-8287-afaea0447c65	5	46270906	46273400	8	1.3125
771af675-cbfe-4795-8287-afaea0447c65	5	46278110	50225079	32	0.2637
771af675-cbfe-4795-8287-afaea0447c65	5	50225758	69533206	12354	0.0074
771af675-cbfe-4795-8287-afaea0447c65	5	69533520	70959079	19	0.4191
771af675-cbfe-4795-8287-afaea0447c65	5	71010832	71095426	8	1.2828
771af675-cbfe-4795-8287-afaea0447c65	5	71358245	104357435	19400	0.0041
771af675-cbfe-4795-8287-afaea0447c65	5	104361340	104446262	54	-0.791
771af675-cbfe-4795-8287-afaea0447c65	5	104453456	180951710	50024	0.0032
771af675-cbfe-4795-8287-afaea0447c65	5	180951888	180991103	18	0.5971
771af675-cbfe-4795-8287-afaea0447c65	5	181006225	181363319	170	0.0354
771af675-cbfe-4795-8287-afaea0447c65	6	149661	314962	128	0.1
771af675-cbfe-4795-8287-afaea0447c65	6	315197	385056	80	-0.23
771af675-cbfe-4795-8287-afaea0447c65	6	385687	9690610	7484	0.0151
771af675-cbfe-4795-8287-afaea0447c65	6	9692627	9693600	2	-1.9313
771af675-cbfe-4795-8287-afaea0447c65	6	9694337	23060763	9984	0.0016
771af675-cbfe-4795-8287-afaea0447c65	6	23060767	23064026	3	-1.3165
771af675-cbfe-4795-8287-afaea0447c65	6	23067417	29869295	3938	0.007
771af675-cbfe-4795-8287-afaea0447c65	6	29869410	29913249	26	0.679
771af675-cbfe-4795-8287-afaea0447c65	6	29913481	32533522	1178	0.0051
771af675-cbfe-4795-8287-afaea0447c65	6	32540699	32641650	41	-0.4469
771af675-cbfe-4795-8287-afaea0447c65	6	32656527	73882085	24062	0.0097
771af675-cbfe-4795-8287-afaea0447c65	6	73882142	73887625	10	0.6989
771af675-cbfe-4795-8287-afaea0447c65	6	73891694	76726815	1765	0.0144
771af675-cbfe-4795-8287-afaea0447c65	6	76730151	76758214	23	-0.4832
771af675-cbfe-4795-8287-afaea0447c65	6	76758749	78252576	971	0.0223
771af675-cbfe-4795-8287-afaea0447c65	6	78252864	78270631	30	0.4295
771af675-cbfe-4795-8287-afaea0447c65	6	78270686	78285373	5	-0.5423
771af675-cbfe-4795-8287-afaea0447c65	6	78285389	78325468	81	0.3462
771af675-cbfe-4795-8287-afaea0447c65	6	78329517	93812387	9919	0.0061
771af675-cbfe-4795-8287-afaea0447c65	6	93812588	95386776	757	0.0976
771af675-cbfe-4795-8287-afaea0447c65	6	95388284	103290164	4778	-0.0013
771af675-cbfe-4795-8287-afaea0447c65	6	103290209	103314186	44	0.7299
771af675-cbfe-4795-8287-afaea0447c65	6	103317795	161997415	37971	0.0045
771af675-cbfe-4795-8287-afaea0447c65	6	161998234	162738342	604	0.0933
771af675-cbfe-4795-8287-afaea0447c65	6	162739440	170741917	5539	0.0209
771af675-cbfe-4795-8287-afaea0447c65	7	43355	81716386	50081	0.0073
771af675-cbfe-4795-8287-afaea0447c65	7	81718460	81718705	2	-2.4112
771af675-cbfe-4795-8287-afaea0447c65	7	81719139	89612044	4947	0.0115
771af675-cbfe-4795-8287-afaea0447c65	7	89612521	89632080	11	0.7181
771af675-cbfe-4795-8287-afaea0447c65	7	89632911	97756658	5193	0.0153
771af675-cbfe-4795-8287-afaea0447c65	7	97766148	97775016	19	-0.4582
771af675-cbfe-4795-8287-afaea0447c65	7	97775030	109793741	6589	0.0062
771af675-cbfe-4795-8287-afaea0447c65	7	109797035	109813853	35	0.4794
771af675-cbfe-4795-8287-afaea0447c65	7	109813925	110158535	206	-0.0089
771af675-cbfe-4795-8287-afaea0447c65	7	110158550	110158752	2	-1.6598
771af675-cbfe-4795-8287-afaea0447c65	7	110158796	111041554	609	0.0043
771af675-cbfe-4795-8287-afaea0447c65	7	111041585	111700642	414	0.1002
771af675-cbfe-4795-8287-afaea0447c65	7	111700704	126404920	8779	0.0078
771af675-cbfe-4795-8287-afaea0447c65	7	126405428	126406561	12	1.006
771af675-cbfe-4795-8287-afaea0447c65	7	126406822	134100424	4696	-0.0007
771af675-cbfe-4795-8287-afaea0447c65	7	134100442	134110951	27	0.4407
771af675-cbfe-4795-8287-afaea0447c65	7	134111088	142049835	5179	-0.0035
771af675-cbfe-4795-8287-afaea0447c65	7	142052076	142087828	38	0.2124
771af675-cbfe-4795-8287-afaea0447c65	7	142087846	142090279	6	0.6575
771af675-cbfe-4795-8287-afaea0447c65	7	142090383	142099360	6	0.3047
771af675-cbfe-4795-8287-afaea0447c65	7	142105742	142463532	292	0.0278
771af675-cbfe-4795-8287-afaea0447c65	7	142464061	142476060	14	-0.9327
771af675-cbfe-4795-8287-afaea0447c65	7	142485450	143125117	359	0.0368
771af675-cbfe-4795-8287-afaea0447c65	7	143130861	143200677	34	-0.7925
771af675-cbfe-4795-8287-afaea0447c65	7	143202300	154598185	6909	0.0113
771af675-cbfe-4795-8287-afaea0447c65	7	154601461	154607903	4	-1.5427
771af675-cbfe-4795-8287-afaea0447c65	7	154609120	159334314	3235	0.0115
771af675-cbfe-4795-8287-afaea0447c65	8	81254	2202177	1583	0.0416
771af675-cbfe-4795-8287-afaea0447c65	8	2205171	2210914	6	-0.9571
771af675-cbfe-4795-8287-afaea0447c65	8	2215182	5736610	4401	0.0518
771af675-cbfe-4795-8287-afaea0447c65	8	5736745	5746805	27	-0.6134
771af675-cbfe-4795-8287-afaea0447c65	8	5746973	9107116	2605	0.0282
771af675-cbfe-4795-8287-afaea0447c65	8	9107475	9109924	6	-0.907
771af675-cbfe-4795-8287-afaea0447c65	8	9110127	14651631	4364	0.0133
771af675-cbfe-4795-8287-afaea0447c65	8	14651738	14652565	6	0.876
771af675-cbfe-4795-8287-afaea0447c65	8	14652887	16339682	1508	0.0015
771af675-cbfe-4795-8287-afaea0447c65	8	16349445	16349614	8	-0.8573
771af675-cbfe-4795-8287-afaea0447c65	8	16354575	16404738	49	0.115
771af675-cbfe-4795-8287-afaea0447c65	8	16404755	16416742	22	-0.7618
771af675-cbfe-4795-8287-afaea0447c65	8	16416900	39378084	15874	0.0063
771af675-cbfe-4795-8287-afaea0447c65	8	39389156	39526605	54	0.8148
771af675-cbfe-4795-8287-afaea0447c65	8	39527181	43442271	2485	-0.0017
771af675-cbfe-4795-8287-afaea0447c65	8	43445688	46565979	258	0.1187
771af675-cbfe-4795-8287-afaea0447c65	8	46566788	50003965	1756	-0.0086
771af675-cbfe-4795-8287-afaea0447c65	8	50003992	50007354	3	-1.8388
771af675-cbfe-4795-8287-afaea0447c65	8	50007653	114300583	39105	0.0024
771af675-cbfe-4795-8287-afaea0447c65	8	114305452	114363612	31	-0.7038
771af675-cbfe-4795-8287-afaea0447c65	8	114370289	136665653	16038	0.0081
771af675-cbfe-4795-8287-afaea0447c65	8	136669376	136849952	173	-0.7115
771af675-cbfe-4795-8287-afaea0447c65	8	136850173	137367684	366	-0.0081
771af675-cbfe-4795-8287-afaea0447c65	8	137367722	137368159	2	-1.5009
771af675-cbfe-4795-8287-afaea0447c65	8	137368533	141349269	3060	0.0089
771af675-cbfe-4795-8287-afaea0447c65	8	141349361	142409225	613	0.1081
771af675-cbfe-4795-8287-afaea0447c65	8	142409456	145072769	950	0.033
771af675-cbfe-4795-8287-afaea0447c65	9	46587	6695986	6360	0.012
771af675-cbfe-4795-8287-afaea0447c65	9	6701145	6708357	7	-1.0229
771af675-cbfe-4795-8287-afaea0447c65	9	6712314	7330230	643	0.0096
771af675-cbfe-4795-8287-afaea0447c65	9	7332305	7332465	2	-1.6181
771af675-cbfe-4795-8287-afaea0447c65	9	7333301	11334042	3701	0.0221
771af675-cbfe-4795-8287-afaea0447c65	9	11334884	12288197	761	0.0932
771af675-cbfe-4795-8287-afaea0447c65	9	12288602	42014203	19756	0.0091
771af675-cbfe-4795-8287-afaea0447c65	9	42037471	42308537	32	-1.2326
771af675-cbfe-4795-8287-afaea0447c65	9	42501791	61374282	58	0.1115
771af675-cbfe-4795-8287-afaea0447c65	9	61378951	61647899	32	-1.2528
771af675-cbfe-4795-8287-afaea0447c65	9	61665362	77154478	6667	0.002
771af675-cbfe-4795-8287-afaea0447c65	9	77155482	77162488	29	0.6634
771af675-cbfe-4795-8287-afaea0447c65	9	77171212	102916631	17620	0.0059
771af675-cbfe-4795-8287-afaea0447c65	9	102917654	102986198	56	-0.8304
771af675-cbfe-4795-8287-afaea0447c65	9	102989577	138200944	23656	0.0057
771af675-cbfe-4795-8287-afaea0447c65	10	45792	24088745	19164	0.0123
771af675-cbfe-4795-8287-afaea0447c65	10	24088746	24089125	10	-1.5886
771af675-cbfe-4795-8287-afaea0447c65	10	24089979	26934974	1982	0.0012
771af675-cbfe-4795-8287-afaea0447c65	10	26936975	26939544	13	0.5269
771af675-cbfe-4795-8287-afaea0447c65	10	26941064	65548951	23191	0.0112
771af675-cbfe-4795-8287-afaea0447c65	10	65548979	65554688	21	0.5904
771af675-cbfe-4795-8287-afaea0447c65	10	65563037	66321660	619	0.0183
771af675-cbfe-4795-8287-afaea0447c65	10	66322927	66731268	296	0.1235
771af675-cbfe-4795-8287-afaea0447c65	10	66731455	79754419	8319	0.0013
771af675-cbfe-4795-8287-afaea0447c65	10	79754434	79837384	19	0.4327
771af675-cbfe-4795-8287-afaea0447c65	10	79838023	81118218	848	0.0126
771af675-cbfe-4795-8287-afaea0447c65	10	81118403	81137106	13	-0.7114
771af675-cbfe-4795-8287-afaea0447c65	10	81137120	128745228	32678	0.0025
771af675-cbfe-4795-8287-afaea0447c65	10	128748043	128748257	2	-2.1773
771af675-cbfe-4795-8287-afaea0447c65	10	128749910	133415637	3210	0.0272
771af675-cbfe-4795-8287-afaea0447c65	10	133416215	133416364	2	-2.2568
771af675-cbfe-4795-8287-afaea0447c65	10	133419150	133654968	147	0.0083
771af675-cbfe-4795-8287-afaea0447c65	11	198510	4949013	2410	0.019
771af675-cbfe-4795-8287-afaea0447c65	11	4949047	4955042	28	0.8345
771af675-cbfe-4795-8287-afaea0447c65	11	4955781	5761822	776	-0.0022
771af675-cbfe-4795-8287-afaea0447c65	11	5761882	5787909	37	-0.3853
771af675-cbfe-4795-8287-afaea0447c65	11	5788108	18916085	9384	0.011
771af675-cbfe-4795-8287-afaea0447c65	11	18917623	18938568	38	0.4513
771af675-cbfe-4795-8287-afaea0447c65	11	18939550	38438574	14256	0.0152
771af675-cbfe-4795-8287-afaea0447c65	11	38438617	38439634	2	-2.5442
771af675-cbfe-4795-8287-afaea0447c65	11	38439707	135074876	59745	0.0066
771af675-cbfe-4795-8287-afaea0447c65	12	51460	9244479	6060	0.0088
771af675-cbfe-4795-8287-afaea0447c65	12	9253127	9611980	157	0.1842
771af675-cbfe-4795-8287-afaea0447c65	12	9615907	11062773	1002	0.0082
771af675-cbfe-4795-8287-afaea0447c65	12	11064250	11088933	12	0.7495
771af675-cbfe-4795-8287-afaea0447c65	12	11099275	30087113	13249	0.0052
771af675-cbfe-4795-8287-afaea0447c65	12	30087207	30090789	18	-0.5973
771af675-cbfe-4795-8287-afaea0447c65	12	30091000	31125097	870	-0.0045
771af675-cbfe-4795-8287-afaea0447c65	12	31127656	31254189	86	0.5054
771af675-cbfe-4795-8287-afaea0447c65	12	31256945	33148627	1300	0.0009
771af675-cbfe-4795-8287-afaea0447c65	12	33148706	33154144	21	0.4393
771af675-cbfe-4795-8287-afaea0447c65	12	33154440	33373507	144	-0.0419
771af675-cbfe-4795-8287-afaea0447c65	12	33375905	38770525	1175	0.077
771af675-cbfe-4795-8287-afaea0447c65	12	38770600	45506042	4263	0.0062
771af675-cbfe-4795-8287-afaea0447c65	12	45510655	45515754	4	-1.5833
771af675-cbfe-4795-8287-afaea0447c65	12	45519509	99398036	33652	0.0084
771af675-cbfe-4795-8287-afaea0447c65	12	99401515	99404031	21	-0.6114
771af675-cbfe-4795-8287-afaea0447c65	12	99404140	133201603	22686	0.0095
771af675-cbfe-4795-8287-afaea0447c65	13	18452809	23052383	2845	0.0062
771af675-cbfe-4795-8287-afaea0447c65	13	23052424	23059376	19	0.4286
771af675-cbfe-4795-8287-afaea0447c65	13	23064056	37493438	10590	-0.001
771af675-cbfe-4795-8287-afaea0447c65	13	37495907	37510620	19	0.7351
771af675-cbfe-4795-8287-afaea0447c65	13	37514193	57184255	12510	0.0049
771af675-cbfe-4795-8287-afaea0447c65	13	57184492	57204234	29	-0.4552
771af675-cbfe-4795-8287-afaea0447c65	13	57204246	58010656	418	0.0581
771af675-cbfe-4795-8287-afaea0447c65	13	58016147	58019212	5	-1.1127
771af675-cbfe-4795-8287-afaea0447c65	13	58022896	63477120	3270	-0.011
771af675-cbfe-4795-8287-afaea0447c65	13	63482557	64650236	693	0.0789
771af675-cbfe-4795-8287-afaea0447c65	13	64650576	71902850	4589	0.0053
771af675-cbfe-4795-8287-afaea0447c65	13	71903417	71906467	5	1.104
771af675-cbfe-4795-8287-afaea0447c65	13	71912345	96683994	16164	-0.0012
771af675-cbfe-4795-8287-afaea0447c65	13	96685773	96689856	3	-1.5005
771af675-cbfe-4795-8287-afaea0447c65	13	96691030	114342922	12881	0.0065
771af675-cbfe-4795-8287-afaea0447c65	14	18239283	21659410	1295	0.0059
771af675-cbfe-4795-8287-afaea0447c65	14	21660693	22546348	768	0.1113
771af675-cbfe-4795-8287-afaea0447c65	14	22548589	106877229	53264	0.0056
771af675-cbfe-4795-8287-afaea0447c65	15	19811075	34431375	7416	0.0115
771af675-cbfe-4795-8287-afaea0447c65	15	34434971	34508394	57	-0.7292
771af675-cbfe-4795-8287-afaea0447c65	15	34517887	83874498	30820	0.0074
771af675-cbfe-4795-8287-afaea0447c65	15	83874650	83874673	2	-3.0308
771af675-cbfe-4795-8287-afaea0447c65	15	83874798	101928837	13174	0.0064
771af675-cbfe-4795-8287-afaea0447c65	16	10777	19933041	13448	0.0099
771af675-cbfe-4795-8287-afaea0447c65	16	19934328	19956040	29	-0.537
771af675-cbfe-4795-8287-afaea0447c65	16	19958932	90096867	38323	0.009
771af675-cbfe-4795-8287-afaea0447c65	17	150733	526894	178	0.117
771af675-cbfe-4795-8287-afaea0447c65	17	526952	46059704	23110	0.01
771af675-cbfe-4795-8287-afaea0447c65	17	46060044	46351954	147	0.2197
771af675-cbfe-4795-8287-afaea0447c65	17	46446345	46446360	2	2.6846
771af675-cbfe-4795-8287-afaea0447c65	17	46569894	50239619	1837	0.0108
771af675-cbfe-4795-8287-afaea0447c65	17	50240120	50240504	3	-1.2322
771af675-cbfe-4795-8287-afaea0447c65	17	50240967	51402945	606	0.0122
771af675-cbfe-4795-8287-afaea0447c65	17	51403889	51403897	2	-1.6757
771af675-cbfe-4795-8287-afaea0447c65	17	51404749	83091923	19098	0.0099
771af675-cbfe-4795-8287-afaea0447c65	18	48133	44183900	25019	0.0061
771af675-cbfe-4795-8287-afaea0447c65	18	44185756	44197205	12	-0.9412
771af675-cbfe-4795-8287-afaea0447c65	18	44198323	73451550	20671	0.0123
771af675-cbfe-4795-8287-afaea0447c65	18	73456083	73457764	3	-1.4243
771af675-cbfe-4795-8287-afaea0447c65	18	73458059	78521909	3999	0.0064
771af675-cbfe-4795-8287-afaea0447c65	18	78528435	78533527	13	-0.6221
771af675-cbfe-4795-8287-afaea0447c65	18	78533710	80257174	940	0.0329
771af675-cbfe-4795-8287-afaea0447c65	19	90910	8994873	3303	0.0095
771af675-cbfe-4795-8287-afaea0447c65	19	8995829	8995943	2	-2.6432
771af675-cbfe-4795-8287-afaea0447c65	19	8995948	43190009	17270	0.0096
771af675-cbfe-4795-8287-afaea0447c65	19	43190778	43252085	24	-0.4902
771af675-cbfe-4795-8287-afaea0447c65	19	43262507	55761691	6642	0.0115
771af675-cbfe-4795-8287-afaea0447c65	19	55766684	55771701	6	1.1818
771af675-cbfe-4795-8287-afaea0447c65	19	55774927	58586487	1839	0.0188
771af675-cbfe-4795-8287-afaea0447c65	20	80664	1601446	1239	0.0155
771af675-cbfe-4795-8287-afaea0447c65	20	1601561	1613247	6	-1.4527
771af675-cbfe-4795-8287-afaea0447c65	20	1617300	64324800	41094	0.0063
771af675-cbfe-4795-8287-afaea0447c65	21	10354168	10541081	34	-0.1154
771af675-cbfe-4795-8287-afaea0447c65	21	10544664	13224711	86	0.2459
771af675-cbfe-4795-8287-afaea0447c65	21	13227761	21536235	5596	0.0134
771af675-cbfe-4795-8287-afaea0447c65	21	21538074	21542791	3	-1.173
771af675-cbfe-4795-8287-afaea0447c65	21	21545237	22278814	571	-0.0103
771af675-cbfe-4795-8287-afaea0447c65	21	22283580	22296972	11	-0.6976
771af675-cbfe-4795-8287-afaea0447c65	21	22301563	46677045	17527	0.0125
771af675-cbfe-4795-8287-afaea0447c65	22	15294547	18142004	1109	0.0083
771af675-cbfe-4795-8287-afaea0447c65	22	18143362	18147293	9	-0.6928
771af675-cbfe-4795-8287-afaea0447c65	22	18148598	25556941	4421	0.0587
771af675-cbfe-4795-8287-afaea0447c65	22	25557884	48631634	16288	0.0074
771af675-cbfe-4795-8287-afaea0447c65	22	48632044	50796027	1435	0.0618
771af675-cbfe-4795-8287-afaea0447c65	X	251810	48001197	28856	0.0099
771af675-cbfe-4795-8287-afaea0447c65	X	48020763	48111343	70	1.0061
771af675-cbfe-4795-8287-afaea0447c65	X	48111680	48608678	190	0.0194
771af675-cbfe-4795-8287-afaea0447c65	X	48608798	48612345	4	-3.4472
771af675-cbfe-4795-8287-afaea0447c65	X	48615627	118885642	32558	0.0069
771af675-cbfe-4795-8287-afaea0447c65	X	118887088	118889514	4	-3.1032
771af675-cbfe-4795-8287-afaea0447c65	X	118893031	155952689	21585	0.0084
771af675-cbfe-4795-8287-afaea0447c65	Y	2782397	56872112	6635	-1.1685
