GDC_Aliquot	Chromosome	Start	End	Copy_Number	Major_Copy_Number	Minor_Copy_Number
38af736b-0669-4625-90f3-ce195e40b7d9	chr1	62920	3808980	3	2	1
38af736b-0669-4625-90f3-ce195e40b7d9	chr1	3809762	34700680	2	1	1
38af736b-0669-4625-90f3-ce195e40b7d9	chr1	34701039	62061086	3	2	1
38af736b-0669-4625-90f3-ce195e40b7d9	chr1	62067572	64460783	2	1	1
38af736b-0669-4625-90f3-ce195e40b7d9	chr1	64460862	69830218	3	2	1
38af736b-0669-4625-90f3-ce195e40b7d9	chr1	69830965	77623550	2	1	1
38af736b-0669-4625-90f3-ce195e40b7d9	chr1	77623714	78888458	3	2	1
38af736b-0669-4625-90f3-ce195e40b7d9	chr1	78892526	80323829	2	1	1
38af736b-0669-4625-90f3-ce195e40b7d9	chr1	80326023	81002180	3	2	1
38af736b-0669-4625-90f3-ce195e40b7d9	chr1	81002451	83842808	2	1	1
38af736b-0669-4625-90f3-ce195e40b7d9	chr1	83843735	86127405	3	2	1
38af736b-0669-4625-90f3-ce195e40b7d9	chr1	86127714	87921915	2	1	1
38af736b-0669-4625-90f3-ce195e40b7d9	chr1	87923011	89428912	3	2	1
38af736b-0669-4625-90f3-ce195e40b7d9	chr1	89429634	93195181	2	1	1
38af736b-0669-4625-90f3-ce195e40b7d9	chr1	93195194	95960240	3	2	1
38af736b-0669-4625-90f3-ce195e40b7d9	chr1	95960496	98491564	2	1	1
38af736b-0669-4625-90f3-ce195e40b7d9	chr1	98491998	98597090	4	3	1
38af736b-0669-4625-90f3-ce195e40b7d9	chr1	98597466	101623226	2	1	1
38af736b-0669-4625-90f3-ce195e40b7d9	chr1	101623328	101896359	3	2	1
38af736b-0669-4625-90f3-ce195e40b7d9	chr1	101899101	115822715	2	1	1
38af736b-0669-4625-90f3-ce195e40b7d9	chr1	115823051	116484404	3	2	1
38af736b-0669-4625-90f3-ce195e40b7d9	chr1	116484823	121705338	2	1	1
38af736b-0669-4625-90f3-ce195e40b7d9	chr1	143541857	248930189	3	2	1
38af736b-0669-4625-90f3-ce195e40b7d9	chr2	12784	57939333	3	2	1
38af736b-0669-4625-90f3-ce195e40b7d9	chr2	57939688	57942815	1	1	0
38af736b-0669-4625-90f3-ce195e40b7d9	chr2	57942869	71499387	3	2	1
38af736b-0669-4625-90f3-ce195e40b7d9	chr2	71502003	71509585	7	4	3
38af736b-0669-4625-90f3-ce195e40b7d9	chr2	71510204	88834118	4	2	2
38af736b-0669-4625-90f3-ce195e40b7d9	chr2	88836539	89118119	15	15	0
38af736b-0669-4625-90f3-ce195e40b7d9	chr2	89119438	118687786	4	2	2
38af736b-0669-4625-90f3-ce195e40b7d9	chr2	118688454	121859385	4	3	1
38af736b-0669-4625-90f3-ce195e40b7d9	chr2	121859511	215280270	3	2	1
38af736b-0669-4625-90f3-ce195e40b7d9	chr2	215280680	219301041	4	2	2
38af736b-0669-4625-90f3-ce195e40b7d9	chr2	219301232	219786336	4	3	1
38af736b-0669-4625-90f3-ce195e40b7d9	chr2	219787576	242147305	3	2	1
38af736b-0669-4625-90f3-ce195e40b7d9	chr3	20930	12574365	3	2	1
38af736b-0669-4625-90f3-ce195e40b7d9	chr3	12574680	15647611	4	3	1
38af736b-0669-4625-90f3-ce195e40b7d9	chr3	15648518	34749245	3	2	1
38af736b-0669-4625-90f3-ce195e40b7d9	chr3	34749258	34775343	1	1	0
38af736b-0669-4625-90f3-ce195e40b7d9	chr3	34775747	60401049	3	2	1
38af736b-0669-4625-90f3-ce195e40b7d9	chr3	60401097	60501955	2	1	1
38af736b-0669-4625-90f3-ce195e40b7d9	chr3	60502400	146538495	3	2	1
38af736b-0669-4625-90f3-ce195e40b7d9	chr3	146538692	146649834	2	1	1
38af736b-0669-4625-90f3-ce195e40b7d9	chr3	146650017	171263407	3	2	1
38af736b-0669-4625-90f3-ce195e40b7d9	chr3	171263784	173964203	2	1	1
38af736b-0669-4625-90f3-ce195e40b7d9	chr3	173966001	193160256	3	2	1
38af736b-0669-4625-90f3-ce195e40b7d9	chr3	193160406	193168669	25	25	0
38af736b-0669-4625-90f3-ce195e40b7d9	chr3	193168714	198169247	3	2	1
38af736b-0669-4625-90f3-ce195e40b7d9	chr4	68929	4183883	4	2	2
38af736b-0669-4625-90f3-ce195e40b7d9	chr4	4184322	5668236	3	2	1
38af736b-0669-4625-90f3-ce195e40b7d9	chr4	5669750	9835664	4	2	2
38af736b-0669-4625-90f3-ce195e40b7d9	chr4	9839931	9995592	3	3	0
38af736b-0669-4625-90f3-ce195e40b7d9	chr4	9995679	34784878	3	2	1
38af736b-0669-4625-90f3-ce195e40b7d9	chr4	34785333	34817589	0	0	0
38af736b-0669-4625-90f3-ce195e40b7d9	chr4	34819718	39571770	3	2	1
38af736b-0669-4625-90f3-ce195e40b7d9	chr4	39574820	40395880	3	3	0
38af736b-0669-4625-90f3-ce195e40b7d9	chr4	40395896	190106768	3	2	1
38af736b-0669-4625-90f3-ce195e40b7d9	chr5	15532	10884570	5	3	2
38af736b-0669-4625-90f3-ce195e40b7d9	chr5	10884584	10898965	1	1	0
38af736b-0669-4625-90f3-ce195e40b7d9	chr5	10899921	14202478	4	2	2
38af736b-0669-4625-90f3-ce195e40b7d9	chr5	14202493	55145323	5	3	2
38af736b-0669-4625-90f3-ce195e40b7d9	chr5	55147673	56011831	4	3	1
38af736b-0669-4625-90f3-ce195e40b7d9	chr5	56012021	90968655	5	3	2
38af736b-0669-4625-90f3-ce195e40b7d9	chr5	90976108	90983597	2	1	1
38af736b-0669-4625-90f3-ce195e40b7d9	chr5	90983625	132409193	5	3	2
38af736b-0669-4625-90f3-ce195e40b7d9	chr5	132415181	150129664	3	2	1
38af736b-0669-4625-90f3-ce195e40b7d9	chr5	150129707	181363319	5	3	2
38af736b-0669-4625-90f3-ce195e40b7d9	chr6	149661	14479685	5	3	2
38af736b-0669-4625-90f3-ce195e40b7d9	chr6	14486702	15152996	7	5	2
38af736b-0669-4625-90f3-ce195e40b7d9	chr6	15155983	30234178	5	3	2
38af736b-0669-4625-90f3-ce195e40b7d9	chr6	30234794	32721726	4	2	2
38af736b-0669-4625-90f3-ce195e40b7d9	chr6	32721752	32744470	2	1	1
38af736b-0669-4625-90f3-ce195e40b7d9	chr6	32744607	100289448	5	3	2
38af736b-0669-4625-90f3-ce195e40b7d9	chr6	100290412	101985597	5	4	1
38af736b-0669-4625-90f3-ce195e40b7d9	chr6	101988039	128709875	5	3	2
38af736b-0669-4625-90f3-ce195e40b7d9	chr6	128710353	128751009	3	2	1
38af736b-0669-4625-90f3-ce195e40b7d9	chr6	128751391	170741917	5	3	2
38af736b-0669-4625-90f3-ce195e40b7d9	chr7	43259	22101993	5	5	0
38af736b-0669-4625-90f3-ce195e40b7d9	chr7	22102093	22116108	8	8	0
38af736b-0669-4625-90f3-ce195e40b7d9	chr7	22116142	37249592	5	5	0
38af736b-0669-4625-90f3-ce195e40b7d9	chr7	37249709	43781854	4	4	0
38af736b-0669-4625-90f3-ce195e40b7d9	chr7	43782253	48899379	5	5	0
38af736b-0669-4625-90f3-ce195e40b7d9	chr7	48899792	49374736	4	4	0
38af736b-0669-4625-90f3-ce195e40b7d9	chr7	49374963	103568418	5	5	0
38af736b-0669-4625-90f3-ce195e40b7d9	chr7	103568581	103880090	4	4	0
38af736b-0669-4625-90f3-ce195e40b7d9	chr7	103880436	134640553	5	5	0
38af736b-0669-4625-90f3-ce195e40b7d9	chr7	134640659	137281584	4	4	0
38af736b-0669-4625-90f3-ce195e40b7d9	chr7	137284749	144028058	5	5	0
38af736b-0669-4625-90f3-ce195e40b7d9	chr7	144028088	147862056	4	4	0
38af736b-0669-4625-90f3-ce195e40b7d9	chr7	147862362	159334314	5	5	0
38af736b-0669-4625-90f3-ce195e40b7d9	chr8	81254	708485	2	2	0
38af736b-0669-4625-90f3-ce195e40b7d9	chr8	709438	2492800	3	3	0
38af736b-0669-4625-90f3-ce195e40b7d9	chr8	2492981	20735253	2	2	0
38af736b-0669-4625-90f3-ce195e40b7d9	chr8	20735401	21528007	3	2	1
38af736b-0669-4625-90f3-ce195e40b7d9	chr8	21529699	34690850	2	2	0
38af736b-0669-4625-90f3-ce195e40b7d9	chr8	34690871	132153335	3	2	1
38af736b-0669-4625-90f3-ce195e40b7d9	chr8	132153676	133824330	4	2	2
38af736b-0669-4625-90f3-ce195e40b7d9	chr8	133826142	139573160	3	2	1
38af736b-0669-4625-90f3-ce195e40b7d9	chr8	139573283	145072769	4	3	1
38af736b-0669-4625-90f3-ce195e40b7d9	chr9	46587	27671900	2	2	0
38af736b-0669-4625-90f3-ce195e40b7d9	chr9	27671963	27688490	1	1	0
38af736b-0669-4625-90f3-ce195e40b7d9	chr9	27688780	78754554	2	2	0
38af736b-0669-4625-90f3-ce195e40b7d9	chr9	78755547	78764333	1	1	0
38af736b-0669-4625-90f3-ce195e40b7d9	chr9	78766053	113958472	2	2	0
38af736b-0669-4625-90f3-ce195e40b7d9	chr9	113958642	114588346	3	3	0
38af736b-0669-4625-90f3-ce195e40b7d9	chr9	114588650	117349140	2	2	0
38af736b-0669-4625-90f3-ce195e40b7d9	chr9	117349232	117395594	4	4	0
38af736b-0669-4625-90f3-ce195e40b7d9	chr9	117395807	121328506	2	2	0
38af736b-0669-4625-90f3-ce195e40b7d9	chr9	121330077	122553499	3	3	0
38af736b-0669-4625-90f3-ce195e40b7d9	chr9	122555206	138200944	2	2	0
38af736b-0669-4625-90f3-ce195e40b7d9	chr10	45792	52211261	3	2	1
38af736b-0669-4625-90f3-ce195e40b7d9	chr10	52213679	52370273	8	6	2
38af736b-0669-4625-90f3-ce195e40b7d9	chr10	52376439	62187680	4	2	2
38af736b-0669-4625-90f3-ce195e40b7d9	chr10	62190080	69632523	3	2	1
38af736b-0669-4625-90f3-ce195e40b7d9	chr10	69632936	79087479	4	2	2
38af736b-0669-4625-90f3-ce195e40b7d9	chr10	79088823	79315213	5	3	2
38af736b-0669-4625-90f3-ce195e40b7d9	chr10	79315802	133654968	3	2	1
38af736b-0669-4625-90f3-ce195e40b7d9	chr11	198510	4540613	3	3	0
38af736b-0669-4625-90f3-ce195e40b7d9	chr11	4540768	14934570	2	2	0
38af736b-0669-4625-90f3-ce195e40b7d9	chr11	14934733	15675095	1	1	0
38af736b-0669-4625-90f3-ce195e40b7d9	chr11	15676195	43919284	2	2	0
38af736b-0669-4625-90f3-ce195e40b7d9	chr11	43921444	49883433	3	3	0
38af736b-0669-4625-90f3-ce195e40b7d9	chr11	49883882	69996418	2	2	0
38af736b-0669-4625-90f3-ce195e40b7d9	chr11	69996715	70003258	0	0	0
38af736b-0669-4625-90f3-ce195e40b7d9	chr11	70003328	78997101	2	2	0
38af736b-0669-4625-90f3-ce195e40b7d9	chr11	78997744	79012458	6	5	1
38af736b-0669-4625-90f3-ce195e40b7d9	chr11	79012499	135074876	2	2	0
38af736b-0669-4625-90f3-ce195e40b7d9	chr12	51460	3325715	5	3	2
38af736b-0669-4625-90f3-ce195e40b7d9	chr12	3325736	11714110	3	2	1
38af736b-0669-4625-90f3-ce195e40b7d9	chr12	11717173	21262713	5	3	2
38af736b-0669-4625-90f3-ce195e40b7d9	chr12	21263098	27986913	3	2	1
38af736b-0669-4625-90f3-ce195e40b7d9	chr12	27989532	28984166	5	3	2
38af736b-0669-4625-90f3-ce195e40b7d9	chr12	28984995	32680414	3	2	1
38af736b-0669-4625-90f3-ce195e40b7d9	chr12	32681210	41230426	5	3	2
38af736b-0669-4625-90f3-ce195e40b7d9	chr12	41230626	44154654	3	2	1
38af736b-0669-4625-90f3-ce195e40b7d9	chr12	44154877	51448349	5	3	2
38af736b-0669-4625-90f3-ce195e40b7d9	chr12	51450255	53377183	4	3	1
38af736b-0669-4625-90f3-ce195e40b7d9	chr12	53377563	55499179	5	3	2
38af736b-0669-4625-90f3-ce195e40b7d9	chr12	55501795	55526489	2	1	1
38af736b-0669-4625-90f3-ce195e40b7d9	chr12	55526530	61883924	5	3	2
38af736b-0669-4625-90f3-ce195e40b7d9	chr12	61885198	67013494	3	2	1
38af736b-0669-4625-90f3-ce195e40b7d9	chr12	67015411	72557110	5	3	2
38af736b-0669-4625-90f3-ce195e40b7d9	chr12	72557143	91203093	3	2	1
38af736b-0669-4625-90f3-ce195e40b7d9	chr12	91203118	93583815	4	2	2
38af736b-0669-4625-90f3-ce195e40b7d9	chr12	93584728	94160226	3	2	1
38af736b-0669-4625-90f3-ce195e40b7d9	chr12	94163918	96417448	5	3	2
38af736b-0669-4625-90f3-ce195e40b7d9	chr12	96418370	97003172	3	3	0
38af736b-0669-4625-90f3-ce195e40b7d9	chr12	97003460	103371609	3	2	1
38af736b-0669-4625-90f3-ce195e40b7d9	chr12	103371866	105951361	4	2	2
38af736b-0669-4625-90f3-ce195e40b7d9	chr12	105951461	105955186	2	1	1
38af736b-0669-4625-90f3-ce195e40b7d9	chr12	105955482	112664928	5	3	2
38af736b-0669-4625-90f3-ce195e40b7d9	chr12	112666980	119949157	3	2	1
38af736b-0669-4625-90f3-ce195e40b7d9	chr12	119951054	126055109	5	3	2
38af736b-0669-4625-90f3-ce195e40b7d9	chr12	126055451	132663121	3	2	1
38af736b-0669-4625-90f3-ce195e40b7d9	chr12	132666737	133201603	3	3	0
38af736b-0669-4625-90f3-ce195e40b7d9	chr13	18452809	47066575	5	4	1
38af736b-0669-4625-90f3-ce195e40b7d9	chr13	47066675	47069508	0	0	0
38af736b-0669-4625-90f3-ce195e40b7d9	chr13	47069621	51507710	5	4	1
38af736b-0669-4625-90f3-ce195e40b7d9	chr13	51518111	55268023	6	5	1
38af736b-0669-4625-90f3-ce195e40b7d9	chr13	55268456	55310215	3	3	0
38af736b-0669-4625-90f3-ce195e40b7d9	chr13	55310425	104556187	5	4	1
38af736b-0669-4625-90f3-ce195e40b7d9	chr13	104556684	114342922	6	5	1
38af736b-0669-4625-90f3-ce195e40b7d9	chr14	18239283	21573985	3	3	0
38af736b-0669-4625-90f3-ce195e40b7d9	chr14	21577581	23367003	2	2	0
38af736b-0669-4625-90f3-ce195e40b7d9	chr14	23367892	23428215	4	4	0
38af736b-0669-4625-90f3-ce195e40b7d9	chr14	23428298	42731836	2	2	0
38af736b-0669-4625-90f3-ce195e40b7d9	chr14	42732118	42898223	3	3	0
38af736b-0669-4625-90f3-ce195e40b7d9	chr14	42907234	105057326	2	2	0
38af736b-0669-4625-90f3-ce195e40b7d9	chr14	105057480	106877229	4	4	0
38af736b-0669-4625-90f3-ce195e40b7d9	chr15	19811075	22247364	2	1	1
38af736b-0669-4625-90f3-ce195e40b7d9	chr15	22247820	22300068	1	1	0
38af736b-0669-4625-90f3-ce195e40b7d9	chr15	23396367	34621529	4	2	2
38af736b-0669-4625-90f3-ce195e40b7d9	chr15	34621932	34648842	1	1	0
38af736b-0669-4625-90f3-ce195e40b7d9	chr15	34649756	98924182	3	2	1
38af736b-0669-4625-90f3-ce195e40b7d9	chr15	98924705	99083197	3	3	0
38af736b-0669-4625-90f3-ce195e40b7d9	chr15	99083783	101928837	4	2	2
38af736b-0669-4625-90f3-ce195e40b7d9	chr16	10777	5696732	5	3	2
38af736b-0669-4625-90f3-ce195e40b7d9	chr16	5697274	6024527	3	2	1
38af736b-0669-4625-90f3-ce195e40b7d9	chr16	6025278	19933041	4	2	2
38af736b-0669-4625-90f3-ce195e40b7d9	chr16	19934328	19956040	0	0	0
38af736b-0669-4625-90f3-ce195e40b7d9	chr16	19958932	27181286	4	2	2
38af736b-0669-4625-90f3-ce195e40b7d9	chr16	27181370	31525098	5	3	2
38af736b-0669-4625-90f3-ce195e40b7d9	chr16	31525421	36048855	5	4	1
38af736b-0669-4625-90f3-ce195e40b7d9	chr16	46441986	48325118	6	6	0
38af736b-0669-4625-90f3-ce195e40b7d9	chr16	48335999	57511824	5	3	2
38af736b-0669-4625-90f3-ce195e40b7d9	chr16	57512218	58707463	6	3	3
38af736b-0669-4625-90f3-ce195e40b7d9	chr16	58709550	82862735	5	3	2
38af736b-0669-4625-90f3-ce195e40b7d9	chr16	82862793	83506828	3	2	1
38af736b-0669-4625-90f3-ce195e40b7d9	chr16	83508621	90096867	5	3	2
38af736b-0669-4625-90f3-ce195e40b7d9	chr17	150733	18414080	2	2	0
38af736b-0669-4625-90f3-ce195e40b7d9	chr17	18452078	18550123	0	0	0
38af736b-0669-4625-90f3-ce195e40b7d9	chr17	18561272	27270217	3	3	0
38af736b-0669-4625-90f3-ce195e40b7d9	chr17	27270686	83091923	4	2	2
38af736b-0669-4625-90f3-ce195e40b7d9	chr18	48133	40680516	2	2	0
38af736b-0669-4625-90f3-ce195e40b7d9	chr18	40680526	40685425	0	0	0
38af736b-0669-4625-90f3-ce195e40b7d9	chr18	40688060	80257174	2	2	0
38af736b-0669-4625-90f3-ce195e40b7d9	chr19	90910	6620899	4	3	1
38af736b-0669-4625-90f3-ce195e40b7d9	chr19	6621728	10207436	3	2	1
38af736b-0669-4625-90f3-ce195e40b7d9	chr19	10207878	11299392	4	3	1
38af736b-0669-4625-90f3-ce195e40b7d9	chr19	11300192	16038223	3	2	1
38af736b-0669-4625-90f3-ce195e40b7d9	chr19	16038370	32083109	4	2	2
38af736b-0669-4625-90f3-ce195e40b7d9	chr19	32083147	36967811	4	3	1
38af736b-0669-4625-90f3-ce195e40b7d9	chr19	36970948	37016131	6	3	3
38af736b-0669-4625-90f3-ce195e40b7d9	chr19	37016332	58586487	3	2	1
38af736b-0669-4625-90f3-ce195e40b7d9	chr20	80664	14778002	2	2	0
38af736b-0669-4625-90f3-ce195e40b7d9	chr20	14779398	15102298	0	0	0
38af736b-0669-4625-90f3-ce195e40b7d9	chr20	15103256	15266415	1	1	0
38af736b-0669-4625-90f3-ce195e40b7d9	chr20	15267221	23768999	2	2	0
38af736b-0669-4625-90f3-ce195e40b7d9	chr20	23769077	56948439	12	10	2
38af736b-0669-4625-90f3-ce195e40b7d9	chr20	56948577	64324800	13	11	2
38af736b-0669-4625-90f3-ce195e40b7d9	chr21	12973348	23439150	4	2	2
38af736b-0669-4625-90f3-ce195e40b7d9	chr21	23439462	31153027	3	2	1
38af736b-0669-4625-90f3-ce195e40b7d9	chr21	31153494	36099580	4	2	2
38af736b-0669-4625-90f3-ce195e40b7d9	chr21	36103191	36610835	4	4	0
38af736b-0669-4625-90f3-ce195e40b7d9	chr21	36611380	46677045	3	2	1
38af736b-0669-4625-90f3-ce195e40b7d9	chr22	16392123	22933202	3	2	1
38af736b-0669-4625-90f3-ce195e40b7d9	chr22	22936336	50796027	2	1	1
38af736b-0669-4625-90f3-ce195e40b7d9	chrX	251810	29382042	5	3	2
38af736b-0669-4625-90f3-ce195e40b7d9	chrX	29382283	29433910	8	4	4
38af736b-0669-4625-90f3-ce195e40b7d9	chrX	29434439	66522367	5	3	2
38af736b-0669-4625-90f3-ce195e40b7d9	chrX	66522811	68461132	4	3	1
38af736b-0669-4625-90f3-ce195e40b7d9	chrX	68462971	156004181	5	3	2
38af736b-0669-4625-90f3-ce195e40b7d9	chrY	2782397	26653788	0	0	0
38af736b-0669-4625-90f3-ce195e40b7d9	chrY	56872112	56872112	4	4	0
