GDC_Aliquot	Chromosome	Start	End	Num_Probes	Segment_Mean
8f8d1207-7d8e-47d6-a237-ec4d2ec5d551	1	62920	2083915	351	-0.4149
8f8d1207-7d8e-47d6-a237-ec4d2ec5d551	1	2084385	3428581	470	-0.6524
8f8d1207-7d8e-47d6-a237-ec4d2ec5d551	1	3429784	15823420	7490	-0.4467
8f8d1207-7d8e-47d6-a237-ec4d2ec5d551	1	15827002	15827259	3	-2.6452
8f8d1207-7d8e-47d6-a237-ec4d2ec5d551	1	15827338	25092208	5546	-0.4389
8f8d1207-7d8e-47d6-a237-ec4d2ec5d551	1	25096910	25097831	2	-2.7918
8f8d1207-7d8e-47d6-a237-ec4d2ec5d551	1	25098398	25256850	118	-0.341
8f8d1207-7d8e-47d6-a237-ec4d2ec5d551	1	25266637	25284961	14	-1.478
8f8d1207-7d8e-47d6-a237-ec4d2ec5d551	1	25289805	34626073	4949	-0.4425
8f8d1207-7d8e-47d6-a237-ec4d2ec5d551	1	34637053	34638890	20	-3.3158
8f8d1207-7d8e-47d6-a237-ec4d2ec5d551	1	34648667	35150337	247	-0.4162
8f8d1207-7d8e-47d6-a237-ec4d2ec5d551	1	35152030	35152066	2	-2.1969
8f8d1207-7d8e-47d6-a237-ec4d2ec5d551	1	35153821	35379904	98	-0.4497
8f8d1207-7d8e-47d6-a237-ec4d2ec5d551	1	35381515	37307167	1065	-0.0485
8f8d1207-7d8e-47d6-a237-ec4d2ec5d551	1	37307449	37307985	2	-1.1546
8f8d1207-7d8e-47d6-a237-ec4d2ec5d551	1	37308262	37413993	66	-0.018
8f8d1207-7d8e-47d6-a237-ec4d2ec5d551	1	37415108	37416737	4	-0.9637
8f8d1207-7d8e-47d6-a237-ec4d2ec5d551	1	37417358	45898208	4764	-0.044
8f8d1207-7d8e-47d6-a237-ec4d2ec5d551	1	45903822	45997340	52	0.2696
8f8d1207-7d8e-47d6-a237-ec4d2ec5d551	1	46000719	50797288	2695	-0.0358
8f8d1207-7d8e-47d6-a237-ec4d2ec5d551	1	50799411	50915188	50	0.2528
8f8d1207-7d8e-47d6-a237-ec4d2ec5d551	1	50918024	103620877	34796	-0.0554
8f8d1207-7d8e-47d6-a237-ec4d2ec5d551	1	103621165	103760781	6	-1.4595
8f8d1207-7d8e-47d6-a237-ec4d2ec5d551	1	103760879	109684893	3569	-0.0575
8f8d1207-7d8e-47d6-a237-ec4d2ec5d551	1	109690352	109697556	13	-1.3019
8f8d1207-7d8e-47d6-a237-ec4d2ec5d551	1	109702376	110788378	802	-0.0604
8f8d1207-7d8e-47d6-a237-ec4d2ec5d551	1	110789023	110850774	76	0.2426
8f8d1207-7d8e-47d6-a237-ec4d2ec5d551	1	110850868	112147704	1071	-0.0559
8f8d1207-7d8e-47d6-a237-ec4d2ec5d551	1	112153343	112154552	19	-0.645
8f8d1207-7d8e-47d6-a237-ec4d2ec5d551	1	112154566	152582700	7609	-0.028
8f8d1207-7d8e-47d6-a237-ec4d2ec5d551	1	152583051	152614064	34	0.9269
8f8d1207-7d8e-47d6-a237-ec4d2ec5d551	1	152614100	152787202	169	-0.0685
8f8d1207-7d8e-47d6-a237-ec4d2ec5d551	1	152789447	152795487	31	0.8784
8f8d1207-7d8e-47d6-a237-ec4d2ec5d551	1	152795783	158518070	3251	-0.0455
8f8d1207-7d8e-47d6-a237-ec4d2ec5d551	1	158519669	158526239	10	0.6709
8f8d1207-7d8e-47d6-a237-ec4d2ec5d551	1	158528732	159958008	1069	-0.0596
8f8d1207-7d8e-47d6-a237-ec4d2ec5d551	1	159958269	159958921	2	-2.0485
8f8d1207-7d8e-47d6-a237-ec4d2ec5d551	1	159961349	169247699	6955	-0.0546
8f8d1207-7d8e-47d6-a237-ec4d2ec5d551	1	169264736	169272528	7	1.2402
8f8d1207-7d8e-47d6-a237-ec4d2ec5d551	1	169273163	189424900	13266	-0.06
8f8d1207-7d8e-47d6-a237-ec4d2ec5d551	1	189426047	189496149	41	0.2837
8f8d1207-7d8e-47d6-a237-ec4d2ec5d551	1	189500659	189509539	6	-0.5355
8f8d1207-7d8e-47d6-a237-ec4d2ec5d551	1	189509770	189536410	16	0.392
8f8d1207-7d8e-47d6-a237-ec4d2ec5d551	1	189541934	196762956	4854	-0.0758
8f8d1207-7d8e-47d6-a237-ec4d2ec5d551	1	196769493	196862194	69	0.3664
8f8d1207-7d8e-47d6-a237-ec4d2ec5d551	1	196865976	248446755	35609	-0.0583
8f8d1207-7d8e-47d6-a237-ec4d2ec5d551	1	248447206	248473963	10	-1.2494
8f8d1207-7d8e-47d6-a237-ec4d2ec5d551	1	248475325	248930189	190	0.1
8f8d1207-7d8e-47d6-a237-ec4d2ec5d551	2	12784	706646	501	-0.0355
8f8d1207-7d8e-47d6-a237-ec4d2ec5d551	2	711922	1893750	723	-0.1926
8f8d1207-7d8e-47d6-a237-ec4d2ec5d551	2	1896432	4866110	2381	-0.0678
8f8d1207-7d8e-47d6-a237-ec4d2ec5d551	2	4866333	4868973	9	-0.8356
8f8d1207-7d8e-47d6-a237-ec4d2ec5d551	2	4869014	5751223	697	-0.091
8f8d1207-7d8e-47d6-a237-ec4d2ec5d551	2	5751346	5759454	8	-0.7576
8f8d1207-7d8e-47d6-a237-ec4d2ec5d551	2	5760417	7962159	1945	-0.0668
8f8d1207-7d8e-47d6-a237-ec4d2ec5d551	2	7963956	7980369	25	-0.5243
8f8d1207-7d8e-47d6-a237-ec4d2ec5d551	2	7982579	14563570	4744	-0.0492
8f8d1207-7d8e-47d6-a237-ec4d2ec5d551	2	14564825	14569897	11	-0.8105
8f8d1207-7d8e-47d6-a237-ec4d2ec5d551	2	14569968	17036583	1791	-0.0693
8f8d1207-7d8e-47d6-a237-ec4d2ec5d551	2	17039825	17056523	44	0.241
8f8d1207-7d8e-47d6-a237-ec4d2ec5d551	2	17056585	24374359	5044	-0.0577
8f8d1207-7d8e-47d6-a237-ec4d2ec5d551	2	24376304	24399421	44	0.2828
8f8d1207-7d8e-47d6-a237-ec4d2ec5d551	2	24401291	28795186	2180	-0.032
8f8d1207-7d8e-47d6-a237-ec4d2ec5d551	2	28797815	28828727	12	0.5306
8f8d1207-7d8e-47d6-a237-ec4d2ec5d551	2	28832520	28915043	38	-0.0005
8f8d1207-7d8e-47d6-a237-ec4d2ec5d551	2	28915454	28919297	3	1.0389
8f8d1207-7d8e-47d6-a237-ec4d2ec5d551	2	28922598	32396543	2371	-0.0524
8f8d1207-7d8e-47d6-a237-ec4d2ec5d551	2	32399746	32719491	152	0.1613
8f8d1207-7d8e-47d6-a237-ec4d2ec5d551	2	32720709	34474248	1363	-0.0701
8f8d1207-7d8e-47d6-a237-ec4d2ec5d551	2	34476327	34511990	45	0.6837
8f8d1207-7d8e-47d6-a237-ec4d2ec5d551	2	34512096	35742319	869	-0.0453
8f8d1207-7d8e-47d6-a237-ec4d2ec5d551	2	35742970	35762881	9	1.2445
8f8d1207-7d8e-47d6-a237-ec4d2ec5d551	2	35772407	37868479	1678	-0.0455
8f8d1207-7d8e-47d6-a237-ec4d2ec5d551	2	37869129	37886438	12	-0.6971
8f8d1207-7d8e-47d6-a237-ec4d2ec5d551	2	37886678	41010869	2227	-0.0509
8f8d1207-7d8e-47d6-a237-ec4d2ec5d551	2	41010908	41011848	15	0.5806
8f8d1207-7d8e-47d6-a237-ec4d2ec5d551	2	41015457	52527743	8197	-0.052
8f8d1207-7d8e-47d6-a237-ec4d2ec5d551	2	52531615	52554404	33	0.5876
8f8d1207-7d8e-47d6-a237-ec4d2ec5d551	2	52560811	76615188	15537	-0.0516
8f8d1207-7d8e-47d6-a237-ec4d2ec5d551	2	76617340	76618300	6	-1.5365
8f8d1207-7d8e-47d6-a237-ec4d2ec5d551	2	76620460	79357930	1836	-0.0801
8f8d1207-7d8e-47d6-a237-ec4d2ec5d551	2	79361063	79362751	3	-2.4912
8f8d1207-7d8e-47d6-a237-ec4d2ec5d551	2	79362794	86710564	4526	-0.0566
8f8d1207-7d8e-47d6-a237-ec4d2ec5d551	2	86725947	86726731	2	-2.0376
8f8d1207-7d8e-47d6-a237-ec4d2ec5d551	2	86743283	97207299	1910	-0.0443
8f8d1207-7d8e-47d6-a237-ec4d2ec5d551	2	97210040	97211264	5	-1.0954
8f8d1207-7d8e-47d6-a237-ec4d2ec5d551	2	97211436	97359885	14	-0.0605
8f8d1207-7d8e-47d6-a237-ec4d2ec5d551	2	97524284	97545247	8	0.9178
8f8d1207-7d8e-47d6-a237-ec4d2ec5d551	2	97545726	146104517	29395	-0.0656
8f8d1207-7d8e-47d6-a237-ec4d2ec5d551	2	146106836	146109366	24	-1.8364
8f8d1207-7d8e-47d6-a237-ec4d2ec5d551	2	146120238	183929124	23285	-0.054
8f8d1207-7d8e-47d6-a237-ec4d2ec5d551	2	183929673	183937576	15	-1.1574
8f8d1207-7d8e-47d6-a237-ec4d2ec5d551	2	183937588	202425310	10492	-0.0402
8f8d1207-7d8e-47d6-a237-ec4d2ec5d551	2	202428236	202448792	47	0.3425
8f8d1207-7d8e-47d6-a237-ec4d2ec5d551	2	202448915	212520898	6345	-0.0467
8f8d1207-7d8e-47d6-a237-ec4d2ec5d551	2	212521351	212527671	11	-0.692
8f8d1207-7d8e-47d6-a237-ec4d2ec5d551	2	212528004	228892290	10661	-0.0595
8f8d1207-7d8e-47d6-a237-ec4d2ec5d551	2	228894763	228895197	8	-1.3838
8f8d1207-7d8e-47d6-a237-ec4d2ec5d551	2	228895367	239178027	6588	-0.0657
8f8d1207-7d8e-47d6-a237-ec4d2ec5d551	2	239179476	239179915	2	-1.9398
8f8d1207-7d8e-47d6-a237-ec4d2ec5d551	2	239180314	242147305	1609	-0.0962
8f8d1207-7d8e-47d6-a237-ec4d2ec5d551	3	20930	11366589	9547	-0.0829
8f8d1207-7d8e-47d6-a237-ec4d2ec5d551	3	11371130	11371926	4	-2.167
8f8d1207-7d8e-47d6-a237-ec4d2ec5d551	3	11375791	12628233	933	-0.0541
8f8d1207-7d8e-47d6-a237-ec4d2ec5d551	3	12628348	12675088	57	0.2466
8f8d1207-7d8e-47d6-a237-ec4d2ec5d551	3	12678518	23937812	7323	-0.0769
8f8d1207-7d8e-47d6-a237-ec4d2ec5d551	3	23939938	23940839	3	-1.4593
8f8d1207-7d8e-47d6-a237-ec4d2ec5d551	3	23941849	26570158	2138	-0.0761
8f8d1207-7d8e-47d6-a237-ec4d2ec5d551	3	26570176	26570407	5	-1.3797
8f8d1207-7d8e-47d6-a237-ec4d2ec5d551	3	26570470	36242239	6493	-0.0644
8f8d1207-7d8e-47d6-a237-ec4d2ec5d551	3	36242465	36243538	3	-2.7421
8f8d1207-7d8e-47d6-a237-ec4d2ec5d551	3	36243787	42075633	3822	-0.042
8f8d1207-7d8e-47d6-a237-ec4d2ec5d551	3	42079986	42081269	3	-1.1772
8f8d1207-7d8e-47d6-a237-ec4d2ec5d551	3	42081500	46750055	2848	-0.0631
8f8d1207-7d8e-47d6-a237-ec4d2ec5d551	3	46751887	46807689	40	0.2889
8f8d1207-7d8e-47d6-a237-ec4d2ec5d551	3	46808099	59731422	7079	-0.0629
8f8d1207-7d8e-47d6-a237-ec4d2ec5d551	3	59733232	60486354	890	-0.1397
8f8d1207-7d8e-47d6-a237-ec4d2ec5d551	3	60486374	60792199	349	-0.0615
8f8d1207-7d8e-47d6-a237-ec4d2ec5d551	3	60794907	60795294	4	-1.1836
8f8d1207-7d8e-47d6-a237-ec4d2ec5d551	3	60798502	65202778	3766	-0.0573
8f8d1207-7d8e-47d6-a237-ec4d2ec5d551	3	65203560	65224777	52	-2.5967
8f8d1207-7d8e-47d6-a237-ec4d2ec5d551	3	65230674	68697013	2423	-0.0634
8f8d1207-7d8e-47d6-a237-ec4d2ec5d551	3	68697108	68697689	8	1.1009
8f8d1207-7d8e-47d6-a237-ec4d2ec5d551	3	68697861	68698262	6	1.427
8f8d1207-7d8e-47d6-a237-ec4d2ec5d551	3	68699607	75519398	4927	-0.0779
8f8d1207-7d8e-47d6-a237-ec4d2ec5d551	3	75523398	75537654	6	-1.8419
8f8d1207-7d8e-47d6-a237-ec4d2ec5d551	3	75546030	89337951	7691	-0.0815
8f8d1207-7d8e-47d6-a237-ec4d2ec5d551	3	89345442	89367367	44	0.2428
8f8d1207-7d8e-47d6-a237-ec4d2ec5d551	3	89367382	99218940	3239	-0.0796
8f8d1207-7d8e-47d6-a237-ec4d2ec5d551	3	99225614	99232539	40	0.4081
8f8d1207-7d8e-47d6-a237-ec4d2ec5d551	3	99232990	108788000	5740	-0.073
8f8d1207-7d8e-47d6-a237-ec4d2ec5d551	3	108789316	109329700	369	0.0485
8f8d1207-7d8e-47d6-a237-ec4d2ec5d551	3	109333885	125993496	10240	-0.0678
8f8d1207-7d8e-47d6-a237-ec4d2ec5d551	3	125993720	125994138	8	1.092
8f8d1207-7d8e-47d6-a237-ec4d2ec5d551	3	125994249	128095667	1369	-0.0853
8f8d1207-7d8e-47d6-a237-ec4d2ec5d551	3	128095889	128097592	2	-2.1816
8f8d1207-7d8e-47d6-a237-ec4d2ec5d551	3	128104521	130044016	976	-0.0614
8f8d1207-7d8e-47d6-a237-ec4d2ec5d551	3	130044855	130067366	7	-0.7435
8f8d1207-7d8e-47d6-a237-ec4d2ec5d551	3	130067443	130087393	31	-1.7672
8f8d1207-7d8e-47d6-a237-ec4d2ec5d551	3	130088081	142100042	7436	-0.0652
8f8d1207-7d8e-47d6-a237-ec4d2ec5d551	3	142102103	142135084	16	0.5109
8f8d1207-7d8e-47d6-a237-ec4d2ec5d551	3	142135372	162807070	12823	-0.0601
8f8d1207-7d8e-47d6-a237-ec4d2ec5d551	3	162810842	162822702	10	0.7389
8f8d1207-7d8e-47d6-a237-ec4d2ec5d551	3	162827928	162889405	36	-0.0235
8f8d1207-7d8e-47d6-a237-ec4d2ec5d551	3	162889424	162911011	18	0.5741
8f8d1207-7d8e-47d6-a237-ec4d2ec5d551	3	162911124	163941155	571	-0.0777
8f8d1207-7d8e-47d6-a237-ec4d2ec5d551	3	163941157	163944583	9	0.5473
8f8d1207-7d8e-47d6-a237-ec4d2ec5d551	3	163944636	164985165	567	-0.0926
8f8d1207-7d8e-47d6-a237-ec4d2ec5d551	3	164985225	165152747	74	0.1411
8f8d1207-7d8e-47d6-a237-ec4d2ec5d551	3	165154789	165341781	117	-0.1235
8f8d1207-7d8e-47d6-a237-ec4d2ec5d551	3	165341795	165347393	24	0.3431
8f8d1207-7d8e-47d6-a237-ec4d2ec5d551	3	165347552	165539879	106	-0.0867
8f8d1207-7d8e-47d6-a237-ec4d2ec5d551	3	165541222	165549335	4	-1.0105
8f8d1207-7d8e-47d6-a237-ec4d2ec5d551	3	165550720	166137312	367	-0.0302
8f8d1207-7d8e-47d6-a237-ec4d2ec5d551	3	166141359	166143782	5	-1.1177
8f8d1207-7d8e-47d6-a237-ec4d2ec5d551	3	166144704	169012392	1590	-0.0666
8f8d1207-7d8e-47d6-a237-ec4d2ec5d551	3	169015614	169020840	2	1.3734
8f8d1207-7d8e-47d6-a237-ec4d2ec5d551	3	169022039	169631156	466	-0.0428
8f8d1207-7d8e-47d6-a237-ec4d2ec5d551	3	169632074	169632816	2	-1.9631
8f8d1207-7d8e-47d6-a237-ec4d2ec5d551	3	169634670	193160113	15254	-0.066
8f8d1207-7d8e-47d6-a237-ec4d2ec5d551	3	193160173	193165114	19	0.6649
8f8d1207-7d8e-47d6-a237-ec4d2ec5d551	3	193168646	194913439	1156	-0.0495
8f8d1207-7d8e-47d6-a237-ec4d2ec5d551	3	194913859	194921116	6	-1.2205
8f8d1207-7d8e-47d6-a237-ec4d2ec5d551	3	194921751	195559056	319	-0.0863
8f8d1207-7d8e-47d6-a237-ec4d2ec5d551	3	195656271	195747892	44	-0.6293
8f8d1207-7d8e-47d6-a237-ec4d2ec5d551	3	195751823	195826388	34	-0.0123
8f8d1207-7d8e-47d6-a237-ec4d2ec5d551	3	195830590	195838956	3	-1.5061
8f8d1207-7d8e-47d6-a237-ec4d2ec5d551	3	195841290	198106887	1092	0.0094
8f8d1207-7d8e-47d6-a237-ec4d2ec5d551	3	198106927	198108585	14	0.6387
8f8d1207-7d8e-47d6-a237-ec4d2ec5d551	3	198108859	198169247	22	-0.2133
8f8d1207-7d8e-47d6-a237-ec4d2ec5d551	4	68929	10208766	5701	-0.0968
8f8d1207-7d8e-47d6-a237-ec4d2ec5d551	4	10212536	10229874	29	4.0256
8f8d1207-7d8e-47d6-a237-ec4d2ec5d551	4	10232590	10233644	7	1.1603
8f8d1207-7d8e-47d6-a237-ec4d2ec5d551	4	10234518	10389091	171	-0.1192
8f8d1207-7d8e-47d6-a237-ec4d2ec5d551	4	10390730	10399044	16	-0.6439
8f8d1207-7d8e-47d6-a237-ec4d2ec5d551	4	10401094	12379463	1620	-0.0713
8f8d1207-7d8e-47d6-a237-ec4d2ec5d551	4	12379911	12384864	20	0.367
8f8d1207-7d8e-47d6-a237-ec4d2ec5d551	4	12384965	20554097	5764	-0.0865
8f8d1207-7d8e-47d6-a237-ec4d2ec5d551	4	20555088	20561077	25	0.328
8f8d1207-7d8e-47d6-a237-ec4d2ec5d551	4	20561292	34771893	9356	-0.0901
8f8d1207-7d8e-47d6-a237-ec4d2ec5d551	4	34777238	34828382	50	0.5068
8f8d1207-7d8e-47d6-a237-ec4d2ec5d551	4	34830196	43143380	5522	-0.0685
8f8d1207-7d8e-47d6-a237-ec4d2ec5d551	4	43143414	43147945	9	-1.8309
8f8d1207-7d8e-47d6-a237-ec4d2ec5d551	4	43148055	48095161	2803	-0.0944
8f8d1207-7d8e-47d6-a237-ec4d2ec5d551	4	48095383	51819878	659	0.0967
8f8d1207-7d8e-47d6-a237-ec4d2ec5d551	4	51820017	68354665	10441	-0.0902
8f8d1207-7d8e-47d6-a237-ec4d2ec5d551	4	68361130	68391041	4	2.3535
8f8d1207-7d8e-47d6-a237-ec4d2ec5d551	4	68394355	68530748	32	-0.5058
8f8d1207-7d8e-47d6-a237-ec4d2ec5d551	4	68544506	69268962	377	-0.0824
8f8d1207-7d8e-47d6-a237-ec4d2ec5d551	4	69272239	69366081	45	-0.4605
8f8d1207-7d8e-47d6-a237-ec4d2ec5d551	4	69366304	72555244	1867	-0.0839
8f8d1207-7d8e-47d6-a237-ec4d2ec5d551	4	72555291	72559595	8	-0.8968
8f8d1207-7d8e-47d6-a237-ec4d2ec5d551	4	72560986	85810098	8402	-0.0652
8f8d1207-7d8e-47d6-a237-ec4d2ec5d551	4	85811504	85822603	4	-2.3168
8f8d1207-7d8e-47d6-a237-ec4d2ec5d551	4	85823376	89507343	2312	-0.0644
8f8d1207-7d8e-47d6-a237-ec4d2ec5d551	4	89508641	89510267	2	-1.5244
8f8d1207-7d8e-47d6-a237-ec4d2ec5d551	4	89511311	91552488	1234	-0.0844
8f8d1207-7d8e-47d6-a237-ec4d2ec5d551	4	91552549	91557170	4	-1.5868
8f8d1207-7d8e-47d6-a237-ec4d2ec5d551	4	91560210	99369341	4494	-0.0911
8f8d1207-7d8e-47d6-a237-ec4d2ec5d551	4	99369963	99375295	6	-1.1796
8f8d1207-7d8e-47d6-a237-ec4d2ec5d551	4	99377945	103269314	2294	-0.0789
8f8d1207-7d8e-47d6-a237-ec4d2ec5d551	4	103269332	103328840	60	0.1692
8f8d1207-7d8e-47d6-a237-ec4d2ec5d551	4	103329137	107130343	2196	-0.0524
8f8d1207-7d8e-47d6-a237-ec4d2ec5d551	4	107144594	107154866	34	0.498
8f8d1207-7d8e-47d6-a237-ec4d2ec5d551	4	107154967	112894749	3423	-0.0555
8f8d1207-7d8e-47d6-a237-ec4d2ec5d551	4	112895194	112896230	3	-1.5583
8f8d1207-7d8e-47d6-a237-ec4d2ec5d551	4	112896705	114252544	985	-0.0672
8f8d1207-7d8e-47d6-a237-ec4d2ec5d551	4	114254167	114261019	23	-1.3164
8f8d1207-7d8e-47d6-a237-ec4d2ec5d551	4	114263073	137017561	13122	-0.0648
8f8d1207-7d8e-47d6-a237-ec4d2ec5d551	4	137017653	137278737	273	0.0828
8f8d1207-7d8e-47d6-a237-ec4d2ec5d551	4	137280590	149983694	7678	-0.0519
8f8d1207-7d8e-47d6-a237-ec4d2ec5d551	4	149984222	149984807	2	-1.755
8f8d1207-7d8e-47d6-a237-ec4d2ec5d551	4	149987908	153048037	1751	-0.0291
8f8d1207-7d8e-47d6-a237-ec4d2ec5d551	4	153049972	153050753	2	-1.6469
8f8d1207-7d8e-47d6-a237-ec4d2ec5d551	4	153051202	155494993	1617	-0.0537
8f8d1207-7d8e-47d6-a237-ec4d2ec5d551	4	155495153	157631821	1452	-0.1007
8f8d1207-7d8e-47d6-a237-ec4d2ec5d551	4	157635739	160952848	2072	-0.0349
8f8d1207-7d8e-47d6-a237-ec4d2ec5d551	4	160958866	160958989	3	-1.3283
8f8d1207-7d8e-47d6-a237-ec4d2ec5d551	4	160959045	160963448	17	-2.9265
8f8d1207-7d8e-47d6-a237-ec4d2ec5d551	4	160963756	160964026	10	0.196
8f8d1207-7d8e-47d6-a237-ec4d2ec5d551	4	160964110	167943780	4419	-0.0665
8f8d1207-7d8e-47d6-a237-ec4d2ec5d551	4	167944100	168044810	54	0.23
8f8d1207-7d8e-47d6-a237-ec4d2ec5d551	4	168049068	172066777	2589	-0.0791
8f8d1207-7d8e-47d6-a237-ec4d2ec5d551	4	172067997	172074828	13	1.0197
8f8d1207-7d8e-47d6-a237-ec4d2ec5d551	4	172075742	172501371	230	-0.0687
8f8d1207-7d8e-47d6-a237-ec4d2ec5d551	4	172503796	172507492	7	1.0173
8f8d1207-7d8e-47d6-a237-ec4d2ec5d551	4	172519981	185076858	8498	-0.0895
8f8d1207-7d8e-47d6-a237-ec4d2ec5d551	4	185078250	188300104	2194	-0.0262
8f8d1207-7d8e-47d6-a237-ec4d2ec5d551	4	188300206	188300285	4	1.4031
8f8d1207-7d8e-47d6-a237-ec4d2ec5d551	4	188301659	188373439	71	0.0138
8f8d1207-7d8e-47d6-a237-ec4d2ec5d551	4	188379142	188379470	2	-1.7851
8f8d1207-7d8e-47d6-a237-ec4d2ec5d551	4	188379569	188892614	432	-0.0104
8f8d1207-7d8e-47d6-a237-ec4d2ec5d551	4	188895433	190106768	636	-0.1052
8f8d1207-7d8e-47d6-a237-ec4d2ec5d551	5	15532	1568393	732	0.1747
8f8d1207-7d8e-47d6-a237-ec4d2ec5d551	5	1569741	1639786	20	-0.327
8f8d1207-7d8e-47d6-a237-ec4d2ec5d551	5	1641700	4646990	2674	0.1776
8f8d1207-7d8e-47d6-a237-ec4d2ec5d551	5	4647323	20401435	11680	0.2193
8f8d1207-7d8e-47d6-a237-ec4d2ec5d551	5	20401540	20465016	81	0.4453
8f8d1207-7d8e-47d6-a237-ec4d2ec5d551	5	20470204	21376735	487	0.228
8f8d1207-7d8e-47d6-a237-ec4d2ec5d551	5	21377730	21377744	2	-1.8468
8f8d1207-7d8e-47d6-a237-ec4d2ec5d551	5	21385957	21451168	46	0.3107
8f8d1207-7d8e-47d6-a237-ec4d2ec5d551	5	21451855	21452329	3	-2.4487
8f8d1207-7d8e-47d6-a237-ec4d2ec5d551	5	21452387	24560115	1755	0.1872
8f8d1207-7d8e-47d6-a237-ec4d2ec5d551	5	24560125	24571906	6	1.0128
8f8d1207-7d8e-47d6-a237-ec4d2ec5d551	5	24572152	31647870	4427	0.206
8f8d1207-7d8e-47d6-a237-ec4d2ec5d551	5	31648172	34507468	1857	0.2524
8f8d1207-7d8e-47d6-a237-ec4d2ec5d551	5	34508011	34508373	3	-1.2879
8f8d1207-7d8e-47d6-a237-ec4d2ec5d551	5	34508374	45308261	6603	0.2266
8f8d1207-7d8e-47d6-a237-ec4d2ec5d551	5	45310953	50888057	648	0.3302
8f8d1207-7d8e-47d6-a237-ec4d2ec5d551	5	50890370	51069217	117	0.2135
8f8d1207-7d8e-47d6-a237-ec4d2ec5d551	5	51075695	58025819	4614	-0.4638
8f8d1207-7d8e-47d6-a237-ec4d2ec5d551	5	58030200	58037706	32	0.3596
8f8d1207-7d8e-47d6-a237-ec4d2ec5d551	5	58042530	76133449	10406	-0.4591
8f8d1207-7d8e-47d6-a237-ec4d2ec5d551	5	76135614	76135874	2	-4.01
8f8d1207-7d8e-47d6-a237-ec4d2ec5d551	5	76136912	136131620	37139	-0.4597
8f8d1207-7d8e-47d6-a237-ec4d2ec5d551	5	136132004	142975906	3791	-0.0729
8f8d1207-7d8e-47d6-a237-ec4d2ec5d551	5	142976064	142976598	2	-2.9422
8f8d1207-7d8e-47d6-a237-ec4d2ec5d551	5	142980966	156993692	9530	-0.0773
8f8d1207-7d8e-47d6-a237-ec4d2ec5d551	5	156994920	156999228	5	-1.9437
8f8d1207-7d8e-47d6-a237-ec4d2ec5d551	5	157000282	166389815	6216	-0.0965
8f8d1207-7d8e-47d6-a237-ec4d2ec5d551	5	166392817	166393024	2	-2.0721
8f8d1207-7d8e-47d6-a237-ec4d2ec5d551	5	166394330	166411822	18	-0.1736
8f8d1207-7d8e-47d6-a237-ec4d2ec5d551	5	166411837	166422365	34	0.2532
8f8d1207-7d8e-47d6-a237-ec4d2ec5d551	5	166422569	168778197	1730	-0.099
8f8d1207-7d8e-47d6-a237-ec4d2ec5d551	5	168778648	168785091	11	-0.9411
8f8d1207-7d8e-47d6-a237-ec4d2ec5d551	5	168785451	181363319	8141	-0.0708
8f8d1207-7d8e-47d6-a237-ec4d2ec5d551	6	149661	294837	123	0.3002
8f8d1207-7d8e-47d6-a237-ec4d2ec5d551	6	302306	387532	86	-0.1716
8f8d1207-7d8e-47d6-a237-ec4d2ec5d551	6	387659	879853	413	0.2315
8f8d1207-7d8e-47d6-a237-ec4d2ec5d551	6	882436	892309	15	-0.3214
8f8d1207-7d8e-47d6-a237-ec4d2ec5d551	6	893507	18787798	13925	0.2373
8f8d1207-7d8e-47d6-a237-ec4d2ec5d551	6	18788547	18791485	5	-0.8365
8f8d1207-7d8e-47d6-a237-ec4d2ec5d551	6	18791492	25604426	4980	0.2379
8f8d1207-7d8e-47d6-a237-ec4d2ec5d551	6	25604487	25605953	4	-0.8631
8f8d1207-7d8e-47d6-a237-ec4d2ec5d551	6	25607343	26008032	276	0.217
8f8d1207-7d8e-47d6-a237-ec4d2ec5d551	6	26013798	26016943	5	-0.5268
8f8d1207-7d8e-47d6-a237-ec4d2ec5d551	6	26018984	27688311	778	0.2281
8f8d1207-7d8e-47d6-a237-ec4d2ec5d551	6	27688366	27688379	2	1.5823
8f8d1207-7d8e-47d6-a237-ec4d2ec5d551	6	27688396	29869411	1049	0.2219
8f8d1207-7d8e-47d6-a237-ec4d2ec5d551	6	29869537	29881490	14	-0.9351
8f8d1207-7d8e-47d6-a237-ec4d2ec5d551	6	29882419	30094281	114	0.2029
8f8d1207-7d8e-47d6-a237-ec4d2ec5d551	6	30095591	30097639	5	-1.0709
8f8d1207-7d8e-47d6-a237-ec4d2ec5d551	6	30097798	31309909	544	0.2133
8f8d1207-7d8e-47d6-a237-ec4d2ec5d551	6	31313046	31328674	12	-1.6521
8f8d1207-7d8e-47d6-a237-ec4d2ec5d551	6	31342147	32656527	557	0.1687
8f8d1207-7d8e-47d6-a237-ec4d2ec5d551	6	32656814	32658841	5	-1.852
8f8d1207-7d8e-47d6-a237-ec4d2ec5d551	6	32682835	32808846	113	0.2024
8f8d1207-7d8e-47d6-a237-ec4d2ec5d551	6	32810504	32811611	2	-2.0821
8f8d1207-7d8e-47d6-a237-ec4d2ec5d551	6	32813656	54066353	13589	0.2379
8f8d1207-7d8e-47d6-a237-ec4d2ec5d551	6	54066432	54067005	5	2.5136
8f8d1207-7d8e-47d6-a237-ec4d2ec5d551	6	54067057	64627049	4229	0.2422
8f8d1207-7d8e-47d6-a237-ec4d2ec5d551	6	64637651	64639099	2	-2.7126
8f8d1207-7d8e-47d6-a237-ec4d2ec5d551	6	64640883	76730331	7940	0.2274
8f8d1207-7d8e-47d6-a237-ec4d2ec5d551	6	76730377	76743040	19	0.8728
8f8d1207-7d8e-47d6-a237-ec4d2ec5d551	6	76751356	78259348	977	0.2179
8f8d1207-7d8e-47d6-a237-ec4d2ec5d551	6	78259388	78332002	115	-0.276
8f8d1207-7d8e-47d6-a237-ec4d2ec5d551	6	78332056	162351330	53870	0.2376
8f8d1207-7d8e-47d6-a237-ec4d2ec5d551	6	162356673	170741917	5836	0.1868
8f8d1207-7d8e-47d6-a237-ec4d2ec5d551	7	43355	199503	132	0.2
8f8d1207-7d8e-47d6-a237-ec4d2ec5d551	7	214803	6828011	3298	0.4689
8f8d1207-7d8e-47d6-a237-ec4d2ec5d551	7	6834642	7017623	62	0.1748
8f8d1207-7d8e-47d6-a237-ec4d2ec5d551	7	7018199	9002040	1797	0.4815
8f8d1207-7d8e-47d6-a237-ec4d2ec5d551	7	9003006	9023928	19	-0.0437
8f8d1207-7d8e-47d6-a237-ec4d2ec5d551	7	9024156	9172650	125	0.5299
8f8d1207-7d8e-47d6-a237-ec4d2ec5d551	7	9172717	9195962	28	0.1329
8f8d1207-7d8e-47d6-a237-ec4d2ec5d551	7	9196395	15749463	5219	0.4662
8f8d1207-7d8e-47d6-a237-ec4d2ec5d551	7	15750410	17678533	1559	0.5189
8f8d1207-7d8e-47d6-a237-ec4d2ec5d551	7	17679756	18939571	964	0.4401
8f8d1207-7d8e-47d6-a237-ec4d2ec5d551	7	18939743	19182468	395	0.5928
8f8d1207-7d8e-47d6-a237-ec4d2ec5d551	7	19182548	29465145	7705	0.4793
8f8d1207-7d8e-47d6-a237-ec4d2ec5d551	7	29466459	29500010	49	0.2074
8f8d1207-7d8e-47d6-a237-ec4d2ec5d551	7	29500589	29615657	81	0.4868
8f8d1207-7d8e-47d6-a237-ec4d2ec5d551	7	29616212	38248326	5944	0.232
8f8d1207-7d8e-47d6-a237-ec4d2ec5d551	7	38251092	38317722	105	0.8282
8f8d1207-7d8e-47d6-a237-ec4d2ec5d551	7	38318626	41363958	1977	0.2558
8f8d1207-7d8e-47d6-a237-ec4d2ec5d551	7	41367461	42794678	1056	0.1768
8f8d1207-7d8e-47d6-a237-ec4d2ec5d551	7	42796206	54122926	7846	0.2317
8f8d1207-7d8e-47d6-a237-ec4d2ec5d551	7	54123077	54123527	6	-0.6277
8f8d1207-7d8e-47d6-a237-ec4d2ec5d551	7	54129863	54305455	129	0.2454
8f8d1207-7d8e-47d6-a237-ec4d2ec5d551	7	54318812	54318824	6	1.2296
8f8d1207-7d8e-47d6-a237-ec4d2ec5d551	7	54325795	57340858	1762	0.2305
8f8d1207-7d8e-47d6-a237-ec4d2ec5d551	7	57341174	57407485	48	-0.1274
8f8d1207-7d8e-47d6-a237-ec4d2ec5d551	7	57407759	57442394	30	0.1481
8f8d1207-7d8e-47d6-a237-ec4d2ec5d551	7	57449030	57477327	44	0.5265
8f8d1207-7d8e-47d6-a237-ec4d2ec5d551	7	57477430	57891225	148	0.1592
8f8d1207-7d8e-47d6-a237-ec4d2ec5d551	7	57900929	63137242	246	0.4054
8f8d1207-7d8e-47d6-a237-ec4d2ec5d551	7	63142597	65018396	720	0.2063
8f8d1207-7d8e-47d6-a237-ec4d2ec5d551	7	65025285	66057796	358	0.3415
8f8d1207-7d8e-47d6-a237-ec4d2ec5d551	7	66063677	70955452	2772	0.2168
8f8d1207-7d8e-47d6-a237-ec4d2ec5d551	7	70958264	70961155	2	-2.4377
8f8d1207-7d8e-47d6-a237-ec4d2ec5d551	7	70963257	89170365	10212	0.2427
8f8d1207-7d8e-47d6-a237-ec4d2ec5d551	7	89172933	89569042	247	-0.428
8f8d1207-7d8e-47d6-a237-ec4d2ec5d551	7	89570013	126404920	21922	0.237
8f8d1207-7d8e-47d6-a237-ec4d2ec5d551	7	126405428	126406823	14	1.4227
8f8d1207-7d8e-47d6-a237-ec4d2ec5d551	7	126406824	142069880	9928	0.2282
8f8d1207-7d8e-47d6-a237-ec4d2ec5d551	7	142069891	142090403	30	-0.5406
8f8d1207-7d8e-47d6-a237-ec4d2ec5d551	7	142092108	142513915	338	0.2337
8f8d1207-7d8e-47d6-a237-ec4d2ec5d551	7	142516594	142785320	109	0.5473
8f8d1207-7d8e-47d6-a237-ec4d2ec5d551	7	142785841	143146465	236	0.2239
8f8d1207-7d8e-47d6-a237-ec4d2ec5d551	7	143147929	143194628	20	0.6763
8f8d1207-7d8e-47d6-a237-ec4d2ec5d551	7	143200677	148017689	2926	0.2272
8f8d1207-7d8e-47d6-a237-ec4d2ec5d551	7	148018302	148019073	4	-2.2489
8f8d1207-7d8e-47d6-a237-ec4d2ec5d551	7	148020170	148740917	519	0.2251
8f8d1207-7d8e-47d6-a237-ec4d2ec5d551	7	148745607	148767583	18	-0.441
8f8d1207-7d8e-47d6-a237-ec4d2ec5d551	7	148772624	154598185	3461	0.2199
8f8d1207-7d8e-47d6-a237-ec4d2ec5d551	7	154601461	154607903	4	1.5536
8f8d1207-7d8e-47d6-a237-ec4d2ec5d551	7	154609120	154635962	27	0.1465
8f8d1207-7d8e-47d6-a237-ec4d2ec5d551	7	154636288	154636708	3	-1.2734
8f8d1207-7d8e-47d6-a237-ec4d2ec5d551	7	154637850	157961613	2359	0.2193
8f8d1207-7d8e-47d6-a237-ec4d2ec5d551	7	157961628	157965945	13	-0.3061
8f8d1207-7d8e-47d6-a237-ec4d2ec5d551	7	157966104	158919669	546	0.2068
8f8d1207-7d8e-47d6-a237-ec4d2ec5d551	7	158920562	159165243	179	0.0449
8f8d1207-7d8e-47d6-a237-ec4d2ec5d551	7	159166679	159334314	108	0.2267
8f8d1207-7d8e-47d6-a237-ec4d2ec5d551	8	81254	2844412	2031	-0.522
8f8d1207-7d8e-47d6-a237-ec4d2ec5d551	8	2846011	2846377	7	-2.1377
8f8d1207-7d8e-47d6-a237-ec4d2ec5d551	8	2849649	3648319	885	-0.4896
8f8d1207-7d8e-47d6-a237-ec4d2ec5d551	8	3649203	3651150	5	-1.9686
8f8d1207-7d8e-47d6-a237-ec4d2ec5d551	8	3652384	3726901	130	-0.4766
8f8d1207-7d8e-47d6-a237-ec4d2ec5d551	8	3727830	3728598	4	-2.0983
8f8d1207-7d8e-47d6-a237-ec4d2ec5d551	8	3728955	5397881	2472	-0.503
8f8d1207-7d8e-47d6-a237-ec4d2ec5d551	8	5398024	5401252	5	-1.8266
8f8d1207-7d8e-47d6-a237-ec4d2ec5d551	8	5406804	5475273	57	-0.5774
8f8d1207-7d8e-47d6-a237-ec4d2ec5d551	8	5475293	5475760	2	-2.9383
8f8d1207-7d8e-47d6-a237-ec4d2ec5d551	8	5476626	5716836	354	-0.5786
8f8d1207-7d8e-47d6-a237-ec4d2ec5d551	8	5718947	5719148	5	0.8558
8f8d1207-7d8e-47d6-a237-ec4d2ec5d551	8	5719222	5959573	313	-0.4032
8f8d1207-7d8e-47d6-a237-ec4d2ec5d551	8	5959664	6181655	292	-0.6085
8f8d1207-7d8e-47d6-a237-ec4d2ec5d551	8	6182584	6182629	2	1.1432
8f8d1207-7d8e-47d6-a237-ec4d2ec5d551	8	6182984	6204550	29	-0.3005
8f8d1207-7d8e-47d6-a237-ec4d2ec5d551	8	6204605	6205036	7	0.2894
8f8d1207-7d8e-47d6-a237-ec4d2ec5d551	8	6205279	6208488	14	-0.706
8f8d1207-7d8e-47d6-a237-ec4d2ec5d551	8	6208877	6213773	31	0.023
8f8d1207-7d8e-47d6-a237-ec4d2ec5d551	8	6213831	6225880	53	-0.4736
8f8d1207-7d8e-47d6-a237-ec4d2ec5d551	8	6227986	6228839	3	-2.0389
8f8d1207-7d8e-47d6-a237-ec4d2ec5d551	8	6236488	7153553	997	-0.4846
8f8d1207-7d8e-47d6-a237-ec4d2ec5d551	8	7155402	8132772	74	-0.0264
8f8d1207-7d8e-47d6-a237-ec4d2ec5d551	8	8139659	12176798	3224	-0.4939
8f8d1207-7d8e-47d6-a237-ec4d2ec5d551	8	12177488	12418301	31	-1.5967
8f8d1207-7d8e-47d6-a237-ec4d2ec5d551	8	12419769	18141068	5118	-0.4812
8f8d1207-7d8e-47d6-a237-ec4d2ec5d551	8	18141143	18143457	3	-2.4073
8f8d1207-7d8e-47d6-a237-ec4d2ec5d551	8	18143743	25114672	5278	-0.4679
8f8d1207-7d8e-47d6-a237-ec4d2ec5d551	8	25116928	25126818	27	0.2883
8f8d1207-7d8e-47d6-a237-ec4d2ec5d551	8	25133589	28328929	2507	-0.4656
8f8d1207-7d8e-47d6-a237-ec4d2ec5d551	8	28328972	32300173	2477	0.2301
8f8d1207-7d8e-47d6-a237-ec4d2ec5d551	8	32302896	32524719	198	-0.5107
8f8d1207-7d8e-47d6-a237-ec4d2ec5d551	8	32524866	32655720	101	1.0659
8f8d1207-7d8e-47d6-a237-ec4d2ec5d551	8	32658710	32666115	13	0.5393
8f8d1207-7d8e-47d6-a237-ec4d2ec5d551	8	32668753	32821348	134	-0.5273
8f8d1207-7d8e-47d6-a237-ec4d2ec5d551	8	32825580	32830685	7	0.9009
8f8d1207-7d8e-47d6-a237-ec4d2ec5d551	8	32830895	39368221	3565	-0.4542
8f8d1207-7d8e-47d6-a237-ec4d2ec5d551	8	39368332	39530780	68	0.2576
8f8d1207-7d8e-47d6-a237-ec4d2ec5d551	8	39531260	40008947	296	-0.4513
8f8d1207-7d8e-47d6-a237-ec4d2ec5d551	8	40011430	40913994	776	1.0514
8f8d1207-7d8e-47d6-a237-ec4d2ec5d551	8	40914477	40920952	3	2.2583
8f8d1207-7d8e-47d6-a237-ec4d2ec5d551	8	40926161	43012035	1244	1.0364
8f8d1207-7d8e-47d6-a237-ec4d2ec5d551	8	43013908	46092871	302	1.1932
8f8d1207-7d8e-47d6-a237-ec4d2ec5d551	8	46097973	46485467	84	0.7319
8f8d1207-7d8e-47d6-a237-ec4d2ec5d551	8	46486081	50119451	1877	1.0832
8f8d1207-7d8e-47d6-a237-ec4d2ec5d551	8	50119464	50119827	7	-2.0014
8f8d1207-7d8e-47d6-a237-ec4d2ec5d551	8	50120863	111279265	37428	1.0623
8f8d1207-7d8e-47d6-a237-ec4d2ec5d551	8	111282050	111283031	10	2.6104
8f8d1207-7d8e-47d6-a237-ec4d2ec5d551	8	111288052	137810080	18686	1.0547
8f8d1207-7d8e-47d6-a237-ec4d2ec5d551	8	137811491	137812781	4	-0.529
8f8d1207-7d8e-47d6-a237-ec4d2ec5d551	8	137813527	140646056	2259	1.0338
8f8d1207-7d8e-47d6-a237-ec4d2ec5d551	8	140646609	140994365	181	1.2715
8f8d1207-7d8e-47d6-a237-ec4d2ec5d551	8	140994391	141074174	69	1.0586
8f8d1207-7d8e-47d6-a237-ec4d2ec5d551	8	141078018	141089213	8	0.4517
8f8d1207-7d8e-47d6-a237-ec4d2ec5d551	8	141089270	141319311	140	1.0927
8f8d1207-7d8e-47d6-a237-ec4d2ec5d551	8	141323295	142839078	787	0.9402
8f8d1207-7d8e-47d6-a237-ec4d2ec5d551	8	142839764	145072769	796	1.0854
8f8d1207-7d8e-47d6-a237-ec4d2ec5d551	9	46587	41644133	31252	-0.4364
8f8d1207-7d8e-47d6-a237-ec4d2ec5d551	9	41644133	41666811	7	-1.7914
8f8d1207-7d8e-47d6-a237-ec4d2ec5d551	9	41703463	41741113	5	-0.7185
8f8d1207-7d8e-47d6-a237-ec4d2ec5d551	9	42014203	61405110	93	-0.1164
8f8d1207-7d8e-47d6-a237-ec4d2ec5d551	9	61520021	61629689	28	0.7478
8f8d1207-7d8e-47d6-a237-ec4d2ec5d551	9	61633080	63580418	40	-0.2692
8f8d1207-7d8e-47d6-a237-ec4d2ec5d551	9	63590317	63590323	4	1.6812
8f8d1207-7d8e-47d6-a237-ec4d2ec5d551	9	63590325	63754822	43	-0.0434
8f8d1207-7d8e-47d6-a237-ec4d2ec5d551	9	63754823	69485653	1014	-0.4159
8f8d1207-7d8e-47d6-a237-ec4d2ec5d551	9	69490697	69490699	3	1.6442
8f8d1207-7d8e-47d6-a237-ec4d2ec5d551	9	69490703	77151858	5560	-0.4283
8f8d1207-7d8e-47d6-a237-ec4d2ec5d551	9	77153394	77171298	35	0.3535
8f8d1207-7d8e-47d6-a237-ec4d2ec5d551	9	77171325	87223155	7033	-0.4449
8f8d1207-7d8e-47d6-a237-ec4d2ec5d551	9	87223211	87231354	4	-1.8276
8f8d1207-7d8e-47d6-a237-ec4d2ec5d551	9	87232468	104042685	11370	-0.4281
8f8d1207-7d8e-47d6-a237-ec4d2ec5d551	9	104048899	104074583	47	0.0043
8f8d1207-7d8e-47d6-a237-ec4d2ec5d551	9	104074626	134246520	21116	-0.4292
8f8d1207-7d8e-47d6-a237-ec4d2ec5d551	9	134246568	136376523	1089	-0.5411
8f8d1207-7d8e-47d6-a237-ec4d2ec5d551	9	136376903	137333703	247	-0.4646
8f8d1207-7d8e-47d6-a237-ec4d2ec5d551	9	137333723	137378583	22	0.1398
8f8d1207-7d8e-47d6-a237-ec4d2ec5d551	9	137378609	138200944	405	-0.4127
8f8d1207-7d8e-47d6-a237-ec4d2ec5d551	10	45792	2805817	2243	-0.0824
8f8d1207-7d8e-47d6-a237-ec4d2ec5d551	10	2807079	2807144	2	1.9699
8f8d1207-7d8e-47d6-a237-ec4d2ec5d551	10	2807267	3025935	220	-0.0662
8f8d1207-7d8e-47d6-a237-ec4d2ec5d551	10	3026078	3026493	3	-1.9058
8f8d1207-7d8e-47d6-a237-ec4d2ec5d551	10	3026885	118576995	77105	-0.0616
8f8d1207-7d8e-47d6-a237-ec4d2ec5d551	10	118579906	122584593	3179	-0.4498
8f8d1207-7d8e-47d6-a237-ec4d2ec5d551	10	122584707	122587398	3	-2.9798
8f8d1207-7d8e-47d6-a237-ec4d2ec5d551	10	122587462	129387845	5060	-0.4645
8f8d1207-7d8e-47d6-a237-ec4d2ec5d551	10	129388296	133654968	2816	-0.548
8f8d1207-7d8e-47d6-a237-ec4d2ec5d551	11	198510	4946420	2418	0.1853
8f8d1207-7d8e-47d6-a237-ec4d2ec5d551	11	4947280	4952799	25	-1.8073
8f8d1207-7d8e-47d6-a237-ec4d2ec5d551	11	4953934	5179438	193	0.1892
8f8d1207-7d8e-47d6-a237-ec4d2ec5d551	11	5180667	5188140	7	1.0065
8f8d1207-7d8e-47d6-a237-ec4d2ec5d551	11	5188362	5761746	584	0.1956
8f8d1207-7d8e-47d6-a237-ec4d2ec5d551	11	5761822	5787146	36	0.7205
8f8d1207-7d8e-47d6-a237-ec4d2ec5d551	11	5787818	9228367	2490	0.2179
8f8d1207-7d8e-47d6-a237-ec4d2ec5d551	11	9229271	9238404	7	0.8389
8f8d1207-7d8e-47d6-a237-ec4d2ec5d551	11	9240945	9258915	13	0.2675
8f8d1207-7d8e-47d6-a237-ec4d2ec5d551	11	9274337	9327516	13	0.7468
8f8d1207-7d8e-47d6-a237-ec4d2ec5d551	11	9331198	12062256	2162	0.2178
8f8d1207-7d8e-47d6-a237-ec4d2ec5d551	11	12063506	12066446	4	-0.9208
8f8d1207-7d8e-47d6-a237-ec4d2ec5d551	11	12066501	18928326	4732	0.2153
8f8d1207-7d8e-47d6-a237-ec4d2ec5d551	11	18928709	18939855	30	-0.3121
8f8d1207-7d8e-47d6-a237-ec4d2ec5d551	11	18940050	25199466	4972	0.1997
8f8d1207-7d8e-47d6-a237-ec4d2ec5d551	11	25202707	25274908	56	0.4671
8f8d1207-7d8e-47d6-a237-ec4d2ec5d551	11	25274909	34199906	5910	0.203
8f8d1207-7d8e-47d6-a237-ec4d2ec5d551	11	34200419	37609753	2833	0.2412
8f8d1207-7d8e-47d6-a237-ec4d2ec5d551	11	37612436	42937561	3545	0.1837
8f8d1207-7d8e-47d6-a237-ec4d2ec5d551	11	42940281	42949618	7	0.9465
8f8d1207-7d8e-47d6-a237-ec4d2ec5d551	11	42955081	48642055	3313	0.2035
8f8d1207-7d8e-47d6-a237-ec4d2ec5d551	11	48644484	48908166	63	0.5866
8f8d1207-7d8e-47d6-a237-ec4d2ec5d551	11	48908330	49737435	352	0.1997
8f8d1207-7d8e-47d6-a237-ec4d2ec5d551	11	49738003	49738504	5	-0.9981
8f8d1207-7d8e-47d6-a237-ec4d2ec5d551	11	49739136	55608804	732	0.2248
8f8d1207-7d8e-47d6-a237-ec4d2ec5d551	11	55609022	55695678	56	0.7481
8f8d1207-7d8e-47d6-a237-ec4d2ec5d551	11	55701048	65922038	5537	0.2287
8f8d1207-7d8e-47d6-a237-ec4d2ec5d551	11	65922184	65925596	5	-0.8348
8f8d1207-7d8e-47d6-a237-ec4d2ec5d551	11	65927337	89814936	14319	0.1994
8f8d1207-7d8e-47d6-a237-ec4d2ec5d551	11	89815724	89834373	3	-1.2111
8f8d1207-7d8e-47d6-a237-ec4d2ec5d551	11	89847184	93166729	2253	0.1708
8f8d1207-7d8e-47d6-a237-ec4d2ec5d551	11	93169100	93467734	179	0.3422
8f8d1207-7d8e-47d6-a237-ec4d2ec5d551	11	93471475	95452865	1413	0.2056
8f8d1207-7d8e-47d6-a237-ec4d2ec5d551	11	95452936	95453749	3	-0.996
8f8d1207-7d8e-47d6-a237-ec4d2ec5d551	11	95455006	102123167	5095	0.2042
8f8d1207-7d8e-47d6-a237-ec4d2ec5d551	11	102124350	102384023	138	0.4016
8f8d1207-7d8e-47d6-a237-ec4d2ec5d551	11	102385034	107894673	3801	0.192
8f8d1207-7d8e-47d6-a237-ec4d2ec5d551	11	107896640	107930431	18	0.7484
8f8d1207-7d8e-47d6-a237-ec4d2ec5d551	11	107933217	132746178	17780	0.2074
8f8d1207-7d8e-47d6-a237-ec4d2ec5d551	11	132746987	132954476	158	0.1378
8f8d1207-7d8e-47d6-a237-ec4d2ec5d551	11	132954579	132998171	32	-0.2338
8f8d1207-7d8e-47d6-a237-ec4d2ec5d551	11	133007143	133243253	219	0.0953
8f8d1207-7d8e-47d6-a237-ec4d2ec5d551	11	133243408	133933344	498	0.2175
8f8d1207-7d8e-47d6-a237-ec4d2ec5d551	11	133935690	135074876	850	0.093
8f8d1207-7d8e-47d6-a237-ec4d2ec5d551	12	51460	279146	143	-0.2261
8f8d1207-7d8e-47d6-a237-ec4d2ec5d551	12	279491	446334	75	0.2218
8f8d1207-7d8e-47d6-a237-ec4d2ec5d551	12	448853	756570	198	-0.1408
8f8d1207-7d8e-47d6-a237-ec4d2ec5d551	12	756804	764778	18	0.5551
8f8d1207-7d8e-47d6-a237-ec4d2ec5d551	12	764863	2136950	834	-0.0247
8f8d1207-7d8e-47d6-a237-ec4d2ec5d551	12	2138266	2148857	38	-0.7109
8f8d1207-7d8e-47d6-a237-ec4d2ec5d551	12	2148938	9481274	4869	-0.0716
8f8d1207-7d8e-47d6-a237-ec4d2ec5d551	12	9485313	9575696	23	-1.6001
8f8d1207-7d8e-47d6-a237-ec4d2ec5d551	12	9582373	11039864	1020	-0.0534
8f8d1207-7d8e-47d6-a237-ec4d2ec5d551	12	11043047	11044044	2	-1.4836
8f8d1207-7d8e-47d6-a237-ec4d2ec5d551	12	11045227	11068125	15	0.0254
8f8d1207-7d8e-47d6-a237-ec4d2ec5d551	12	11070111	11099275	10	-1.2162
8f8d1207-7d8e-47d6-a237-ec4d2ec5d551	12	11104230	11400292	167	0.1753
8f8d1207-7d8e-47d6-a237-ec4d2ec5d551	12	11400944	31108764	13982	-0.0556
8f8d1207-7d8e-47d6-a237-ec4d2ec5d551	12	31112123	31254189	89	0.3192
8f8d1207-7d8e-47d6-a237-ec4d2ec5d551	12	31256945	33131530	1286	-0.0565
8f8d1207-7d8e-47d6-a237-ec4d2ec5d551	12	33132119	33233822	83	0.2277
8f8d1207-7d8e-47d6-a237-ec4d2ec5d551	12	33235894	33242207	4	-3.2665
8f8d1207-7d8e-47d6-a237-ec4d2ec5d551	12	33242483	33538075	199	0.0263
8f8d1207-7d8e-47d6-a237-ec4d2ec5d551	12	33539615	33570541	22	0.4571
8f8d1207-7d8e-47d6-a237-ec4d2ec5d551	12	33570626	37572984	551	-0.0353
8f8d1207-7d8e-47d6-a237-ec4d2ec5d551	12	37574283	37678684	25	0.3225
8f8d1207-7d8e-47d6-a237-ec4d2ec5d551	12	37687479	37687481	3	1.2241
8f8d1207-7d8e-47d6-a237-ec4d2ec5d551	12	37710604	38053415	58	0.1607
8f8d1207-7d8e-47d6-a237-ec4d2ec5d551	12	38058952	126364472	55950	-0.0627
8f8d1207-7d8e-47d6-a237-ec4d2ec5d551	12	126365239	128745968	2102	-0.1236
8f8d1207-7d8e-47d6-a237-ec4d2ec5d551	12	128746271	128747752	5	-2.0057
8f8d1207-7d8e-47d6-a237-ec4d2ec5d551	12	128748000	131445941	2299	-0.1311
8f8d1207-7d8e-47d6-a237-ec4d2ec5d551	12	131445983	131448870	4	-2.2936
8f8d1207-7d8e-47d6-a237-ec4d2ec5d551	12	131449018	131613508	173	-0.1189
8f8d1207-7d8e-47d6-a237-ec4d2ec5d551	12	131614448	131616532	3	-1.6933
8f8d1207-7d8e-47d6-a237-ec4d2ec5d551	12	131618173	131636170	14	-0.2006
8f8d1207-7d8e-47d6-a237-ec4d2ec5d551	12	131648039	131648790	13	0.6156
8f8d1207-7d8e-47d6-a237-ec4d2ec5d551	12	131657925	132677859	329	-0.1376
8f8d1207-7d8e-47d6-a237-ec4d2ec5d551	12	132681263	133201603	230	0.0306
8f8d1207-7d8e-47d6-a237-ec4d2ec5d551	13	18452809	19675281	589	0.2468
8f8d1207-7d8e-47d6-a237-ec4d2ec5d551	13	19675679	19944120	131	0.5261
8f8d1207-7d8e-47d6-a237-ec4d2ec5d551	13	19951054	21321896	851	0.2589
8f8d1207-7d8e-47d6-a237-ec4d2ec5d551	13	21322180	21322360	2	2.1385
8f8d1207-7d8e-47d6-a237-ec4d2ec5d551	13	21322617	23058737	1286	0.231
8f8d1207-7d8e-47d6-a237-ec4d2ec5d551	13	23058767	23059376	9	-2.284
8f8d1207-7d8e-47d6-a237-ec4d2ec5d551	13	23064056	24461469	1128	0.2602
8f8d1207-7d8e-47d6-a237-ec4d2ec5d551	13	24465452	24465893	5	1.1822
8f8d1207-7d8e-47d6-a237-ec4d2ec5d551	13	24465904	30207584	4264	0.2591
8f8d1207-7d8e-47d6-a237-ec4d2ec5d551	13	30207962	30209315	3	-0.8683
8f8d1207-7d8e-47d6-a237-ec4d2ec5d551	13	30209634	37501828	5220	0.2368
8f8d1207-7d8e-47d6-a237-ec4d2ec5d551	13	37502130	37510620	12	1.2631
8f8d1207-7d8e-47d6-a237-ec4d2ec5d551	13	37514193	38478674	701	0.2258
8f8d1207-7d8e-47d6-a237-ec4d2ec5d551	13	38483435	38483919	2	-1.9123
8f8d1207-7d8e-47d6-a237-ec4d2ec5d551	13	38490920	52519687	9202	0.2701
8f8d1207-7d8e-47d6-a237-ec4d2ec5d551	13	52520664	52531650	4	-1.2378
8f8d1207-7d8e-47d6-a237-ec4d2ec5d551	13	52543744	57176962	2622	0.241
8f8d1207-7d8e-47d6-a237-ec4d2ec5d551	13	57184136	57346210	120	0.5109
8f8d1207-7d8e-47d6-a237-ec4d2ec5d551	13	57346378	63974411	3897	0.2454
8f8d1207-7d8e-47d6-a237-ec4d2ec5d551	13	63974837	63975123	2	-1.3896
8f8d1207-7d8e-47d6-a237-ec4d2ec5d551	13	63975160	66598647	1623	0.2544
8f8d1207-7d8e-47d6-a237-ec4d2ec5d551	13	66602087	66603651	2	-2.6803
8f8d1207-7d8e-47d6-a237-ec4d2ec5d551	13	66604212	71902850	3382	0.2593
8f8d1207-7d8e-47d6-a237-ec4d2ec5d551	13	71903417	71906418	4	-3.806
8f8d1207-7d8e-47d6-a237-ec4d2ec5d551	13	71906467	110932159	27237	0.2564
8f8d1207-7d8e-47d6-a237-ec4d2ec5d551	13	110936620	110940433	4	-1.4991
8f8d1207-7d8e-47d6-a237-ec4d2ec5d551	13	110941584	112974526	1281	0.2664
8f8d1207-7d8e-47d6-a237-ec4d2ec5d551	13	112976829	113062261	43	-0.0712
8f8d1207-7d8e-47d6-a237-ec4d2ec5d551	13	113062378	114342922	540	0.2407
8f8d1207-7d8e-47d6-a237-ec4d2ec5d551	14	18239283	18976793	27	0.0591
8f8d1207-7d8e-47d6-a237-ec4d2ec5d551	14	19011729	19957350	142	-0.5316
8f8d1207-7d8e-47d6-a237-ec4d2ec5d551	14	19957701	20168105	137	0.0931
8f8d1207-7d8e-47d6-a237-ec4d2ec5d551	14	20168613	21659410	990	-0.0425
8f8d1207-7d8e-47d6-a237-ec4d2ec5d551	14	21660693	21925548	222	0.0951
8f8d1207-7d8e-47d6-a237-ec4d2ec5d551	14	21925817	22139542	184	0.353
8f8d1207-7d8e-47d6-a237-ec4d2ec5d551	14	22143351	22145736	11	-0.38
8f8d1207-7d8e-47d6-a237-ec4d2ec5d551	14	22147511	22501577	305	0.5443
8f8d1207-7d8e-47d6-a237-ec4d2ec5d551	14	22501590	27622647	3274	-0.0471
8f8d1207-7d8e-47d6-a237-ec4d2ec5d551	14	27623591	27694742	43	0.2945
8f8d1207-7d8e-47d6-a237-ec4d2ec5d551	14	27695176	40999728	8272	-0.0429
8f8d1207-7d8e-47d6-a237-ec4d2ec5d551	14	41000526	41001221	3	-1.5952
8f8d1207-7d8e-47d6-a237-ec4d2ec5d551	14	41002809	41009525	29	0.2476
8f8d1207-7d8e-47d6-a237-ec4d2ec5d551	14	41009901	41138431	121	-0.0762
8f8d1207-7d8e-47d6-a237-ec4d2ec5d551	14	41139155	41168612	13	0.597
8f8d1207-7d8e-47d6-a237-ec4d2ec5d551	14	41184774	48861820	4533	-0.0543
8f8d1207-7d8e-47d6-a237-ec4d2ec5d551	14	48864091	48865531	3	-1.4016
8f8d1207-7d8e-47d6-a237-ec4d2ec5d551	14	48868229	73529070	15927	-0.0452
8f8d1207-7d8e-47d6-a237-ec4d2ec5d551	14	73534419	73563196	10	2.2547
8f8d1207-7d8e-47d6-a237-ec4d2ec5d551	14	73563211	106340774	20879	-0.0594
8f8d1207-7d8e-47d6-a237-ec4d2ec5d551	14	106345431	106416146	34	0.375
8f8d1207-7d8e-47d6-a237-ec4d2ec5d551	14	106418444	106462169	48	-0.8187
8f8d1207-7d8e-47d6-a237-ec4d2ec5d551	14	106462183	106877229	196	-0.1023
8f8d1207-7d8e-47d6-a237-ec4d2ec5d551	15	19811075	20064520	54	-0.4557
8f8d1207-7d8e-47d6-a237-ec4d2ec5d551	15	20187568	22395047	154	0.1825
8f8d1207-7d8e-47d6-a237-ec4d2ec5d551	15	22413894	22736939	40	-0.2441
8f8d1207-7d8e-47d6-a237-ec4d2ec5d551	15	22748221	32149432	5646	-0.4574
8f8d1207-7d8e-47d6-a237-ec4d2ec5d551	15	32151263	32219037	8	-1.5509
8f8d1207-7d8e-47d6-a237-ec4d2ec5d551	15	32219354	32382193	18	-0.5675
8f8d1207-7d8e-47d6-a237-ec4d2ec5d551	15	32484010	32621999	16	0.1087
8f8d1207-7d8e-47d6-a237-ec4d2ec5d551	15	32622051	34421922	1474	-0.4248
8f8d1207-7d8e-47d6-a237-ec4d2ec5d551	15	34430601	34526116	64	-2.041
8f8d1207-7d8e-47d6-a237-ec4d2ec5d551	15	34570058	65455061	19822	-0.428
8f8d1207-7d8e-47d6-a237-ec4d2ec5d551	15	65455478	65503408	16	-0.0311
8f8d1207-7d8e-47d6-a237-ec4d2ec5d551	15	65506159	65669863	72	0.2795
8f8d1207-7d8e-47d6-a237-ec4d2ec5d551	15	65672760	76599286	6491	-0.052
8f8d1207-7d8e-47d6-a237-ec4d2ec5d551	15	76599400	76599884	8	-3.0274
8f8d1207-7d8e-47d6-a237-ec4d2ec5d551	15	76602723	76603434	11	-0.7433
8f8d1207-7d8e-47d6-a237-ec4d2ec5d551	15	76609838	81755988	3299	-0.0314
8f8d1207-7d8e-47d6-a237-ec4d2ec5d551	15	81756335	81767612	10	-0.7495
8f8d1207-7d8e-47d6-a237-ec4d2ec5d551	15	81776462	96372185	10265	-0.0537
8f8d1207-7d8e-47d6-a237-ec4d2ec5d551	15	96372907	96373364	2	-1.9793
8f8d1207-7d8e-47d6-a237-ec4d2ec5d551	15	96374570	99901910	2476	-0.0564
8f8d1207-7d8e-47d6-a237-ec4d2ec5d551	15	99915274	100372420	411	-0.212
8f8d1207-7d8e-47d6-a237-ec4d2ec5d551	15	100377400	101928837	1148	-0.0652
8f8d1207-7d8e-47d6-a237-ec4d2ec5d551	16	10777	7943512	5594	0.2175
8f8d1207-7d8e-47d6-a237-ec4d2ec5d551	16	7945281	19933041	7877	0.266
8f8d1207-7d8e-47d6-a237-ec4d2ec5d551	16	19934328	19956040	29	-0.6668
8f8d1207-7d8e-47d6-a237-ec4d2ec5d551	16	19958932	20534530	428	0.2374
8f8d1207-7d8e-47d6-a237-ec4d2ec5d551	16	20534818	20544152	8	-0.6739
8f8d1207-7d8e-47d6-a237-ec4d2ec5d551	16	20547604	21561437	473	0.2516
8f8d1207-7d8e-47d6-a237-ec4d2ec5d551	16	21561840	22693199	441	0.3928
8f8d1207-7d8e-47d6-a237-ec4d2ec5d551	16	22699421	29569793	4253	0.242
8f8d1207-7d8e-47d6-a237-ec4d2ec5d551	16	29580019	30308694	207	0.4078
8f8d1207-7d8e-47d6-a237-ec4d2ec5d551	16	30308986	55762682	7632	0.2445
8f8d1207-7d8e-47d6-a237-ec4d2ec5d551	16	55764310	55764867	3	3.185
8f8d1207-7d8e-47d6-a237-ec4d2ec5d551	16	55770436	78337711	14300	0.2407
8f8d1207-7d8e-47d6-a237-ec4d2ec5d551	16	78338543	78347366	14	1.3148
8f8d1207-7d8e-47d6-a237-ec4d2ec5d551	16	78349243	90096867	10624	0.225
8f8d1207-7d8e-47d6-a237-ec4d2ec5d551	17	150733	542922	189	-0.4929
8f8d1207-7d8e-47d6-a237-ec4d2ec5d551	17	543233	955138	252	-0.2595
8f8d1207-7d8e-47d6-a237-ec4d2ec5d551	17	957733	15396105	9426	-0.4442
8f8d1207-7d8e-47d6-a237-ec4d2ec5d551	17	15396992	15397007	2	-3.2135
8f8d1207-7d8e-47d6-a237-ec4d2ec5d551	17	15398883	16819487	598	-0.432
8f8d1207-7d8e-47d6-a237-ec4d2ec5d551	17	16834846	16838214	3	1.185
8f8d1207-7d8e-47d6-a237-ec4d2ec5d551	17	16838470	18452078	905	-0.4455
8f8d1207-7d8e-47d6-a237-ec4d2ec5d551	17	18455632	18571332	28	0.5723
8f8d1207-7d8e-47d6-a237-ec4d2ec5d551	17	18592992	20238796	729	-0.4198
8f8d1207-7d8e-47d6-a237-ec4d2ec5d551	17	20239745	20242413	2	-2.974
8f8d1207-7d8e-47d6-a237-ec4d2ec5d551	17	20245095	22660572	705	-0.4266
8f8d1207-7d8e-47d6-a237-ec4d2ec5d551	17	22667184	27095737	103	0.1663
8f8d1207-7d8e-47d6-a237-ec4d2ec5d551	17	27096218	27127667	14	0.688
8f8d1207-7d8e-47d6-a237-ec4d2ec5d551	17	27128159	30774095	1680	0.214
8f8d1207-7d8e-47d6-a237-ec4d2ec5d551	17	30776495	30823019	21	0.6503
8f8d1207-7d8e-47d6-a237-ec4d2ec5d551	17	30831321	33655122	1761	0.2283
8f8d1207-7d8e-47d6-a237-ec4d2ec5d551	17	33657111	34259075	546	0.1275
8f8d1207-7d8e-47d6-a237-ec4d2ec5d551	17	34261389	34347801	63	0.4113
8f8d1207-7d8e-47d6-a237-ec4d2ec5d551	17	34350690	34673247	337	0.0923
8f8d1207-7d8e-47d6-a237-ec4d2ec5d551	17	34677070	36112585	873	0.2275
8f8d1207-7d8e-47d6-a237-ec4d2ec5d551	17	36113405	36466660	41	-0.0928
8f8d1207-7d8e-47d6-a237-ec4d2ec5d551	17	36467352	41266774	2519	0.2252
8f8d1207-7d8e-47d6-a237-ec4d2ec5d551	17	41266805	41277014	31	1.0481
8f8d1207-7d8e-47d6-a237-ec4d2ec5d551	17	41277060	45571138	2145	0.2282
8f8d1207-7d8e-47d6-a237-ec4d2ec5d551	17	45571174	45579877	4	-0.7119
8f8d1207-7d8e-47d6-a237-ec4d2ec5d551	17	45580555	45670724	36	0.2775
8f8d1207-7d8e-47d6-a237-ec4d2ec5d551	17	45672644	45675182	4	1.2464
8f8d1207-7d8e-47d6-a237-ec4d2ec5d551	17	45676232	46351954	427	0.1982
8f8d1207-7d8e-47d6-a237-ec4d2ec5d551	17	46446345	46446360	2	3.4419
8f8d1207-7d8e-47d6-a237-ec4d2ec5d551	17	46569894	57610128	7007	0.2327
8f8d1207-7d8e-47d6-a237-ec4d2ec5d551	17	57610972	57611632	2	-2.6738
8f8d1207-7d8e-47d6-a237-ec4d2ec5d551	17	57614632	83091923	14571	0.2189
8f8d1207-7d8e-47d6-a237-ec4d2ec5d551	18	48133	5962015	4214	-0.4352
8f8d1207-7d8e-47d6-a237-ec4d2ec5d551	18	5963764	5975789	19	-1.1043
8f8d1207-7d8e-47d6-a237-ec4d2ec5d551	18	5976537	15180160	6113	-0.4589
8f8d1207-7d8e-47d6-a237-ec4d2ec5d551	18	15182455	20991561	49	-0.0053
8f8d1207-7d8e-47d6-a237-ec4d2ec5d551	18	20992467	40678106	12340	-0.4424
8f8d1207-7d8e-47d6-a237-ec4d2ec5d551	18	40678118	40685425	33	0.1919
8f8d1207-7d8e-47d6-a237-ec4d2ec5d551	18	40688060	65532809	17101	-0.4467
8f8d1207-7d8e-47d6-a237-ec4d2ec5d551	18	65532829	65537481	20	0.2419
8f8d1207-7d8e-47d6-a237-ec4d2ec5d551	18	65540037	72746353	5211	-0.4435
8f8d1207-7d8e-47d6-a237-ec4d2ec5d551	18	72747678	72766410	40	-0.007
8f8d1207-7d8e-47d6-a237-ec4d2ec5d551	18	72766425	78106407	4281	-0.4723
8f8d1207-7d8e-47d6-a237-ec4d2ec5d551	18	78106546	78110566	3	-3.4024
8f8d1207-7d8e-47d6-a237-ec4d2ec5d551	18	78111005	78528435	295	-0.5011
8f8d1207-7d8e-47d6-a237-ec4d2ec5d551	18	78532679	78533710	13	-1.9243
8f8d1207-7d8e-47d6-a237-ec4d2ec5d551	18	78533901	78534176	5	-1.1061
8f8d1207-7d8e-47d6-a237-ec4d2ec5d551	18	78538057	80257174	935	-0.4895
8f8d1207-7d8e-47d6-a237-ec4d2ec5d551	19	90910	54801157	26798	-0.0545
8f8d1207-7d8e-47d6-a237-ec4d2ec5d551	19	54801545	54802362	2	-3.04
8f8d1207-7d8e-47d6-a237-ec4d2ec5d551	19	54802832	58586487	2306	-0.0797
8f8d1207-7d8e-47d6-a237-ec4d2ec5d551	20	80664	1580934	1201	-0.4359
8f8d1207-7d8e-47d6-a237-ec4d2ec5d551	20	1581021	1599891	32	0.0924
8f8d1207-7d8e-47d6-a237-ec4d2ec5d551	20	1601122	3204477	1225	-0.4556
8f8d1207-7d8e-47d6-a237-ec4d2ec5d551	20	3205869	4040488	451	-0.3361
8f8d1207-7d8e-47d6-a237-ec4d2ec5d551	20	4041763	5506240	1164	-0.4673
8f8d1207-7d8e-47d6-a237-ec4d2ec5d551	20	5506328	5697112	118	-0.1717
8f8d1207-7d8e-47d6-a237-ec4d2ec5d551	20	5697147	9026567	2685	-0.4375
8f8d1207-7d8e-47d6-a237-ec4d2ec5d551	20	9028192	9028759	3	-2.5336
8f8d1207-7d8e-47d6-a237-ec4d2ec5d551	20	9030400	20632378	9328	-0.4414
8f8d1207-7d8e-47d6-a237-ec4d2ec5d551	20	20638261	22203063	951	0.2018
8f8d1207-7d8e-47d6-a237-ec4d2ec5d551	20	22205955	22235084	34	-0.3842
8f8d1207-7d8e-47d6-a237-ec4d2ec5d551	20	22238895	22273678	19	1.0312
8f8d1207-7d8e-47d6-a237-ec4d2ec5d551	20	22278720	22342400	73	-0.4391
8f8d1207-7d8e-47d6-a237-ec4d2ec5d551	20	22346300	22385622	54	0.951
8f8d1207-7d8e-47d6-a237-ec4d2ec5d551	20	22388726	24596873	1777	-0.4932
8f8d1207-7d8e-47d6-a237-ec4d2ec5d551	20	24603555	24635550	32	0.8153
8f8d1207-7d8e-47d6-a237-ec4d2ec5d551	20	24638059	26204548	791	-0.4456
8f8d1207-7d8e-47d6-a237-ec4d2ec5d551	20	26205069	26324855	47	-0.1111
8f8d1207-7d8e-47d6-a237-ec4d2ec5d551	20	26324943	37037280	2827	1.2126
8f8d1207-7d8e-47d6-a237-ec4d2ec5d551	20	37037299	37097999	99	0.9616
8f8d1207-7d8e-47d6-a237-ec4d2ec5d551	20	37101547	37697005	367	1.1762
8f8d1207-7d8e-47d6-a237-ec4d2ec5d551	20	37697179	37697413	2	-0.2857
8f8d1207-7d8e-47d6-a237-ec4d2ec5d551	20	37697445	41730880	2676	1.2042
8f8d1207-7d8e-47d6-a237-ec4d2ec5d551	20	41731384	41731388	5	-0.0042
8f8d1207-7d8e-47d6-a237-ec4d2ec5d551	20	41732145	64324800	16398	1.2078
8f8d1207-7d8e-47d6-a237-ec4d2ec5d551	21	10354168	45357290	23104	0.1587
8f8d1207-7d8e-47d6-a237-ec4d2ec5d551	21	45357576	45658230	157	-0.0912
8f8d1207-7d8e-47d6-a237-ec4d2ec5d551	21	45661084	46677045	604	0.1058
8f8d1207-7d8e-47d6-a237-ec4d2ec5d551	22	15294547	19950481	1792	0.1441
8f8d1207-7d8e-47d6-a237-ec4d2ec5d551	22	19951573	20317011	216	-0.039
8f8d1207-7d8e-47d6-a237-ec4d2ec5d551	22	20317120	22398127	1448	0.1823
8f8d1207-7d8e-47d6-a237-ec4d2ec5d551	22	22398345	22398545	4	-2.2627
8f8d1207-7d8e-47d6-a237-ec4d2ec5d551	22	22402989	23987520	933	0.0826
8f8d1207-7d8e-47d6-a237-ec4d2ec5d551	22	23988078	23989773	2	-3.6639
8f8d1207-7d8e-47d6-a237-ec4d2ec5d551	22	23990431	24685371	354	0.133
8f8d1207-7d8e-47d6-a237-ec4d2ec5d551	22	24686148	24686567	3	-1.38
8f8d1207-7d8e-47d6-a237-ec4d2ec5d551	22	24691707	48899588	17300	0.1359
8f8d1207-7d8e-47d6-a237-ec4d2ec5d551	22	48900090	49693689	742	-0.0442
8f8d1207-7d8e-47d6-a237-ec4d2ec5d551	22	49694314	50796027	479	0.0999
8f8d1207-7d8e-47d6-a237-ec4d2ec5d551	X	251810	10038412	5590	0.014
8f8d1207-7d8e-47d6-a237-ec4d2ec5d551	X	10039919	10040110	2	-2.8314
8f8d1207-7d8e-47d6-a237-ec4d2ec5d551	X	10040963	34927030	16192	0.0225
8f8d1207-7d8e-47d6-a237-ec4d2ec5d551	X	34929834	34933360	6	-2.1585
8f8d1207-7d8e-47d6-a237-ec4d2ec5d551	X	34937887	38078693	1655	0.0347
8f8d1207-7d8e-47d6-a237-ec4d2ec5d551	X	38079020	38082111	4	-1.2373
8f8d1207-7d8e-47d6-a237-ec4d2ec5d551	X	38082478	38733022	478	0.0216
8f8d1207-7d8e-47d6-a237-ec4d2ec5d551	X	38733046	38769393	42	0.4778
8f8d1207-7d8e-47d6-a237-ec4d2ec5d551	X	38770193	43762218	2723	0.0288
8f8d1207-7d8e-47d6-a237-ec4d2ec5d551	X	43762521	43763837	2	-1.7208
8f8d1207-7d8e-47d6-a237-ec4d2ec5d551	X	43764058	53771082	4560	0.0402
8f8d1207-7d8e-47d6-a237-ec4d2ec5d551	X	53771777	53833256	28	0.5158
8f8d1207-7d8e-47d6-a237-ec4d2ec5d551	X	53838124	58272201	2027	0.0379
8f8d1207-7d8e-47d6-a237-ec4d2ec5d551	X	58276467	62831001	85	0.4573
8f8d1207-7d8e-47d6-a237-ec4d2ec5d551	X	62831804	63278323	133	0.172
8f8d1207-7d8e-47d6-a237-ec4d2ec5d551	X	63278395	63302403	7	0.7724
8f8d1207-7d8e-47d6-a237-ec4d2ec5d551	X	63302648	91712745	13669	0.0319
8f8d1207-7d8e-47d6-a237-ec4d2ec5d551	X	91715507	91716890	8	-1.1358
8f8d1207-7d8e-47d6-a237-ec4d2ec5d551	X	91717012	92635366	345	0.0079
8f8d1207-7d8e-47d6-a237-ec4d2ec5d551	X	92635846	92636110	2	-2.4116
8f8d1207-7d8e-47d6-a237-ec4d2ec5d551	X	92639222	106279016	7307	0.027
8f8d1207-7d8e-47d6-a237-ec4d2ec5d551	X	106281627	106281676	2	-2.15
8f8d1207-7d8e-47d6-a237-ec4d2ec5d551	X	106282150	107207295	460	0.0624
8f8d1207-7d8e-47d6-a237-ec4d2ec5d551	X	107207453	154740677	27788	0.0008
8f8d1207-7d8e-47d6-a237-ec4d2ec5d551	X	154742320	155952689	415	0.1193
8f8d1207-7d8e-47d6-a237-ec4d2ec5d551	Y	2782397	6071948	717	-2.8174
8f8d1207-7d8e-47d6-a237-ec4d2ec5d551	Y	6075631	8484811	1138	-3.2567
8f8d1207-7d8e-47d6-a237-ec4d2ec5d551	Y	8485666	8492777	4	-5.5951
8f8d1207-7d8e-47d6-a237-ec4d2ec5d551	Y	8493078	9537963	381	-3.5925
8f8d1207-7d8e-47d6-a237-ec4d2ec5d551	Y	9538399	9554275	11	-5.7084
8f8d1207-7d8e-47d6-a237-ec4d2ec5d551	Y	9554586	25169825	4208	-3.2059
8f8d1207-7d8e-47d6-a237-ec4d2ec5d551	Y	25472063	56872112	179	-2.845
