GDC_Aliquot	Chromosome	Start	End	Num_Probes	Segment_Mean
7562cf75-5809-40af-bd1e-eee4f726dd9f	1	62920	825988	35	0.0385
7562cf75-5809-40af-bd1e-eee4f726dd9f	1	826738	3262734	689	-0.1288
7562cf75-5809-40af-bd1e-eee4f726dd9f	1	3268421	16542868	7921	-0.014
7562cf75-5809-40af-bd1e-eee4f726dd9f	1	16544783	16679239	31	0.3625
7562cf75-5809-40af-bd1e-eee4f726dd9f	1	16679281	16855942	25	-0.1024
7562cf75-5809-40af-bd1e-eee4f726dd9f	1	16863509	16972001	66	-0.5812
7562cf75-5809-40af-bd1e-eee4f726dd9f	1	16973232	23419310	4230	-0.0019
7562cf75-5809-40af-bd1e-eee4f726dd9f	1	23420132	23822498	195	-0.4955
7562cf75-5809-40af-bd1e-eee4f726dd9f	1	23833167	30645536	3570	-0.0119
7562cf75-5809-40af-bd1e-eee4f726dd9f	1	30645802	30757036	79	-0.198
7562cf75-5809-40af-bd1e-eee4f726dd9f	1	30758279	49239239	10477	-0.0115
7562cf75-5809-40af-bd1e-eee4f726dd9f	1	49242229	49426914	83	-0.4659
7562cf75-5809-40af-bd1e-eee4f726dd9f	1	49430834	72303233	15385	-0.0163
7562cf75-5809-40af-bd1e-eee4f726dd9f	1	72303253	72345465	45	-1.3573
7562cf75-5809-40af-bd1e-eee4f726dd9f	1	72346221	83070194	6950	-0.0368
7562cf75-5809-40af-bd1e-eee4f726dd9f	1	83070543	101095142	11506	-0.0038
7562cf75-5809-40af-bd1e-eee4f726dd9f	1	101097764	105476583	2506	-0.0414
7562cf75-5809-40af-bd1e-eee4f726dd9f	1	105476614	105481433	17	0.7372
7562cf75-5809-40af-bd1e-eee4f726dd9f	1	105481448	105698749	173	0.078
7562cf75-5809-40af-bd1e-eee4f726dd9f	1	105698906	108310972	1790	-0.045
7562cf75-5809-40af-bd1e-eee4f726dd9f	1	108311187	109684893	673	0.0058
7562cf75-5809-40af-bd1e-eee4f726dd9f	1	109690352	109697556	13	1.2121
7562cf75-5809-40af-bd1e-eee4f726dd9f	1	109702376	110834746	836	-0.0237
7562cf75-5809-40af-bd1e-eee4f726dd9f	1	110834943	110845604	38	-2.4351
7562cf75-5809-40af-bd1e-eee4f726dd9f	1	110849445	143494500	6265	-0.0145
7562cf75-5809-40af-bd1e-eee4f726dd9f	1	143541857	143893019	121	-0.7344
7562cf75-5809-40af-bd1e-eee4f726dd9f	1	143921397	152583051	2319	-0.0038
7562cf75-5809-40af-bd1e-eee4f726dd9f	1	152583230	152613762	31	1.4425
7562cf75-5809-40af-bd1e-eee4f726dd9f	1	152613802	158989785	3888	-0.0137
7562cf75-5809-40af-bd1e-eee4f726dd9f	1	158992249	158993006	2	-3.0962
7562cf75-5809-40af-bd1e-eee4f726dd9f	1	158997074	168602593	7014	-0.0131
7562cf75-5809-40af-bd1e-eee4f726dd9f	1	168603936	168605460	4	-0.8637
7562cf75-5809-40af-bd1e-eee4f726dd9f	1	168610854	169247699	589	-0.0103
7562cf75-5809-40af-bd1e-eee4f726dd9f	1	169264736	169272528	7	0.7729
7562cf75-5809-40af-bd1e-eee4f726dd9f	1	169273163	175591694	4088	-0.0165
7562cf75-5809-40af-bd1e-eee4f726dd9f	1	175593034	175756086	146	-0.154
7562cf75-5809-40af-bd1e-eee4f726dd9f	1	175757771	189679027	9210	-0.0189
7562cf75-5809-40af-bd1e-eee4f726dd9f	1	189679353	189679397	2	-1.7062
7562cf75-5809-40af-bd1e-eee4f726dd9f	1	189682917	196762956	4743	-0.0226
7562cf75-5809-40af-bd1e-eee4f726dd9f	1	196769493	196847600	58	-0.5537
7562cf75-5809-40af-bd1e-eee4f726dd9f	1	196854187	209897717	8787	-0.0111
7562cf75-5809-40af-bd1e-eee4f726dd9f	1	209908268	209910639	3	-2.238
7562cf75-5809-40af-bd1e-eee4f726dd9f	1	209913207	228195501	12172	-0.0167
7562cf75-5809-40af-bd1e-eee4f726dd9f	1	228198952	228505354	146	-0.1368
7562cf75-5809-40af-bd1e-eee4f726dd9f	1	228511814	235956168	5391	-0.0059
7562cf75-5809-40af-bd1e-eee4f726dd9f	1	235958283	244088893	6236	-0.0424
7562cf75-5809-40af-bd1e-eee4f726dd9f	1	244090219	247775696	2462	-0.0131
7562cf75-5809-40af-bd1e-eee4f726dd9f	1	247775960	247908055	110	-0.5559
7562cf75-5809-40af-bd1e-eee4f726dd9f	1	247908281	247915783	6	-1.2841
7562cf75-5809-40af-bd1e-eee4f726dd9f	1	247915890	247953033	23	-0.4708
7562cf75-5809-40af-bd1e-eee4f726dd9f	1	247953913	248930189	486	0.0038
7562cf75-5809-40af-bd1e-eee4f726dd9f	2	12784	713344	504	-0.0396
7562cf75-5809-40af-bd1e-eee4f726dd9f	2	714169	5780771	3832	-0.0695
7562cf75-5809-40af-bd1e-eee4f726dd9f	2	5780881	24444954	13663	-0.0258
7562cf75-5809-40af-bd1e-eee4f726dd9f	2	24447623	24454123	4	-0.9718
7562cf75-5809-40af-bd1e-eee4f726dd9f	2	24457776	28973824	2242	0.0017
7562cf75-5809-40af-bd1e-eee4f726dd9f	2	28973847	34427804	3841	-0.0378
7562cf75-5809-40af-bd1e-eee4f726dd9f	2	34434869	34456427	8	0.2685
7562cf75-5809-40af-bd1e-eee4f726dd9f	2	34458223	34512489	51	-0.2638
7562cf75-5809-40af-bd1e-eee4f726dd9f	2	34512965	38721006	3176	-0.0125
7562cf75-5809-40af-bd1e-eee4f726dd9f	2	38727277	38747742	12	0.5467
7562cf75-5809-40af-bd1e-eee4f726dd9f	2	38753780	48357436	6874	-0.0057
7562cf75-5809-40af-bd1e-eee4f726dd9f	2	48357687	51980293	2587	-0.0421
7562cf75-5809-40af-bd1e-eee4f726dd9f	2	51980542	52531630	367	0.0206
7562cf75-5809-40af-bd1e-eee4f726dd9f	2	52531652	52537675	11	0.4412
7562cf75-5809-40af-bd1e-eee4f726dd9f	2	52538254	52553699	7	0.8738
7562cf75-5809-40af-bd1e-eee4f726dd9f	2	52553839	52554384	12	0.435
7562cf75-5809-40af-bd1e-eee4f726dd9f	2	52554404	78473831	16773	-0.0182
7562cf75-5809-40af-bd1e-eee4f726dd9f	2	78474950	78494555	13	-0.9202
7562cf75-5809-40af-bd1e-eee4f726dd9f	2	78494776	83477348	3255	-0.0445
7562cf75-5809-40af-bd1e-eee4f726dd9f	2	83479519	86710564	1884	0.0088
7562cf75-5809-40af-bd1e-eee4f726dd9f	2	86725947	86726731	2	1.1191
7562cf75-5809-40af-bd1e-eee4f726dd9f	2	86743283	86878321	54	0.036
7562cf75-5809-40af-bd1e-eee4f726dd9f	2	86878530	87519870	115	-0.1019
7562cf75-5809-40af-bd1e-eee4f726dd9f	2	87520299	87528459	5	-1.0399
7562cf75-5809-40af-bd1e-eee4f726dd9f	2	87542032	105770408	6916	-0.0212
7562cf75-5809-40af-bd1e-eee4f726dd9f	2	105772455	105774881	6	-1.5126
7562cf75-5809-40af-bd1e-eee4f726dd9f	2	105775456	106258266	412	0.0082
7562cf75-5809-40af-bd1e-eee4f726dd9f	2	106263639	106270799	13	0.5915
7562cf75-5809-40af-bd1e-eee4f726dd9f	2	106270952	113604438	3783	-0.0123
7562cf75-5809-40af-bd1e-eee4f726dd9f	2	113604837	113604839	2	-1.3946
7562cf75-5809-40af-bd1e-eee4f726dd9f	2	113623244	115484689	1148	-0.0002
7562cf75-5809-40af-bd1e-eee4f726dd9f	2	115484709	130031187	9343	-0.0322
7562cf75-5809-40af-bd1e-eee4f726dd9f	2	130031201	130116915	15	-0.5983
7562cf75-5809-40af-bd1e-eee4f726dd9f	2	130117303	155001393	15005	-0.0266
7562cf75-5809-40af-bd1e-eee4f726dd9f	2	155001694	163880565	5186	-0.0027
7562cf75-5809-40af-bd1e-eee4f726dd9f	2	163880862	163881158	2	-1.0964
7562cf75-5809-40af-bd1e-eee4f726dd9f	2	163882169	167332085	1984	-0.0241
7562cf75-5809-40af-bd1e-eee4f726dd9f	2	167332269	170092303	1837	0.0221
7562cf75-5809-40af-bd1e-eee4f726dd9f	2	170092634	179554570	6044	-0.0127
7562cf75-5809-40af-bd1e-eee4f726dd9f	2	179554808	179556165	10	0.4221
7562cf75-5809-40af-bd1e-eee4f726dd9f	2	179556282	183929673	2773	-0.0103
7562cf75-5809-40af-bd1e-eee4f726dd9f	2	183929787	183937714	16	-0.7168
7562cf75-5809-40af-bd1e-eee4f726dd9f	2	183943862	185191402	804	-0.012
7562cf75-5809-40af-bd1e-eee4f726dd9f	2	185191968	191905376	3773	0.0207
7562cf75-5809-40af-bd1e-eee4f726dd9f	2	191905667	242147305	31190	-0.0161
7562cf75-5809-40af-bd1e-eee4f726dd9f	3	20930	6249846	5530	-0.0291
7562cf75-5809-40af-bd1e-eee4f726dd9f	3	6249950	6249966	2	-1.1539
7562cf75-5809-40af-bd1e-eee4f726dd9f	3	6250460	11366520	4016	-0.0105
7562cf75-5809-40af-bd1e-eee4f726dd9f	3	11366568	11371926	6	-1.0087
7562cf75-5809-40af-bd1e-eee4f726dd9f	3	11375791	11449831	53	-0.5288
7562cf75-5809-40af-bd1e-eee4f726dd9f	3	11462716	16195240	3290	-0.0122
7562cf75-5809-40af-bd1e-eee4f726dd9f	3	16195501	16199877	10	-0.6334
7562cf75-5809-40af-bd1e-eee4f726dd9f	3	16202089	36620638	13880	-0.025
7562cf75-5809-40af-bd1e-eee4f726dd9f	3	36621011	42334395	3770	-0.0007
7562cf75-5809-40af-bd1e-eee4f726dd9f	3	42334626	42334752	4	0.8412
7562cf75-5809-40af-bd1e-eee4f726dd9f	3	42336364	53671801	5626	0.0096
7562cf75-5809-40af-bd1e-eee4f726dd9f	3	53673835	56194364	2000	-0.0423
7562cf75-5809-40af-bd1e-eee4f726dd9f	3	56194854	59215741	1672	0.005
7562cf75-5809-40af-bd1e-eee4f726dd9f	3	59219255	60455722	1309	-0.0334
7562cf75-5809-40af-bd1e-eee4f726dd9f	3	60455754	60542217	113	-0.5747
7562cf75-5809-40af-bd1e-eee4f726dd9f	3	60545509	60581369	42	-1.9749
7562cf75-5809-40af-bd1e-eee4f726dd9f	3	60581694	60584082	4	-0.8
7562cf75-5809-40af-bd1e-eee4f726dd9f	3	60586340	60723255	148	-0.0255
7562cf75-5809-40af-bd1e-eee4f726dd9f	3	60724012	60878581	162	-0.2505
7562cf75-5809-40af-bd1e-eee4f726dd9f	3	60885704	63128733	1898	-0.0061
7562cf75-5809-40af-bd1e-eee4f726dd9f	3	63142557	63150093	7	0.6061
7562cf75-5809-40af-bd1e-eee4f726dd9f	3	63156515	68697013	4260	-0.0106
7562cf75-5809-40af-bd1e-eee4f726dd9f	3	68697108	68698262	14	-1.167
7562cf75-5809-40af-bd1e-eee4f726dd9f	3	68699607	95737262	14061	-0.033
7562cf75-5809-40af-bd1e-eee4f726dd9f	3	95748036	95749266	2	1.1462
7562cf75-5809-40af-bd1e-eee4f726dd9f	3	95749836	116412361	12309	-0.0272
7562cf75-5809-40af-bd1e-eee4f726dd9f	3	116413967	116450736	27	0.3449
7562cf75-5809-40af-bd1e-eee4f726dd9f	3	116462178	130047743	8263	-0.017
7562cf75-5809-40af-bd1e-eee4f726dd9f	3	130057015	130089433	39	-0.4258
7562cf75-5809-40af-bd1e-eee4f726dd9f	3	130089968	195558822	41013	-0.0111
7562cf75-5809-40af-bd1e-eee4f726dd9f	3	195559056	195720051	26	-0.9011
7562cf75-5809-40af-bd1e-eee4f726dd9f	3	195728637	195729005	3	0.2939
7562cf75-5809-40af-bd1e-eee4f726dd9f	3	195729040	195747892	16	-0.6129
7562cf75-5809-40af-bd1e-eee4f726dd9f	3	195751823	198169247	1166	-0.0293
7562cf75-5809-40af-bd1e-eee4f726dd9f	4	68929	9455251	5159	-0.0292
7562cf75-5809-40af-bd1e-eee4f726dd9f	4	9459504	9477699	6	-1.269
7562cf75-5809-40af-bd1e-eee4f726dd9f	4	9484440	9584689	27	-0.1992
7562cf75-5809-40af-bd1e-eee4f726dd9f	4	9585140	10182390	462	-0.0181
7562cf75-5809-40af-bd1e-eee4f726dd9f	4	10186298	10208766	51	-0.1793
7562cf75-5809-40af-bd1e-eee4f726dd9f	4	10212536	10233644	36	-1.7849
7562cf75-5809-40af-bd1e-eee4f726dd9f	4	10234518	29171694	13584	-0.0243
7562cf75-5809-40af-bd1e-eee4f726dd9f	4	29179931	29276079	58	-0.4595
7562cf75-5809-40af-bd1e-eee4f726dd9f	4	29276747	34777432	3333	-0.0451
7562cf75-5809-40af-bd1e-eee4f726dd9f	4	34784878	34823103	38	-0.5123
7562cf75-5809-40af-bd1e-eee4f726dd9f	4	34828250	62804218	15998	-0.02
7562cf75-5809-40af-bd1e-eee4f726dd9f	4	62804351	62805944	7	-0.6918
7562cf75-5809-40af-bd1e-eee4f726dd9f	4	62813912	63828222	556	-0.032
7562cf75-5809-40af-bd1e-eee4f726dd9f	4	63831751	63842540	28	-0.4034
7562cf75-5809-40af-bd1e-eee4f726dd9f	4	63850713	68354665	2849	-0.0365
7562cf75-5809-40af-bd1e-eee4f726dd9f	4	68361130	68391041	4	-1.0003
7562cf75-5809-40af-bd1e-eee4f726dd9f	4	68394355	68494770	18	0.0079
7562cf75-5809-40af-bd1e-eee4f726dd9f	4	68501424	68620261	67	-1.791
7562cf75-5809-40af-bd1e-eee4f726dd9f	4	68623617	81746743	8064	-0.0048
7562cf75-5809-40af-bd1e-eee4f726dd9f	4	81748408	81750209	5	-0.7764
7562cf75-5809-40af-bd1e-eee4f726dd9f	4	81750784	114252544	19630	-0.0162
7562cf75-5809-40af-bd1e-eee4f726dd9f	4	114254167	114261019	23	0.5732
7562cf75-5809-40af-bd1e-eee4f726dd9f	4	114263073	121360818	4341	-0.0231
7562cf75-5809-40af-bd1e-eee4f726dd9f	4	121361313	121363980	28	-0.734
7562cf75-5809-40af-bd1e-eee4f726dd9f	4	121369976	136992972	8734	-0.0352
7562cf75-5809-40af-bd1e-eee4f726dd9f	4	136993283	154013512	10406	-0.0128
7562cf75-5809-40af-bd1e-eee4f726dd9f	4	154016310	160959151	4466	-0.0309
7562cf75-5809-40af-bd1e-eee4f726dd9f	4	160959187	160963756	16	-0.4903
7562cf75-5809-40af-bd1e-eee4f726dd9f	4	160963767	171448195	6670	-0.03
7562cf75-5809-40af-bd1e-eee4f726dd9f	4	171453733	171456625	12	-0.6701
7562cf75-5809-40af-bd1e-eee4f726dd9f	4	171459220	172066777	397	-0.055
7562cf75-5809-40af-bd1e-eee4f726dd9f	4	172067997	172068382	12	0.5388
7562cf75-5809-40af-bd1e-eee4f726dd9f	4	172074828	185473480	8971	-0.0356
7562cf75-5809-40af-bd1e-eee4f726dd9f	4	185473803	187564920	1539	0.0058
7562cf75-5809-40af-bd1e-eee4f726dd9f	4	187568724	188829045	876	-0.04
7562cf75-5809-40af-bd1e-eee4f726dd9f	4	188831255	188858182	34	0.2038
7562cf75-5809-40af-bd1e-eee4f726dd9f	4	188859377	189158658	221	-0.0174
7562cf75-5809-40af-bd1e-eee4f726dd9f	4	189158913	189164024	6	-0.6853
7562cf75-5809-40af-bd1e-eee4f726dd9f	4	189165474	190106768	439	-0.0765
7562cf75-5809-40af-bd1e-eee4f726dd9f	5	15532	145032	64	-0.0278
7562cf75-5809-40af-bd1e-eee4f726dd9f	5	149149	311554	73	-0.2206
7562cf75-5809-40af-bd1e-eee4f726dd9f	5	312843	733497	185	-0.0433
7562cf75-5809-40af-bd1e-eee4f726dd9f	5	741924	824333	28	0.8376
7562cf75-5809-40af-bd1e-eee4f726dd9f	5	825192	1479563	334	-0.0584
7562cf75-5809-40af-bd1e-eee4f726dd9f	5	1487548	1771549	158	-0.1918
7562cf75-5809-40af-bd1e-eee4f726dd9f	5	1772275	17039175	12229	-0.0426
7562cf75-5809-40af-bd1e-eee4f726dd9f	5	17039464	17663323	330	-0.3365
7562cf75-5809-40af-bd1e-eee4f726dd9f	5	17664990	21451168	2317	-0.0384
7562cf75-5809-40af-bd1e-eee4f726dd9f	5	21451855	21451889	2	-2.5245
7562cf75-5809-40af-bd1e-eee4f726dd9f	5	21452329	31248912	5835	-0.0535
7562cf75-5809-40af-bd1e-eee4f726dd9f	5	31249922	46271006	9123	-0.0193
7562cf75-5809-40af-bd1e-eee4f726dd9f	5	46271828	46273400	6	-2.2236
7562cf75-5809-40af-bd1e-eee4f726dd9f	5	46278110	118050922	41343	-0.0175
7562cf75-5809-40af-bd1e-eee4f726dd9f	5	118052727	118053390	11	-0.607
7562cf75-5809-40af-bd1e-eee4f726dd9f	5	118068645	156045045	24050	-0.017
7562cf75-5809-40af-bd1e-eee4f726dd9f	5	156045123	156055719	19	-0.4674
7562cf75-5809-40af-bd1e-eee4f726dd9f	5	156068240	164773306	5763	-0.0279
7562cf75-5809-40af-bd1e-eee4f726dd9f	5	164774180	171381130	4885	-0.0556
7562cf75-5809-40af-bd1e-eee4f726dd9f	5	171385510	176033084	3433	-0.0202
7562cf75-5809-40af-bd1e-eee4f726dd9f	5	176038686	176042504	2	-2.3949
7562cf75-5809-40af-bd1e-eee4f726dd9f	5	176043321	177724103	718	-0.0261
7562cf75-5809-40af-bd1e-eee4f726dd9f	5	177730398	177770954	4	-1.0181
7562cf75-5809-40af-bd1e-eee4f726dd9f	5	177771448	177801578	3	0.6818
7562cf75-5809-40af-bd1e-eee4f726dd9f	5	177805604	180947523	1797	-0.02
7562cf75-5809-40af-bd1e-eee4f726dd9f	5	180951710	180991103	19	-0.5709
7562cf75-5809-40af-bd1e-eee4f726dd9f	5	181006225	181363319	170	-0.0602
7562cf75-5809-40af-bd1e-eee4f726dd9f	6	149661	260376	104	-0.0793
7562cf75-5809-40af-bd1e-eee4f726dd9f	6	264756	381149	98	0.3226
7562cf75-5809-40af-bd1e-eee4f726dd9f	6	382559	23057409	17511	-0.0374
7562cf75-5809-40af-bd1e-eee4f726dd9f	6	23060763	23064026	4	-1.171
7562cf75-5809-40af-bd1e-eee4f726dd9f	6	23067417	32481273	5130	-0.0192
7562cf75-5809-40af-bd1e-eee4f726dd9f	6	32485024	32606604	37	0.7194
7562cf75-5809-40af-bd1e-eee4f726dd9f	6	32610305	32718419	63	0.0887
7562cf75-5809-40af-bd1e-eee4f726dd9f	6	32720838	32723053	11	0.5034
7562cf75-5809-40af-bd1e-eee4f726dd9f	6	32732907	48963228	10343	-0.0051
7562cf75-5809-40af-bd1e-eee4f726dd9f	6	48964092	48967442	4	-0.8983
7562cf75-5809-40af-bd1e-eee4f726dd9f	6	48967563	64627049	7540	-0.0193
7562cf75-5809-40af-bd1e-eee4f726dd9f	6	64637651	64639099	2	1.1486
7562cf75-5809-40af-bd1e-eee4f726dd9f	6	64640883	72153222	5071	-0.0325
7562cf75-5809-40af-bd1e-eee4f726dd9f	6	72156821	72157169	2	-1.878
7562cf75-5809-40af-bd1e-eee4f726dd9f	6	72158860	75443734	2088	-0.0182
7562cf75-5809-40af-bd1e-eee4f726dd9f	6	75446008	75451009	7	-0.851
7562cf75-5809-40af-bd1e-eee4f726dd9f	6	75455808	76726442	772	0.0083
7562cf75-5809-40af-bd1e-eee4f726dd9f	6	76726815	76742665	16	0.448
7562cf75-5809-40af-bd1e-eee4f726dd9f	6	76742675	78259348	984	-0.0029
7562cf75-5809-40af-bd1e-eee4f726dd9f	6	78259388	78325223	109	-0.3488
7562cf75-5809-40af-bd1e-eee4f726dd9f	6	78325310	78986552	406	-0.0283
7562cf75-5809-40af-bd1e-eee4f726dd9f	6	78992683	80206282	773	0.04
7562cf75-5809-40af-bd1e-eee4f726dd9f	6	80211018	103286954	14300	-0.0231
7562cf75-5809-40af-bd1e-eee4f726dd9f	6	103290101	103314186	46	-1.1906
7562cf75-5809-40af-bd1e-eee4f726dd9f	6	103317795	103940564	415	-0.0426
7562cf75-5809-40af-bd1e-eee4f726dd9f	6	103949029	104408295	287	-0.874
7562cf75-5809-40af-bd1e-eee4f726dd9f	6	104413438	133945130	18376	-0.0129
7562cf75-5809-40af-bd1e-eee4f726dd9f	6	133947933	133948494	2	-1.21
7562cf75-5809-40af-bd1e-eee4f726dd9f	6	133950934	161111816	18180	-0.0135
7562cf75-5809-40af-bd1e-eee4f726dd9f	6	161112295	162125684	904	-0.0555
7562cf75-5809-40af-bd1e-eee4f726dd9f	6	162130067	162130081	2	-1.4602
7562cf75-5809-40af-bd1e-eee4f726dd9f	6	162131177	168868096	4826	-0.0629
7562cf75-5809-40af-bd1e-eee4f726dd9f	6	168868264	170741917	1182	-0.0153
7562cf75-5809-40af-bd1e-eee4f726dd9f	7	43355	214803	133	-0.14
7562cf75-5809-40af-bd1e-eee4f726dd9f	7	223280	6758397	3284	-0.0303
7562cf75-5809-40af-bd1e-eee4f726dd9f	7	6790272	7017623	75	-0.1902
7562cf75-5809-40af-bd1e-eee4f726dd9f	7	7018199	16774728	8017	-0.0147
7562cf75-5809-40af-bd1e-eee4f726dd9f	7	16777527	17544645	616	0.0571
7562cf75-5809-40af-bd1e-eee4f726dd9f	7	17545528	36926973	14262	-0.0062
7562cf75-5809-40af-bd1e-eee4f726dd9f	7	36927311	40076439	2260	-0.0231
7562cf75-5809-40af-bd1e-eee4f726dd9f	7	40076749	43236829	2153	-0.0553
7562cf75-5809-40af-bd1e-eee4f726dd9f	7	43243207	53129510	6820	-0.0179
7562cf75-5809-40af-bd1e-eee4f726dd9f	7	53136163	53138171	9	-0.6331
7562cf75-5809-40af-bd1e-eee4f726dd9f	7	53140373	54305455	864	-0.0342
7562cf75-5809-40af-bd1e-eee4f726dd9f	7	54318812	54318824	6	-1.2685
7562cf75-5809-40af-bd1e-eee4f726dd9f	7	54325795	97766148	21825	-0.0244
7562cf75-5809-40af-bd1e-eee4f726dd9f	7	97766150	97773163	15	-0.6441
7562cf75-5809-40af-bd1e-eee4f726dd9f	7	97774928	109801187	6628	-0.0094
7562cf75-5809-40af-bd1e-eee4f726dd9f	7	109801572	109813853	10	0.7958
7562cf75-5809-40af-bd1e-eee4f726dd9f	7	109813925	126405597	10035	-0.0194
7562cf75-5809-40af-bd1e-eee4f726dd9f	7	126405632	126406561	9	1.026
7562cf75-5809-40af-bd1e-eee4f726dd9f	7	126406822	127322434	654	-0.0522
7562cf75-5809-40af-bd1e-eee4f726dd9f	7	127322914	131715798	2382	0.0025
7562cf75-5809-40af-bd1e-eee4f726dd9f	7	131718849	134100442	1665	-0.0439
7562cf75-5809-40af-bd1e-eee4f726dd9f	7	134100458	134105690	23	0.402
7562cf75-5809-40af-bd1e-eee4f726dd9f	7	134110881	142063324	5207	-0.0195
7562cf75-5809-40af-bd1e-eee4f726dd9f	7	142069843	142092108	33	0.312
7562cf75-5809-40af-bd1e-eee4f726dd9f	7	142092307	159334314	10870	-0.03
7562cf75-5809-40af-bd1e-eee4f726dd9f	8	81254	8085660	7784	0.1116
7562cf75-5809-40af-bd1e-eee4f726dd9f	8	8101440	8110806	4	-1.0599
7562cf75-5809-40af-bd1e-eee4f726dd9f	8	8120447	8528174	294	0.1736
7562cf75-5809-40af-bd1e-eee4f726dd9f	8	8528287	8531382	10	-0.4999
7562cf75-5809-40af-bd1e-eee4f726dd9f	8	8531630	16590764	6663	0.1294
7562cf75-5809-40af-bd1e-eee4f726dd9f	8	16590958	25114126	6715	0.1594
7562cf75-5809-40af-bd1e-eee4f726dd9f	8	25114437	25116961	4	-0.4826
7562cf75-5809-40af-bd1e-eee4f726dd9f	8	25117007	25126818	25	-2.1274
7562cf75-5809-40af-bd1e-eee4f726dd9f	8	25133589	31190118	4204	0.1583
7562cf75-5809-40af-bd1e-eee4f726dd9f	8	31190342	36211336	3111	0.1194
7562cf75-5809-40af-bd1e-eee4f726dd9f	8	36215045	36219621	5	-0.6126
7562cf75-5809-40af-bd1e-eee4f726dd9f	8	36220823	36361765	86	0.1105
7562cf75-5809-40af-bd1e-eee4f726dd9f	8	36362750	39372806	1614	0.1613
7562cf75-5809-40af-bd1e-eee4f726dd9f	8	39373140	39527450	58	-0.1642
7562cf75-5809-40af-bd1e-eee4f726dd9f	8	39527675	46012589	2596	0.141
7562cf75-5809-40af-bd1e-eee4f726dd9f	8	46012735	46844481	290	0.0161
7562cf75-5809-40af-bd1e-eee4f726dd9f	8	46847115	111279265	39133	0.1297
7562cf75-5809-40af-bd1e-eee4f726dd9f	8	111282050	111283031	10	1.4195
7562cf75-5809-40af-bd1e-eee4f726dd9f	8	111288052	118188449	4193	0.1263
7562cf75-5809-40af-bd1e-eee4f726dd9f	8	118191541	129457166	7931	0.1599
7562cf75-5809-40af-bd1e-eee4f726dd9f	8	129457746	141349269	9233	0.1226
7562cf75-5809-40af-bd1e-eee4f726dd9f	8	141349361	142322479	575	0.0126
7562cf75-5809-40af-bd1e-eee4f726dd9f	8	142322981	143209006	345	0.1206
7562cf75-5809-40af-bd1e-eee4f726dd9f	8	143217232	143227655	8	-0.6664
7562cf75-5809-40af-bd1e-eee4f726dd9f	8	143227769	145072769	638	0.1351
7562cf75-5809-40af-bd1e-eee4f726dd9f	9	46587	125900	12	0.1578
7562cf75-5809-40af-bd1e-eee4f726dd9f	9	149481	592306	466	0.389
7562cf75-5809-40af-bd1e-eee4f726dd9f	9	592552	592567	2	-2.1038
7562cf75-5809-40af-bd1e-eee4f726dd9f	9	592718	602903	28	0.5138
7562cf75-5809-40af-bd1e-eee4f726dd9f	9	606699	606961	4	-1.41
7562cf75-5809-40af-bd1e-eee4f726dd9f	9	607307	6695986	5866	0.3971
7562cf75-5809-40af-bd1e-eee4f726dd9f	9	6701145	6708357	7	-1.3711
7562cf75-5809-40af-bd1e-eee4f726dd9f	9	6712314	8603043	1911	0.3924
7562cf75-5809-40af-bd1e-eee4f726dd9f	9	8603606	8603621	2	-1.5667
7562cf75-5809-40af-bd1e-eee4f726dd9f	9	8604376	8883394	223	0.3559
7562cf75-5809-40af-bd1e-eee4f726dd9f	9	8885088	8990900	104	0.4828
7562cf75-5809-40af-bd1e-eee4f726dd9f	9	8994349	9054913	40	0.2999
7562cf75-5809-40af-bd1e-eee4f726dd9f	9	9056791	9056867	2	-0.8768
7562cf75-5809-40af-bd1e-eee4f726dd9f	9	9057632	11519198	2231	0.3987
7562cf75-5809-40af-bd1e-eee4f726dd9f	9	11521973	13284601	1314	0.4638
7562cf75-5809-40af-bd1e-eee4f726dd9f	9	13284615	13571609	213	0.3888
7562cf75-5809-40af-bd1e-eee4f726dd9f	9	13575493	13575892	2	-2.2535
7562cf75-5809-40af-bd1e-eee4f726dd9f	9	13575930	16654169	2645	0.3998
7562cf75-5809-40af-bd1e-eee4f726dd9f	9	16658809	17173420	479	0.3402
7562cf75-5809-40af-bd1e-eee4f726dd9f	9	17174737	17251570	47	0.4505
7562cf75-5809-40af-bd1e-eee4f726dd9f	9	17252379	17717230	381	-0.048
7562cf75-5809-40af-bd1e-eee4f726dd9f	9	17717579	17717692	2	-1.3345
7562cf75-5809-40af-bd1e-eee4f726dd9f	9	17719461	23363117	4447	-0.025
7562cf75-5809-40af-bd1e-eee4f726dd9f	9	23363935	23373486	7	0.9009
7562cf75-5809-40af-bd1e-eee4f726dd9f	9	23378490	40099921	10759	-0.0229
7562cf75-5809-40af-bd1e-eee4f726dd9f	9	40189830	41644133	86	0.2321
7562cf75-5809-40af-bd1e-eee4f726dd9f	9	41644288	60898630	97	-0.0933
7562cf75-5809-40af-bd1e-eee4f726dd9f	9	61337631	61405110	7	0.2865
7562cf75-5809-40af-bd1e-eee4f726dd9f	9	61520021	61629689	28	0.9646
7562cf75-5809-40af-bd1e-eee4f726dd9f	9	61633080	67759000	163	0.0432
7562cf75-5809-40af-bd1e-eee4f726dd9f	9	67770392	70024076	1377	0.4314
7562cf75-5809-40af-bd1e-eee4f726dd9f	9	70027544	70549563	353	-0.0043
7562cf75-5809-40af-bd1e-eee4f726dd9f	9	70549721	70671687	113	0.2264
7562cf75-5809-40af-bd1e-eee4f726dd9f	9	70678949	71477309	591	0.1701
7562cf75-5809-40af-bd1e-eee4f726dd9f	9	71479613	73398521	1268	0.2348
7562cf75-5809-40af-bd1e-eee4f726dd9f	9	73405942	73411750	4	-0.979
7562cf75-5809-40af-bd1e-eee4f726dd9f	9	73413807	94314805	14770	0.2074
7562cf75-5809-40af-bd1e-eee4f726dd9f	9	94326808	116360301	15913	-0.0145
7562cf75-5809-40af-bd1e-eee4f726dd9f	9	116363353	120114701	3257	-0.0505
7562cf75-5809-40af-bd1e-eee4f726dd9f	9	120114971	131376653	6661	0.0015
7562cf75-5809-40af-bd1e-eee4f726dd9f	9	131376670	131390317	8	-0.7889
7562cf75-5809-40af-bd1e-eee4f726dd9f	9	131396628	133074203	1219	-0.0127
7562cf75-5809-40af-bd1e-eee4f726dd9f	9	133075508	133082053	7	-0.9797
7562cf75-5809-40af-bd1e-eee4f726dd9f	9	133090275	135272192	1261	-0.0136
7562cf75-5809-40af-bd1e-eee4f726dd9f	9	135273657	135289382	14	-0.3964
7562cf75-5809-40af-bd1e-eee4f726dd9f	9	135289634	135326957	23	0.0945
7562cf75-5809-40af-bd1e-eee4f726dd9f	9	135327017	135472087	97	-0.2101
7562cf75-5809-40af-bd1e-eee4f726dd9f	9	135472543	138044300	888	-0.0035
7562cf75-5809-40af-bd1e-eee4f726dd9f	9	138044505	138200944	118	-0.1801
7562cf75-5809-40af-bd1e-eee4f726dd9f	10	45792	16425243	13772	-0.0312
7562cf75-5809-40af-bd1e-eee4f726dd9f	10	16428894	16428934	2	-2.0984
7562cf75-5809-40af-bd1e-eee4f726dd9f	10	16434272	30825207	10375	-0.0294
7562cf75-5809-40af-bd1e-eee4f726dd9f	10	30825256	33288749	1618	0.0145
7562cf75-5809-40af-bd1e-eee4f726dd9f	10	33289360	46221236	5770	-0.0233
7562cf75-5809-40af-bd1e-eee4f726dd9f	10	46221897	46446814	143	-0.1827
7562cf75-5809-40af-bd1e-eee4f726dd9f	10	46446817	46560066	39	0.0573
7562cf75-5809-40af-bd1e-eee4f726dd9f	10	46560397	46631433	8	0.5539
7562cf75-5809-40af-bd1e-eee4f726dd9f	10	46632302	48084439	315	-0.0294
7562cf75-5809-40af-bd1e-eee4f726dd9f	10	48114825	48154966	5	0.8424
7562cf75-5809-40af-bd1e-eee4f726dd9f	10	48173568	48523157	254	-0.042
7562cf75-5809-40af-bd1e-eee4f726dd9f	10	48524930	48524943	2	-1.2792
7562cf75-5809-40af-bd1e-eee4f726dd9f	10	48525216	65548259	12133	-0.0264
7562cf75-5809-40af-bd1e-eee4f726dd9f	10	65548272	65554322	20	-0.3721
7562cf75-5809-40af-bd1e-eee4f726dd9f	10	65554484	79624118	9236	-0.0184
7562cf75-5809-40af-bd1e-eee4f726dd9f	10	79624128	79684125	8	-1.2062
7562cf75-5809-40af-bd1e-eee4f726dd9f	10	79689251	83271134	2491	-0.0532
7562cf75-5809-40af-bd1e-eee4f726dd9f	10	83272502	83272630	2	-1.5291
7562cf75-5809-40af-bd1e-eee4f726dd9f	10	83274209	83388243	77	-0.0697
7562cf75-5809-40af-bd1e-eee4f726dd9f	10	83388317	115599409	21165	-0.0106
7562cf75-5809-40af-bd1e-eee4f726dd9f	10	115599432	118274945	1938	-0.0492
7562cf75-5809-40af-bd1e-eee4f726dd9f	10	118276246	128778749	7986	-0.0141
7562cf75-5809-40af-bd1e-eee4f726dd9f	10	128779648	133654968	3344	-0.0754
7562cf75-5809-40af-bd1e-eee4f726dd9f	11	198510	4901952	2349	-0.1703
7562cf75-5809-40af-bd1e-eee4f726dd9f	11	4902113	5772353	894	-0.0401
7562cf75-5809-40af-bd1e-eee4f726dd9f	11	5773015	5787909	22	-0.7549
7562cf75-5809-40af-bd1e-eee4f726dd9f	11	5788108	18929959	9421	-0.018
7562cf75-5809-40af-bd1e-eee4f726dd9f	11	18930146	18939631	22	-0.4717
7562cf75-5809-40af-bd1e-eee4f726dd9f	11	18939734	32249769	9667	-0.0332
7562cf75-5809-40af-bd1e-eee4f726dd9f	11	32253134	36755789	3519	-0.0081
7562cf75-5809-40af-bd1e-eee4f726dd9f	11	36755805	36777113	16	-0.4414
7562cf75-5809-40af-bd1e-eee4f726dd9f	11	36783635	37644100	589	0.0254
7562cf75-5809-40af-bd1e-eee4f726dd9f	11	37645912	45469624	5390	-0.0413
7562cf75-5809-40af-bd1e-eee4f726dd9f	11	45472444	55608804	2603	-0.0136
7562cf75-5809-40af-bd1e-eee4f726dd9f	11	55609022	55685533	51	0.2635
7562cf75-5809-40af-bd1e-eee4f726dd9f	11	55686100	67697457	6214	-0.0007
7562cf75-5809-40af-bd1e-eee4f726dd9f	11	67697535	68018085	92	-0.2019
7562cf75-5809-40af-bd1e-eee4f726dd9f	11	68020538	74313120	3233	-0.0001
7562cf75-5809-40af-bd1e-eee4f726dd9f	11	74313212	74315183	3	-1.4321
7562cf75-5809-40af-bd1e-eee4f726dd9f	11	74318485	78578323	2365	-0.0009
7562cf75-5809-40af-bd1e-eee4f726dd9f	11	78579211	101723653	16656	-0.0277
7562cf75-5809-40af-bd1e-eee4f726dd9f	11	101727129	101727233	4	0.8591
7562cf75-5809-40af-bd1e-eee4f726dd9f	11	101727481	131099515	20545	-0.0233
7562cf75-5809-40af-bd1e-eee4f726dd9f	11	131100648	134198443	2514	-0.0717
7562cf75-5809-40af-bd1e-eee4f726dd9f	11	134199945	134331004	80	0.001
7562cf75-5809-40af-bd1e-eee4f726dd9f	11	134334211	134731897	313	-0.1091
7562cf75-5809-40af-bd1e-eee4f726dd9f	11	134732386	134734098	3	-1.4852
7562cf75-5809-40af-bd1e-eee4f726dd9f	11	134737977	135074876	281	-0.0695
7562cf75-5809-40af-bd1e-eee4f726dd9f	12	51460	206267	85	-0.1353
7562cf75-5809-40af-bd1e-eee4f726dd9f	12	207206	209541	2	-1.2144
7562cf75-5809-40af-bd1e-eee4f726dd9f	12	212187	8168303	5443	-0.019
7562cf75-5809-40af-bd1e-eee4f726dd9f	12	8170242	8450386	96	-0.2198
7562cf75-5809-40af-bd1e-eee4f726dd9f	12	8451193	9481274	551	-0.049
7562cf75-5809-40af-bd1e-eee4f726dd9f	12	9485313	9562969	22	-1.538
7562cf75-5809-40af-bd1e-eee4f726dd9f	12	9575696	13569379	3034	-0.0055
7562cf75-5809-40af-bd1e-eee4f726dd9f	12	13571372	13572164	2	-1.2385
7562cf75-5809-40af-bd1e-eee4f726dd9f	12	13576376	34153039	14198	-0.0185
7562cf75-5809-40af-bd1e-eee4f726dd9f	12	34153924	38207094	361	-0.1124
7562cf75-5809-40af-bd1e-eee4f726dd9f	12	38213562	42929963	3075	-0.0274
7562cf75-5809-40af-bd1e-eee4f726dd9f	12	42930245	77005301	20747	-0.0049
7562cf75-5809-40af-bd1e-eee4f726dd9f	12	77009186	83769408	4404	-0.026
7562cf75-5809-40af-bd1e-eee4f726dd9f	12	83769511	83769569	2	-1.453
7562cf75-5809-40af-bd1e-eee4f726dd9f	12	83771462	94049797	6257	-0.0185
7562cf75-5809-40af-bd1e-eee4f726dd9f	12	94051791	94113133	46	0.2134
7562cf75-5809-40af-bd1e-eee4f726dd9f	12	94113397	113810538	13020	-0.0109
7562cf75-5809-40af-bd1e-eee4f726dd9f	12	113813302	114040306	215	-0.1864
7562cf75-5809-40af-bd1e-eee4f726dd9f	12	114040437	115850944	1669	-0.0613
7562cf75-5809-40af-bd1e-eee4f726dd9f	12	115851105	127101530	7084	-0.0114
7562cf75-5809-40af-bd1e-eee4f726dd9f	12	127101808	133029983	4474	-0.0713
7562cf75-5809-40af-bd1e-eee4f726dd9f	12	133037546	133201603	69	0.0441
7562cf75-5809-40af-bd1e-eee4f726dd9f	13	18452809	18877256	105	0.2393
7562cf75-5809-40af-bd1e-eee4f726dd9f	13	18878915	19547319	427	0.4614
7562cf75-5809-40af-bd1e-eee4f726dd9f	13	19549755	19549770	2	1.756
7562cf75-5809-40af-bd1e-eee4f726dd9f	13	19550361	23055048	2322	0.4646
7562cf75-5809-40af-bd1e-eee4f726dd9f	13	23055071	23059376	13	-0.5857
7562cf75-5809-40af-bd1e-eee4f726dd9f	13	23064056	23303348	206	0.4397
7562cf75-5809-40af-bd1e-eee4f726dd9f	13	23303621	34429581	8379	0.4795
7562cf75-5809-40af-bd1e-eee4f726dd9f	13	34430118	37496998	2031	0.4316
7562cf75-5809-40af-bd1e-eee4f726dd9f	13	37497899	37510620	16	-2.1075
7562cf75-5809-40af-bd1e-eee4f726dd9f	13	37514193	38478674	701	0.4385
7562cf75-5809-40af-bd1e-eee4f726dd9f	13	38483435	38483919	2	-1.3434
7562cf75-5809-40af-bd1e-eee4f726dd9f	13	38490920	39591561	920	0.4471
7562cf75-5809-40af-bd1e-eee4f726dd9f	13	39595250	45232918	3782	0.4876
7562cf75-5809-40af-bd1e-eee4f726dd9f	13	45234420	48448407	2244	0.451
7562cf75-5809-40af-bd1e-eee4f726dd9f	13	48448421	50486908	1127	0.5015
7562cf75-5809-40af-bd1e-eee4f726dd9f	13	50495756	50501249	4	-0.2049
7562cf75-5809-40af-bd1e-eee4f726dd9f	13	50502244	54933604	2638	0.4802
7562cf75-5809-40af-bd1e-eee4f726dd9f	13	54937429	59311950	2408	0.4433
7562cf75-5809-40af-bd1e-eee4f726dd9f	13	59312894	59350656	32	0.7518
7562cf75-5809-40af-bd1e-eee4f726dd9f	13	59350777	64777999	3192	0.454
7562cf75-5809-40af-bd1e-eee4f726dd9f	13	64778119	64779363	2	-1.2516
7562cf75-5809-40af-bd1e-eee4f726dd9f	13	64782151	64871308	54	0.5554
7562cf75-5809-40af-bd1e-eee4f726dd9f	13	64872425	66335866	882	0.4238
7562cf75-5809-40af-bd1e-eee4f726dd9f	13	66336423	66691903	259	0.4868
7562cf75-5809-40af-bd1e-eee4f726dd9f	13	66692029	66786407	96	0.6007
7562cf75-5809-40af-bd1e-eee4f726dd9f	13	66788890	66900745	58	0.4226
7562cf75-5809-40af-bd1e-eee4f726dd9f	13	66903084	66958022	79	0.3073
7562cf75-5809-40af-bd1e-eee4f726dd9f	13	66958105	68675349	986	0.4563
7562cf75-5809-40af-bd1e-eee4f726dd9f	13	68676647	68677373	6	-0.321
7562cf75-5809-40af-bd1e-eee4f726dd9f	13	68677517	71902850	2088	0.4284
7562cf75-5809-40af-bd1e-eee4f726dd9f	13	71903417	71906467	5	1.6422
7562cf75-5809-40af-bd1e-eee4f726dd9f	13	71912345	80776209	6210	0.4727
7562cf75-5809-40af-bd1e-eee4f726dd9f	13	80777846	96127191	9649	0.4441
7562cf75-5809-40af-bd1e-eee4f726dd9f	13	96128121	99795911	2421	0.482
7562cf75-5809-40af-bd1e-eee4f726dd9f	13	99796162	104935933	4090	0.4538
7562cf75-5809-40af-bd1e-eee4f726dd9f	13	104936580	114342922	6729	0.4835
7562cf75-5809-40af-bd1e-eee4f726dd9f	14	18239283	19011729	28	-0.1069
7562cf75-5809-40af-bd1e-eee4f726dd9f	14	19012857	19954424	137	-0.3616
7562cf75-5809-40af-bd1e-eee4f726dd9f	14	19955213	21857294	1261	0.0123
7562cf75-5809-40af-bd1e-eee4f726dd9f	14	21858683	22501521	590	0.0827
7562cf75-5809-40af-bd1e-eee4f726dd9f	14	22501577	33321872	6706	-0.012
7562cf75-5809-40af-bd1e-eee4f726dd9f	14	33322000	33326607	3	-1.0852
7562cf75-5809-40af-bd1e-eee4f726dd9f	14	33326804	46437812	8107	-0.0108
7562cf75-5809-40af-bd1e-eee4f726dd9f	14	46443856	48183459	1119	-0.057
7562cf75-5809-40af-bd1e-eee4f726dd9f	14	48185766	78822180	19798	-0.0026
7562cf75-5809-40af-bd1e-eee4f726dd9f	14	78826198	87164683	5557	-0.0397
7562cf75-5809-40af-bd1e-eee4f726dd9f	14	87165260	88926654	1086	-0.0076
7562cf75-5809-40af-bd1e-eee4f726dd9f	14	88928895	88929929	2	-1.1899
7562cf75-5809-40af-bd1e-eee4f726dd9f	14	88931837	89011305	69	-0.0716
7562cf75-5809-40af-bd1e-eee4f726dd9f	14	89018029	89022423	7	-0.5999
7562cf75-5809-40af-bd1e-eee4f726dd9f	14	89023743	96623138	5217	-0.007
7562cf75-5809-40af-bd1e-eee4f726dd9f	14	96623270	99097820	2123	-0.0479
7562cf75-5809-40af-bd1e-eee4f726dd9f	14	99098047	106407609	3375	-0.0009
7562cf75-5809-40af-bd1e-eee4f726dd9f	14	106407612	106462169	52	0.2313
7562cf75-5809-40af-bd1e-eee4f726dd9f	14	106462183	106877229	196	0.0093
7562cf75-5809-40af-bd1e-eee4f726dd9f	15	19811075	20190276	56	-0.054
7562cf75-5809-40af-bd1e-eee4f726dd9f	15	20206125	20380735	40	0.5472
7562cf75-5809-40af-bd1e-eee4f726dd9f	15	20380837	20381704	9	1.4468
7562cf75-5809-40af-bd1e-eee4f726dd9f	15	20384774	20670989	46	0.6275
7562cf75-5809-40af-bd1e-eee4f726dd9f	15	20981071	22003073	28	-0.19
7562cf75-5809-40af-bd1e-eee4f726dd9f	15	22005276	22247820	8	0.4902
7562cf75-5809-40af-bd1e-eee4f726dd9f	15	22248362	22299523	19	0.9893
7562cf75-5809-40af-bd1e-eee4f726dd9f	15	22385639	22584747	9	-0.5786
7562cf75-5809-40af-bd1e-eee4f726dd9f	15	22590285	24240681	913	-0.0727
7562cf75-5809-40af-bd1e-eee4f726dd9f	15	24247869	24258119	4	-1.9536
7562cf75-5809-40af-bd1e-eee4f726dd9f	15	24258513	24311894	28	-0.3303
7562cf75-5809-40af-bd1e-eee4f726dd9f	15	24318282	34434988	6275	-0.0443
7562cf75-5809-40af-bd1e-eee4f726dd9f	15	34435421	34526116	60	-0.7315
7562cf75-5809-40af-bd1e-eee4f726dd9f	15	34570058	94480860	38555	-0.0119
7562cf75-5809-40af-bd1e-eee4f726dd9f	15	94481115	94494853	14	-0.9666
7562cf75-5809-40af-bd1e-eee4f726dd9f	15	94495765	101928837	5503	-0.045
7562cf75-5809-40af-bd1e-eee4f726dd9f	16	10777	1799942	626	-0.0855
7562cf75-5809-40af-bd1e-eee4f726dd9f	16	1800396	5380064	1794	-0.0053
7562cf75-5809-40af-bd1e-eee4f726dd9f	16	5383261	6587854	1427	-0.0706
7562cf75-5809-40af-bd1e-eee4f726dd9f	16	6590693	6825403	339	-0.6104
7562cf75-5809-40af-bd1e-eee4f726dd9f	16	6826240	12612617	5334	-0.0221
7562cf75-5809-40af-bd1e-eee4f726dd9f	16	12612630	12612645	3	-2.4767
7562cf75-5809-40af-bd1e-eee4f726dd9f	16	12612656	13400484	638	-0.0444
7562cf75-5809-40af-bd1e-eee4f726dd9f	16	13400684	13400695	2	-1.1119
7562cf75-5809-40af-bd1e-eee4f726dd9f	16	13400980	14887120	951	-0.0277
7562cf75-5809-40af-bd1e-eee4f726dd9f	16	14895982	15100205	86	-0.8637
7562cf75-5809-40af-bd1e-eee4f726dd9f	16	15147437	18622094	1585	-0.0392
7562cf75-5809-40af-bd1e-eee4f726dd9f	16	18624482	18704933	5	-0.7359
7562cf75-5809-40af-bd1e-eee4f726dd9f	16	18705983	19933041	679	-0.0008
7562cf75-5809-40af-bd1e-eee4f726dd9f	16	19934328	19956040	29	-2.9562
7562cf75-5809-40af-bd1e-eee4f726dd9f	16	19958932	46597673	7024	-0.0311
7562cf75-5809-40af-bd1e-eee4f726dd9f	16	46600539	46649572	22	0.353
7562cf75-5809-40af-bd1e-eee4f726dd9f	16	46652114	66423750	13513	-0.0365
7562cf75-5809-40af-bd1e-eee4f726dd9f	16	66424141	76093952	5012	-0.0019
7562cf75-5809-40af-bd1e-eee4f726dd9f	16	76094664	78587516	2533	-0.05
7562cf75-5809-40af-bd1e-eee4f726dd9f	16	78587723	78657012	64	-0.658
7562cf75-5809-40af-bd1e-eee4f726dd9f	16	78659299	80097620	1752	-0.0618
7562cf75-5809-40af-bd1e-eee4f726dd9f	16	80098211	88688917	7853	-0.0273
7562cf75-5809-40af-bd1e-eee4f726dd9f	16	88689672	90096867	607	-0.0932
7562cf75-5809-40af-bd1e-eee4f726dd9f	17	150733	1067361	492	-0.0968
7562cf75-5809-40af-bd1e-eee4f726dd9f	17	1067857	5453593	2300	-0.0069
7562cf75-5809-40af-bd1e-eee4f726dd9f	17	5454180	5455870	2	-1.2465
7562cf75-5809-40af-bd1e-eee4f726dd9f	17	5458293	6197464	567	-0.0087
7562cf75-5809-40af-bd1e-eee4f726dd9f	17	6197476	6197491	2	-1.4129
7562cf75-5809-40af-bd1e-eee4f726dd9f	17	6197723	13273080	4780	-0.0199
7562cf75-5809-40af-bd1e-eee4f726dd9f	17	13275120	13331519	49	0.5778
7562cf75-5809-40af-bd1e-eee4f726dd9f	17	13332284	33618359	8213	-0.0177
7562cf75-5809-40af-bd1e-eee4f726dd9f	17	33618651	34699560	1009	-0.061
7562cf75-5809-40af-bd1e-eee4f726dd9f	17	34701193	45579014	5584	0.0027
7562cf75-5809-40af-bd1e-eee4f726dd9f	17	45579877	45582060	5	-1.2216
7562cf75-5809-40af-bd1e-eee4f726dd9f	17	45587327	46089238	342	-0.1027
7562cf75-5809-40af-bd1e-eee4f726dd9f	17	46089854	46286804	119	-0.3844
7562cf75-5809-40af-bd1e-eee4f726dd9f	17	46323701	46446360	4	1.8432
7562cf75-5809-40af-bd1e-eee4f726dd9f	17	46569894	73740457	16740	-0.0112
7562cf75-5809-40af-bd1e-eee4f726dd9f	17	73740637	74661358	624	-0.0908
7562cf75-5809-40af-bd1e-eee4f726dd9f	17	74664643	83091923	4213	-0.0082
7562cf75-5809-40af-bd1e-eee4f726dd9f	18	48133	4979613	3533	0.0753
7562cf75-5809-40af-bd1e-eee4f726dd9f	18	4979714	8585213	2719	0.023
7562cf75-5809-40af-bd1e-eee4f726dd9f	18	8585338	13776450	3554	0.067
7562cf75-5809-40af-bd1e-eee4f726dd9f	18	13776823	23548097	1913	0.019
7562cf75-5809-40af-bd1e-eee4f726dd9f	18	23549999	26785899	2151	-0.0118
7562cf75-5809-40af-bd1e-eee4f726dd9f	18	26785951	26786181	3	-0.8361
7562cf75-5809-40af-bd1e-eee4f726dd9f	18	26786415	30742489	2477	-0.0283
7562cf75-5809-40af-bd1e-eee4f726dd9f	18	30751252	33084466	1596	0.0225
7562cf75-5809-40af-bd1e-eee4f726dd9f	18	33084529	34378037	737	-0.0378
7562cf75-5809-40af-bd1e-eee4f726dd9f	18	34378050	36255046	1102	0.0289
7562cf75-5809-40af-bd1e-eee4f726dd9f	18	36255359	40678106	2990	-0.0149
7562cf75-5809-40af-bd1e-eee4f726dd9f	18	40678118	40685425	33	0.2301
7562cf75-5809-40af-bd1e-eee4f726dd9f	18	40688060	48228303	5051	-0.0189
7562cf75-5809-40af-bd1e-eee4f726dd9f	18	48228787	53677765	3860	0.0077
7562cf75-5809-40af-bd1e-eee4f726dd9f	18	53680839	53684270	5	-1.1586
7562cf75-5809-40af-bd1e-eee4f726dd9f	18	53685778	74879268	15198	0.0064
7562cf75-5809-40af-bd1e-eee4f726dd9f	18	74879318	79517719	3451	-0.0334
7562cf75-5809-40af-bd1e-eee4f726dd9f	18	79518250	79528063	2	-1.324
7562cf75-5809-40af-bd1e-eee4f726dd9f	18	79528323	80257174	374	-0.0538
7562cf75-5809-40af-bd1e-eee4f726dd9f	19	90910	3795705	1016	-0.0034
7562cf75-5809-40af-bd1e-eee4f726dd9f	19	3814394	3842329	14	0.4945
7562cf75-5809-40af-bd1e-eee4f726dd9f	19	3850098	12581187	4012	-0.0017
7562cf75-5809-40af-bd1e-eee4f726dd9f	19	12586552	12587288	2	1.323
7562cf75-5809-40af-bd1e-eee4f726dd9f	19	12589709	15671587	1547	0.011
7562cf75-5809-40af-bd1e-eee4f726dd9f	19	15673306	15673342	2	-1.3811
7562cf75-5809-40af-bd1e-eee4f726dd9f	19	15679275	19808942	1956	0.0108
7562cf75-5809-40af-bd1e-eee4f726dd9f	19	19809210	31827349	5809	-0.043
7562cf75-5809-40af-bd1e-eee4f726dd9f	19	31827427	51628560	10409	-0.0049
7562cf75-5809-40af-bd1e-eee4f726dd9f	19	51639099	51644944	11	-0.7235
7562cf75-5809-40af-bd1e-eee4f726dd9f	19	51651652	54740939	2019	-0.0311
7562cf75-5809-40af-bd1e-eee4f726dd9f	19	54772391	54867244	45	-0.8425
7562cf75-5809-40af-bd1e-eee4f726dd9f	19	54868000	58586487	2271	-0.0258
7562cf75-5809-40af-bd1e-eee4f726dd9f	20	80664	1567370	1178	0.1417
7562cf75-5809-40af-bd1e-eee4f726dd9f	20	1569688	1601561	62	-0.5555
7562cf75-5809-40af-bd1e-eee4f726dd9f	20	1609611	4056881	1697	0.16
7562cf75-5809-40af-bd1e-eee4f726dd9f	20	4056980	4058537	5	-1.0877
7562cf75-5809-40af-bd1e-eee4f726dd9f	20	4060093	54551284	32418	0.1428
7562cf75-5809-40af-bd1e-eee4f726dd9f	20	54551331	57058289	2082	0.1079
7562cf75-5809-40af-bd1e-eee4f726dd9f	20	57061329	57061422	3	-0.8967
7562cf75-5809-40af-bd1e-eee4f726dd9f	20	57061582	63904241	4755	0.1414
7562cf75-5809-40af-bd1e-eee4f726dd9f	20	63916846	64324800	190	-0.0015
7562cf75-5809-40af-bd1e-eee4f726dd9f	21	10354168	10548945	42	-0.257
7562cf75-5809-40af-bd1e-eee4f726dd9f	21	10550357	19340466	4056	-0.0153
7562cf75-5809-40af-bd1e-eee4f726dd9f	21	19340605	28238598	6780	-0.047
7562cf75-5809-40af-bd1e-eee4f726dd9f	21	28239535	29661622	1040	0.0022
7562cf75-5809-40af-bd1e-eee4f726dd9f	21	29661741	40981895	8511	-0.0256
7562cf75-5809-40af-bd1e-eee4f726dd9f	21	40985491	43270082	1691	0.0106
7562cf75-5809-40af-bd1e-eee4f726dd9f	21	43270255	43572694	74	-0.2424
7562cf75-5809-40af-bd1e-eee4f726dd9f	21	43575190	44363313	339	0.0059
7562cf75-5809-40af-bd1e-eee4f726dd9f	21	44363690	44365130	2	-0.9883
7562cf75-5809-40af-bd1e-eee4f726dd9f	21	44374559	45244989	517	-0.039
7562cf75-5809-40af-bd1e-eee4f726dd9f	21	45245245	46677045	817	-0.1008
7562cf75-5809-40af-bd1e-eee4f726dd9f	22	15294547	16777841	148	-0.136
7562cf75-5809-40af-bd1e-eee4f726dd9f	22	16780090	18146179	968	-0.0188
7562cf75-5809-40af-bd1e-eee4f726dd9f	22	18146261	22119549	2005	-0.098
7562cf75-5809-40af-bd1e-eee4f726dd9f	22	22119654	22120255	5	-2.4918
7562cf75-5809-40af-bd1e-eee4f726dd9f	22	22127104	22398345	334	-0.0273
7562cf75-5809-40af-bd1e-eee4f726dd9f	22	22398407	22398545	3	-1.2516
7562cf75-5809-40af-bd1e-eee4f726dd9f	22	22402989	23929558	919	-0.0516
7562cf75-5809-40af-bd1e-eee4f726dd9f	22	23940911	23990739	18	-0.6947
7562cf75-5809-40af-bd1e-eee4f726dd9f	22	23995113	24685371	351	0.0048
7562cf75-5809-40af-bd1e-eee4f726dd9f	22	24686148	24686567	3	-1.1761
7562cf75-5809-40af-bd1e-eee4f726dd9f	22	24691707	25265731	461	-0.003
7562cf75-5809-40af-bd1e-eee4f726dd9f	22	25268018	25519883	284	0.4729
7562cf75-5809-40af-bd1e-eee4f726dd9f	22	25522742	47536193	15251	-0.0141
7562cf75-5809-40af-bd1e-eee4f726dd9f	22	47538678	50796027	2530	-0.081
7562cf75-5809-40af-bd1e-eee4f726dd9f	X	251810	74132943	38376	-0.0329
7562cf75-5809-40af-bd1e-eee4f726dd9f	X	74135611	74590091	197	-0.5625
7562cf75-5809-40af-bd1e-eee4f726dd9f	X	74590097	77255838	1245	-0.0394
7562cf75-5809-40af-bd1e-eee4f726dd9f	X	77267881	77296889	3	-1.5101
7562cf75-5809-40af-bd1e-eee4f726dd9f	X	77324696	88479267	6109	-0.0475
7562cf75-5809-40af-bd1e-eee4f726dd9f	X	88479516	140411160	28222	0.0899
7562cf75-5809-40af-bd1e-eee4f726dd9f	X	140414245	140419029	6	-2.4418
7562cf75-5809-40af-bd1e-eee4f726dd9f	X	140422569	155952689	9482	0.0717
7562cf75-5809-40af-bd1e-eee4f726dd9f	Y	2782397	6076562	719	-2.5133
7562cf75-5809-40af-bd1e-eee4f726dd9f	Y	6080059	13478396	2545	-2.8893
7562cf75-5809-40af-bd1e-eee4f726dd9f	Y	13478462	13482643	3	-7.6945
7562cf75-5809-40af-bd1e-eee4f726dd9f	Y	13483009	17058562	1755	-2.8611
7562cf75-5809-40af-bd1e-eee4f726dd9f	Y	17067455	17067660	3	-7.6945
7562cf75-5809-40af-bd1e-eee4f726dd9f	Y	17070391	22804854	1412	-2.9523
7562cf75-5809-40af-bd1e-eee4f726dd9f	Y	22913244	56872112	202	-2.5782
