GDC_Aliquot	Chromosome	Start	End	Num_Probes	Segment_Mean
d5178d66-7c32-4e04-9096-ec02141fb3d2	1	62920	12832455	6509	-0.0036
d5178d66-7c32-4e04-9096-ec02141fb3d2	1	12850124	12867264	6	-1.05
d5178d66-7c32-4e04-9096-ec02141fb3d2	1	12868035	16617143	2133	0.0027
d5178d66-7c32-4e04-9096-ec02141fb3d2	1	16617312	16679239	22	0.5482
d5178d66-7c32-4e04-9096-ec02141fb3d2	1	16679281	16868660	28	0.0708
d5178d66-7c32-4e04-9096-ec02141fb3d2	1	16877002	16956580	56	-0.459
d5178d66-7c32-4e04-9096-ec02141fb3d2	1	16958425	25256850	5250	0.0006
d5178d66-7c32-4e04-9096-ec02141fb3d2	1	25266637	25320455	24	0.6056
d5178d66-7c32-4e04-9096-ec02141fb3d2	1	25336819	34626037	4944	-0.0019
d5178d66-7c32-4e04-9096-ec02141fb3d2	1	34626073	34638890	21	-0.6058
d5178d66-7c32-4e04-9096-ec02141fb3d2	1	34648667	39762814	2771	-0.0053
d5178d66-7c32-4e04-9096-ec02141fb3d2	1	39768339	39772491	3	-1.2706
d5178d66-7c32-4e04-9096-ec02141fb3d2	1	39776773	72284670	20960	0.0036
d5178d66-7c32-4e04-9096-ec02141fb3d2	1	72290430	72297687	9	-0.705
d5178d66-7c32-4e04-9096-ec02141fb3d2	1	72302735	72345465	48	1.1234
d5178d66-7c32-4e04-9096-ec02141fb3d2	1	72346221	103589737	19995	0.0011
d5178d66-7c32-4e04-9096-ec02141fb3d2	1	103613021	103760781	16	0.6563
d5178d66-7c32-4e04-9096-ec02141fb3d2	1	103760879	108824363	3143	0.0094
d5178d66-7c32-4e04-9096-ec02141fb3d2	1	108827892	108829252	2	-1.4111
d5178d66-7c32-4e04-9096-ec02141fb3d2	1	108830979	109690352	420	0.0062
d5178d66-7c32-4e04-9096-ec02141fb3d2	1	109690415	109697556	12	-1.6731
d5178d66-7c32-4e04-9096-ec02141fb3d2	1	109702376	110834943	837	0.006
d5178d66-7c32-4e04-9096-ec02141fb3d2	1	110834946	110845604	37	-0.7624
d5178d66-7c32-4e04-9096-ec02141fb3d2	1	110849445	148982724	7247	0.0101
d5178d66-7c32-4e04-9096-ec02141fb3d2	1	148986777	148986936	3	-1.1807
d5178d66-7c32-4e04-9096-ec02141fb3d2	1	148987434	152789447	1646	0.0068
d5178d66-7c32-4e04-9096-ec02141fb3d2	1	152789463	152795388	26	0.467
d5178d66-7c32-4e04-9096-ec02141fb3d2	1	152795408	174827267	14796	0.005
d5178d66-7c32-4e04-9096-ec02141fb3d2	1	174827418	174832716	17	-0.7575
d5178d66-7c32-4e04-9096-ec02141fb3d2	1	174832734	248930189	50449	0.0047
d5178d66-7c32-4e04-9096-ec02141fb3d2	2	12784	4155990	2984	0.0057
d5178d66-7c32-4e04-9096-ec02141fb3d2	2	4158097	4175577	37	-0.5583
d5178d66-7c32-4e04-9096-ec02141fb3d2	2	4175922	87286164	56154	0.0064
d5178d66-7c32-4e04-9096-ec02141fb3d2	2	87287256	87295819	3	-1.4242
d5178d66-7c32-4e04-9096-ec02141fb3d2	2	87299357	127099470	19726	0.0081
d5178d66-7c32-4e04-9096-ec02141fb3d2	2	127100187	127100370	2	-2.0457
d5178d66-7c32-4e04-9096-ec02141fb3d2	2	127101070	128880353	1027	-0.002
d5178d66-7c32-4e04-9096-ec02141fb3d2	2	128880504	128882741	16	-0.5421
d5178d66-7c32-4e04-9096-ec02141fb3d2	2	128882755	138114940	5504	0.0025
d5178d66-7c32-4e04-9096-ec02141fb3d2	2	138116018	138318272	109	0.1719
d5178d66-7c32-4e04-9096-ec02141fb3d2	2	138319183	146104517	4786	0.0086
d5178d66-7c32-4e04-9096-ec02141fb3d2	2	146106836	146109366	24	-1.6957
d5178d66-7c32-4e04-9096-ec02141fb3d2	2	146120238	207490231	36908	0.0062
d5178d66-7c32-4e04-9096-ec02141fb3d2	2	207490454	207494612	16	-3.3628
d5178d66-7c32-4e04-9096-ec02141fb3d2	2	207494752	219702258	7693	0.0017
d5178d66-7c32-4e04-9096-ec02141fb3d2	2	219702670	219702688	2	-1.6319
d5178d66-7c32-4e04-9096-ec02141fb3d2	2	219703372	242147305	14370	0.0025
d5178d66-7c32-4e04-9096-ec02141fb3d2	3	20930	175961	150	-0.0245
d5178d66-7c32-4e04-9096-ec02141fb3d2	3	176980	2780268	2257	0.0731
d5178d66-7c32-4e04-9096-ec02141fb3d2	3	2780466	23937812	15433	0.0127
d5178d66-7c32-4e04-9096-ec02141fb3d2	3	23939938	23940837	2	-3.3947
d5178d66-7c32-4e04-9096-ec02141fb3d2	3	23940839	26557397	2132	0.0232
d5178d66-7c32-4e04-9096-ec02141fb3d2	3	26559609	26570407	11	-0.5136
d5178d66-7c32-4e04-9096-ec02141fb3d2	3	26570470	54165921	16485	0.0107
d5178d66-7c32-4e04-9096-ec02141fb3d2	3	54166429	54169445	2	-1.5261
d5178d66-7c32-4e04-9096-ec02141fb3d2	3	54171709	59943125	4025	0.0084
d5178d66-7c32-4e04-9096-ec02141fb3d2	3	59944131	60950040	1161	0.0816
d5178d66-7c32-4e04-9096-ec02141fb3d2	3	60951377	65202778	3609	0.0068
d5178d66-7c32-4e04-9096-ec02141fb3d2	3	65203560	65224777	52	-0.7292
d5178d66-7c32-4e04-9096-ec02141fb3d2	3	65230674	68697013	2417	-0.0017
d5178d66-7c32-4e04-9096-ec02141fb3d2	3	68697108	68698262	14	-1.4586
d5178d66-7c32-4e04-9096-ec02141fb3d2	3	68699607	82151318	8640	0.0067
d5178d66-7c32-4e04-9096-ec02141fb3d2	3	82154394	82154869	2	-1.503
d5178d66-7c32-4e04-9096-ec02141fb3d2	3	82157386	130044855	25973	0.0069
d5178d66-7c32-4e04-9096-ec02141fb3d2	3	130047743	130087393	37	0.5967
d5178d66-7c32-4e04-9096-ec02141fb3d2	3	130088081	162795304	20243	0.0124
d5178d66-7c32-4e04-9096-ec02141fb3d2	3	162795361	162807070	9	0.8173
d5178d66-7c32-4e04-9096-ec02141fb3d2	3	162810842	162822702	10	-0.8082
d5178d66-7c32-4e04-9096-ec02141fb3d2	3	162827928	162996729	120	0.1657
d5178d66-7c32-4e04-9096-ec02141fb3d2	3	162999939	163001774	2	-3.0933
d5178d66-7c32-4e04-9096-ec02141fb3d2	3	163008371	166782486	2157	0.0288
d5178d66-7c32-4e04-9096-ec02141fb3d2	3	166785333	166786258	2	-1.4263
d5178d66-7c32-4e04-9096-ec02141fb3d2	3	166794211	169012392	1206	-0.0105
d5178d66-7c32-4e04-9096-ec02141fb3d2	3	169015614	169020840	2	-1.7553
d5178d66-7c32-4e04-9096-ec02141fb3d2	3	169022039	195663809	17211	0.0115
d5178d66-7c32-4e04-9096-ec02141fb3d2	3	195673928	195752877	45	-0.3487
d5178d66-7c32-4e04-9096-ec02141fb3d2	3	195754940	195934662	76	0.0043
d5178d66-7c32-4e04-9096-ec02141fb3d2	3	195934679	195991894	8	0.6309
d5178d66-7c32-4e04-9096-ec02141fb3d2	3	195998433	198169247	1079	0.049
d5178d66-7c32-4e04-9096-ec02141fb3d2	4	68929	9455251	5159	0.005
d5178d66-7c32-4e04-9096-ec02141fb3d2	4	9459504	9477699	6	1.6585
d5178d66-7c32-4e04-9096-ec02141fb3d2	4	9484440	34777432	17530	0.0033
d5178d66-7c32-4e04-9096-ec02141fb3d2	4	34784878	34823103	38	-0.3857
d5178d66-7c32-4e04-9096-ec02141fb3d2	4	34828250	48075312	8303	0.0038
d5178d66-7c32-4e04-9096-ec02141fb3d2	4	48075703	49654496	671	0.0734
d5178d66-7c32-4e04-9096-ec02141fb3d2	4	49654578	53703312	1108	0.0084
d5178d66-7c32-4e04-9096-ec02141fb3d2	4	53704110	53704252	2	-1.8302
d5178d66-7c32-4e04-9096-ec02141fb3d2	4	53704373	57183027	2412	0.003
d5178d66-7c32-4e04-9096-ec02141fb3d2	4	57185482	57234405	40	0.6556
d5178d66-7c32-4e04-9096-ec02141fb3d2	4	57236258	62802116	3426	0.003
d5178d66-7c32-4e04-9096-ec02141fb3d2	4	62804218	62805944	8	-0.7665
d5178d66-7c32-4e04-9096-ec02141fb3d2	4	62813912	68354665	3432	0.0111
d5178d66-7c32-4e04-9096-ec02141fb3d2	4	68361130	68395346	7	1.0855
d5178d66-7c32-4e04-9096-ec02141fb3d2	4	68416487	68422424	5	-1.1701
d5178d66-7c32-4e04-9096-ec02141fb3d2	4	68429081	68655691	80	-0.2204
d5178d66-7c32-4e04-9096-ec02141fb3d2	4	68663241	75256588	3912	0.0176
d5178d66-7c32-4e04-9096-ec02141fb3d2	4	75258049	75259597	2	-1.3487
d5178d66-7c32-4e04-9096-ec02141fb3d2	4	75264860	86055306	6881	0.0093
d5178d66-7c32-4e04-9096-ec02141fb3d2	4	86055376	86058936	17	-0.9846
d5178d66-7c32-4e04-9096-ec02141fb3d2	4	86061275	115244712	17481	0.0079
d5178d66-7c32-4e04-9096-ec02141fb3d2	4	115244948	115261448	30	-0.5317
d5178d66-7c32-4e04-9096-ec02141fb3d2	4	115261544	137017561	12460	0.0131
d5178d66-7c32-4e04-9096-ec02141fb3d2	4	137017653	137213249	160	0.1493
d5178d66-7c32-4e04-9096-ec02141fb3d2	4	137213427	143999622	4443	0.0045
d5178d66-7c32-4e04-9096-ec02141fb3d2	4	143999664	144111743	53	0.5759
d5178d66-7c32-4e04-9096-ec02141fb3d2	4	144121880	148179019	2281	-0.002
d5178d66-7c32-4e04-9096-ec02141fb3d2	4	148179101	148179782	2	-1.5476
d5178d66-7c32-4e04-9096-ec02141fb3d2	4	148181782	149342676	682	0.0213
d5178d66-7c32-4e04-9096-ec02141fb3d2	4	149351720	149352036	2	-1.315
d5178d66-7c32-4e04-9096-ec02141fb3d2	4	149362780	156380587	4364	0.0087
d5178d66-7c32-4e04-9096-ec02141fb3d2	4	156384225	156384770	12	-0.687
d5178d66-7c32-4e04-9096-ec02141fb3d2	4	156386889	171448195	9506	0.0085
d5178d66-7c32-4e04-9096-ec02141fb3d2	4	171453733	171456293	8	1.2588
d5178d66-7c32-4e04-9096-ec02141fb3d2	4	171456307	172066777	401	0.0187
d5178d66-7c32-4e04-9096-ec02141fb3d2	4	172067997	172068382	12	-1.8661
d5178d66-7c32-4e04-9096-ec02141fb3d2	4	172074828	190106768	12060	0.0216
d5178d66-7c32-4e04-9096-ec02141fb3d2	5	15532	12815668	10175	0.0049
d5178d66-7c32-4e04-9096-ec02141fb3d2	5	12815753	12826538	10	0.7283
d5178d66-7c32-4e04-9096-ec02141fb3d2	5	12833745	21376735	5458	0.0137
d5178d66-7c32-4e04-9096-ec02141fb3d2	5	21377730	21377744	2	-1.5619
d5178d66-7c32-4e04-9096-ec02141fb3d2	5	21385957	21449167	44	0.0887
d5178d66-7c32-4e04-9096-ec02141fb3d2	5	21451091	21452329	5	-2.0167
d5178d66-7c32-4e04-9096-ec02141fb3d2	5	21452387	58025819	20009	0.0059
d5178d66-7c32-4e04-9096-ec02141fb3d2	5	58030200	58037706	32	1.2277
d5178d66-7c32-4e04-9096-ec02141fb3d2	5	58042530	69550476	7292	0.0106
d5178d66-7c32-4e04-9096-ec02141fb3d2	5	69571467	69937617	7	-0.7543
d5178d66-7c32-4e04-9096-ec02141fb3d2	5	70017846	86815939	9642	0.0014
d5178d66-7c32-4e04-9096-ec02141fb3d2	5	86819561	86823329	3	-2.44
d5178d66-7c32-4e04-9096-ec02141fb3d2	5	86825812	98595136	6454	0.0055
d5178d66-7c32-4e04-9096-ec02141fb3d2	5	98597967	98599430	5	-1.4113
d5178d66-7c32-4e04-9096-ec02141fb3d2	5	98600066	99362598	430	-0.0059
d5178d66-7c32-4e04-9096-ec02141fb3d2	5	99366024	100718322	765	0.0837
d5178d66-7c32-4e04-9096-ec02141fb3d2	5	100719119	138400922	24300	0.008
d5178d66-7c32-4e04-9096-ec02141fb3d2	5	138401366	138404948	5	1.0841
d5178d66-7c32-4e04-9096-ec02141fb3d2	5	138410188	156048095	11313	0.0017
d5178d66-7c32-4e04-9096-ec02141fb3d2	5	156049762	156055719	14	-0.6617
d5178d66-7c32-4e04-9096-ec02141fb3d2	5	156068240	177800550	14785	0.0065
d5178d66-7c32-4e04-9096-ec02141fb3d2	5	177801578	177959312	23	0.3836
d5178d66-7c32-4e04-9096-ec02141fb3d2	5	177963074	177964976	4	-2.3593
d5178d66-7c32-4e04-9096-ec02141fb3d2	5	177965897	181363319	1960	0.0057
d5178d66-7c32-4e04-9096-ec02141fb3d2	6	149661	254283	101	-0.0243
d5178d66-7c32-4e04-9096-ec02141fb3d2	6	257353	381149	101	0.4644
d5178d66-7c32-4e04-9096-ec02141fb3d2	6	382559	29869295	21417	0.0076
d5178d66-7c32-4e04-9096-ec02141fb3d2	6	29869410	29933799	36	0.6872
d5178d66-7c32-4e04-9096-ec02141fb3d2	6	29940692	31313046	641	-0.0285
d5178d66-7c32-4e04-9096-ec02141fb3d2	6	31318499	31349920	14	-1.2691
d5178d66-7c32-4e04-9096-ec02141fb3d2	6	31350387	32619131	541	-0.0064
d5178d66-7c32-4e04-9096-ec02141fb3d2	6	32619680	32656814	15	-0.551
d5178d66-7c32-4e04-9096-ec02141fb3d2	6	32657318	32658841	4	1.5647
d5178d66-7c32-4e04-9096-ec02141fb3d2	6	32682835	57295386	15637	0.0011
d5178d66-7c32-4e04-9096-ec02141fb3d2	6	57295787	61043533	473	0.0843
d5178d66-7c32-4e04-9096-ec02141fb3d2	6	61045071	72153222	6871	0.0095
d5178d66-7c32-4e04-9096-ec02141fb3d2	6	72156821	72157169	2	-2.1824
d5178d66-7c32-4e04-9096-ec02141fb3d2	6	72158860	76726815	2859	0.0054
d5178d66-7c32-4e04-9096-ec02141fb3d2	6	76730151	76742665	15	-3.676
d5178d66-7c32-4e04-9096-ec02141fb3d2	6	76742675	76743040	6	-1.3623
d5178d66-7c32-4e04-9096-ec02141fb3d2	6	76751356	78253172	975	0.0168
d5178d66-7c32-4e04-9096-ec02141fb3d2	6	78259348	78325468	112	-0.4861
d5178d66-7c32-4e04-9096-ec02141fb3d2	6	78329517	93765426	9892	0.0073
d5178d66-7c32-4e04-9096-ec02141fb3d2	6	93768888	95389491	786	0.0871
d5178d66-7c32-4e04-9096-ec02141fb3d2	6	95390273	103286954	4777	0.0021
d5178d66-7c32-4e04-9096-ec02141fb3d2	6	103290101	103314186	46	0.7402
d5178d66-7c32-4e04-9096-ec02141fb3d2	6	103317795	113900791	6658	0.0073
d5178d66-7c32-4e04-9096-ec02141fb3d2	6	113903677	113903852	2	-3.0027
d5178d66-7c32-4e04-9096-ec02141fb3d2	6	113904647	124427390	6210	0.014
d5178d66-7c32-4e04-9096-ec02141fb3d2	6	124427540	124427556	2	-1.3138
d5178d66-7c32-4e04-9096-ec02141fb3d2	6	124428253	133945130	6185	0.0002
d5178d66-7c32-4e04-9096-ec02141fb3d2	6	133947933	133948494	2	-2.2191
d5178d66-7c32-4e04-9096-ec02141fb3d2	6	133950934	160135024	17462	0.0051
d5178d66-7c32-4e04-9096-ec02141fb3d2	6	160135610	160138202	3	-1.3193
d5178d66-7c32-4e04-9096-ec02141fb3d2	6	160138505	165310563	4006	0.0215
d5178d66-7c32-4e04-9096-ec02141fb3d2	6	165318037	165318439	2	-1.5974
d5178d66-7c32-4e04-9096-ec02141fb3d2	6	165321163	170741917	3593	0.0112
d5178d66-7c32-4e04-9096-ec02141fb3d2	7	43355	16935429	11623	0.0146
d5178d66-7c32-4e04-9096-ec02141fb3d2	7	16939137	19997350	2569	0.0492
d5178d66-7c32-4e04-9096-ec02141fb3d2	7	19997621	38251113	13142	0.0004
d5178d66-7c32-4e04-9096-ec02141fb3d2	7	38254500	38291618	51	0.2589
d5178d66-7c32-4e04-9096-ec02141fb3d2	7	38291739	54318812	11050	0.0068
d5178d66-7c32-4e04-9096-ec02141fb3d2	7	54318816	54318824	5	2.1718
d5178d66-7c32-4e04-9096-ec02141fb3d2	7	54325795	62589233	2082	0.0127
d5178d66-7c32-4e04-9096-ec02141fb3d2	7	62594381	63255713	241	0.5759
d5178d66-7c32-4e04-9096-ec02141fb3d2	7	63259838	66867140	1312	0.0146
d5178d66-7c32-4e04-9096-ec02141fb3d2	7	66875988	66888642	5	-1.0009
d5178d66-7c32-4e04-9096-ec02141fb3d2	7	66896421	67164253	89	0.0224
d5178d66-7c32-4e04-9096-ec02141fb3d2	7	67164342	67326128	48	-0.2246
d5178d66-7c32-4e04-9096-ec02141fb3d2	7	67327435	70850887	2279	0.005
d5178d66-7c32-4e04-9096-ec02141fb3d2	7	70856353	70899527	33	0.6705
d5178d66-7c32-4e04-9096-ec02141fb3d2	7	70900257	70955452	32	-0.0115
d5178d66-7c32-4e04-9096-ec02141fb3d2	7	70958264	70961155	2	-2.0808
d5178d66-7c32-4e04-9096-ec02141fb3d2	7	70963257	76803005	2223	0.0079
d5178d66-7c32-4e04-9096-ec02141fb3d2	7	76803016	77118694	95	0.5527
d5178d66-7c32-4e04-9096-ec02141fb3d2	7	77130464	88456052	7376	0.0053
d5178d66-7c32-4e04-9096-ec02141fb3d2	7	88456637	90566433	1401	0.0661
d5178d66-7c32-4e04-9096-ec02141fb3d2	7	90566920	134100424	25957	0.0103
d5178d66-7c32-4e04-9096-ec02141fb3d2	7	134100442	134110881	23	-2.1827
d5178d66-7c32-4e04-9096-ec02141fb3d2	7	134110912	134113790	7	-0.6155
d5178d66-7c32-4e04-9096-ec02141fb3d2	7	134113805	142069880	5188	0.009
d5178d66-7c32-4e04-9096-ec02141fb3d2	7	142069891	142090177	27	0.3678
d5178d66-7c32-4e04-9096-ec02141fb3d2	7	142090279	143733941	923	0.0335
d5178d66-7c32-4e04-9096-ec02141fb3d2	7	143773027	143877688	18	-0.4119
d5178d66-7c32-4e04-9096-ec02141fb3d2	7	143878890	144264193	273	0.011
d5178d66-7c32-4e04-9096-ec02141fb3d2	7	144295437	144343967	6	1.1719
d5178d66-7c32-4e04-9096-ec02141fb3d2	7	144352208	159334314	9640	0.012
d5178d66-7c32-4e04-9096-ec02141fb3d2	8	81254	644944	323	0.0335
d5178d66-7c32-4e04-9096-ec02141fb3d2	8	644973	645908	9	-0.9175
d5178d66-7c32-4e04-9096-ec02141fb3d2	8	656117	3926665	3016	0.0297
d5178d66-7c32-4e04-9096-ec02141fb3d2	8	3929538	3934025	27	-0.5788
d5178d66-7c32-4e04-9096-ec02141fb3d2	8	3934216	5958604	2902	0.0354
d5178d66-7c32-4e04-9096-ec02141fb3d2	8	5958953	5959147	2	-1.4785
d5178d66-7c32-4e04-9096-ec02141fb3d2	8	5959573	6975846	1347	0.027
d5178d66-7c32-4e04-9096-ec02141fb3d2	8	6980411	6982183	2	-1.4945
d5178d66-7c32-4e04-9096-ec02141fb3d2	8	6982775	7167045	83	-0.0107
d5178d66-7c32-4e04-9096-ec02141fb3d2	8	7172468	7176273	2	-1.6131
d5178d66-7c32-4e04-9096-ec02141fb3d2	8	7179297	7380497	27	0.3501
d5178d66-7c32-4e04-9096-ec02141fb3d2	8	7396819	25118055	13712	0.0116
d5178d66-7c32-4e04-9096-ec02141fb3d2	8	25118687	25126626	17	-0.751
d5178d66-7c32-4e04-9096-ec02141fb3d2	8	25126641	39373140	9003	0.0042
d5178d66-7c32-4e04-9096-ec02141fb3d2	8	39378084	39529446	59	-2.1279
d5178d66-7c32-4e04-9096-ec02141fb3d2	8	39530780	57006920	9059	0.0079
d5178d66-7c32-4e04-9096-ec02141fb3d2	8	57007337	57016644	6	-1.0938
d5178d66-7c32-4e04-9096-ec02141fb3d2	8	57025292	102040655	27377	0.0055
d5178d66-7c32-4e04-9096-ec02141fb3d2	8	102040695	102040911	3	-1.4153
d5178d66-7c32-4e04-9096-ec02141fb3d2	8	102041063	103539854	915	0.013
d5178d66-7c32-4e04-9096-ec02141fb3d2	8	103553213	103574427	12	-0.9486
d5178d66-7c32-4e04-9096-ec02141fb3d2	8	103575851	111282441	4596	0.0095
d5178d66-7c32-4e04-9096-ec02141fb3d2	8	111282809	111283031	5	-2.331
d5178d66-7c32-4e04-9096-ec02141fb3d2	8	111288052	114619814	1820	0.0039
d5178d66-7c32-4e04-9096-ec02141fb3d2	8	114622258	114629502	35	-0.5851
d5178d66-7c32-4e04-9096-ec02141fb3d2	8	114638468	145072769	21030	0.0092
d5178d66-7c32-4e04-9096-ec02141fb3d2	9	46587	42574420	31275	0.0091
d5178d66-7c32-4e04-9096-ec02141fb3d2	9	42585140	42720266	12	-0.7479
d5178d66-7c32-4e04-9096-ec02141fb3d2	9	42726239	61405110	43	-0.0023
d5178d66-7c32-4e04-9096-ec02141fb3d2	9	61520021	61629689	28	0.7044
d5178d66-7c32-4e04-9096-ec02141fb3d2	9	61633080	87907679	14374	0.0009
d5178d66-7c32-4e04-9096-ec02141fb3d2	9	87939236	87939304	2	-2.177
d5178d66-7c32-4e04-9096-ec02141fb3d2	9	87943042	91631964	2679	0.0089
d5178d66-7c32-4e04-9096-ec02141fb3d2	9	91639868	91641163	17	-0.7044
d5178d66-7c32-4e04-9096-ec02141fb3d2	9	91641263	138200944	30965	0.0056
d5178d66-7c32-4e04-9096-ec02141fb3d2	10	45792	26934974	21167	0.0038
d5178d66-7c32-4e04-9096-ec02141fb3d2	10	26936975	26939544	13	0.6351
d5178d66-7c32-4e04-9096-ec02141fb3d2	10	26941064	46836986	10516	0.0071
d5178d66-7c32-4e04-9096-ec02141fb3d2	10	46898735	46901552	2	2.4935
d5178d66-7c32-4e04-9096-ec02141fb3d2	10	46967412	50070600	1676	-0.0054
d5178d66-7c32-4e04-9096-ec02141fb3d2	10	50081224	50097459	2	-2.1541
d5178d66-7c32-4e04-9096-ec02141fb3d2	10	50107474	65546518	10986	0.0076
d5178d66-7c32-4e04-9096-ec02141fb3d2	10	65548165	65554688	28	-0.4343
d5178d66-7c32-4e04-9096-ec02141fb3d2	10	65563037	126702234	41163	0.0043
d5178d66-7c32-4e04-9096-ec02141fb3d2	10	126703202	126705478	6	-1.0476
d5178d66-7c32-4e04-9096-ec02141fb3d2	10	126705792	133654968	4999	0.0052
d5178d66-7c32-4e04-9096-ec02141fb3d2	11	198510	18919309	12652	-0.0004
d5178d66-7c32-4e04-9096-ec02141fb3d2	11	18919323	18940191	43	0.51
d5178d66-7c32-4e04-9096-ec02141fb3d2	11	18940271	21825348	2595	-0.0018
d5178d66-7c32-4e04-9096-ec02141fb3d2	11	21825960	21827206	5	-0.9
d5178d66-7c32-4e04-9096-ec02141fb3d2	11	21829111	22067940	159	0.0124
d5178d66-7c32-4e04-9096-ec02141fb3d2	11	22068070	22099699	21	-1.1152
d5178d66-7c32-4e04-9096-ec02141fb3d2	11	22103416	55595864	18944	0.0074
d5178d66-7c32-4e04-9096-ec02141fb3d2	11	55606556	55693207	61	-0.3817
d5178d66-7c32-4e04-9096-ec02141fb3d2	11	55693312	80256469	13247	0.0035
d5178d66-7c32-4e04-9096-ec02141fb3d2	11	80256504	80256520	2	-2.0937
d5178d66-7c32-4e04-9096-ec02141fb3d2	11	80256642	89754781	6585	0.0052
d5178d66-7c32-4e04-9096-ec02141fb3d2	11	89759710	89834373	12	0.8792
d5178d66-7c32-4e04-9096-ec02141fb3d2	11	89847184	135074876	32384	0.0068
d5178d66-7c32-4e04-9096-ec02141fb3d2	12	51460	11358644	7369	0.0043
d5178d66-7c32-4e04-9096-ec02141fb3d2	12	11359558	11390472	29	0.5898
d5178d66-7c32-4e04-9096-ec02141fb3d2	12	11399258	30082648	13085	0.0045
d5178d66-7c32-4e04-9096-ec02141fb3d2	12	30086334	30091000	26	-0.617
d5178d66-7c32-4e04-9096-ec02141fb3d2	12	30091017	33141726	2249	0.0015
d5178d66-7c32-4e04-9096-ec02141fb3d2	12	33148472	33154440	27	0.4505
d5178d66-7c32-4e04-9096-ec02141fb3d2	12	33155426	45506042	5578	0.0179
d5178d66-7c32-4e04-9096-ec02141fb3d2	12	45510655	45515754	4	-2.0031
d5178d66-7c32-4e04-9096-ec02141fb3d2	12	45519509	58228023	7128	0.0026
d5178d66-7c32-4e04-9096-ec02141fb3d2	12	58233093	58234054	2	-1.2782
d5178d66-7c32-4e04-9096-ec02141fb3d2	12	58234304	58327448	59	0.0378
d5178d66-7c32-4e04-9096-ec02141fb3d2	12	58336368	58336379	2	-1.2339
d5178d66-7c32-4e04-9096-ec02141fb3d2	12	58337065	63526209	3433	0.0034
d5178d66-7c32-4e04-9096-ec02141fb3d2	12	63526805	63531025	3	-1.3959
d5178d66-7c32-4e04-9096-ec02141fb3d2	12	63539183	80446147	10872	0.0012
d5178d66-7c32-4e04-9096-ec02141fb3d2	12	80446276	80456533	2	-2.2832
d5178d66-7c32-4e04-9096-ec02141fb3d2	12	80458189	90089573	5701	-0.0014
d5178d66-7c32-4e04-9096-ec02141fb3d2	12	90097892	90098297	7	-1.4576
d5178d66-7c32-4e04-9096-ec02141fb3d2	12	90099780	131636170	28596	0.0036
d5178d66-7c32-4e04-9096-ec02141fb3d2	12	131648039	131648790	13	-2.1664
d5178d66-7c32-4e04-9096-ec02141fb3d2	12	131657925	133201603	559	0.0099
d5178d66-7c32-4e04-9096-ec02141fb3d2	13	18452809	23058737	2858	0.0065
d5178d66-7c32-4e04-9096-ec02141fb3d2	13	23058767	23064056	10	-0.6993
d5178d66-7c32-4e04-9096-ec02141fb3d2	13	23064071	24465452	1126	0.0115
d5178d66-7c32-4e04-9096-ec02141fb3d2	13	24465457	24465460	2	-1.6352
d5178d66-7c32-4e04-9096-ec02141fb3d2	13	24465540	30935928	4787	0.0112
d5178d66-7c32-4e04-9096-ec02141fb3d2	13	30937518	30938267	2	-2.1073
d5178d66-7c32-4e04-9096-ec02141fb3d2	13	30938349	49946012	13161	0.0017
d5178d66-7c32-4e04-9096-ec02141fb3d2	13	49946720	51041789	674	0.0802
d5178d66-7c32-4e04-9096-ec02141fb3d2	13	51043725	57176962	3372	-0.002
d5178d66-7c32-4e04-9096-ec02141fb3d2	13	57184136	57204246	34	-0.6329
d5178d66-7c32-4e04-9096-ec02141fb3d2	13	57215580	58010656	417	0.0246
d5178d66-7c32-4e04-9096-ec02141fb3d2	13	58016147	58022896	6	-1.0803
d5178d66-7c32-4e04-9096-ec02141fb3d2	13	58027918	66598647	5173	0.0142
d5178d66-7c32-4e04-9096-ec02141fb3d2	13	66602087	66603651	2	-2.0709
d5178d66-7c32-4e04-9096-ec02141fb3d2	13	66604212	82590399	10650	0.0076
d5178d66-7c32-4e04-9096-ec02141fb3d2	13	82594832	82596543	2	-2.7869
d5178d66-7c32-4e04-9096-ec02141fb3d2	13	82598520	83213928	415	0.0005
d5178d66-7c32-4e04-9096-ec02141fb3d2	13	83213983	83218079	10	-1.1194
d5178d66-7c32-4e04-9096-ec02141fb3d2	13	83218673	114342922	21350	0.004
d5178d66-7c32-4e04-9096-ec02141fb3d2	14	18239283	19197351	40	-0.1286
d5178d66-7c32-4e04-9096-ec02141fb3d2	14	19203845	19954424	126	0.2365
d5178d66-7c32-4e04-9096-ec02141fb3d2	14	19955213	21991211	1407	0.0085
d5178d66-7c32-4e04-9096-ec02141fb3d2	14	21991283	22550865	494	0.1404
d5178d66-7c32-4e04-9096-ec02141fb3d2	14	22550878	47226309	15212	0.0036
d5178d66-7c32-4e04-9096-ec02141fb3d2	14	47226862	47248244	11	-0.7446
d5178d66-7c32-4e04-9096-ec02141fb3d2	14	47252721	105691429	37565	-0.001
d5178d66-7c32-4e04-9096-ec02141fb3d2	14	105700900	105701150	2	1.4399
d5178d66-7c32-4e04-9096-ec02141fb3d2	14	105728140	106297265	194	-0.0382
d5178d66-7c32-4e04-9096-ec02141fb3d2	14	106297268	106297273	2	-1.8508
d5178d66-7c32-4e04-9096-ec02141fb3d2	14	106297409	106877229	295	0.0679
d5178d66-7c32-4e04-9096-ec02141fb3d2	15	19811075	20372799	85	-0.0511
d5178d66-7c32-4e04-9096-ec02141fb3d2	15	20372811	22003073	94	-0.5758
d5178d66-7c32-4e04-9096-ec02141fb3d2	15	22005276	30077828	4642	0.0135
d5178d66-7c32-4e04-9096-ec02141fb3d2	15	30094208	30633402	41	-0.7002
d5178d66-7c32-4e04-9096-ec02141fb3d2	15	30638297	32567657	1073	0.0194
d5178d66-7c32-4e04-9096-ec02141fb3d2	15	32584630	32584783	2	-1.46
d5178d66-7c32-4e04-9096-ec02141fb3d2	15	32610782	76586021	27941	0.0018
d5178d66-7c32-4e04-9096-ec02141fb3d2	15	76598900	76609838	23	0.7138
d5178d66-7c32-4e04-9096-ec02141fb3d2	15	76609853	82065510	3495	0.0055
d5178d66-7c32-4e04-9096-ec02141fb3d2	15	82066365	82069784	4	-0.9069
d5178d66-7c32-4e04-9096-ec02141fb3d2	15	82071367	87210057	3119	-0.0011
d5178d66-7c32-4e04-9096-ec02141fb3d2	15	87210433	87211374	3	-1.4616
d5178d66-7c32-4e04-9096-ec02141fb3d2	15	87211395	101928837	10975	0.0053
d5178d66-7c32-4e04-9096-ec02141fb3d2	16	10777	16269368	11739	0.0043
d5178d66-7c32-4e04-9096-ec02141fb3d2	16	16419234	16563603	19	-0.553
d5178d66-7c32-4e04-9096-ec02141fb3d2	16	16569719	22408871	2992	0.0145
d5178d66-7c32-4e04-9096-ec02141fb3d2	16	22410000	22691516	77	0.2407
d5178d66-7c32-4e04-9096-ec02141fb3d2	16	22692430	55762682	12086	0.0008
d5178d66-7c32-4e04-9096-ec02141fb3d2	16	55764310	55764867	3	1.6441
d5178d66-7c32-4e04-9096-ec02141fb3d2	16	55770436	55808442	16	-0.3059
d5178d66-7c32-4e04-9096-ec02141fb3d2	16	55808470	55824881	12	0.6386
d5178d66-7c32-4e04-9096-ec02141fb3d2	16	55834527	78339440	14256	0.0012
d5178d66-7c32-4e04-9096-ec02141fb3d2	16	78339867	78351104	14	-0.5556
d5178d66-7c32-4e04-9096-ec02141fb3d2	16	78351540	90096867	10600	0.001
d5178d66-7c32-4e04-9096-ec02141fb3d2	17	150733	15134510	9664	0.0056
d5178d66-7c32-4e04-9096-ec02141fb3d2	17	15134538	15134595	2	-1.6339
d5178d66-7c32-4e04-9096-ec02141fb3d2	17	15134796	41266762	11123	0.0036
d5178d66-7c32-4e04-9096-ec02141fb3d2	17	41266774	41274198	22	0.9115
d5178d66-7c32-4e04-9096-ec02141fb3d2	17	41274279	45568527	2154	0.01
d5178d66-7c32-4e04-9096-ec02141fb3d2	17	45571138	45571174	2	-2.0429
d5178d66-7c32-4e04-9096-ec02141fb3d2	17	45577724	46136346	379	-0.001
d5178d66-7c32-4e04-9096-ec02141fb3d2	17	46136800	46267672	78	0.6105
d5178d66-7c32-4e04-9096-ec02141fb3d2	17	46273919	46351954	11	0.2629
d5178d66-7c32-4e04-9096-ec02141fb3d2	17	46446345	52889268	3579	0.0018
d5178d66-7c32-4e04-9096-ec02141fb3d2	17	52889459	53232116	213	0.1246
d5178d66-7c32-4e04-9096-ec02141fb3d2	17	53232210	53640545	275	-0.0031
d5178d66-7c32-4e04-9096-ec02141fb3d2	17	53649631	53649820	2	-2.7737
d5178d66-7c32-4e04-9096-ec02141fb3d2	17	53651183	83091923	17479	0.002
d5178d66-7c32-4e04-9096-ec02141fb3d2	18	48133	122470	13	-0.4064
d5178d66-7c32-4e04-9096-ec02141fb3d2	18	136240	28613464	15033	0.0076
d5178d66-7c32-4e04-9096-ec02141fb3d2	18	28613572	28616166	5	-1.1485
d5178d66-7c32-4e04-9096-ec02141fb3d2	18	28616668	40680516	7712	0.0019
d5178d66-7c32-4e04-9096-ec02141fb3d2	18	40680526	40688060	15	0.6772
d5178d66-7c32-4e04-9096-ec02141fb3d2	18	40689534	65776764	17235	0.0069
d5178d66-7c32-4e04-9096-ec02141fb3d2	18	65776802	66123787	299	0.1208
d5178d66-7c32-4e04-9096-ec02141fb3d2	18	66124226	69731919	2720	0.0161
d5178d66-7c32-4e04-9096-ec02141fb3d2	18	69731972	69733311	2	-1.1707
d5178d66-7c32-4e04-9096-ec02141fb3d2	18	69734893	71343961	1002	0.0115
d5178d66-7c32-4e04-9096-ec02141fb3d2	18	71349950	73834433	1995	0.0649
d5178d66-7c32-4e04-9096-ec02141fb3d2	18	73834757	75380967	1201	-0.0057
d5178d66-7c32-4e04-9096-ec02141fb3d2	18	75381532	75382006	2	-1.4712
d5178d66-7c32-4e04-9096-ec02141fb3d2	18	75382132	77169704	1411	0.0095
d5178d66-7c32-4e04-9096-ec02141fb3d2	18	77170422	77170608	2	-1.4553
d5178d66-7c32-4e04-9096-ec02141fb3d2	18	77171496	80257174	2018	0.0125
d5178d66-7c32-4e04-9096-ec02141fb3d2	19	90910	5506446	1590	-0.0008
d5178d66-7c32-4e04-9096-ec02141fb3d2	19	5506648	5510642	4	-0.8812
d5178d66-7c32-4e04-9096-ec02141fb3d2	19	5510689	12581187	3443	0.0033
d5178d66-7c32-4e04-9096-ec02141fb3d2	19	12586552	12587288	2	-1.9866
d5178d66-7c32-4e04-9096-ec02141fb3d2	19	12589709	20405326	3872	-0.0001
d5178d66-7c32-4e04-9096-ec02141fb3d2	19	20406027	20543816	83	-0.7217
d5178d66-7c32-4e04-9096-ec02141fb3d2	19	20553547	51628560	15750	0.0028
d5178d66-7c32-4e04-9096-ec02141fb3d2	19	51639099	51644944	11	-2.9114
d5178d66-7c32-4e04-9096-ec02141fb3d2	19	51651652	58586487	4332	0.0028
d5178d66-7c32-4e04-9096-ec02141fb3d2	20	80664	1576544	1184	0.0001
d5178d66-7c32-4e04-9096-ec02141fb3d2	20	1576573	1601561	56	-0.5659
d5178d66-7c32-4e04-9096-ec02141fb3d2	20	1609611	64324800	41088	0.0048
d5178d66-7c32-4e04-9096-ec02141fb3d2	21	10354168	13944135	310	0.0973
d5178d66-7c32-4e04-9096-ec02141fb3d2	21	13955114	46646499	23494	0.002
d5178d66-7c32-4e04-9096-ec02141fb3d2	21	46646577	46677045	25	0.133
d5178d66-7c32-4e04-9096-ec02141fb3d2	22	15294547	23981995	4388	0.019
d5178d66-7c32-4e04-9096-ec02141fb3d2	22	23987520	23989773	3	1.2558
d5178d66-7c32-4e04-9096-ec02141fb3d2	22	23990431	38967614	10834	-0.0001
d5178d66-7c32-4e04-9096-ec02141fb3d2	22	38967679	38993700	24	-0.7485
d5178d66-7c32-4e04-9096-ec02141fb3d2	22	38993715	50796027	8008	0.0005
d5178d66-7c32-4e04-9096-ec02141fb3d2	X	251810	25792892	15608	0.0132
d5178d66-7c32-4e04-9096-ec02141fb3d2	X	25792982	25796011	2	-4.7395
d5178d66-7c32-4e04-9096-ec02141fb3d2	X	25796479	38976153	8462	0.0171
d5178d66-7c32-4e04-9096-ec02141fb3d2	X	38976196	38976730	2	-3.5527
d5178d66-7c32-4e04-9096-ec02141fb3d2	X	38977346	70047685	12555	0.0045
d5178d66-7c32-4e04-9096-ec02141fb3d2	X	70047762	70048557	2	-4.0084
d5178d66-7c32-4e04-9096-ec02141fb3d2	X	70049389	95905999	12670	0.0142
d5178d66-7c32-4e04-9096-ec02141fb3d2	X	95909375	95909681	2	-4.9496
d5178d66-7c32-4e04-9096-ec02141fb3d2	X	95910565	109356276	7008	0.003
d5178d66-7c32-4e04-9096-ec02141fb3d2	X	109356422	109357750	3	-3.006
d5178d66-7c32-4e04-9096-ec02141fb3d2	X	109357878	124187398	8590	0.0054
d5178d66-7c32-4e04-9096-ec02141fb3d2	X	124187607	124190200	8	-2.1859
d5178d66-7c32-4e04-9096-ec02141fb3d2	X	124190570	151206147	16204	0.0117
d5178d66-7c32-4e04-9096-ec02141fb3d2	X	151210903	151214210	3	-2.5603
d5178d66-7c32-4e04-9096-ec02141fb3d2	X	151214630	155952689	2297	-0.0194
d5178d66-7c32-4e04-9096-ec02141fb3d2	Y	2782397	22159306	6342	-0.984
d5178d66-7c32-4e04-9096-ec02141fb3d2	Y	22169533	22215125	6	0.0427
d5178d66-7c32-4e04-9096-ec02141fb3d2	Y	22215723	56872112	292	-0.9922
