GDC_Aliquot	Chromosome	Start	End	Num_Probes	Segment_Mean
38729e2b-d3a8-4f59-8e58-cf7226a73f0c	1	62920	98588	12	-1.1888
38729e2b-d3a8-4f59-8e58-cf7226a73f0c	1	98602	1696979	200	0.0968
38729e2b-d3a8-4f59-8e58-cf7226a73f0c	1	1710664	1741164	14	-0.5989
38729e2b-d3a8-4f59-8e58-cf7226a73f0c	1	1756148	2569899	266	0.1004
38729e2b-d3a8-4f59-8e58-cf7226a73f0c	1	2571595	2617141	16	-0.2964
38729e2b-d3a8-4f59-8e58-cf7226a73f0c	1	2617926	3301765	230	0.1386
38729e2b-d3a8-4f59-8e58-cf7226a73f0c	1	3302046	15822508	7597	0.0259
38729e2b-d3a8-4f59-8e58-cf7226a73f0c	1	15822572	15823420	4	0.4974
38729e2b-d3a8-4f59-8e58-cf7226a73f0c	1	15827002	15827430	6	-2.1269
38729e2b-d3a8-4f59-8e58-cf7226a73f0c	1	15827706	16518437	299	0.0019
38729e2b-d3a8-4f59-8e58-cf7226a73f0c	1	16525019	16679239	33	-0.6085
38729e2b-d3a8-4f59-8e58-cf7226a73f0c	1	16679281	25256850	5341	0.0272
38729e2b-d3a8-4f59-8e58-cf7226a73f0c	1	25266637	25320455	24	0.7773
38729e2b-d3a8-4f59-8e58-cf7226a73f0c	1	25336819	72297687	28737	0.021
38729e2b-d3a8-4f59-8e58-cf7226a73f0c	1	72302735	72346221	49	-1.317
38729e2b-d3a8-4f59-8e58-cf7226a73f0c	1	72346757	108187137	22904	0.0075
38729e2b-d3a8-4f59-8e58-cf7226a73f0c	1	108191613	108192255	2	-4.3212
38729e2b-d3a8-4f59-8e58-cf7226a73f0c	1	108194874	109684893	696	0.0118
38729e2b-d3a8-4f59-8e58-cf7226a73f0c	1	109690352	109707614	18	-0.4721
38729e2b-d3a8-4f59-8e58-cf7226a73f0c	1	109707950	112147704	1943	0.0237
38729e2b-d3a8-4f59-8e58-cf7226a73f0c	1	112153343	112154768	25	-1.752
38729e2b-d3a8-4f59-8e58-cf7226a73f0c	1	112163334	152582700	7603	0.0218
38729e2b-d3a8-4f59-8e58-cf7226a73f0c	1	152583051	152614118	36	1.2848
38729e2b-d3a8-4f59-8e58-cf7226a73f0c	1	152618018	152787202	167	0.0202
38729e2b-d3a8-4f59-8e58-cf7226a73f0c	1	152789447	152796224	37	0.6479
38729e2b-d3a8-4f59-8e58-cf7226a73f0c	1	152801429	157508748	2493	0.0195
38729e2b-d3a8-4f59-8e58-cf7226a73f0c	1	157512664	157513157	2	-1.359
38729e2b-d3a8-4f59-8e58-cf7226a73f0c	1	157513483	158896783	1118	0.018
38729e2b-d3a8-4f59-8e58-cf7226a73f0c	1	158898711	158905028	3	-1.2885
38729e2b-d3a8-4f59-8e58-cf7226a73f0c	1	158905261	169247699	7668	0.0214
38729e2b-d3a8-4f59-8e58-cf7226a73f0c	1	169264736	169273163	8	-0.7609
38729e2b-d3a8-4f59-8e58-cf7226a73f0c	1	169285639	189679027	13435	0.0171
38729e2b-d3a8-4f59-8e58-cf7226a73f0c	1	189679353	189679397	2	-2.079
38729e2b-d3a8-4f59-8e58-cf7226a73f0c	1	189682917	190017263	300	0.0085
38729e2b-d3a8-4f59-8e58-cf7226a73f0c	1	190017280	190017296	2	-1.5952
38729e2b-d3a8-4f59-8e58-cf7226a73f0c	1	190021937	196745743	4437	0.0035
38729e2b-d3a8-4f59-8e58-cf7226a73f0c	1	196758720	196762956	4	-2.6165
38729e2b-d3a8-4f59-8e58-cf7226a73f0c	1	196769493	196788990	31	0.2925
38729e2b-d3a8-4f59-8e58-cf7226a73f0c	1	196789019	196847600	27	-0.289
38729e2b-d3a8-4f59-8e58-cf7226a73f0c	1	196854187	196936029	62	-1.0236
38729e2b-d3a8-4f59-8e58-cf7226a73f0c	1	196940515	199138574	1312	0.0188
38729e2b-d3a8-4f59-8e58-cf7226a73f0c	1	199142235	199145110	10	-0.923
38729e2b-d3a8-4f59-8e58-cf7226a73f0c	1	199145262	209897717	7404	0.0208
38729e2b-d3a8-4f59-8e58-cf7226a73f0c	1	209908268	209913207	4	1.1075
38729e2b-d3a8-4f59-8e58-cf7226a73f0c	1	209920149	222193326	8608	0.015
38729e2b-d3a8-4f59-8e58-cf7226a73f0c	1	222201492	222203662	2	-2.8366
38729e2b-d3a8-4f59-8e58-cf7226a73f0c	1	222208792	238586809	11250	0.0246
38729e2b-d3a8-4f59-8e58-cf7226a73f0c	1	238588320	238588637	5	-1.0127
38729e2b-d3a8-4f59-8e58-cf7226a73f0c	1	238589096	248930189	7163	0.0143
38729e2b-d3a8-4f59-8e58-cf7226a73f0c	2	12784	3652039	2532	0.0343
38729e2b-d3a8-4f59-8e58-cf7226a73f0c	2	3653074	3655143	4	-1.0666
38729e2b-d3a8-4f59-8e58-cf7226a73f0c	2	3655451	4158097	449	0.0353
38729e2b-d3a8-4f59-8e58-cf7226a73f0c	2	4166274	4175113	35	-0.7946
38729e2b-d3a8-4f59-8e58-cf7226a73f0c	2	4175577	52527330	34117	0.0111
38729e2b-d3a8-4f59-8e58-cf7226a73f0c	2	52527342	52554384	38	0.8621
38729e2b-d3a8-4f59-8e58-cf7226a73f0c	2	52554404	86710564	21920	0.0134
38729e2b-d3a8-4f59-8e58-cf7226a73f0c	2	86725947	86726731	2	-2.5313
38729e2b-d3a8-4f59-8e58-cf7226a73f0c	2	86743283	107593539	8358	0.0128
38729e2b-d3a8-4f59-8e58-cf7226a73f0c	2	107598144	107614360	8	-0.7874
38729e2b-d3a8-4f59-8e58-cf7226a73f0c	2	107614628	146104517	22974	0.0133
38729e2b-d3a8-4f59-8e58-cf7226a73f0c	2	146106836	146109366	24	0.7555
38729e2b-d3a8-4f59-8e58-cf7226a73f0c	2	146120238	154033296	4885	0.0113
38729e2b-d3a8-4f59-8e58-cf7226a73f0c	2	154039462	154039969	2	-2.2761
38729e2b-d3a8-4f59-8e58-cf7226a73f0c	2	154043710	197727776	26187	0.0075
38729e2b-d3a8-4f59-8e58-cf7226a73f0c	2	197734501	197736006	4	-1.4391
38729e2b-d3a8-4f59-8e58-cf7226a73f0c	2	197741923	206705079	5360	0.0093
38729e2b-d3a8-4f59-8e58-cf7226a73f0c	2	206705398	206709843	2	-1.7438
38729e2b-d3a8-4f59-8e58-cf7226a73f0c	2	206710220	242147305	22624	0.0147
38729e2b-d3a8-4f59-8e58-cf7226a73f0c	3	20930	1358735	1159	-0.0082
38729e2b-d3a8-4f59-8e58-cf7226a73f0c	3	1359438	1359832	2	-1.6072
38729e2b-d3a8-4f59-8e58-cf7226a73f0c	3	1359857	5840699	3965	0.0128
38729e2b-d3a8-4f59-8e58-cf7226a73f0c	3	5841339	5845961	2	-1.6992
38729e2b-d3a8-4f59-8e58-cf7226a73f0c	3	5846834	6450181	582	0.0078
38729e2b-d3a8-4f59-8e58-cf7226a73f0c	3	6450509	6454860	4	-1.3598
38729e2b-d3a8-4f59-8e58-cf7226a73f0c	3	6456746	22237484	11064	0.0202
38729e2b-d3a8-4f59-8e58-cf7226a73f0c	3	22238833	22242339	2	-1.7825
38729e2b-d3a8-4f59-8e58-cf7226a73f0c	3	22245048	68697013	31005	0.016
38729e2b-d3a8-4f59-8e58-cf7226a73f0c	3	68697108	68698262	14	-1.0813
38729e2b-d3a8-4f59-8e58-cf7226a73f0c	3	68699607	75519398	4929	0.0136
38729e2b-d3a8-4f59-8e58-cf7226a73f0c	3	75523398	75537654	5	-2.4317
38729e2b-d3a8-4f59-8e58-cf7226a73f0c	3	75546030	89622183	7864	0.0102
38729e2b-d3a8-4f59-8e58-cf7226a73f0c	3	89622197	89624990	7	-0.9394
38729e2b-d3a8-4f59-8e58-cf7226a73f0c	3	89629449	96561690	1660	0.0178
38729e2b-d3a8-4f59-8e58-cf7226a73f0c	3	96566239	96568968	3	-1.3933
38729e2b-d3a8-4f59-8e58-cf7226a73f0c	3	96569563	96585044	7	0.0691
38729e2b-d3a8-4f59-8e58-cf7226a73f0c	3	96588814	96599211	9	-1.0455
38729e2b-d3a8-4f59-8e58-cf7226a73f0c	3	96600080	98180575	832	0.0241
38729e2b-d3a8-4f59-8e58-cf7226a73f0c	3	98189826	98195973	4	1.0997
38729e2b-d3a8-4f59-8e58-cf7226a73f0c	3	98197104	99218940	592	0.0084
38729e2b-d3a8-4f59-8e58-cf7226a73f0c	3	99225614	99230464	36	-0.5682
38729e2b-d3a8-4f59-8e58-cf7226a73f0c	3	99230470	130044016	18714	0.0151
38729e2b-d3a8-4f59-8e58-cf7226a73f0c	3	130044855	130087393	38	0.6733
38729e2b-d3a8-4f59-8e58-cf7226a73f0c	3	130088081	162794951	20276	0.0187
38729e2b-d3a8-4f59-8e58-cf7226a73f0c	3	162795304	162803835	9	-2.6967
38729e2b-d3a8-4f59-8e58-cf7226a73f0c	3	162807070	162908207	59	-1.24
38729e2b-d3a8-4f59-8e58-cf7226a73f0c	3	162908784	169012392	3442	-0.0083
38729e2b-d3a8-4f59-8e58-cf7226a73f0c	3	169015614	169020840	2	-2.2155
38729e2b-d3a8-4f59-8e58-cf7226a73f0c	3	169022039	193160256	15726	0.0151
38729e2b-d3a8-4f59-8e58-cf7226a73f0c	3	193160406	193165114	17	-1.0976
38729e2b-d3a8-4f59-8e58-cf7226a73f0c	3	193168646	195691392	1490	0.0199
38729e2b-d3a8-4f59-8e58-cf7226a73f0c	3	195695418	195747892	38	-0.5925
38729e2b-d3a8-4f59-8e58-cf7226a73f0c	3	195751823	198169247	1166	0.0196
38729e2b-d3a8-4f59-8e58-cf7226a73f0c	4	68929	3597723	1439	0.0229
38729e2b-d3a8-4f59-8e58-cf7226a73f0c	4	3598142	3600457	2	-2.6106
38729e2b-d3a8-4f59-8e58-cf7226a73f0c	4	3607663	5308576	1085	0.0362
38729e2b-d3a8-4f59-8e58-cf7226a73f0c	4	5308694	5319207	6	-0.6324
38729e2b-d3a8-4f59-8e58-cf7226a73f0c	4	5321568	6419679	983	0.0369
38729e2b-d3a8-4f59-8e58-cf7226a73f0c	4	6420624	6421825	7	-1.1089
38729e2b-d3a8-4f59-8e58-cf7226a73f0c	4	6422300	9455251	1633	0.0286
38729e2b-d3a8-4f59-8e58-cf7226a73f0c	4	9459504	9477699	6	-0.9385
38729e2b-d3a8-4f59-8e58-cf7226a73f0c	4	9484440	10208766	540	0.0444
38729e2b-d3a8-4f59-8e58-cf7226a73f0c	4	10212536	10233644	36	1.2155
38729e2b-d3a8-4f59-8e58-cf7226a73f0c	4	10234518	23561480	9751	0.0165
38729e2b-d3a8-4f59-8e58-cf7226a73f0c	4	23564130	23564402	2	-1.504
38729e2b-d3a8-4f59-8e58-cf7226a73f0c	4	23564677	34777382	7216	0.0146
38729e2b-d3a8-4f59-8e58-cf7226a73f0c	4	34777403	34837370	50	-0.4576
38729e2b-d3a8-4f59-8e58-cf7226a73f0c	4	34839673	160958989	75206	0.014
38729e2b-d3a8-4f59-8e58-cf7226a73f0c	4	160959045	160963448	17	-0.9952
38729e2b-d3a8-4f59-8e58-cf7226a73f0c	4	160963756	171448195	6667	0.0074
38729e2b-d3a8-4f59-8e58-cf7226a73f0c	4	171453733	171456559	10	-0.6928
38729e2b-d3a8-4f59-8e58-cf7226a73f0c	4	171456573	172066706	398	0.0259
38729e2b-d3a8-4f59-8e58-cf7226a73f0c	4	172066777	172068382	13	0.7489
38729e2b-d3a8-4f59-8e58-cf7226a73f0c	4	172074828	188300104	10929	0.0155
38729e2b-d3a8-4f59-8e58-cf7226a73f0c	4	188300206	188300221	2	-2.269
38729e2b-d3a8-4f59-8e58-cf7226a73f0c	4	188300270	189267889	789	0.0287
38729e2b-d3a8-4f59-8e58-cf7226a73f0c	4	189273964	189274508	3	-2.6279
38729e2b-d3a8-4f59-8e58-cf7226a73f0c	4	189278110	190013781	342	0.0129
38729e2b-d3a8-4f59-8e58-cf7226a73f0c	4	190030808	190106768	8	0.5953
38729e2b-d3a8-4f59-8e58-cf7226a73f0c	5	15532	1987556	1002	0.0812
38729e2b-d3a8-4f59-8e58-cf7226a73f0c	5	1992172	26408197	17605	0.0172
38729e2b-d3a8-4f59-8e58-cf7226a73f0c	5	26408266	26789372	248	0.0625
38729e2b-d3a8-4f59-8e58-cf7226a73f0c	5	26789387	26797735	3	-1.4441
38729e2b-d3a8-4f59-8e58-cf7226a73f0c	5	26803775	28681971	1046	0.0265
38729e2b-d3a8-4f59-8e58-cf7226a73f0c	5	28682408	28693962	11	-0.5419
38729e2b-d3a8-4f59-8e58-cf7226a73f0c	5	28694040	43762072	9751	0.0206
38729e2b-d3a8-4f59-8e58-cf7226a73f0c	5	43765313	43765631	2	-2.2954
38729e2b-d3a8-4f59-8e58-cf7226a73f0c	5	43775442	69550476	13421	0.0139
38729e2b-d3a8-4f59-8e58-cf7226a73f0c	5	69571467	69822308	5	-1.1821
38729e2b-d3a8-4f59-8e58-cf7226a73f0c	5	69937600	80348869	5877	0.0201
38729e2b-d3a8-4f59-8e58-cf7226a73f0c	5	80350100	80350567	4	-1.4595
38729e2b-d3a8-4f59-8e58-cf7226a73f0c	5	80355812	112863168	19217	0.0082
38729e2b-d3a8-4f59-8e58-cf7226a73f0c	5	112869199	112874647	3	-1.2488
38729e2b-d3a8-4f59-8e58-cf7226a73f0c	5	112874718	161098577	31366	0.0196
38729e2b-d3a8-4f59-8e58-cf7226a73f0c	5	161104455	161108267	5	-1.0337
38729e2b-d3a8-4f59-8e58-cf7226a73f0c	5	161110018	176033084	10601	0.0228
38729e2b-d3a8-4f59-8e58-cf7226a73f0c	5	176038686	176042504	2	-2.4802
38729e2b-d3a8-4f59-8e58-cf7226a73f0c	5	176043321	181363319	2712	0.0283
38729e2b-d3a8-4f59-8e58-cf7226a73f0c	6	149661	254283	101	0.0544
38729e2b-d3a8-4f59-8e58-cf7226a73f0c	6	257353	320872	30	-0.6504
38729e2b-d3a8-4f59-8e58-cf7226a73f0c	6	322696	354489	39	-0.3304
38729e2b-d3a8-4f59-8e58-cf7226a73f0c	6	355191	29869411	21490	0.0155
38729e2b-d3a8-4f59-8e58-cf7226a73f0c	6	29869537	29881490	14	-1.0051
38729e2b-d3a8-4f59-8e58-cf7226a73f0c	6	29882419	29928644	14	0.0947
38729e2b-d3a8-4f59-8e58-cf7226a73f0c	6	29931120	29933799	5	0.8477
38729e2b-d3a8-4f59-8e58-cf7226a73f0c	6	29940692	29950810	15	0.0062
38729e2b-d3a8-4f59-8e58-cf7226a73f0c	6	29953297	29969327	6	0.7359
38729e2b-d3a8-4f59-8e58-cf7226a73f0c	6	29969485	31313046	621	0.0277
38729e2b-d3a8-4f59-8e58-cf7226a73f0c	6	31318499	31328674	11	1.1491
38729e2b-d3a8-4f59-8e58-cf7226a73f0c	6	31342147	32533522	516	0.0358
38729e2b-d3a8-4f59-8e58-cf7226a73f0c	6	32540699	32689659	50	-0.456
38729e2b-d3a8-4f59-8e58-cf7226a73f0c	6	32689904	32722250	41	0.0307
38729e2b-d3a8-4f59-8e58-cf7226a73f0c	6	32723020	32723035	2	2.6609
38729e2b-d3a8-4f59-8e58-cf7226a73f0c	6	32723053	73882142	24056	0.014
38729e2b-d3a8-4f59-8e58-cf7226a73f0c	6	73882509	73891694	10	0.861
38729e2b-d3a8-4f59-8e58-cf7226a73f0c	6	73893839	80568270	4312	0.0093
38729e2b-d3a8-4f59-8e58-cf7226a73f0c	6	80574472	80584624	34	-1.066
38729e2b-d3a8-4f59-8e58-cf7226a73f0c	6	80584682	103286954	14015	0.0095
38729e2b-d3a8-4f59-8e58-cf7226a73f0c	6	103290101	103314186	46	-1.5393
38729e2b-d3a8-4f59-8e58-cf7226a73f0c	6	103317795	113363227	6289	0.014
38729e2b-d3a8-4f59-8e58-cf7226a73f0c	6	113363584	113364279	3	-1.3693
38729e2b-d3a8-4f59-8e58-cf7226a73f0c	6	113367735	114874292	955	0.0287
38729e2b-d3a8-4f59-8e58-cf7226a73f0c	6	114881368	114881626	4	-0.9737
38729e2b-d3a8-4f59-8e58-cf7226a73f0c	6	114885112	137645446	14442	0.0133
38729e2b-d3a8-4f59-8e58-cf7226a73f0c	6	137646605	137648814	5	-0.918
38729e2b-d3a8-4f59-8e58-cf7226a73f0c	6	137649880	170741917	22477	0.0189
38729e2b-d3a8-4f59-8e58-cf7226a73f0c	7	43355	9078523	5361	0.0247
38729e2b-d3a8-4f59-8e58-cf7226a73f0c	7	9080366	9080820	2	-1.8469
38729e2b-d3a8-4f59-8e58-cf7226a73f0c	7	9081227	26092670	13462	0.0089
38729e2b-d3a8-4f59-8e58-cf7226a73f0c	7	26102772	26105793	4	-3.1476
38729e2b-d3a8-4f59-8e58-cf7226a73f0c	7	26107599	56693807	21220	0.0167
38729e2b-d3a8-4f59-8e58-cf7226a73f0c	7	56694420	56701121	3	-2.6317
38729e2b-d3a8-4f59-8e58-cf7226a73f0c	7	56704473	97756658	20261	0.0152
38729e2b-d3a8-4f59-8e58-cf7226a73f0c	7	97766148	97774928	17	-0.9926
38729e2b-d3a8-4f59-8e58-cf7226a73f0c	7	97774965	111420728	7725	0.0144
38729e2b-d3a8-4f59-8e58-cf7226a73f0c	7	111420729	111426603	7	-0.9496
38729e2b-d3a8-4f59-8e58-cf7226a73f0c	7	111429358	112896685	896	0.0201
38729e2b-d3a8-4f59-8e58-cf7226a73f0c	7	112901283	112906871	6	-0.9862
38729e2b-d3a8-4f59-8e58-cf7226a73f0c	7	112910211	126404920	8033	0.0153
38729e2b-d3a8-4f59-8e58-cf7226a73f0c	7	126405428	126406561	12	-0.9405
38729e2b-d3a8-4f59-8e58-cf7226a73f0c	7	126406822	159334314	20825	0.0204
38729e2b-d3a8-4f59-8e58-cf7226a73f0c	8	81254	4145783	3711	0.0336
38729e2b-d3a8-4f59-8e58-cf7226a73f0c	8	4145941	4145956	2	-2.9742
38729e2b-d3a8-4f59-8e58-cf7226a73f0c	8	4146039	4308211	352	-0.0002
38729e2b-d3a8-4f59-8e58-cf7226a73f0c	8	4308501	4308516	3	-1.4598
38729e2b-d3a8-4f59-8e58-cf7226a73f0c	8	4308545	5736745	1931	0.007
38729e2b-d3a8-4f59-8e58-cf7226a73f0c	8	5741204	5749566	28	-0.7596
38729e2b-d3a8-4f59-8e58-cf7226a73f0c	8	5749634	145072769	89474	0.0178
38729e2b-d3a8-4f59-8e58-cf7226a73f0c	9	46587	5077997	5238	0.0176
38729e2b-d3a8-4f59-8e58-cf7226a73f0c	9	5078059	5081766	15	-0.5471
38729e2b-d3a8-4f59-8e58-cf7226a73f0c	9	5081852	23366284	15176	0.0062
38729e2b-d3a8-4f59-8e58-cf7226a73f0c	9	23367171	23373486	5	0.9084
38729e2b-d3a8-4f59-8e58-cf7226a73f0c	9	23378490	24503818	796	0.0009
38729e2b-d3a8-4f59-8e58-cf7226a73f0c	9	24504127	24517684	19	-1.1165
38729e2b-d3a8-4f59-8e58-cf7226a73f0c	9	24519686	33055812	6361	0.0071
38729e2b-d3a8-4f59-8e58-cf7226a73f0c	9	33056301	33056380	2	-1.707
38729e2b-d3a8-4f59-8e58-cf7226a73f0c	9	33060515	39313823	3544	0.023
38729e2b-d3a8-4f59-8e58-cf7226a73f0c	9	39337296	39342828	3	-1.1773
38729e2b-d3a8-4f59-8e58-cf7226a73f0c	9	39455364	39481878	14	-0.0244
38729e2b-d3a8-4f59-8e58-cf7226a73f0c	9	39483251	39827488	15	0.6444
38729e2b-d3a8-4f59-8e58-cf7226a73f0c	9	39833357	42124490	112	-0.0218
38729e2b-d3a8-4f59-8e58-cf7226a73f0c	9	42138778	42574420	28	-0.5706
38729e2b-d3a8-4f59-8e58-cf7226a73f0c	9	42585140	63623788	137	0.4307
38729e2b-d3a8-4f59-8e58-cf7226a73f0c	9	63632478	103804216	24927	0.0186
38729e2b-d3a8-4f59-8e58-cf7226a73f0c	9	103806415	103807009	2	-4.3523
38729e2b-d3a8-4f59-8e58-cf7226a73f0c	9	103808421	138138491	23102	0.018
38729e2b-d3a8-4f59-8e58-cf7226a73f0c	9	138138696	138200944	11	0.8436
38729e2b-d3a8-4f59-8e58-cf7226a73f0c	10	45792	87725	13	0.6243
38729e2b-d3a8-4f59-8e58-cf7226a73f0c	10	89716	1400969	809	0.045
38729e2b-d3a8-4f59-8e58-cf7226a73f0c	10	1400985	1400985	2	-1.4167
38729e2b-d3a8-4f59-8e58-cf7226a73f0c	10	1401020	2030221	640	0.0378
38729e2b-d3a8-4f59-8e58-cf7226a73f0c	10	2030387	2030559	3	-1.3889
38729e2b-d3a8-4f59-8e58-cf7226a73f0c	10	2031213	30957581	22765	0.0173
38729e2b-d3a8-4f59-8e58-cf7226a73f0c	10	30962405	30962809	10	-0.8078
38729e2b-d3a8-4f59-8e58-cf7226a73f0c	10	30962850	46532940	7457	0.0195
38729e2b-d3a8-4f59-8e58-cf7226a73f0c	10	46538819	46560525	20	-0.4331
38729e2b-d3a8-4f59-8e58-cf7226a73f0c	10	46606240	46632302	5	-4.4407
38729e2b-d3a8-4f59-8e58-cf7226a73f0c	10	46657149	48079560	312	0.0068
38729e2b-d3a8-4f59-8e58-cf7226a73f0c	10	48084420	48154966	7	-1.1221
38729e2b-d3a8-4f59-8e58-cf7226a73f0c	10	48173568	76493093	19197	0.013
38729e2b-d3a8-4f59-8e58-cf7226a73f0c	10	76497303	76497852	2	1.6167
38729e2b-d3a8-4f59-8e58-cf7226a73f0c	10	76501509	79491575	2434	0.0284
38729e2b-d3a8-4f59-8e58-cf7226a73f0c	10	79523511	79533859	2	-1.4199
38729e2b-d3a8-4f59-8e58-cf7226a73f0c	10	79576939	79663484	12	0.1938
38729e2b-d3a8-4f59-8e58-cf7226a73f0c	10	79663623	79779354	13	-0.5515
38729e2b-d3a8-4f59-8e58-cf7226a73f0c	10	79799558	89197802	6588	0.0222
38729e2b-d3a8-4f59-8e58-cf7226a73f0c	10	89197818	89197944	5	-1.437
38729e2b-d3a8-4f59-8e58-cf7226a73f0c	10	89198861	133654968	30380	0.0184
38729e2b-d3a8-4f59-8e58-cf7226a73f0c	11	198510	6086560	3504	0.021
38729e2b-d3a8-4f59-8e58-cf7226a73f0c	11	6087039	6100864	8	-1.1452
38729e2b-d3a8-4f59-8e58-cf7226a73f0c	11	6101273	31371747	18285	0.0152
38729e2b-d3a8-4f59-8e58-cf7226a73f0c	11	31372721	31375533	2	-2.4278
38729e2b-d3a8-4f59-8e58-cf7226a73f0c	11	31376660	42937561	8217	0.0125
38729e2b-d3a8-4f59-8e58-cf7226a73f0c	11	42940281	42955081	8	0.8267
38729e2b-d3a8-4f59-8e58-cf7226a73f0c	11	42955811	55608804	4461	0.0158
38729e2b-d3a8-4f59-8e58-cf7226a73f0c	11	55609022	55671856	38	-0.454
38729e2b-d3a8-4f59-8e58-cf7226a73f0c	11	55672514	133936499	51464	0.0163
38729e2b-d3a8-4f59-8e58-cf7226a73f0c	11	133939066	134731897	564	0.1019
38729e2b-d3a8-4f59-8e58-cf7226a73f0c	11	134732386	134734098	3	-1.2086
38729e2b-d3a8-4f59-8e58-cf7226a73f0c	11	134737977	135074876	281	0.0468
38729e2b-d3a8-4f59-8e58-cf7226a73f0c	12	51460	8204911	5538	0.0275
38729e2b-d3a8-4f59-8e58-cf7226a73f0c	12	8209454	8220161	9	0.9011
38729e2b-d3a8-4f59-8e58-cf7226a73f0c	12	8241232	9477960	627	0.0449
38729e2b-d3a8-4f59-8e58-cf7226a73f0c	12	9481274	9575696	24	1.2119
38729e2b-d3a8-4f59-8e58-cf7226a73f0c	12	9582373	11066824	1037	0.0002
38729e2b-d3a8-4f59-8e58-cf7226a73f0c	12	11068125	11088933	10	0.912
38729e2b-d3a8-4f59-8e58-cf7226a73f0c	12	11099275	11350579	127	0.012
38729e2b-d3a8-4f59-8e58-cf7226a73f0c	12	11350939	11390472	35	0.6492
38729e2b-d3a8-4f59-8e58-cf7226a73f0c	12	11399258	23791264	8422	0.0099
38729e2b-d3a8-4f59-8e58-cf7226a73f0c	12	23792798	23793270	3	-1.1683
38729e2b-d3a8-4f59-8e58-cf7226a73f0c	12	23801764	27493059	2773	0.0062
38729e2b-d3a8-4f59-8e58-cf7226a73f0c	12	27494808	27498429	28	-0.8523
38729e2b-d3a8-4f59-8e58-cf7226a73f0c	12	27504228	55081308	15238	0.0119
38729e2b-d3a8-4f59-8e58-cf7226a73f0c	12	55088108	55095837	8	-0.8995
38729e2b-d3a8-4f59-8e58-cf7226a73f0c	12	55104752	127829496	47057	0.013
38729e2b-d3a8-4f59-8e58-cf7226a73f0c	12	127831642	127831650	2	-2.2938
38729e2b-d3a8-4f59-8e58-cf7226a73f0c	12	127834419	131636170	3339	0.0452
38729e2b-d3a8-4f59-8e58-cf7226a73f0c	12	131648039	131648790	13	-2.0168
38729e2b-d3a8-4f59-8e58-cf7226a73f0c	12	131657925	133201603	559	0.0612
38729e2b-d3a8-4f59-8e58-cf7226a73f0c	13	18452809	23058539	2856	0.0174
38729e2b-d3a8-4f59-8e58-cf7226a73f0c	13	23058721	23059376	11	-0.7651
38729e2b-d3a8-4f59-8e58-cf7226a73f0c	13	23064056	37496998	10617	0.017
38729e2b-d3a8-4f59-8e58-cf7226a73f0c	13	37497899	37510620	16	-2.3148
38729e2b-d3a8-4f59-8e58-cf7226a73f0c	13	37514193	62979513	15973	0.0087
38729e2b-d3a8-4f59-8e58-cf7226a73f0c	13	62979918	62979930	2	-1.6014
38729e2b-d3a8-4f59-8e58-cf7226a73f0c	13	62982658	71902850	5575	0.0043
38729e2b-d3a8-4f59-8e58-cf7226a73f0c	13	71903417	71906418	4	-3.2182
38729e2b-d3a8-4f59-8e58-cf7226a73f0c	13	71906467	114342922	29104	0.0167
38729e2b-d3a8-4f59-8e58-cf7226a73f0c	14	18239283	18693043	25	-0.0486
38729e2b-d3a8-4f59-8e58-cf7226a73f0c	14	18950560	19951100	138	-0.3246
38729e2b-d3a8-4f59-8e58-cf7226a73f0c	14	19951992	21905161	1310	0.0112
38729e2b-d3a8-4f59-8e58-cf7226a73f0c	14	21906219	22279877	375	-0.0973
38729e2b-d3a8-4f59-8e58-cf7226a73f0c	14	22281463	85985567	40670	0.0149
38729e2b-d3a8-4f59-8e58-cf7226a73f0c	14	85994282	86022097	38	-1.2011
38729e2b-d3a8-4f59-8e58-cf7226a73f0c	14	86023867	106877229	12858	0.024
38729e2b-d3a8-4f59-8e58-cf7226a73f0c	15	19811075	20011702	45	-0.0196
38729e2b-d3a8-4f59-8e58-cf7226a73f0c	15	20026653	20988347	110	0.6252
38729e2b-d3a8-4f59-8e58-cf7226a73f0c	15	21005443	21266108	13	1.3481
38729e2b-d3a8-4f59-8e58-cf7226a73f0c	15	21266481	22294951	34	0.4104
38729e2b-d3a8-4f59-8e58-cf7226a73f0c	15	22296480	22584747	12	-0.2826
38729e2b-d3a8-4f59-8e58-cf7226a73f0c	15	22590285	30488460	4643	0.0329
38729e2b-d3a8-4f59-8e58-cf7226a73f0c	15	30500366	30608675	5	0.9446
38729e2b-d3a8-4f59-8e58-cf7226a73f0c	15	30621384	39295103	6031	0.0212
38729e2b-d3a8-4f59-8e58-cf7226a73f0c	15	39296025	39296989	2	-1.33
38729e2b-d3a8-4f59-8e58-cf7226a73f0c	15	39297045	44931456	2818	0.028
38729e2b-d3a8-4f59-8e58-cf7226a73f0c	15	44933059	44942249	6	-0.8644
38729e2b-d3a8-4f59-8e58-cf7226a73f0c	15	44942884	63635355	12769	0.0155
38729e2b-d3a8-4f59-8e58-cf7226a73f0c	15	63636027	63639415	2	-1.5583
38729e2b-d3a8-4f59-8e58-cf7226a73f0c	15	63642657	76599170	7431	0.0234
38729e2b-d3a8-4f59-8e58-cf7226a73f0c	15	76599286	76603433	19	-2.0164
38729e2b-d3a8-4f59-8e58-cf7226a73f0c	15	76603434	101928837	17609	0.0241
38729e2b-d3a8-4f59-8e58-cf7226a73f0c	16	10777	90096867	51862	0.0251
38729e2b-d3a8-4f59-8e58-cf7226a73f0c	17	150733	3069352	1480	0.0366
38729e2b-d3a8-4f59-8e58-cf7226a73f0c	17	3071251	3071954	2	-1.6579
38729e2b-d3a8-4f59-8e58-cf7226a73f0c	17	3074893	4471289	878	0.0204
38729e2b-d3a8-4f59-8e58-cf7226a73f0c	17	4471794	4471807	2	-1.4846
38729e2b-d3a8-4f59-8e58-cf7226a73f0c	17	4472278	16838201	8124	0.0193
38729e2b-d3a8-4f59-8e58-cf7226a73f0c	17	16838214	16853833	3	1.1527
38729e2b-d3a8-4f59-8e58-cf7226a73f0c	17	16866487	18463896	910	0.0019
38729e2b-d3a8-4f59-8e58-cf7226a73f0c	17	18466439	18477080	5	1.2115
38729e2b-d3a8-4f59-8e58-cf7226a73f0c	17	18478497	36109315	6850	0.0275
38729e2b-d3a8-4f59-8e58-cf7226a73f0c	17	36109735	36466570	41	0.4818
38729e2b-d3a8-4f59-8e58-cf7226a73f0c	17	36466633	46092761	5050	0.0256
38729e2b-d3a8-4f59-8e58-cf7226a73f0c	17	46099618	46351954	119	-0.1661
38729e2b-d3a8-4f59-8e58-cf7226a73f0c	17	46446345	46446360	2	2.3442
38729e2b-d3a8-4f59-8e58-cf7226a73f0c	17	46569894	56081683	5804	0.0184
38729e2b-d3a8-4f59-8e58-cf7226a73f0c	17	56083553	56095462	26	-0.8072
38729e2b-d3a8-4f59-8e58-cf7226a73f0c	17	56095886	83091923	15740	0.0232
38729e2b-d3a8-4f59-8e58-cf7226a73f0c	18	48133	40678763	22777	0.0192
38729e2b-d3a8-4f59-8e58-cf7226a73f0c	18	40680456	40685425	19	-1.8091
38729e2b-d3a8-4f59-8e58-cf7226a73f0c	18	40688060	42471713	1215	0.0115
38729e2b-d3a8-4f59-8e58-cf7226a73f0c	18	42476604	42478430	26	-0.6736
38729e2b-d3a8-4f59-8e58-cf7226a73f0c	18	42480972	53677765	7669	0.0156
38729e2b-d3a8-4f59-8e58-cf7226a73f0c	18	53680839	53681706	3	-1.4792
38729e2b-d3a8-4f59-8e58-cf7226a73f0c	18	53683207	66099904	8640	0.0136
38729e2b-d3a8-4f59-8e58-cf7226a73f0c	18	66100052	66100686	2	-2.7195
38729e2b-d3a8-4f59-8e58-cf7226a73f0c	18	66108359	69076108	2167	0.0025
38729e2b-d3a8-4f59-8e58-cf7226a73f0c	18	69078869	69090917	44	-0.9094
38729e2b-d3a8-4f59-8e58-cf7226a73f0c	18	69090932	80257174	8170	0.0193
38729e2b-d3a8-4f59-8e58-cf7226a73f0c	19	90910	35358407	16698	0.0175
38729e2b-d3a8-4f59-8e58-cf7226a73f0c	19	35358420	35375842	23	-0.4664
38729e2b-d3a8-4f59-8e58-cf7226a73f0c	19	35375884	43209225	3869	0.021
38729e2b-d3a8-4f59-8e58-cf7226a73f0c	19	43209582	43252085	16	-1.0915
38729e2b-d3a8-4f59-8e58-cf7226a73f0c	19	43262507	55770704	6652	0.0263
38729e2b-d3a8-4f59-8e58-cf7226a73f0c	19	55771003	55771663	2	-1.7957
38729e2b-d3a8-4f59-8e58-cf7226a73f0c	19	55771701	58586487	1840	0.0214
38729e2b-d3a8-4f59-8e58-cf7226a73f0c	20	80664	1580156	1201	0.0341
38729e2b-d3a8-4f59-8e58-cf7226a73f0c	20	1580276	1609611	40	0.9826
38729e2b-d3a8-4f59-8e58-cf7226a73f0c	20	1609809	64324800	41145	0.0238
38729e2b-d3a8-4f59-8e58-cf7226a73f0c	21	10354168	13463727	235	-0.0163
38729e2b-d3a8-4f59-8e58-cf7226a73f0c	21	13466231	13803967	39	-0.3328
38729e2b-d3a8-4f59-8e58-cf7226a73f0c	21	13812646	46677045	23589	0.0158
38729e2b-d3a8-4f59-8e58-cf7226a73f0c	22	15294547	17014661	299	0.0244
38729e2b-d3a8-4f59-8e58-cf7226a73f0c	22	17018144	17018618	2	1.9219
38729e2b-d3a8-4f59-8e58-cf7226a73f0c	22	17019000	18094572	762	0.0136
38729e2b-d3a8-4f59-8e58-cf7226a73f0c	22	18098866	24009046	3344	0.076
38729e2b-d3a8-4f59-8e58-cf7226a73f0c	22	24009061	33777419	7235	0.0307
38729e2b-d3a8-4f59-8e58-cf7226a73f0c	22	33778960	33778986	3	-2.4268
38729e2b-d3a8-4f59-8e58-cf7226a73f0c	22	33778998	38899250	3548	0.027
38729e2b-d3a8-4f59-8e58-cf7226a73f0c	22	38900535	38900899	2	1.317
38729e2b-d3a8-4f59-8e58-cf7226a73f0c	22	38903109	38967614	39	0.1247
38729e2b-d3a8-4f59-8e58-cf7226a73f0c	22	38967679	38979302	23	-0.6377
38729e2b-d3a8-4f59-8e58-cf7226a73f0c	22	38993700	48872888	6779	0.0239
38729e2b-d3a8-4f59-8e58-cf7226a73f0c	22	48874111	48874730	2	-1.8931
38729e2b-d3a8-4f59-8e58-cf7226a73f0c	22	48877479	50796027	1233	0.083
38729e2b-d3a8-4f59-8e58-cf7226a73f0c	X	251810	24091338	14634	0.0135
38729e2b-d3a8-4f59-8e58-cf7226a73f0c	X	24094307	24098320	5	-1.1596
38729e2b-d3a8-4f59-8e58-cf7226a73f0c	X	24108067	32965828	5841	0.0185
38729e2b-d3a8-4f59-8e58-cf7226a73f0c	X	32969337	32969498	2	-2.0499
38729e2b-d3a8-4f59-8e58-cf7226a73f0c	X	32970141	48001197	8508	0.0084
38729e2b-d3a8-4f59-8e58-cf7226a73f0c	X	48020763	48128795	77	0.7209
38729e2b-d3a8-4f59-8e58-cf7226a73f0c	X	48141867	104003417	24712	0.0176
38729e2b-d3a8-4f59-8e58-cf7226a73f0c	X	104004609	104050792	57	0.6372
38729e2b-d3a8-4f59-8e58-cf7226a73f0c	X	104083894	149717115	26604	0.0166
38729e2b-d3a8-4f59-8e58-cf7226a73f0c	X	149717203	149803773	16	0.5404
38729e2b-d3a8-4f59-8e58-cf7226a73f0c	X	149804895	155952689	3199	0.0294
38729e2b-d3a8-4f59-8e58-cf7226a73f0c	Y	2782397	6076562	719	-2.7691
38729e2b-d3a8-4f59-8e58-cf7226a73f0c	Y	6080059	13478396	2545	-3.112
38729e2b-d3a8-4f59-8e58-cf7226a73f0c	Y	13478462	13482643	3	-7.6945
38729e2b-d3a8-4f59-8e58-cf7226a73f0c	Y	13483009	23014812	3172	-3.1426
38729e2b-d3a8-4f59-8e58-cf7226a73f0c	Y	23029591	56872112	199	-2.8281
