GDC_Aliquot	Chromosome	Start	End	Num_Probes	Segment_Mean
91249a4c-811d-49cb-afba-643d073ce5d0	1	62920	1905488	315	0.0003
91249a4c-811d-49cb-afba-643d073ce5d0	1	1915175	3305906	432	-0.0905
91249a4c-811d-49cb-afba-643d073ce5d0	1	3306063	10428498	4495	-0.0066
91249a4c-811d-49cb-afba-643d073ce5d0	1	10436285	10463352	14	0.4538
91249a4c-811d-49cb-afba-643d073ce5d0	1	10464058	20556710	6041	0.0053
91249a4c-811d-49cb-afba-643d073ce5d0	1	20556929	20557323	4	-0.8932
91249a4c-811d-49cb-afba-643d073ce5d0	1	20558448	25248216	2713	0.0097
91249a4c-811d-49cb-afba-643d073ce5d0	1	25256138	25320455	29	0.3634
91249a4c-811d-49cb-afba-643d073ce5d0	1	25336819	49068050	13198	0.0071
91249a4c-811d-49cb-afba-643d073ce5d0	1	49073039	49199968	59	-0.7571
91249a4c-811d-49cb-afba-643d073ce5d0	1	49200925	49934370	280	0.0015
91249a4c-811d-49cb-afba-643d073ce5d0	1	49942995	50190401	134	0.5392
91249a4c-811d-49cb-afba-643d073ce5d0	1	50195466	56905460	4128	-0.0021
91249a4c-811d-49cb-afba-643d073ce5d0	1	56906790	57946845	918	-0.0606
91249a4c-811d-49cb-afba-643d073ce5d0	1	57947136	72303233	10008	-0.0028
91249a4c-811d-49cb-afba-643d073ce5d0	1	72303253	72345450	44	-1.3401
91249a4c-811d-49cb-afba-643d073ce5d0	1	72345465	79467566	4456	-0.0103
91249a4c-811d-49cb-afba-643d073ce5d0	1	79469490	82796831	2298	-0.0568
91249a4c-811d-49cb-afba-643d073ce5d0	1	82799222	105476583	14186	-0.0022
91249a4c-811d-49cb-afba-643d073ce5d0	1	105476614	105479753	16	-1.7473
91249a4c-811d-49cb-afba-643d073ce5d0	1	105481433	108202633	1949	-0.0485
91249a4c-811d-49cb-afba-643d073ce5d0	1	108203051	112147626	2644	0.0085
91249a4c-811d-49cb-afba-643d073ce5d0	1	112147704	112154591	23	-0.3522
91249a4c-811d-49cb-afba-643d073ce5d0	1	112154619	152787202	7805	0.0053
91249a4c-811d-49cb-afba-643d073ce5d0	1	152789447	152801429	38	-0.3441
91249a4c-811d-49cb-afba-643d073ce5d0	1	152804279	156416995	1866	0.0134
91249a4c-811d-49cb-afba-643d073ce5d0	1	156417375	158555845	1442	-0.0195
91249a4c-811d-49cb-afba-643d073ce5d0	1	158556794	158557581	2	-1.2482
91249a4c-811d-49cb-afba-643d073ce5d0	1	158557734	158989785	364	-0.0225
91249a4c-811d-49cb-afba-643d073ce5d0	1	158992249	158993006	2	-1.3802
91249a4c-811d-49cb-afba-643d073ce5d0	1	158997074	174828195	11123	-0.005
91249a4c-811d-49cb-afba-643d073ce5d0	1	174828247	174828310	2	1.297
91249a4c-811d-49cb-afba-643d073ce5d0	1	174828367	182803558	5443	-0.0142
91249a4c-811d-49cb-afba-643d073ce5d0	1	182806749	187578898	3103	0.0321
91249a4c-811d-49cb-afba-643d073ce5d0	1	187579401	190967617	2282	-0.0142
91249a4c-811d-49cb-afba-643d073ce5d0	1	190971123	193187149	1417	0.0348
91249a4c-811d-49cb-afba-643d073ce5d0	1	193187187	193187202	2	0.9584
91249a4c-811d-49cb-afba-643d073ce5d0	1	193187218	194886270	1162	0.0197
91249a4c-811d-49cb-afba-643d073ce5d0	1	194890653	196772186	1248	-0.0244
91249a4c-811d-49cb-afba-643d073ce5d0	1	196772237	196846661	46	-0.4109
91249a4c-811d-49cb-afba-643d073ce5d0	1	196847600	215980728	12916	0.0009
91249a4c-811d-49cb-afba-643d073ce5d0	1	215981001	225194764	6260	-0.0185
91249a4c-811d-49cb-afba-643d073ce5d0	1	225194777	236139434	7436	0.0149
91249a4c-811d-49cb-afba-643d073ce5d0	1	236144590	240967666	3876	-0.05
91249a4c-811d-49cb-afba-643d073ce5d0	1	240968001	248572774	5128	0.0004
91249a4c-811d-49cb-afba-643d073ce5d0	1	248574146	248662519	39	0.3009
91249a4c-811d-49cb-afba-643d073ce5d0	1	248664935	248930189	135	-0.0227
91249a4c-811d-49cb-afba-643d073ce5d0	2	12784	2947512	2044	-0.0703
91249a4c-811d-49cb-afba-643d073ce5d0	2	2948015	7499242	3878	-0.0076
91249a4c-811d-49cb-afba-643d073ce5d0	2	7502934	7506841	2	1.3417
91249a4c-811d-49cb-afba-643d073ce5d0	2	7506876	12163947	3372	0.0123
91249a4c-811d-49cb-afba-643d073ce5d0	2	12163964	12164104	2	-1.1792
91249a4c-811d-49cb-afba-643d073ce5d0	2	12164172	28678186	10793	0.0003
91249a4c-811d-49cb-afba-643d073ce5d0	2	28679163	28680862	2	-1.1739
91249a4c-811d-49cb-afba-643d073ce5d0	2	28681058	33804490	3432	-0.0004
91249a4c-811d-49cb-afba-643d073ce5d0	2	33804760	34466002	552	-0.0519
91249a4c-811d-49cb-afba-643d073ce5d0	2	34474248	34511990	46	-0.6729
91249a4c-811d-49cb-afba-643d073ce5d0	2	34512096	34512965	3	1.2052
91249a4c-811d-49cb-afba-643d073ce5d0	2	34515572	47751907	9772	-0.007
91249a4c-811d-49cb-afba-643d073ce5d0	2	47754957	52514599	3227	-0.0397
91249a4c-811d-49cb-afba-643d073ce5d0	2	52516787	52554404	41	-0.3276
91249a4c-811d-49cb-afba-643d073ce5d0	2	52560811	52691462	105	-0.037
91249a4c-811d-49cb-afba-643d073ce5d0	2	52691536	76542237	15388	0.0033
91249a4c-811d-49cb-afba-643d073ce5d0	2	76542331	83273880	4427	-0.0517
91249a4c-811d-49cb-afba-643d073ce5d0	2	83274345	87286164	2122	0.0029
91249a4c-811d-49cb-afba-643d073ce5d0	2	87287256	87295819	3	-1.131
91249a4c-811d-49cb-afba-643d073ce5d0	2	87299357	106263639	7372	-0.019
91249a4c-811d-49cb-afba-643d073ce5d0	2	106264257	106268901	11	-1.9669
91249a4c-811d-49cb-afba-643d073ce5d0	2	106270799	111686555	2708	-0.0081
91249a4c-811d-49cb-afba-643d073ce5d0	2	111686882	111689789	3	-1.5265
91249a4c-811d-49cb-afba-643d073ce5d0	2	111693810	113875845	1208	0.0176
91249a4c-811d-49cb-afba-643d073ce5d0	2	113881028	121721047	4885	-0.0375
91249a4c-811d-49cb-afba-643d073ce5d0	2	121721563	121722033	4	-1.3558
91249a4c-811d-49cb-afba-643d073ce5d0	2	121724566	127094445	3538	-0.0485
91249a4c-811d-49cb-afba-643d073ce5d0	2	127099470	127100370	3	1.418
91249a4c-811d-49cb-afba-643d073ce5d0	2	127101070	146383779	11630	-0.0256
91249a4c-811d-49cb-afba-643d073ce5d0	2	146391474	146405624	8	-0.9539
91249a4c-811d-49cb-afba-643d073ce5d0	2	146413289	148650541	1114	-0.0186
91249a4c-811d-49cb-afba-643d073ce5d0	2	148650670	163780342	9296	-0.0018
91249a4c-811d-49cb-afba-643d073ce5d0	2	163786978	163788616	5	-1.1097
91249a4c-811d-49cb-afba-643d073ce5d0	2	163790132	167202409	1963	-0.0066
91249a4c-811d-49cb-afba-643d073ce5d0	2	167202525	170206018	1996	0.0386
91249a4c-811d-49cb-afba-643d073ce5d0	2	170206686	181273860	7125	-0.0009
91249a4c-811d-49cb-afba-643d073ce5d0	2	181274381	181274781	3	-1.3926
91249a4c-811d-49cb-afba-643d073ce5d0	2	181277946	186190715	2912	-0.0016
91249a4c-811d-49cb-afba-643d073ce5d0	2	186193553	186236724	32	-0.9142
91249a4c-811d-49cb-afba-643d073ce5d0	2	186240151	209112676	13347	0.0053
91249a4c-811d-49cb-afba-643d073ce5d0	2	209116953	214324230	3304	-0.0336
91249a4c-811d-49cb-afba-643d073ce5d0	2	214324784	215974208	1101	-0.0008
91249a4c-811d-49cb-afba-643d073ce5d0	2	215974718	215975117	3	-1.0545
91249a4c-811d-49cb-afba-643d073ce5d0	2	215975730	226477322	6897	-0.005
91249a4c-811d-49cb-afba-643d073ce5d0	2	226478072	226481352	5	-1.3173
91249a4c-811d-49cb-afba-643d073ce5d0	2	226483083	238781124	7940	-0.0105
91249a4c-811d-49cb-afba-643d073ce5d0	2	238793738	240516906	1123	-0.0662
91249a4c-811d-49cb-afba-643d073ce5d0	2	240516948	242147305	686	0.0027
91249a4c-811d-49cb-afba-643d073ce5d0	3	20930	7845106	6937	-0.0503
91249a4c-811d-49cb-afba-643d073ce5d0	3	7846958	16197556	5945	0.0046
91249a4c-811d-49cb-afba-643d073ce5d0	3	16199049	16199672	6	-2.4208
91249a4c-811d-49cb-afba-643d073ce5d0	3	16199818	23937812	4961	-0.0293
91249a4c-811d-49cb-afba-643d073ce5d0	3	23939938	23940837	2	-2.6143
91249a4c-811d-49cb-afba-643d073ce5d0	3	23940839	29391608	4057	-0.0259
91249a4c-811d-49cb-afba-643d073ce5d0	3	29395914	29397082	6	-0.9741
91249a4c-811d-49cb-afba-643d073ce5d0	3	29397969	45410165	10324	-0.0165
91249a4c-811d-49cb-afba-643d073ce5d0	3	45411086	53675824	3902	0.014
91249a4c-811d-49cb-afba-643d073ce5d0	3	53675854	56116750	1951	-0.0455
91249a4c-811d-49cb-afba-643d073ce5d0	3	56117615	59318652	1775	0.0173
91249a4c-811d-49cb-afba-643d073ce5d0	3	59319021	60413439	1203	-0.0408
91249a4c-811d-49cb-afba-643d073ce5d0	3	60413589	60460579	54	-0.2487
91249a4c-811d-49cb-afba-643d073ce5d0	3	60462858	68682877	6621	-0.0225
91249a4c-811d-49cb-afba-643d073ce5d0	3	68697013	68698262	15	1.1301
91249a4c-811d-49cb-afba-643d073ce5d0	3	68699607	72089196	2568	0.0108
91249a4c-811d-49cb-afba-643d073ce5d0	3	72091205	74447964	1783	-0.0367
91249a4c-811d-49cb-afba-643d073ce5d0	3	74449670	74449909	2	-1.3178
91249a4c-811d-49cb-afba-643d073ce5d0	3	74449911	75519398	574	-0.0415
91249a4c-811d-49cb-afba-643d073ce5d0	3	75523398	75547095	8	0.6386
91249a4c-811d-49cb-afba-643d073ce5d0	3	75559488	89337951	7681	-0.0392
91249a4c-811d-49cb-afba-643d073ce5d0	3	89345442	89370231	51	-0.6547
91249a4c-811d-49cb-afba-643d073ce5d0	3	89370771	111758927	10758	-0.0187
91249a4c-811d-49cb-afba-643d073ce5d0	3	111759418	114387684	1643	0.0239
91249a4c-811d-49cb-afba-643d073ce5d0	3	114388001	118787536	2967	-0.0505
91249a4c-811d-49cb-afba-643d073ce5d0	3	118788006	125838406	4169	0.0024
91249a4c-811d-49cb-afba-643d073ce5d0	3	125839327	125839342	2	-1.3034
91249a4c-811d-49cb-afba-643d073ce5d0	3	125840832	126002171	87	0.0113
91249a4c-811d-49cb-afba-643d073ce5d0	3	126002199	126004234	14	-0.467
91249a4c-811d-49cb-afba-643d073ce5d0	3	126004340	128680378	1697	-0.0101
91249a4c-811d-49cb-afba-643d073ce5d0	3	128686328	128693488	7	0.5738
91249a4c-811d-49cb-afba-643d073ce5d0	3	128695318	130044855	622	-0.0151
91249a4c-811d-49cb-afba-643d073ce5d0	3	130047743	130087393	37	-1.5738
91249a4c-811d-49cb-afba-643d073ce5d0	3	130088081	140559887	6534	-0.0139
91249a4c-811d-49cb-afba-643d073ce5d0	3	140560039	140560160	3	-1.0609
91249a4c-811d-49cb-afba-643d073ce5d0	3	140563242	158632329	11107	-0.0066
91249a4c-811d-49cb-afba-643d073ce5d0	3	158633095	158633756	2	-2.4248
91249a4c-811d-49cb-afba-643d073ce5d0	3	158641083	161797809	1926	-0.0037
91249a4c-811d-49cb-afba-643d073ce5d0	3	161797839	161797861	2	1.1251
91249a4c-811d-49cb-afba-643d073ce5d0	3	161798156	162794951	677	-0.0076
91249a4c-811d-49cb-afba-643d073ce5d0	3	162795304	162815162	14	0.5414
91249a4c-811d-49cb-afba-643d073ce5d0	3	162816942	162827928	7	1.7245
91249a4c-811d-49cb-afba-643d073ce5d0	3	162828441	162908207	47	0.4367
91249a4c-811d-49cb-afba-643d073ce5d0	3	162908784	194913859	20332	-0.0025
91249a4c-811d-49cb-afba-643d073ce5d0	3	194920587	194921116	5	-0.8765
91249a4c-811d-49cb-afba-643d073ce5d0	3	194921751	198169247	1527	0.0069
91249a4c-811d-49cb-afba-643d073ce5d0	4	68929	10390730	5911	-0.0188
91249a4c-811d-49cb-afba-643d073ce5d0	4	10391530	10399044	15	-2.1536
91249a4c-811d-49cb-afba-643d073ce5d0	4	10401094	14999323	3668	-0.0439
91249a4c-811d-49cb-afba-643d073ce5d0	4	15011468	18146911	2257	-0.002
91249a4c-811d-49cb-afba-643d073ce5d0	4	18149212	21370946	2095	-0.036
91249a4c-811d-49cb-afba-643d073ce5d0	4	21370961	21371022	3	-0.9115
91249a4c-811d-49cb-afba-643d073ce5d0	4	21375114	22801838	1053	-0.0468
91249a4c-811d-49cb-afba-643d073ce5d0	4	22801875	27610197	3275	0.02
91249a4c-811d-49cb-afba-643d073ce5d0	4	27610456	28831166	797	-0.0333
91249a4c-811d-49cb-afba-643d073ce5d0	4	28832015	28836059	6	-0.7533
91249a4c-811d-49cb-afba-643d073ce5d0	4	28836080	32538160	2379	-0.0608
91249a4c-811d-49cb-afba-643d073ce5d0	4	32542409	32542776	3	-1.475
91249a4c-811d-49cb-afba-643d073ce5d0	4	32544799	34777432	1245	-0.0517
91249a4c-811d-49cb-afba-643d073ce5d0	4	34784878	34823103	38	0.4548
91249a4c-811d-49cb-afba-643d073ce5d0	4	34828250	36175295	886	-0.0338
91249a4c-811d-49cb-afba-643d073ce5d0	4	36178814	41576939	3593	0.012
91249a4c-811d-49cb-afba-643d073ce5d0	4	41578506	41579283	2	1.2536
91249a4c-811d-49cb-afba-643d073ce5d0	4	41579533	41736716	127	0.0093
91249a4c-811d-49cb-afba-643d073ce5d0	4	41738358	49214614	4351	-0.0263
91249a4c-811d-49cb-afba-643d073ce5d0	4	49289175	49289338	2	-1.6084
91249a4c-811d-49cb-afba-643d073ce5d0	4	49295203	58521604	4502	-0.0216
91249a4c-811d-49cb-afba-643d073ce5d0	4	58522055	62565096	2386	-0.0667
91249a4c-811d-49cb-afba-643d073ce5d0	4	62565320	68378716	3562	-0.0226
91249a4c-811d-49cb-afba-643d073ce5d0	4	68389352	68422424	10	-0.7806
91249a4c-811d-49cb-afba-643d073ce5d0	4	68429081	68478894	9	0.0849
91249a4c-811d-49cb-afba-643d073ce5d0	4	68494770	68623617	68	-1.2448
91249a4c-811d-49cb-afba-643d073ce5d0	4	68639397	76370923	4623	-0.003
91249a4c-811d-49cb-afba-643d073ce5d0	4	76371123	76371213	2	-1.8744
91249a4c-811d-49cb-afba-643d073ce5d0	4	76371648	84596611	5237	-0.0023
91249a4c-811d-49cb-afba-643d073ce5d0	4	84599490	84599554	2	-1.4993
91249a4c-811d-49cb-afba-643d073ce5d0	4	84601638	87579577	1785	-0.0102
91249a4c-811d-49cb-afba-643d073ce5d0	4	87581517	87845856	256	0.0489
91249a4c-811d-49cb-afba-643d073ce5d0	4	87848780	87849248	8	0.596
91249a4c-811d-49cb-afba-643d073ce5d0	4	87849407	92244699	2621	0.0345
91249a4c-811d-49cb-afba-643d073ce5d0	4	92246286	96859699	2811	-0.0021
91249a4c-811d-49cb-afba-643d073ce5d0	4	96875499	96905642	35	0.5545
91249a4c-811d-49cb-afba-643d073ce5d0	4	96908814	103294549	3627	-0.0084
91249a4c-811d-49cb-afba-643d073ce5d0	4	103296943	103296944	2	1.2494
91249a4c-811d-49cb-afba-643d073ce5d0	4	103296945	103830474	367	0.0177
91249a4c-811d-49cb-afba-643d073ce5d0	4	103830477	103830480	3	1.1341
91249a4c-811d-49cb-afba-643d073ce5d0	4	103830487	105265974	803	-0.0078
91249a4c-811d-49cb-afba-643d073ce5d0	4	105269778	106389021	633	0.0688
91249a4c-811d-49cb-afba-643d073ce5d0	4	106389087	114252544	4858	-0.007
91249a4c-811d-49cb-afba-643d073ce5d0	4	114254167	114263166	28	0.5361
91249a4c-811d-49cb-afba-643d073ce5d0	4	114263224	123838281	5667	-0.0039
91249a4c-811d-49cb-afba-643d073ce5d0	4	123838465	125123517	804	0.0612
91249a4c-811d-49cb-afba-643d073ce5d0	4	125124061	129141596	2237	-0.0066
91249a4c-811d-49cb-afba-643d073ce5d0	4	129146391	129147005	2	-2.3715
91249a4c-811d-49cb-afba-643d073ce5d0	4	129151408	129579368	299	0.0063
91249a4c-811d-49cb-afba-643d073ce5d0	4	129581573	129581941	7	-0.7352
91249a4c-811d-49cb-afba-643d073ce5d0	4	129582270	132901652	1874	-0.0412
91249a4c-811d-49cb-afba-643d073ce5d0	4	132902901	132902954	3	-1.6125
91249a4c-811d-49cb-afba-643d073ce5d0	4	132902987	134053313	608	-0.0381
91249a4c-811d-49cb-afba-643d073ce5d0	4	134053854	134054558	3	-1.0454
91249a4c-811d-49cb-afba-643d073ce5d0	4	134054959	137171085	1715	-0.0441
91249a4c-811d-49cb-afba-643d073ce5d0	4	137171266	137172260	13	-2.0644
91249a4c-811d-49cb-afba-643d073ce5d0	4	137173804	172066777	21781	-0.0139
91249a4c-811d-49cb-afba-643d073ce5d0	4	172067997	172079670	16	0.6949
91249a4c-811d-49cb-afba-643d073ce5d0	4	172080680	176226654	2361	-0.0169
91249a4c-811d-49cb-afba-643d073ce5d0	4	176226892	176227610	3	-3.2781
91249a4c-811d-49cb-afba-643d073ce5d0	4	176230158	179172552	1999	-0.0406
91249a4c-811d-49cb-afba-643d073ce5d0	4	179176834	179177184	2	-1.98
91249a4c-811d-49cb-afba-643d073ce5d0	4	179180768	181253778	1551	-0.0685
91249a4c-811d-49cb-afba-643d073ce5d0	4	181255388	187984224	4794	0.0016
91249a4c-811d-49cb-afba-643d073ce5d0	4	187984449	188300104	201	-0.0712
91249a4c-811d-49cb-afba-643d073ce5d0	4	188300206	188300221	2	-1.1899
91249a4c-811d-49cb-afba-643d073ce5d0	4	188300270	188583950	285	-0.0594
91249a4c-811d-49cb-afba-643d073ce5d0	4	188584300	188584651	2	-2.5997
91249a4c-811d-49cb-afba-643d073ce5d0	4	188584766	190106768	857	-0.0937
91249a4c-811d-49cb-afba-643d073ce5d0	5	15532	6216838	4899	-0.0689
91249a4c-811d-49cb-afba-643d073ce5d0	5	6217369	12800777	5276	-0.0385
91249a4c-811d-49cb-afba-643d073ce5d0	5	12815668	12838421	14	0.4802
91249a4c-811d-49cb-afba-643d073ce5d0	5	12849089	17342373	3063	-0.0244
91249a4c-811d-49cb-afba-643d073ce5d0	5	17344127	17356130	8	-1.1166
91249a4c-811d-49cb-afba-643d073ce5d0	5	17358160	30423350	7693	-0.0497
91249a4c-811d-49cb-afba-643d073ce5d0	5	30430860	30456249	19	-0.7343
91249a4c-811d-49cb-afba-643d073ce5d0	5	30457784	58025819	14748	-0.0181
91249a4c-811d-49cb-afba-643d073ce5d0	5	58030200	58037089	28	1.4608
91249a4c-811d-49cb-afba-643d073ce5d0	5	58037128	69550476	7298	0.004
91249a4c-811d-49cb-afba-643d073ce5d0	5	69571467	69822308	5	-0.9108
91249a4c-811d-49cb-afba-643d073ce5d0	5	69937600	81151618	6362	-0.0056
91249a4c-811d-49cb-afba-643d073ce5d0	5	81151807	81158615	2	-1.3263
91249a4c-811d-49cb-afba-643d073ce5d0	5	81158954	85622529	2637	-0.0165
91249a4c-811d-49cb-afba-643d073ce5d0	5	85623594	85651459	5	-0.9939
91249a4c-811d-49cb-afba-643d073ce5d0	5	85663984	102650052	9474	-0.0116
91249a4c-811d-49cb-afba-643d073ce5d0	5	102651482	103148622	257	0.1004
91249a4c-811d-49cb-afba-643d073ce5d0	5	103148695	105100642	1239	0.016
91249a4c-811d-49cb-afba-643d073ce5d0	5	105100928	105100942	2	1.6221
91249a4c-811d-49cb-afba-643d073ce5d0	5	105101012	108046777	1888	0.001
91249a4c-811d-49cb-afba-643d073ce5d0	5	108049431	127277185	13046	-0.0207
91249a4c-811d-49cb-afba-643d073ce5d0	5	127278893	140838745	7810	0.0029
91249a4c-811d-49cb-afba-643d073ce5d0	5	140839137	140864171	14	-0.5834
91249a4c-811d-49cb-afba-643d073ce5d0	5	140872578	159589259	12629	-0.0179
91249a4c-811d-49cb-afba-643d073ce5d0	5	159590391	159598384	3	1.1525
91249a4c-811d-49cb-afba-643d073ce5d0	5	159598709	170373675	7614	-0.0315
91249a4c-811d-49cb-afba-643d073ce5d0	5	170380100	172050699	1093	0.0285
91249a4c-811d-49cb-afba-643d073ce5d0	5	172050735	175946505	2936	-0.0287
91249a4c-811d-49cb-afba-643d073ce5d0	5	175960543	175966609	3	1.1996
91249a4c-811d-49cb-afba-643d073ce5d0	5	175966747	178676685	1184	-0.0227
91249a4c-811d-49cb-afba-643d073ce5d0	5	178680689	178686162	5	-0.6797
91249a4c-811d-49cb-afba-643d073ce5d0	5	178691854	180947523	1346	-0.0034
91249a4c-811d-49cb-afba-643d073ce5d0	5	180951710	181015400	22	-0.4727
91249a4c-811d-49cb-afba-643d073ce5d0	5	181015441	181363319	167	-0.0075
91249a4c-811d-49cb-afba-643d073ce5d0	6	149661	279695	114	-0.0425
91249a4c-811d-49cb-afba-643d073ce5d0	6	280399	381149	87	-0.3402
91249a4c-811d-49cb-afba-643d073ce5d0	6	382559	2124765	1471	0.0153
91249a4c-811d-49cb-afba-643d073ce5d0	6	2124943	2141999	15	-0.9228
91249a4c-811d-49cb-afba-643d073ce5d0	6	2148286	6774884	3843	-0.0025
91249a4c-811d-49cb-afba-643d073ce5d0	6	6776132	17010519	7801	-0.0337
91249a4c-811d-49cb-afba-643d073ce5d0	6	17011099	24946443	5706	-0.0052
91249a4c-811d-49cb-afba-643d073ce5d0	6	24947544	24947577	2	1.2303
91249a4c-811d-49cb-afba-643d073ce5d0	6	24950971	29869410	2603	0.0002
91249a4c-811d-49cb-afba-643d073ce5d0	6	29869411	29882419	16	-1.0564
91249a4c-811d-49cb-afba-643d073ce5d0	6	29882497	31313046	661	0.029
91249a4c-811d-49cb-afba-643d073ce5d0	6	31318499	31328674	11	-0.9045
91249a4c-811d-49cb-afba-643d073ce5d0	6	31342147	32614112	542	0.0435
91249a4c-811d-49cb-afba-643d073ce5d0	6	32614426	32634330	9	-0.8665
91249a4c-811d-49cb-afba-643d073ce5d0	6	32634492	54066286	13699	-0.0099
91249a4c-811d-49cb-afba-643d073ce5d0	6	54066353	54067057	7	-1.2127
91249a4c-811d-49cb-afba-643d073ce5d0	6	54070550	54843011	506	0.0143
91249a4c-811d-49cb-afba-643d073ce5d0	6	54844566	54868713	23	-1.0693
91249a4c-811d-49cb-afba-643d073ce5d0	6	54869230	66328153	4836	-0.0224
91249a4c-811d-49cb-afba-643d073ce5d0	6	66331020	66333299	7	-0.8899
91249a4c-811d-49cb-afba-643d073ce5d0	6	66333342	66971937	530	-0.0516
91249a4c-811d-49cb-afba-643d073ce5d0	6	66973914	66974166	5	-1.3815
91249a4c-811d-49cb-afba-643d073ce5d0	6	66974605	72731738	3740	-0.0324
91249a4c-811d-49cb-afba-643d073ce5d0	6	72733656	76778010	2567	0.0127
91249a4c-811d-49cb-afba-643d073ce5d0	6	76779352	78253172	940	-0.0437
91249a4c-811d-49cb-afba-643d073ce5d0	6	78259348	78325468	111	-2.1181
91249a4c-811d-49cb-afba-643d073ce5d0	6	78329517	80575487	1437	-0.0292
91249a4c-811d-49cb-afba-643d073ce5d0	6	80575502	87415463	4213	0.0099
91249a4c-811d-49cb-afba-643d073ce5d0	6	87415593	115057911	17152	-0.0198
91249a4c-811d-49cb-afba-643d073ce5d0	6	115057996	115086809	3	-1.2715
91249a4c-811d-49cb-afba-643d073ce5d0	6	115087407	124118572	5378	-0.009
91249a4c-811d-49cb-afba-643d073ce5d0	6	124118963	129453482	3254	0.0273
91249a4c-811d-49cb-afba-643d073ce5d0	6	129454283	132452845	2031	-0.0016
91249a4c-811d-49cb-afba-643d073ce5d0	6	132453072	132454363	2	-1.1823
91249a4c-811d-49cb-afba-643d073ce5d0	6	132455595	133341074	664	-0.0305
91249a4c-811d-49cb-afba-643d073ce5d0	6	133342199	133345033	4	-0.8802
91249a4c-811d-49cb-afba-643d073ce5d0	6	133346203	133945130	422	-0.0165
91249a4c-811d-49cb-afba-643d073ce5d0	6	133947933	133948494	2	-1.8993
91249a4c-811d-49cb-afba-643d073ce5d0	6	133950934	152336256	12219	-0.0036
91249a4c-811d-49cb-afba-643d073ce5d0	6	152336373	152337007	2	-1.3638
91249a4c-811d-49cb-afba-643d073ce5d0	6	152337081	154639748	1688	-0.0132
91249a4c-811d-49cb-afba-643d073ce5d0	6	154642532	154644703	3	-1.0091
91249a4c-811d-49cb-afba-643d073ce5d0	6	154645133	161522819	4577	-0.0029
91249a4c-811d-49cb-afba-643d073ce5d0	6	161522863	164307193	2314	-0.0882
91249a4c-811d-49cb-afba-643d073ce5d0	6	164308706	167080909	2095	0.006
91249a4c-811d-49cb-afba-643d073ce5d0	6	167088034	169220920	1359	-0.0572
91249a4c-811d-49cb-afba-643d073ce5d0	6	169221041	170741917	818	-0.0166
91249a4c-811d-49cb-afba-643d073ce5d0	7	43355	9725634	5862	-0.0092
91249a4c-811d-49cb-afba-643d073ce5d0	7	9727840	9729587	3	-1.1834
91249a4c-811d-49cb-afba-643d073ce5d0	7	9731568	15112862	4290	-0.0059
91249a4c-811d-49cb-afba-643d073ce5d0	7	15113003	15113120	2	-1.3649
91249a4c-811d-49cb-afba-643d073ce5d0	7	15113188	16155804	838	0.0185
91249a4c-811d-49cb-afba-643d073ce5d0	7	16168750	17358122	946	0.0778
91249a4c-811d-49cb-afba-643d073ce5d0	7	17362115	23001582	4561	-0.0086
91249a4c-811d-49cb-afba-643d073ce5d0	7	23001801	23001853	2	-1.2806
91249a4c-811d-49cb-afba-643d073ce5d0	7	23007748	26092670	2308	0.0032
91249a4c-811d-49cb-afba-643d073ce5d0	7	26102772	26105793	4	-0.9091
91249a4c-811d-49cb-afba-643d073ce5d0	7	26107599	33145225	4953	0.0138
91249a4c-811d-49cb-afba-643d073ce5d0	7	33145870	33384348	132	-0.7179
91249a4c-811d-49cb-afba-643d073ce5d0	7	33385480	40438733	4930	-0.0005
91249a4c-811d-49cb-afba-643d073ce5d0	7	40439440	40439479	2	-1.277
91249a4c-811d-49cb-afba-643d073ce5d0	7	40439919	47214023	4464	-0.0192
91249a4c-811d-49cb-afba-643d073ce5d0	7	47217734	54305455	5148	-0.0358
91249a4c-811d-49cb-afba-643d073ce5d0	7	54318812	54318824	6	-1.5166
91249a4c-811d-49cb-afba-643d073ce5d0	7	54325795	56661563	1534	-0.018
91249a4c-811d-49cb-afba-643d073ce5d0	7	56661647	63193229	764	-0.113
91249a4c-811d-49cb-afba-643d073ce5d0	7	63199286	68497556	2279	-0.0206
91249a4c-811d-49cb-afba-643d073ce5d0	7	68497561	72040912	2289	-0.0945
91249a4c-811d-49cb-afba-643d073ce5d0	7	72046037	79057652	2988	0.0043
91249a4c-811d-49cb-afba-643d073ce5d0	7	79057803	79614416	380	-0.0507
91249a4c-811d-49cb-afba-643d073ce5d0	7	79614812	79617244	5	-0.9765
91249a4c-811d-49cb-afba-643d073ce5d0	7	79617618	84206804	3195	-0.056
91249a4c-811d-49cb-afba-643d073ce5d0	7	84207729	97766148	8380	-0.008
91249a4c-811d-49cb-afba-643d073ce5d0	7	97766150	97773163	15	-0.614
91249a4c-811d-49cb-afba-643d073ce5d0	7	97774928	109797717	6613	-0.0079
91249a4c-811d-49cb-afba-643d073ce5d0	7	109800860	109813853	19	0.5087
91249a4c-811d-49cb-afba-643d073ce5d0	7	109813925	117680075	4830	0.0124
91249a4c-811d-49cb-afba-643d073ce5d0	7	117683586	120545670	1578	-0.0289
91249a4c-811d-49cb-afba-643d073ce5d0	7	120549502	123181038	1634	0.0215
91249a4c-811d-49cb-afba-643d073ce5d0	7	123184197	123186757	8	-0.8234
91249a4c-811d-49cb-afba-643d073ce5d0	7	123199391	138081070	9454	-0.0118
91249a4c-811d-49cb-afba-643d073ce5d0	7	138085889	138088817	6	-0.8539
91249a4c-811d-49cb-afba-643d073ce5d0	7	138091121	142062894	2443	-0.0046
91249a4c-811d-49cb-afba-643d073ce5d0	7	142063324	142092307	35	-0.8514
91249a4c-811d-49cb-afba-643d073ce5d0	7	142099190	143733941	919	-0.0011
91249a4c-811d-49cb-afba-643d073ce5d0	7	143773027	143850179	15	0.6523
91249a4c-811d-49cb-afba-643d073ce5d0	7	143875073	154598185	6687	-0.022
91249a4c-811d-49cb-afba-643d073ce5d0	7	154601461	154607903	4	-1.7443
91249a4c-811d-49cb-afba-643d073ce5d0	7	154609120	159334314	3236	-0.0265
91249a4c-811d-49cb-afba-643d073ce5d0	8	81254	8139659	7790	0.4776
91249a4c-811d-49cb-afba-643d073ce5d0	8	8196822	8214781	4	-0.8813
91249a4c-811d-49cb-afba-643d073ce5d0	8	8234503	14010947	4619	0.5026
91249a4c-811d-49cb-afba-643d073ce5d0	8	14011211	14652059	600	0.4629
91249a4c-811d-49cb-afba-643d073ce5d0	8	14652523	14652565	3	-0.5834
91249a4c-811d-49cb-afba-643d073ce5d0	8	14652887	16604727	1748	0.4541
91249a4c-811d-49cb-afba-643d073ce5d0	8	16604932	17052170	363	0.4971
91249a4c-811d-49cb-afba-643d073ce5d0	8	17056902	19560726	2322	0.5344
91249a4c-811d-49cb-afba-643d073ce5d0	8	19563145	21424575	1633	0.4823
91249a4c-811d-49cb-afba-643d073ce5d0	8	21424850	25117062	2382	0.5386
91249a4c-811d-49cb-afba-643d073ce5d0	8	25117985	25126735	22	1.3189
91249a4c-811d-49cb-afba-643d073ce5d0	8	25133589	30708367	3914	0.5399
91249a4c-811d-49cb-afba-643d073ce5d0	8	30716682	36918146	3770	0.472
91249a4c-811d-49cb-afba-643d073ce5d0	8	36920498	39378084	1324	0.5248
91249a4c-811d-49cb-afba-643d073ce5d0	8	39389156	39529446	58	-0.082
91249a4c-811d-49cb-afba-643d073ce5d0	8	39530780	111279265	41981	0.5061
91249a4c-811d-49cb-afba-643d073ce5d0	8	111282050	111283031	10	-1.0522
91249a4c-811d-49cb-afba-643d073ce5d0	8	111288052	113108756	974	0.4669
91249a4c-811d-49cb-afba-643d073ce5d0	8	113112604	113112655	2	-1.2136
91249a4c-811d-49cb-afba-643d073ce5d0	8	113115931	114619814	844	0.4537
91249a4c-811d-49cb-afba-643d073ce5d0	8	114622258	114629460	34	-0.0082
91249a4c-811d-49cb-afba-643d073ce5d0	8	114629502	115405763	500	0.4648
91249a4c-811d-49cb-afba-643d073ce5d0	8	115408099	115408494	2	-0.6939
91249a4c-811d-49cb-afba-643d073ce5d0	8	115410054	116430925	590	0.4735
91249a4c-811d-49cb-afba-643d073ce5d0	8	116431151	128023578	8122	0.534
91249a4c-811d-49cb-afba-643d073ce5d0	8	128023682	138506563	8201	0.5062
91249a4c-811d-49cb-afba-643d073ce5d0	8	138507203	138507326	2	-0.738
91249a4c-811d-49cb-afba-643d073ce5d0	8	138507477	139246009	618	0.4878
91249a4c-811d-49cb-afba-643d073ce5d0	8	139246024	141866245	1760	0.547
91249a4c-811d-49cb-afba-643d073ce5d0	8	141868179	142364441	277	0.4377
91249a4c-811d-49cb-afba-643d073ce5d0	8	142365209	143217232	328	0.5472
91249a4c-811d-49cb-afba-643d073ce5d0	8	143217284	143228213	11	-0.2704
91249a4c-811d-49cb-afba-643d073ce5d0	8	143228267	145072769	634	0.5446
91249a4c-811d-49cb-afba-643d073ce5d0	9	46587	7333909	7026	0.0057
91249a4c-811d-49cb-afba-643d073ce5d0	9	7334447	10523295	3030	-0.0587
91249a4c-811d-49cb-afba-643d073ce5d0	9	10523383	10524041	3	-1.2925
91249a4c-811d-49cb-afba-643d073ce5d0	9	10524292	11537716	842	-0.0493
91249a4c-811d-49cb-afba-643d073ce5d0	9	11537848	11695067	122	-0.0075
91249a4c-811d-49cb-afba-643d073ce5d0	9	11695108	11695757	2	1.2739
91249a4c-811d-49cb-afba-643d073ce5d0	9	11695785	14851894	2572	0.0196
91249a4c-811d-49cb-afba-643d073ce5d0	9	14852124	17823570	2494	-0.0497
91249a4c-811d-49cb-afba-643d073ce5d0	9	17823584	29726515	9085	-0.0155
91249a4c-811d-49cb-afba-643d073ce5d0	9	29726705	32029596	1589	-0.0519
91249a4c-811d-49cb-afba-643d073ce5d0	9	32031260	39313823	4358	0.0055
91249a4c-811d-49cb-afba-643d073ce5d0	9	39337296	39588611	29	-0.3353
91249a4c-811d-49cb-afba-643d073ce5d0	9	39747848	40099921	8	0.8004
91249a4c-811d-49cb-afba-643d073ce5d0	9	40189830	42112551	105	-0.0836
91249a4c-811d-49cb-afba-643d073ce5d0	9	42113511	42698168	33	0.3799
91249a4c-811d-49cb-afba-643d073ce5d0	9	42704265	79030288	8028	-0.0117
91249a4c-811d-49cb-afba-643d073ce5d0	9	79032252	82226134	2241	-0.049
91249a4c-811d-49cb-afba-643d073ce5d0	9	82228672	106310393	16637	-0.0053
91249a4c-811d-49cb-afba-643d073ce5d0	9	106314218	106316630	8	-0.8626
91249a4c-811d-49cb-afba-643d073ce5d0	9	106319423	138200944	21223	-0.0032
91249a4c-811d-49cb-afba-643d073ce5d0	10	45792	2634153	2019	-0.0301
91249a4c-811d-49cb-afba-643d073ce5d0	10	2634201	6730613	3749	0.0097
91249a4c-811d-49cb-afba-643d073ce5d0	10	6731167	12121858	4416	-0.0314
91249a4c-811d-49cb-afba-643d073ce5d0	10	12123998	12127513	2	1.8733
91249a4c-811d-49cb-afba-643d073ce5d0	10	12134998	14458383	2083	-0.0208
91249a4c-811d-49cb-afba-643d073ce5d0	10	14458775	14459237	4	-0.7575
91249a4c-811d-49cb-afba-643d073ce5d0	10	14459836	17885034	2566	-0.0244
91249a4c-811d-49cb-afba-643d073ce5d0	10	17896194	17910884	3	-2.0056
91249a4c-811d-49cb-afba-643d073ce5d0	10	17929793	85629936	43071	-0.0264
91249a4c-811d-49cb-afba-643d073ce5d0	10	85630481	105296521	12145	0.0066
91249a4c-811d-49cb-afba-643d073ce5d0	10	105297280	105299412	3	-0.9212
91249a4c-811d-49cb-afba-643d073ce5d0	10	105302718	105415008	73	0.0393
91249a4c-811d-49cb-afba-643d073ce5d0	10	105417092	109186810	2837	-0.0471
91249a4c-811d-49cb-afba-643d073ce5d0	10	109192719	119518298	7148	-0.0019
91249a4c-811d-49cb-afba-643d073ce5d0	10	119518547	119518560	2	-1.3816
91249a4c-811d-49cb-afba-643d073ce5d0	10	119523374	125081076	4258	0.0012
91249a4c-811d-49cb-afba-643d073ce5d0	10	125085177	125097477	16	-0.9411
91249a4c-811d-49cb-afba-643d073ce5d0	10	125099201	128484467	2594	0.0004
91249a4c-811d-49cb-afba-643d073ce5d0	10	128484553	131940868	2805	-0.0695
91249a4c-811d-49cb-afba-643d073ce5d0	10	131941303	133654968	806	-0.0147
91249a4c-811d-49cb-afba-643d073ce5d0	11	198510	3465494	1293	-0.0021
91249a4c-811d-49cb-afba-643d073ce5d0	11	3467200	3467311	2	-2.7737
91249a4c-811d-49cb-afba-643d073ce5d0	11	3485296	4946420	1118	-0.0137
91249a4c-811d-49cb-afba-643d073ce5d0	11	4947280	4952799	25	0.6904
91249a4c-811d-49cb-afba-643d073ce5d0	11	4953934	31371747	19333	-0.0234
91249a4c-811d-49cb-afba-643d073ce5d0	11	31372721	31375533	2	-2.5781
91249a4c-811d-49cb-afba-643d073ce5d0	11	31376660	37628426	4685	-0.0176
91249a4c-811d-49cb-afba-643d073ce5d0	11	37631345	38421884	458	-0.0529
91249a4c-811d-49cb-afba-643d073ce5d0	11	38422418	38425888	11	-0.5433
91249a4c-811d-49cb-afba-643d073ce5d0	11	38432342	42552710	2771	-0.0653
91249a4c-811d-49cb-afba-643d073ce5d0	11	42552841	42937561	278	-0.0107
91249a4c-811d-49cb-afba-643d073ce5d0	11	42940281	42955081	8	0.7729
91249a4c-811d-49cb-afba-643d073ce5d0	11	42955811	48576870	3270	-0.0178
91249a4c-811d-49cb-afba-643d073ce5d0	11	48579882	48581124	2	2.0747
91249a4c-811d-49cb-afba-643d073ce5d0	11	48584766	56390232	1714	-0.0346
91249a4c-811d-49cb-afba-643d073ce5d0	11	56392278	78677560	11486	0.0101
91249a4c-811d-49cb-afba-643d073ce5d0	11	78677581	80256469	1291	-0.0493
91249a4c-811d-49cb-afba-643d073ce5d0	11	80256504	80256520	2	-2.4877
91249a4c-811d-49cb-afba-643d073ce5d0	11	80256642	80523067	251	-0.0748
91249a4c-811d-49cb-afba-643d073ce5d0	11	80525528	87754726	5054	-0.0097
91249a4c-811d-49cb-afba-643d073ce5d0	11	87756094	93181707	3552	-0.0514
91249a4c-811d-49cb-afba-643d073ce5d0	11	93181720	96050522	2035	0.0274
91249a4c-811d-49cb-afba-643d073ce5d0	11	96050891	97608744	1167	-0.0113
91249a4c-811d-49cb-afba-643d073ce5d0	11	97608877	99354870	1296	-0.0656
91249a4c-811d-49cb-afba-643d073ce5d0	11	99360587	115545628	11156	-0.0182
91249a4c-811d-49cb-afba-643d073ce5d0	11	115546784	115975897	320	-0.115
91249a4c-811d-49cb-afba-643d073ce5d0	11	115978178	128488643	9156	-0.0191
91249a4c-811d-49cb-afba-643d073ce5d0	11	128488744	129742781	943	0.0223
91249a4c-811d-49cb-afba-643d073ce5d0	11	129743272	129746052	3	-0.8507
91249a4c-811d-49cb-afba-643d073ce5d0	11	129746377	131102064	882	0.0288
91249a4c-811d-49cb-afba-643d073ce5d0	11	131102263	134731897	2900	-0.0463
91249a4c-811d-49cb-afba-643d073ce5d0	11	134732386	134734098	3	-1.1532
91249a4c-811d-49cb-afba-643d073ce5d0	11	134737977	135074876	281	-0.0544
91249a4c-811d-49cb-afba-643d073ce5d0	12	51460	8289689	5558	-0.0023
91249a4c-811d-49cb-afba-643d073ce5d0	12	8296516	8296621	2	1.6463
91249a4c-811d-49cb-afba-643d073ce5d0	12	8300870	9477960	611	-0.0138
91249a4c-811d-49cb-afba-643d073ce5d0	12	9481274	9575696	24	0.7796
91249a4c-811d-49cb-afba-643d073ce5d0	12	9582373	11350505	1172	0.0138
91249a4c-811d-49cb-afba-643d073ce5d0	12	11350579	11390452	35	0.5189
91249a4c-811d-49cb-afba-643d073ce5d0	12	11390472	19978362	5894	0.0062
91249a4c-811d-49cb-afba-643d073ce5d0	12	19979629	20345503	231	-0.8352
91249a4c-811d-49cb-afba-643d073ce5d0	12	20349066	29155088	6297	0.0082
91249a4c-811d-49cb-afba-643d073ce5d0	12	29157228	29157369	2	-1.1795
91249a4c-811d-49cb-afba-643d073ce5d0	12	29167830	30573810	1166	-0.0035
91249a4c-811d-49cb-afba-643d073ce5d0	12	30577105	30577411	2	-1.6686
91249a4c-811d-49cb-afba-643d073ce5d0	12	30578060	33141726	1772	0.0099
91249a4c-811d-49cb-afba-643d073ce5d0	12	33148472	33155426	28	0.4852
91249a4c-811d-49cb-afba-643d073ce5d0	12	33155453	34106209	586	0.0474
91249a4c-811d-49cb-afba-643d073ce5d0	12	34108746	42705074	3287	-0.0391
91249a4c-811d-49cb-afba-643d073ce5d0	12	42705338	45506042	1707	0.0022
91249a4c-811d-49cb-afba-643d073ce5d0	12	45510655	45515754	4	0.9584
91249a4c-811d-49cb-afba-643d073ce5d0	12	45519509	58327312	7191	0.0064
91249a4c-811d-49cb-afba-643d073ce5d0	12	58327360	58336379	5	-0.8064
91249a4c-811d-49cb-afba-643d073ce5d0	12	58337065	59581567	921	0.0104
91249a4c-811d-49cb-afba-643d073ce5d0	12	59581630	69489395	6383	-0.0253
91249a4c-811d-49cb-afba-643d073ce5d0	12	69493007	72848336	2183	0.0202
91249a4c-811d-49cb-afba-643d073ce5d0	12	72851624	72860783	5	0.6463
91249a4c-811d-49cb-afba-643d073ce5d0	12	72860936	120682584	31242	-0.0154
91249a4c-811d-49cb-afba-643d073ce5d0	12	120683947	126887121	3745	0.0019
91249a4c-811d-49cb-afba-643d073ce5d0	12	126889117	126889193	2	-2.3238
91249a4c-811d-49cb-afba-643d073ce5d0	12	126890667	127539255	597	-0.0082
91249a4c-811d-49cb-afba-643d073ce5d0	12	127539567	130476029	2631	-0.0961
91249a4c-811d-49cb-afba-643d073ce5d0	12	130476190	133201603	1504	-0.0363
91249a4c-811d-49cb-afba-643d073ce5d0	13	18452809	23055048	2855	-0.0197
91249a4c-811d-49cb-afba-643d073ce5d0	13	23055071	23059376	13	-2.0474
91249a4c-811d-49cb-afba-643d073ce5d0	13	23064056	37496998	10603	-0.0228
91249a4c-811d-49cb-afba-643d073ce5d0	13	37497899	37514193	17	0.8333
91249a4c-811d-49cb-afba-643d073ce5d0	13	37514237	38478674	698	-0.0287
91249a4c-811d-49cb-afba-643d073ce5d0	13	38483435	38483919	2	-1.2065
91249a4c-811d-49cb-afba-643d073ce5d0	13	38490920	46227994	5329	0.0013
91249a4c-811d-49cb-afba-643d073ce5d0	13	46228042	46228222	2	1.4462
91249a4c-811d-49cb-afba-643d073ce5d0	13	46228522	52520664	3858	0.0131
91249a4c-811d-49cb-afba-643d073ce5d0	13	52523849	52531650	3	-1.606
91249a4c-811d-49cb-afba-643d073ce5d0	13	52543744	68668123	9533	-0.0278
91249a4c-811d-49cb-afba-643d073ce5d0	13	68674167	68675349	7	-0.821
91249a4c-811d-49cb-afba-643d073ce5d0	13	68676647	68677848	8	-0.036
91249a4c-811d-49cb-afba-643d073ce5d0	13	68678863	68694110	23	-0.9331
91249a4c-811d-49cb-afba-643d073ce5d0	13	68694987	70766156	1390	-0.0434
91249a4c-811d-49cb-afba-643d073ce5d0	13	70766186	70766517	2	-1.0444
91249a4c-811d-49cb-afba-643d073ce5d0	13	70767375	71902850	668	-0.0263
91249a4c-811d-49cb-afba-643d073ce5d0	13	71903417	71906418	4	-1.7947
91249a4c-811d-49cb-afba-643d073ce5d0	13	71906467	77935633	4303	0.0046
91249a4c-811d-49cb-afba-643d073ce5d0	13	77940612	96011996	11497	-0.0346
91249a4c-811d-49cb-afba-643d073ce5d0	13	96017411	114342922	13267	-0.0098
91249a4c-811d-49cb-afba-643d073ce5d0	14	18239283	19289821	45	0.1536
91249a4c-811d-49cb-afba-643d073ce5d0	14	19294457	19294475	2	-1.4548
91249a4c-811d-49cb-afba-643d073ce5d0	14	19298389	25595492	3924	0.0227
91249a4c-811d-49cb-afba-643d073ce5d0	14	25600393	29768684	2521	-0.0518
91249a4c-811d-49cb-afba-643d073ce5d0	14	29769676	40139724	6537	0.0016
91249a4c-811d-49cb-afba-643d073ce5d0	14	40144718	40147715	2	-2.7071
91249a4c-811d-49cb-afba-643d073ce5d0	14	40148961	47227057	4257	-0.0321
91249a4c-811d-49cb-afba-643d073ce5d0	14	47238133	47247780	8	-0.7658
91249a4c-811d-49cb-afba-643d073ce5d0	14	47248244	73529070	16921	-0.0024
91249a4c-811d-49cb-afba-643d073ce5d0	14	73534419	73563196	10	0.6992
91249a4c-811d-49cb-afba-643d073ce5d0	14	73563211	73953773	195	-0.0153
91249a4c-811d-49cb-afba-643d073ce5d0	14	73957074	73957079	2	1.1019
91249a4c-811d-49cb-afba-643d073ce5d0	14	73958353	78876625	3315	-0.0016
91249a4c-811d-49cb-afba-643d073ce5d0	14	78876939	79732937	605	-0.0647
91249a4c-811d-49cb-afba-643d073ce5d0	14	79740508	79740850	2	-1.7827
91249a4c-811d-49cb-afba-643d073ce5d0	14	79743594	88310096	5687	-0.046
91249a4c-811d-49cb-afba-643d073ce5d0	14	88310136	97127073	5986	-0.0037
91249a4c-811d-49cb-afba-643d073ce5d0	14	97129051	99088291	1714	-0.0593
91249a4c-811d-49cb-afba-643d073ce5d0	14	99088307	105613310	3135	0.017
91249a4c-811d-49cb-afba-643d073ce5d0	14	105616252	105632998	4	-1.3981
91249a4c-811d-49cb-afba-643d073ce5d0	14	105636696	106294689	202	0.0441
91249a4c-811d-49cb-afba-643d073ce5d0	14	106297265	106297273	3	1.2327
91249a4c-811d-49cb-afba-643d073ce5d0	14	106297409	106877229	295	-0.0032
91249a4c-811d-49cb-afba-643d073ce5d0	15	19811075	20059033	51	0.0277
91249a4c-811d-49cb-afba-643d073ce5d0	15	20060725	22299009	154	-0.5259
91249a4c-811d-49cb-afba-643d073ce5d0	15	22299523	30252720	4633	-0.0511
91249a4c-811d-49cb-afba-643d073ce5d0	15	30253290	30687738	46	-0.6845
91249a4c-811d-49cb-afba-643d073ce5d0	15	30688842	31719286	668	0.0044
91249a4c-811d-49cb-afba-643d073ce5d0	15	31722139	32323432	373	0.5818
91249a4c-811d-49cb-afba-643d073ce5d0	15	32339520	37854926	3897	0.0214
91249a4c-811d-49cb-afba-643d073ce5d0	15	37854961	37857068	2	-1.2465
91249a4c-811d-49cb-afba-643d073ce5d0	15	37857736	43553305	3340	0.0147
91249a4c-811d-49cb-afba-643d073ce5d0	15	43592920	43646608	22	-0.826
91249a4c-811d-49cb-afba-643d073ce5d0	15	43692744	47226922	1906	-0.0126
91249a4c-811d-49cb-afba-643d073ce5d0	15	47227348	47227357	2	1.2994
91249a4c-811d-49cb-afba-643d073ce5d0	15	47233464	47948110	564	-0.0753
91249a4c-811d-49cb-afba-643d073ce5d0	15	47948825	47948996	2	-1.1082
91249a4c-811d-49cb-afba-643d073ce5d0	15	47951949	49360327	861	-0.0127
91249a4c-811d-49cb-afba-643d073ce5d0	15	49360979	78436351	18316	0.01
91249a4c-811d-49cb-afba-643d073ce5d0	15	78436725	101928837	16680	-0.0121
91249a4c-811d-49cb-afba-643d073ce5d0	16	10777	5759367	2874	-0.0089
91249a4c-811d-49cb-afba-643d073ce5d0	16	5760312	5801479	52	0.4402
91249a4c-811d-49cb-afba-643d073ce5d0	16	5802079	6247504	493	-0.0446
91249a4c-811d-49cb-afba-643d073ce5d0	16	6248957	6255778	15	-0.8839
91249a4c-811d-49cb-afba-643d073ce5d0	16	6256113	6358153	130	-0.0408
91249a4c-811d-49cb-afba-643d073ce5d0	16	6363743	6563248	253	-0.9492
91249a4c-811d-49cb-afba-643d073ce5d0	16	6568259	6818872	361	-3.9903
91249a4c-811d-49cb-afba-643d073ce5d0	16	6821951	6986047	180	-0.9042
91249a4c-811d-49cb-afba-643d073ce5d0	16	6989420	7516368	680	-0.069
91249a4c-811d-49cb-afba-643d073ce5d0	16	7517126	7679219	221	-1.0003
91249a4c-811d-49cb-afba-643d073ce5d0	16	7680340	14895982	5839	-0.0146
91249a4c-811d-49cb-afba-643d073ce5d0	16	14954911	15031584	53	0.2471
91249a4c-811d-49cb-afba-643d073ce5d0	16	15033033	16491407	594	0.0307
91249a4c-811d-49cb-afba-643d073ce5d0	16	16498856	16558842	8	0.7707
91249a4c-811d-49cb-afba-643d073ce5d0	16	16563118	19933041	1698	-0.0251
91249a4c-811d-49cb-afba-643d073ce5d0	16	19934328	19954553	28	-1.0007
91249a4c-811d-49cb-afba-643d073ce5d0	16	19956040	26580013	4071	-0.0201
91249a4c-811d-49cb-afba-643d073ce5d0	16	26584058	26584258	3	-1.1974
91249a4c-811d-49cb-afba-643d073ce5d0	16	26584635	55762477	9360	-0.0263
91249a4c-811d-49cb-afba-643d073ce5d0	16	55762598	55776109	14	0.6947
91249a4c-811d-49cb-afba-643d073ce5d0	16	55776295	55898736	88	-0.0597
91249a4c-811d-49cb-afba-643d073ce5d0	16	55900247	59599288	2285	0.0041
91249a4c-811d-49cb-afba-643d073ce5d0	16	59602533	63967800	2811	-0.0584
91249a4c-811d-49cb-afba-643d073ce5d0	16	63969996	76532020	7368	0.0131
91249a4c-811d-49cb-afba-643d073ce5d0	16	76532260	80236416	4055	-0.0557
91249a4c-811d-49cb-afba-643d073ce5d0	16	80236474	87623888	7203	-0.021
91249a4c-811d-49cb-afba-643d073ce5d0	16	87624172	90096867	1096	-0.0464
91249a4c-811d-49cb-afba-643d073ce5d0	17	150733	8712396	4760	0.0063
91249a4c-811d-49cb-afba-643d073ce5d0	17	8712421	14587375	4437	-0.0315
91249a4c-811d-49cb-afba-643d073ce5d0	17	14589471	16510295	1166	0.0094
91249a4c-811d-49cb-afba-643d073ce5d0	17	16510898	16513106	6	-1.0053
91249a4c-811d-49cb-afba-643d073ce5d0	17	16513459	18455635	1018	0.0068
91249a4c-811d-49cb-afba-643d073ce5d0	17	18458372	18561907	24	0.4357
91249a4c-811d-49cb-afba-643d073ce5d0	17	18565883	33694847	5058	-0.0125
91249a4c-811d-49cb-afba-643d073ce5d0	17	33695301	34755458	971	-0.0706
91249a4c-811d-49cb-afba-643d073ce5d0	17	34757051	41266762	3360	0.0059
91249a4c-811d-49cb-afba-643d073ce5d0	17	41266774	41267053	9	-0.869
91249a4c-811d-49cb-afba-643d073ce5d0	17	41267068	45774387	2294	0.0111
91249a4c-811d-49cb-afba-643d073ce5d0	17	45775602	45921981	84	-0.1991
91249a4c-811d-49cb-afba-643d073ce5d0	17	45924013	46130967	167	-0.0147
91249a4c-811d-49cb-afba-643d073ce5d0	17	46131308	46286804	92	-0.2471
91249a4c-811d-49cb-afba-643d073ce5d0	17	46323701	46664059	7	-0.8331
91249a4c-811d-49cb-afba-643d073ce5d0	17	46687628	52232341	3115	0.0195
91249a4c-811d-49cb-afba-643d073ce5d0	17	52232511	56389307	2947	-0.0277
91249a4c-811d-49cb-afba-643d073ce5d0	17	56390503	83091923	15499	0.0113
91249a4c-811d-49cb-afba-643d073ce5d0	18	48133	4857589	3481	0.0179
91249a4c-811d-49cb-afba-643d073ce5d0	18	4860662	7829790	2155	-0.0794
91249a4c-811d-49cb-afba-643d073ce5d0	18	7831267	24742750	6898	-0.0081
91249a4c-811d-49cb-afba-643d073ce5d0	18	24742939	24743219	2	-1.7745
91249a4c-811d-49cb-afba-643d073ce5d0	18	24745464	30738180	3809	-0.0403
91249a4c-811d-49cb-afba-643d073ce5d0	18	30742489	37392574	4267	-0.005
91249a4c-811d-49cb-afba-643d073ce5d0	18	37396515	39585341	1458	-0.0419
91249a4c-811d-49cb-afba-643d073ce5d0	18	39595584	39597800	2	1.2674
91249a4c-811d-49cb-afba-643d073ce5d0	18	39598958	40678741	706	-0.0202
91249a4c-811d-49cb-afba-643d073ce5d0	18	40678763	40685425	20	-0.3562
91249a4c-811d-49cb-afba-643d073ce5d0	18	40688060	42516648	1262	-0.011
91249a4c-811d-49cb-afba-643d073ce5d0	18	42517122	46041041	2288	-0.0561
91249a4c-811d-49cb-afba-643d073ce5d0	18	46045360	56432139	7081	-0.0175
91249a4c-811d-49cb-afba-643d073ce5d0	18	56435962	64466360	5764	0.0076
91249a4c-811d-49cb-afba-643d073ce5d0	18	64466415	69493260	3653	-0.0274
91249a4c-811d-49cb-afba-643d073ce5d0	18	69493343	71276403	1192	0.0539
91249a4c-811d-49cb-afba-643d073ce5d0	18	71277919	78900693	5956	-0.03
91249a4c-811d-49cb-afba-643d073ce5d0	18	78902714	78904863	5	-1.4232
91249a4c-811d-49cb-afba-643d073ce5d0	18	78906449	80257174	703	-0.0448
91249a4c-811d-49cb-afba-643d073ce5d0	19	90910	20362744	8881	0.0038
91249a4c-811d-49cb-afba-643d073ce5d0	19	20363176	20370216	9	-0.8196
91249a4c-811d-49cb-afba-643d073ce5d0	19	20371472	27589857	2314	-0.0082
91249a4c-811d-49cb-afba-643d073ce5d0	19	27589907	32136443	3410	-0.0506
91249a4c-811d-49cb-afba-643d073ce5d0	19	32137015	34239994	1356	-0.0143
91249a4c-811d-49cb-afba-643d073ce5d0	19	34243075	34243204	5	-0.8613
91249a4c-811d-49cb-afba-643d073ce5d0	19	34246231	35358420	727	0.0132
91249a4c-811d-49cb-afba-643d073ce5d0	19	35364451	35370946	21	-0.6268
91249a4c-811d-49cb-afba-643d073ce5d0	19	35375842	45977036	5326	0.0038
91249a4c-811d-49cb-afba-643d073ce5d0	19	45987311	45988008	2	1.3368
91249a4c-811d-49cb-afba-643d073ce5d0	19	45991373	53176696	3761	0.0097
91249a4c-811d-49cb-afba-643d073ce5d0	19	53177202	53205250	24	0.475
91249a4c-811d-49cb-afba-643d073ce5d0	19	53206100	58586487	3265	-0.0079
91249a4c-811d-49cb-afba-643d073ce5d0	20	80664	925631	668	0.0121
91249a4c-811d-49cb-afba-643d073ce5d0	20	926206	927223	2	-1.1532
91249a4c-811d-49cb-afba-643d073ce5d0	20	928283	1601561	570	-0.0075
91249a4c-811d-49cb-afba-643d073ce5d0	20	1609611	1613247	5	-1.3495
91249a4c-811d-49cb-afba-643d073ce5d0	20	1617300	12653350	8443	-0.007
91249a4c-811d-49cb-afba-643d073ce5d0	20	12653379	12653490	2	1.3756
91249a4c-811d-49cb-afba-643d073ce5d0	20	12653505	14658517	1352	0.0122
91249a4c-811d-49cb-afba-643d073ce5d0	20	14659375	14722256	48	0.4768
91249a4c-811d-49cb-afba-643d073ce5d0	20	14722269	14943613	237	-0.0196
91249a4c-811d-49cb-afba-643d073ce5d0	20	14952250	15188051	201	-0.8206
91249a4c-811d-49cb-afba-643d073ce5d0	20	15189060	46163333	17678	-0.0091
91249a4c-811d-49cb-afba-643d073ce5d0	20	46163994	46164476	2	-1.2864
91249a4c-811d-49cb-afba-643d073ce5d0	20	46169752	52031054	4161	-0.0097
91249a4c-811d-49cb-afba-643d073ce5d0	20	52036258	52037720	3	-1.3024
91249a4c-811d-49cb-afba-643d073ce5d0	20	52037861	53267082	921	-0.0368
91249a4c-811d-49cb-afba-643d073ce5d0	20	53268037	54586887	1059	0.017
91249a4c-811d-49cb-afba-643d073ce5d0	20	54586942	57347710	2275	-0.0425
91249a4c-811d-49cb-afba-643d073ce5d0	20	57349919	57354825	2	-1.3074
91249a4c-811d-49cb-afba-643d073ce5d0	20	57355217	64324800	4716	-0.033
91249a4c-811d-49cb-afba-643d073ce5d0	21	10354168	13403408	201	0.0528
91249a4c-811d-49cb-afba-643d073ce5d0	21	13407822	16469587	1840	-0.0431
91249a4c-811d-49cb-afba-643d073ce5d0	21	16470028	18747385	1557	0.0142
91249a4c-811d-49cb-afba-643d073ce5d0	21	18747636	31768691	9739	-0.0385
91249a4c-811d-49cb-afba-643d073ce5d0	21	31768929	46677045	10502	-0.0025
91249a4c-811d-49cb-afba-643d073ce5d0	22	15294547	23929558	4376	-0.0168
91249a4c-811d-49cb-afba-643d073ce5d0	22	23940911	23995113	19	0.5386
91249a4c-811d-49cb-afba-643d073ce5d0	22	23995755	24685371	350	-0.0067
91249a4c-811d-49cb-afba-643d073ce5d0	22	24686148	24686567	3	-2.2207
91249a4c-811d-49cb-afba-643d073ce5d0	22	24691707	25265731	461	-0.0095
91249a4c-811d-49cb-afba-643d073ce5d0	22	25268018	25526375	286	0.5378
91249a4c-811d-49cb-afba-643d073ce5d0	22	25526380	32895102	5344	0.0054
91249a4c-811d-49cb-afba-643d073ce5d0	22	32895176	33777419	796	-0.0662
91249a4c-811d-49cb-afba-643d073ce5d0	22	33778960	33778998	4	-0.8923
91249a4c-811d-49cb-afba-643d073ce5d0	22	33785435	34357991	543	-0.0729
91249a4c-811d-49cb-afba-643d073ce5d0	22	34358095	40397256	3765	0.0035
91249a4c-811d-49cb-afba-643d073ce5d0	22	40398586	40398816	2	-1.3514
91249a4c-811d-49cb-afba-643d073ce5d0	22	40401668	41903923	878	0.0222
91249a4c-811d-49cb-afba-643d073ce5d0	22	41918409	41928165	6	-0.604
91249a4c-811d-49cb-afba-643d073ce5d0	22	41936618	42501276	310	0.0002
91249a4c-811d-49cb-afba-643d073ce5d0	22	42503434	42538456	21	0.9033
91249a4c-811d-49cb-afba-643d073ce5d0	22	42546956	47271781	3372	0.0024
91249a4c-811d-49cb-afba-643d073ce5d0	22	47275144	50353801	2508	-0.0707
91249a4c-811d-49cb-afba-643d073ce5d0	22	50358632	50796027	219	-0.0183
91249a4c-811d-49cb-afba-643d073ce5d0	X	251810	10196495	5736	0.0189
91249a4c-811d-49cb-afba-643d073ce5d0	X	10196687	18046661	5227	0.0624
91249a4c-811d-49cb-afba-643d073ce5d0	X	18046832	28901444	6652	0.0333
91249a4c-811d-49cb-afba-643d073ce5d0	X	28901773	36426426	5060	-0.0014
91249a4c-811d-49cb-afba-643d073ce5d0	X	36427071	47921117	6226	0.0568
91249a4c-811d-49cb-afba-643d073ce5d0	X	47921337	63193211	4619	0.0162
91249a4c-811d-49cb-afba-643d073ce5d0	X	63250575	63285949	20	0.7262
91249a4c-811d-49cb-afba-643d073ce5d0	X	63285991	78543948	6566	0.0066
91249a4c-811d-49cb-afba-643d073ce5d0	X	78544932	78544979	2	-1.4903
91249a4c-811d-49cb-afba-643d073ce5d0	X	78545348	79713835	672	-0.0173
91249a4c-811d-49cb-afba-643d073ce5d0	X	79716516	79716698	2	-1.7851
91249a4c-811d-49cb-afba-643d073ce5d0	X	79717458	93448345	7152	-0.0052
91249a4c-811d-49cb-afba-643d073ce5d0	X	93448702	100193673	3856	0.0136
91249a4c-811d-49cb-afba-643d073ce5d0	X	100197083	100197890	2	-1.5211
91249a4c-811d-49cb-afba-643d073ce5d0	X	100198129	129828166	16514	0.0126
91249a4c-811d-49cb-afba-643d073ce5d0	X	129828172	132680452	1490	0.0595
91249a4c-811d-49cb-afba-643d073ce5d0	X	132683503	137746157	2604	0.0181
91249a4c-811d-49cb-afba-643d073ce5d0	X	137746603	152130872	9514	-0.012
91249a4c-811d-49cb-afba-643d073ce5d0	X	152131162	155952689	1650	0.0366
91249a4c-811d-49cb-afba-643d073ce5d0	Y	2782397	6233384	783	-2.4456
91249a4c-811d-49cb-afba-643d073ce5d0	Y	6249869	25169825	5676	-2.835
91249a4c-811d-49cb-afba-643d073ce5d0	Y	25472063	56872112	179	-2.4847
