GDC_Aliquot	Chromosome	Start	End	Num_Probes	Segment_Mean
fe9f30de-ba46-45db-90d3-0e283a909aa2	1	3301765	3371973	50	-0.5346
fe9f30de-ba46-45db-90d3-0e283a909aa2	1	3375059	3422775	25	-0.2178
fe9f30de-ba46-45db-90d3-0e283a909aa2	1	3423671	3451503	15	-0.5269
fe9f30de-ba46-45db-90d3-0e283a909aa2	1	3451567	3488732	17	-0.0172
fe9f30de-ba46-45db-90d3-0e283a909aa2	1	3490227	3577515	13	-0.3453
fe9f30de-ba46-45db-90d3-0e283a909aa2	1	3582503	3605560	10	-0.0176
fe9f30de-ba46-45db-90d3-0e283a909aa2	1	3619080	3662248	28	-0.5365
fe9f30de-ba46-45db-90d3-0e283a909aa2	1	3665397	3697916	25	-0.288
fe9f30de-ba46-45db-90d3-0e283a909aa2	1	3698012	3725129	18	0.0561
fe9f30de-ba46-45db-90d3-0e283a909aa2	1	3730460	3782383	36	-0.3853
fe9f30de-ba46-45db-90d3-0e283a909aa2	1	3782627	5558480	1334	-0.5281
fe9f30de-ba46-45db-90d3-0e283a909aa2	1	5559299	6519694	531	-0.411
fe9f30de-ba46-45db-90d3-0e283a909aa2	1	6520190	10608839	2143	-0.5423
fe9f30de-ba46-45db-90d3-0e283a909aa2	1	10626217	10671295	31	-0.0573
fe9f30de-ba46-45db-90d3-0e283a909aa2	1	10676377	28098399	9032	-0.5372
fe9f30de-ba46-45db-90d3-0e283a909aa2	1	28099490	28783720	242	0.0462
fe9f30de-ba46-45db-90d3-0e283a909aa2	1	28791468	34795631	3419	0.1345
fe9f30de-ba46-45db-90d3-0e283a909aa2	1	34795804	36085885	548	0.0331
fe9f30de-ba46-45db-90d3-0e283a909aa2	1	36086294	39177710	1772	0.1172
fe9f30de-ba46-45db-90d3-0e283a909aa2	1	39178123	41001189	867	0.0402
fe9f30de-ba46-45db-90d3-0e283a909aa2	1	41002098	44686257	2232	0.1027
fe9f30de-ba46-45db-90d3-0e283a909aa2	1	44687444	44757971	46	-0.6367
fe9f30de-ba46-45db-90d3-0e283a909aa2	1	44765291	44770304	4	0.0338
fe9f30de-ba46-45db-90d3-0e283a909aa2	1	44812422	44824215	7	0.5155
fe9f30de-ba46-45db-90d3-0e283a909aa2	1	44826275	45058221	125	0.0468
fe9f30de-ba46-45db-90d3-0e283a909aa2	1	45062404	45064900	4	-1.1654
fe9f30de-ba46-45db-90d3-0e283a909aa2	1	45066296	46708656	663	0.0763
fe9f30de-ba46-45db-90d3-0e283a909aa2	1	46708983	47020720	135	0.2226
fe9f30de-ba46-45db-90d3-0e283a909aa2	1	47025920	47059549	25	-0.0152
fe9f30de-ba46-45db-90d3-0e283a909aa2	1	47067958	47193773	52	0.3535
fe9f30de-ba46-45db-90d3-0e283a909aa2	1	47196714	57032421	5817	0.1091
fe9f30de-ba46-45db-90d3-0e283a909aa2	1	57032610	58828608	1458	0.0557
fe9f30de-ba46-45db-90d3-0e283a909aa2	1	58829418	59365475	413	0.1055
fe9f30de-ba46-45db-90d3-0e283a909aa2	1	59375974	59376113	2	1.4215
fe9f30de-ba46-45db-90d3-0e283a909aa2	1	59376966	63136045	2524	0.1117
fe9f30de-ba46-45db-90d3-0e283a909aa2	1	63137704	63403531	160	-0.0664
fe9f30de-ba46-45db-90d3-0e283a909aa2	1	63404503	63537185	79	0.1113
fe9f30de-ba46-45db-90d3-0e283a909aa2	1	63537315	63580921	18	-0.2161
fe9f30de-ba46-45db-90d3-0e283a909aa2	1	63585982	64254648	498	0.1308
fe9f30de-ba46-45db-90d3-0e283a909aa2	1	64258032	64258246	3	1.0104
fe9f30de-ba46-45db-90d3-0e283a909aa2	1	64260104	64271273	11	0.1971
fe9f30de-ba46-45db-90d3-0e283a909aa2	1	64279307	64279314	5	0.9927
fe9f30de-ba46-45db-90d3-0e283a909aa2	1	64279924	85947339	13281	0.091
fe9f30de-ba46-45db-90d3-0e283a909aa2	1	85947388	85948664	5	-0.8065
fe9f30de-ba46-45db-90d3-0e283a909aa2	1	85949044	90620745	2984	0.0895
fe9f30de-ba46-45db-90d3-0e283a909aa2	1	90621153	90621550	2	1.8294
fe9f30de-ba46-45db-90d3-0e283a909aa2	1	90622510	92721438	1172	0.0763
fe9f30de-ba46-45db-90d3-0e283a909aa2	1	92721867	92722115	2	1.7402
fe9f30de-ba46-45db-90d3-0e283a909aa2	1	92722982	110321602	10019	0.0845
fe9f30de-ba46-45db-90d3-0e283a909aa2	1	110328338	110517760	133	-0.6739
fe9f30de-ba46-45db-90d3-0e283a909aa2	1	110518389	119519936	5772	0.108
fe9f30de-ba46-45db-90d3-0e283a909aa2	1	119520310	119525474	2	1.4005
fe9f30de-ba46-45db-90d3-0e283a909aa2	1	119526175	149962017	286	0.1264
fe9f30de-ba46-45db-90d3-0e283a909aa2	1	149963014	152003118	841	0.0278
fe9f30de-ba46-45db-90d3-0e283a909aa2	1	152008455	153818025	988	0.1477
fe9f30de-ba46-45db-90d3-0e283a909aa2	1	153820482	155164081	669	0.0354
fe9f30de-ba46-45db-90d3-0e283a909aa2	1	155165299	155241876	11	0.4176
fe9f30de-ba46-45db-90d3-0e283a909aa2	1	155242476	157163330	903	0.041
fe9f30de-ba46-45db-90d3-0e283a909aa2	1	157165192	157274299	60	0.1436
fe9f30de-ba46-45db-90d3-0e283a909aa2	1	157276505	157438173	119	0.267
fe9f30de-ba46-45db-90d3-0e283a909aa2	1	157446981	160228410	1844	0.1031
fe9f30de-ba46-45db-90d3-0e283a909aa2	1	160229017	160251934	19	-0.3634
fe9f30de-ba46-45db-90d3-0e283a909aa2	1	160252823	166418058	4434	0.0942
fe9f30de-ba46-45db-90d3-0e283a909aa2	1	166418396	166823058	329	0.2098
fe9f30de-ba46-45db-90d3-0e283a909aa2	1	166823906	168910115	1527	0.0648
fe9f30de-ba46-45db-90d3-0e283a909aa2	1	168910120	170373860	1123	0.1506
fe9f30de-ba46-45db-90d3-0e283a909aa2	1	170373977	174826800	2623	0.0927
fe9f30de-ba46-45db-90d3-0e283a909aa2	1	174833703	174835841	3	-1.0055
fe9f30de-ba46-45db-90d3-0e283a909aa2	1	174835884	187370743	7816	0.0849
fe9f30de-ba46-45db-90d3-0e283a909aa2	1	187372275	187372675	3	1.6621
fe9f30de-ba46-45db-90d3-0e283a909aa2	1	187373394	188538260	802	0.0551
fe9f30de-ba46-45db-90d3-0e283a909aa2	1	188539887	188556165	12	-0.5589
fe9f30de-ba46-45db-90d3-0e283a909aa2	1	188556332	217749168	18420	0.0847
fe9f30de-ba46-45db-90d3-0e283a909aa2	1	217749630	217749824	2	-1.6373
fe9f30de-ba46-45db-90d3-0e283a909aa2	1	217750214	227460144	6033	0.0832
fe9f30de-ba46-45db-90d3-0e283a909aa2	1	227463885	227882998	246	0.1691
fe9f30de-ba46-45db-90d3-0e283a909aa2	1	227891491	227952817	34	0.3933
fe9f30de-ba46-45db-90d3-0e283a909aa2	1	227955185	228228900	104	0.1786
fe9f30de-ba46-45db-90d3-0e283a909aa2	1	228230556	237013029	5931	0.0926
fe9f30de-ba46-45db-90d3-0e283a909aa2	1	237013136	237338199	264	0.0475
fe9f30de-ba46-45db-90d3-0e283a909aa2	1	237338558	237338915	2	1.5097
fe9f30de-ba46-45db-90d3-0e283a909aa2	1	237339689	238801998	1218	0.03
fe9f30de-ba46-45db-90d3-0e283a909aa2	1	238804816	238939010	83	0.2463
fe9f30de-ba46-45db-90d3-0e283a909aa2	1	238949850	240503684	1205	0.0637
fe9f30de-ba46-45db-90d3-0e283a909aa2	1	240506416	240728886	138	-0.1107
fe9f30de-ba46-45db-90d3-0e283a909aa2	1	240730032	245148884	2663	0.0408
fe9f30de-ba46-45db-90d3-0e283a909aa2	1	245148993	247650984	1092	0.1085
fe9f30de-ba46-45db-90d3-0e283a909aa2	2	480597	4401470	1905	0.1271
fe9f30de-ba46-45db-90d3-0e283a909aa2	2	4402327	6230408	1413	0.0442
fe9f30de-ba46-45db-90d3-0e283a909aa2	2	6234957	13004742	4797	0.098
fe9f30de-ba46-45db-90d3-0e283a909aa2	2	13007939	13052723	19	-0.5775
fe9f30de-ba46-45db-90d3-0e283a909aa2	2	13148801	19000803	3950	0.0895
fe9f30de-ba46-45db-90d3-0e283a909aa2	2	19001888	20884977	1356	0.1315
fe9f30de-ba46-45db-90d3-0e283a909aa2	2	20885072	40690861	10630	0.0723
fe9f30de-ba46-45db-90d3-0e283a909aa2	2	40694942	40695327	4	1.156
fe9f30de-ba46-45db-90d3-0e283a909aa2	2	40698951	49741050	5733	0.094
fe9f30de-ba46-45db-90d3-0e283a909aa2	2	49744101	49744570	5	0.9781
fe9f30de-ba46-45db-90d3-0e283a909aa2	2	49747006	63440643	7356	0.0816
fe9f30de-ba46-45db-90d3-0e283a909aa2	2	63442491	63442670	2	1.515
fe9f30de-ba46-45db-90d3-0e283a909aa2	2	63444822	64527815	515	0.0891
fe9f30de-ba46-45db-90d3-0e283a909aa2	2	64530362	64586357	30	-0.1948
fe9f30de-ba46-45db-90d3-0e283a909aa2	2	64586504	66114676	1062	0.0788
fe9f30de-ba46-45db-90d3-0e283a909aa2	2	66115247	66228240	99	-0.5926
fe9f30de-ba46-45db-90d3-0e283a909aa2	2	66230656	69855863	2332	0.0718
fe9f30de-ba46-45db-90d3-0e283a909aa2	2	69857014	69932312	37	-0.5809
fe9f30de-ba46-45db-90d3-0e283a909aa2	2	69932652	96545458	9956	0.0769
fe9f30de-ba46-45db-90d3-0e283a909aa2	2	96546890	96758245	69	-0.4895
fe9f30de-ba46-45db-90d3-0e283a909aa2	2	96765109	99584574	1099	0.0864
fe9f30de-ba46-45db-90d3-0e283a909aa2	2	99586763	99661761	50	-0.5826
fe9f30de-ba46-45db-90d3-0e283a909aa2	2	99663231	100725105	749	0.1112
fe9f30de-ba46-45db-90d3-0e283a909aa2	2	100726224	100727216	5	1.306
fe9f30de-ba46-45db-90d3-0e283a909aa2	2	100728142	114494610	7409	0.0965
fe9f30de-ba46-45db-90d3-0e283a909aa2	2	114495193	115674450	663	0.0259
fe9f30de-ba46-45db-90d3-0e283a909aa2	2	115675811	131863634	7877	0.1104
fe9f30de-ba46-45db-90d3-0e283a909aa2	2	131876770	142206803	5661	0.0604
fe9f30de-ba46-45db-90d3-0e283a909aa2	2	142208154	142236813	32	0.4138
fe9f30de-ba46-45db-90d3-0e283a909aa2	2	142236916	143370006	657	0.0888
fe9f30de-ba46-45db-90d3-0e283a909aa2	2	143370043	143370986	5	0.7421
fe9f30de-ba46-45db-90d3-0e283a909aa2	2	143372720	143629300	146	0.1207
fe9f30de-ba46-45db-90d3-0e283a909aa2	2	143632232	144559763	505	-0.0097
fe9f30de-ba46-45db-90d3-0e283a909aa2	2	144564656	158255942	7802	0.0746
fe9f30de-ba46-45db-90d3-0e283a909aa2	2	158262126	158393229	80	0.1551
fe9f30de-ba46-45db-90d3-0e283a909aa2	2	158393351	158419161	13	0.4831
fe9f30de-ba46-45db-90d3-0e283a909aa2	2	158419780	160553157	1334	0.0972
fe9f30de-ba46-45db-90d3-0e283a909aa2	2	160560281	160561124	2	-0.9714
fe9f30de-ba46-45db-90d3-0e283a909aa2	2	160563002	160672994	80	0.1997
fe9f30de-ba46-45db-90d3-0e283a909aa2	2	160677432	160703000	7	-0.3526
fe9f30de-ba46-45db-90d3-0e283a909aa2	2	160704358	161156444	309	0.1609
fe9f30de-ba46-45db-90d3-0e283a909aa2	2	161156662	161157015	2	1.2795
fe9f30de-ba46-45db-90d3-0e283a909aa2	2	161157191	161807532	324	0.1188
fe9f30de-ba46-45db-90d3-0e283a909aa2	2	161808858	166187377	2405	0.067
fe9f30de-ba46-45db-90d3-0e283a909aa2	2	166189075	166202993	10	-0.6455
fe9f30de-ba46-45db-90d3-0e283a909aa2	2	166203385	211531788	25297	0.0748
fe9f30de-ba46-45db-90d3-0e283a909aa2	2	211535784	211762022	164	-0.0775
fe9f30de-ba46-45db-90d3-0e283a909aa2	2	211762192	213145107	842	0.0778
fe9f30de-ba46-45db-90d3-0e283a909aa2	2	213145491	213145987	2	1.7501
fe9f30de-ba46-45db-90d3-0e283a909aa2	2	213146692	213868844	363	0.0247
fe9f30de-ba46-45db-90d3-0e283a909aa2	2	213879217	213925936	30	0.3285
fe9f30de-ba46-45db-90d3-0e283a909aa2	2	213928040	214317165	222	0.0453
fe9f30de-ba46-45db-90d3-0e283a909aa2	2	214318106	214431003	67	-0.1797
fe9f30de-ba46-45db-90d3-0e283a909aa2	2	214431623	225825937	7393	0.0704
fe9f30de-ba46-45db-90d3-0e283a909aa2	2	225831020	225831250	3	2.4214
fe9f30de-ba46-45db-90d3-0e283a909aa2	2	225832712	226989151	694	0.1093
fe9f30de-ba46-45db-90d3-0e283a909aa2	2	226990488	227415950	271	-0.0244
fe9f30de-ba46-45db-90d3-0e283a909aa2	2	227416688	234354972	3923	0.0987
fe9f30de-ba46-45db-90d3-0e283a909aa2	2	234358324	234360118	2	-1.4796
fe9f30de-ba46-45db-90d3-0e283a909aa2	2	234361589	237489879	2099	0.12
fe9f30de-ba46-45db-90d3-0e283a909aa2	2	237492059	237661803	130	-0.5602
fe9f30de-ba46-45db-90d3-0e283a909aa2	2	237662388	241537572	2114	0.125
fe9f30de-ba46-45db-90d3-0e283a909aa2	3	2170634	41707663	23909	0.0995
fe9f30de-ba46-45db-90d3-0e283a909aa2	3	41720336	47136984	2902	-0.5862
fe9f30de-ba46-45db-90d3-0e283a909aa2	3	47146978	52535904	2072	-0.5037
fe9f30de-ba46-45db-90d3-0e283a909aa2	3	52538040	73185961	13498	-0.5876
fe9f30de-ba46-45db-90d3-0e283a909aa2	3	73191622	73678389	404	0.1062
fe9f30de-ba46-45db-90d3-0e283a909aa2	3	73678609	73679035	3	1.5161
fe9f30de-ba46-45db-90d3-0e283a909aa2	3	73679973	76058471	1121	0.09
fe9f30de-ba46-45db-90d3-0e283a909aa2	3	76058506	76058534	2	-2.0072
fe9f30de-ba46-45db-90d3-0e283a909aa2	3	76060935	76728172	384	0.0733
fe9f30de-ba46-45db-90d3-0e283a909aa2	3	76733646	76877290	74	-0.1371
fe9f30de-ba46-45db-90d3-0e283a909aa2	3	76879839	76906037	21	0.2113
fe9f30de-ba46-45db-90d3-0e283a909aa2	3	76906091	76925358	17	-0.2294
fe9f30de-ba46-45db-90d3-0e283a909aa2	3	76931536	76934314	10	0.131
fe9f30de-ba46-45db-90d3-0e283a909aa2	3	76934546	76965523	21	-0.1326
fe9f30de-ba46-45db-90d3-0e283a909aa2	3	76968642	85000483	4214	0.0827
fe9f30de-ba46-45db-90d3-0e283a909aa2	3	85001699	94018736	2531	-0.584
fe9f30de-ba46-45db-90d3-0e283a909aa2	3	94021848	101493708	3863	0.108
fe9f30de-ba46-45db-90d3-0e283a909aa2	3	101497580	120135536	10928	0.0804
fe9f30de-ba46-45db-90d3-0e283a909aa2	3	120139209	126980540	3884	0.1152
fe9f30de-ba46-45db-90d3-0e283a909aa2	3	126990359	127033799	15	0.6319
fe9f30de-ba46-45db-90d3-0e283a909aa2	3	127036457	152880479	14121	0.095
fe9f30de-ba46-45db-90d3-0e283a909aa2	3	152880744	153536471	373	-0.0284
fe9f30de-ba46-45db-90d3-0e283a909aa2	3	153536636	181094531	13967	0.0864
fe9f30de-ba46-45db-90d3-0e283a909aa2	3	181095377	181998439	474	-0.0047
fe9f30de-ba46-45db-90d3-0e283a909aa2	3	182000813	189482383	4182	0.0818
fe9f30de-ba46-45db-90d3-0e283a909aa2	3	189486206	189487575	8	0.7878
fe9f30de-ba46-45db-90d3-0e283a909aa2	3	189487795	197812401	4048	0.0828
fe9f30de-ba46-45db-90d3-0e283a909aa2	4	1059384	1192677	82	0.1032
fe9f30de-ba46-45db-90d3-0e283a909aa2	4	1197254	1243226	24	0.5145
fe9f30de-ba46-45db-90d3-0e283a909aa2	4	1250089	1306692	28	0.031
fe9f30de-ba46-45db-90d3-0e283a909aa2	4	1505243	1651625	26	0.5051
fe9f30de-ba46-45db-90d3-0e283a909aa2	4	1658924	1727698	54	0.1626
fe9f30de-ba46-45db-90d3-0e283a909aa2	4	1731823	1802549	22	0.5889
fe9f30de-ba46-45db-90d3-0e283a909aa2	4	1814963	1869817	24	0.2808
fe9f30de-ba46-45db-90d3-0e283a909aa2	4	1877275	10137533	4436	0.1271
fe9f30de-ba46-45db-90d3-0e283a909aa2	4	10139795	10413762	219	0.2643
fe9f30de-ba46-45db-90d3-0e283a909aa2	4	10414965	14918248	3460	0.0828
fe9f30de-ba46-45db-90d3-0e283a909aa2	4	14918778	14932483	18	0.7225
fe9f30de-ba46-45db-90d3-0e283a909aa2	4	14934969	52171990	20143	0.0746
fe9f30de-ba46-45db-90d3-0e283a909aa2	4	52175230	52175904	4	2.0067
fe9f30de-ba46-45db-90d3-0e283a909aa2	4	52177058	60095543	4987	0.0976
fe9f30de-ba46-45db-90d3-0e283a909aa2	4	60096634	60096703	2	2.8872
fe9f30de-ba46-45db-90d3-0e283a909aa2	4	60098641	73932229	6941	0.0668
fe9f30de-ba46-45db-90d3-0e283a909aa2	4	73932251	75518973	963	0.133
fe9f30de-ba46-45db-90d3-0e283a909aa2	4	75519186	76196421	408	0.0318
fe9f30de-ba46-45db-90d3-0e283a909aa2	4	76198211	76272161	59	0.2686
fe9f30de-ba46-45db-90d3-0e283a909aa2	4	76275035	77211790	611	0.0609
fe9f30de-ba46-45db-90d3-0e283a909aa2	4	77212413	77512061	252	0.2188
fe9f30de-ba46-45db-90d3-0e283a909aa2	4	77512132	82234483	2810	0.1038
fe9f30de-ba46-45db-90d3-0e283a909aa2	4	82239830	97103311	8528	0.068
fe9f30de-ba46-45db-90d3-0e283a909aa2	4	97103560	97162213	31	-0.5189
fe9f30de-ba46-45db-90d3-0e283a909aa2	4	97168910	103842217	3639	0.0792
fe9f30de-ba46-45db-90d3-0e283a909aa2	4	103842349	103842452	4	1.2604
fe9f30de-ba46-45db-90d3-0e283a909aa2	4	103842660	104770805	475	0.093
fe9f30de-ba46-45db-90d3-0e283a909aa2	4	104774216	104774560	2	2.3579
fe9f30de-ba46-45db-90d3-0e283a909aa2	4	104774727	104824151	25	0.16
fe9f30de-ba46-45db-90d3-0e283a909aa2	4	104824441	104825245	3	1.1536
fe9f30de-ba46-45db-90d3-0e283a909aa2	4	104826410	107714338	1647	0.096
fe9f30de-ba46-45db-90d3-0e283a909aa2	4	107714506	110610191	1669	0.0348
fe9f30de-ba46-45db-90d3-0e283a909aa2	4	110615314	117625332	4011	0.0895
fe9f30de-ba46-45db-90d3-0e283a909aa2	4	117626187	117787412	145	0.2376
fe9f30de-ba46-45db-90d3-0e283a909aa2	4	117792321	130246311	6805	0.0688
fe9f30de-ba46-45db-90d3-0e283a909aa2	4	130249780	130250350	12	1.6133
fe9f30de-ba46-45db-90d3-0e283a909aa2	4	130250672	138934193	4247	0.0883
fe9f30de-ba46-45db-90d3-0e283a909aa2	4	138937181	139720086	483	-0.0186
fe9f30de-ba46-45db-90d3-0e283a909aa2	4	139721103	142523481	1816	0.0751
fe9f30de-ba46-45db-90d3-0e283a909aa2	4	142523591	142527102	3	-1.1759
fe9f30de-ba46-45db-90d3-0e283a909aa2	4	142527143	150243650	4103	0.0788
fe9f30de-ba46-45db-90d3-0e283a909aa2	4	150243685	150253069	15	0.4096
fe9f30de-ba46-45db-90d3-0e283a909aa2	4	150253216	150257349	8	0.8616
fe9f30de-ba46-45db-90d3-0e283a909aa2	4	150257543	150283667	25	0.3307
fe9f30de-ba46-45db-90d3-0e283a909aa2	4	150284491	154144338	2062	0.0951
fe9f30de-ba46-45db-90d3-0e283a909aa2	4	154149592	154155040	7	-0.5392
fe9f30de-ba46-45db-90d3-0e283a909aa2	4	154158235	155597750	903	0.103
fe9f30de-ba46-45db-90d3-0e283a909aa2	4	155598047	155728031	95	-0.1448
fe9f30de-ba46-45db-90d3-0e283a909aa2	4	155728305	160914845	3122	0.0654
fe9f30de-ba46-45db-90d3-0e283a909aa2	4	160916563	160917733	3	2.0173
fe9f30de-ba46-45db-90d3-0e283a909aa2	4	160918338	171542492	5763	0.0692
fe9f30de-ba46-45db-90d3-0e283a909aa2	4	171545709	171548617	4	-0.9792
fe9f30de-ba46-45db-90d3-0e283a909aa2	4	171551444	173592919	993	0.0658
fe9f30de-ba46-45db-90d3-0e283a909aa2	4	173594680	173613455	15	-0.3686
fe9f30de-ba46-45db-90d3-0e283a909aa2	4	173617854	175576529	1118	0.0726
fe9f30de-ba46-45db-90d3-0e283a909aa2	4	175576826	182392938	3843	0.0241
fe9f30de-ba46-45db-90d3-0e283a909aa2	4	182392963	187842528	2234	0.0741
fe9f30de-ba46-45db-90d3-0e283a909aa2	5	914118	1003020	41	0.0393
fe9f30de-ba46-45db-90d3-0e283a909aa2	5	1005958	1288579	17	0.6399
fe9f30de-ba46-45db-90d3-0e283a909aa2	5	1299214	5202007	2834	0.1073
fe9f30de-ba46-45db-90d3-0e283a909aa2	5	5203647	5236151	38	-0.2145
fe9f30de-ba46-45db-90d3-0e283a909aa2	5	5236243	6603283	1146	0.0933
fe9f30de-ba46-45db-90d3-0e283a909aa2	5	6604839	6604857	2	1.5168
fe9f30de-ba46-45db-90d3-0e283a909aa2	5	6607030	9787796	2397	0.0967
fe9f30de-ba46-45db-90d3-0e283a909aa2	5	9788238	10231355	388	0.1897
fe9f30de-ba46-45db-90d3-0e283a909aa2	5	10233276	18393955	4441	0.0877
fe9f30de-ba46-45db-90d3-0e283a909aa2	5	18394093	18394501	3	1.3219
fe9f30de-ba46-45db-90d3-0e283a909aa2	5	18394758	23622268	2561	0.0677
fe9f30de-ba46-45db-90d3-0e283a909aa2	5	23622848	23629341	13	-0.4473
fe9f30de-ba46-45db-90d3-0e283a909aa2	5	23630852	24578719	537	0.0671
fe9f30de-ba46-45db-90d3-0e283a909aa2	5	24579550	24579985	3	1.2639
fe9f30de-ba46-45db-90d3-0e283a909aa2	5	24580647	25657662	466	0.0811
fe9f30de-ba46-45db-90d3-0e283a909aa2	5	25657981	25838958	110	-0.595
fe9f30de-ba46-45db-90d3-0e283a909aa2	5	25839671	25844609	10	-1.3636
fe9f30de-ba46-45db-90d3-0e283a909aa2	5	25851630	25911027	43	-0.7138
fe9f30de-ba46-45db-90d3-0e283a909aa2	5	25911228	53845509	12836	0.0945
fe9f30de-ba46-45db-90d3-0e283a909aa2	5	53847436	53848329	3	1.3116
fe9f30de-ba46-45db-90d3-0e283a909aa2	5	53857827	54080783	161	0.0148
fe9f30de-ba46-45db-90d3-0e283a909aa2	5	54081006	54394839	205	0.1566
fe9f30de-ba46-45db-90d3-0e283a909aa2	5	54396144	54957296	450	0.0789
fe9f30de-ba46-45db-90d3-0e283a909aa2	5	54959817	55159878	123	0.1837
fe9f30de-ba46-45db-90d3-0e283a909aa2	5	55162898	57294967	1292	0.0403
fe9f30de-ba46-45db-90d3-0e283a909aa2	5	57296637	76631397	10475	0.0941
fe9f30de-ba46-45db-90d3-0e283a909aa2	5	76631538	91036118	7923	0.0628
fe9f30de-ba46-45db-90d3-0e283a909aa2	5	91041758	91042140	2	1.5601
fe9f30de-ba46-45db-90d3-0e283a909aa2	5	91042782	97196934	3285	0.0677
fe9f30de-ba46-45db-90d3-0e283a909aa2	5	97197765	101642847	1604	0.1003
fe9f30de-ba46-45db-90d3-0e283a909aa2	5	101647456	101649557	4	-0.8076
fe9f30de-ba46-45db-90d3-0e283a909aa2	5	101655474	103505096	768	0.1177
fe9f30de-ba46-45db-90d3-0e283a909aa2	5	103509389	107626844	2151	-0.6084
fe9f30de-ba46-45db-90d3-0e283a909aa2	5	107629165	107981162	300	0.1158
fe9f30de-ba46-45db-90d3-0e283a909aa2	5	107981214	107992228	11	-0.2226
fe9f30de-ba46-45db-90d3-0e283a909aa2	5	107992709	107993587	3	-0.9898
fe9f30de-ba46-45db-90d3-0e283a909aa2	5	107993798	116628396	5426	0.0889
fe9f30de-ba46-45db-90d3-0e283a909aa2	5	116628657	118153204	897	0.0245
fe9f30de-ba46-45db-90d3-0e283a909aa2	5	118155305	129871049	6850	0.0924
fe9f30de-ba46-45db-90d3-0e283a909aa2	5	129872948	130429072	300	-0.6226
fe9f30de-ba46-45db-90d3-0e283a909aa2	5	130431321	163929159	20752	0.0793
fe9f30de-ba46-45db-90d3-0e283a909aa2	5	163932798	167609740	2292	0.0215
fe9f30de-ba46-45db-90d3-0e283a909aa2	5	167610002	180934240	7872	0.0882
fe9f30de-ba46-45db-90d3-0e283a909aa2	6	1011760	2472379	1077	0.1201
fe9f30de-ba46-45db-90d3-0e283a909aa2	6	2472677	2473809	3	-1.0792
fe9f30de-ba46-45db-90d3-0e283a909aa2	6	2474503	8017839	4121	0.101
fe9f30de-ba46-45db-90d3-0e283a909aa2	6	8018184	8023764	12	-0.4327
fe9f30de-ba46-45db-90d3-0e283a909aa2	6	8027393	10795955	1714	0.0667
fe9f30de-ba46-45db-90d3-0e283a909aa2	6	10801155	10894022	64	-0.6721
fe9f30de-ba46-45db-90d3-0e283a909aa2	6	10894148	11121848	146	-0.0002
fe9f30de-ba46-45db-90d3-0e283a909aa2	6	11121993	12174678	866	0.1082
fe9f30de-ba46-45db-90d3-0e283a909aa2	6	12175129	12233810	66	-0.0823
fe9f30de-ba46-45db-90d3-0e283a909aa2	6	12234577	13305564	842	0.1344
fe9f30de-ba46-45db-90d3-0e283a909aa2	6	13305718	16945824	2505	0.0578
fe9f30de-ba46-45db-90d3-0e283a909aa2	6	16946114	16946808	2	1.5645
fe9f30de-ba46-45db-90d3-0e283a909aa2	6	16949101	25863422	6007	0.0807
fe9f30de-ba46-45db-90d3-0e283a909aa2	6	25863810	26207415	204	-0.0224
fe9f30de-ba46-45db-90d3-0e283a909aa2	6	26207700	26215518	6	-0.7984
fe9f30de-ba46-45db-90d3-0e283a909aa2	6	26215574	29223612	986	0.0226
fe9f30de-ba46-45db-90d3-0e283a909aa2	6	29224369	46199384	8725	0.0888
fe9f30de-ba46-45db-90d3-0e283a909aa2	6	46202776	47728069	1028	0.1564
fe9f30de-ba46-45db-90d3-0e283a909aa2	6	47728094	49402471	865	0.0961
fe9f30de-ba46-45db-90d3-0e283a909aa2	6	49402926	49403271	4	1.0271
fe9f30de-ba46-45db-90d3-0e283a909aa2	6	49404174	61699774	4930	0.0897
fe9f30de-ba46-45db-90d3-0e283a909aa2	6	61823500	132336282	39670	-0.5992
fe9f30de-ba46-45db-90d3-0e283a909aa2	6	132337417	132551010	126	-2.3448
fe9f30de-ba46-45db-90d3-0e283a909aa2	6	132551219	170596889	22877	-0.6129
fe9f30de-ba46-45db-90d3-0e283a909aa2	7	664936	2163710	412	0.6692
fe9f30de-ba46-45db-90d3-0e283a909aa2	7	2163734	5287807	1389	0.5601
fe9f30de-ba46-45db-90d3-0e283a909aa2	7	5288599	5404078	45	0.7955
fe9f30de-ba46-45db-90d3-0e283a909aa2	7	5404149	5709363	127	0.5855
fe9f30de-ba46-45db-90d3-0e283a909aa2	7	5709591	5999449	3	-0.7248
fe9f30de-ba46-45db-90d3-0e283a909aa2	7	5999498	6408901	189	0.5581
fe9f30de-ba46-45db-90d3-0e283a909aa2	7	6409132	6667000	105	0.7034
fe9f30de-ba46-45db-90d3-0e283a909aa2	7	6667179	7226331	107	0.5348
fe9f30de-ba46-45db-90d3-0e283a909aa2	7	7227100	7228416	5	-0.1922
fe9f30de-ba46-45db-90d3-0e283a909aa2	7	7228888	11379043	2027	0.5258
fe9f30de-ba46-45db-90d3-0e283a909aa2	7	11379144	11744268	282	0.1334
fe9f30de-ba46-45db-90d3-0e283a909aa2	7	11744290	11781081	33	-0.092
fe9f30de-ba46-45db-90d3-0e283a909aa2	7	11785584	11977209	160	0.1893
fe9f30de-ba46-45db-90d3-0e283a909aa2	7	11983064	12181135	175	0.5109
fe9f30de-ba46-45db-90d3-0e283a909aa2	7	12188111	12456206	185	0.626
fe9f30de-ba46-45db-90d3-0e283a909aa2	7	12458188	13812562	906	0.5128
fe9f30de-ba46-45db-90d3-0e283a909aa2	7	13815549	14066255	328	0.3609
fe9f30de-ba46-45db-90d3-0e283a909aa2	7	14077492	45254219	19326	0.5212
fe9f30de-ba46-45db-90d3-0e283a909aa2	7	45254708	45633224	228	-0.4926
fe9f30de-ba46-45db-90d3-0e283a909aa2	7	45638372	63929172	7581	0.5366
fe9f30de-ba46-45db-90d3-0e283a909aa2	7	63932080	63940659	3	-0.4093
fe9f30de-ba46-45db-90d3-0e283a909aa2	7	63947921	63952958	10	0.3156
fe9f30de-ba46-45db-90d3-0e283a909aa2	7	63956339	64025321	39	-0.0211
fe9f30de-ba46-45db-90d3-0e283a909aa2	7	64026945	70352351	2684	0.4886
fe9f30de-ba46-45db-90d3-0e283a909aa2	7	70354054	73571446	1422	0.5348
fe9f30de-ba46-45db-90d3-0e283a909aa2	7	73572764	73913683	111	0.659
fe9f30de-ba46-45db-90d3-0e283a909aa2	7	73914994	73960433	14	0.2653
fe9f30de-ba46-45db-90d3-0e283a909aa2	7	73960849	74510677	214	0.6425
fe9f30de-ba46-45db-90d3-0e283a909aa2	7	74510784	78633064	1509	0.5279
fe9f30de-ba46-45db-90d3-0e283a909aa2	7	78633131	78633139	2	-1.0131
fe9f30de-ba46-45db-90d3-0e283a909aa2	7	78636479	127595761	25731	0.5226
fe9f30de-ba46-45db-90d3-0e283a909aa2	7	127596191	149705967	12078	0.5034
fe9f30de-ba46-45db-90d3-0e283a909aa2	7	149711570	150944693	490	0.1005
fe9f30de-ba46-45db-90d3-0e283a909aa2	7	150949356	151013304	13	0.5818
fe9f30de-ba46-45db-90d3-0e283a909aa2	7	151020592	155411140	2215	0.0879
fe9f30de-ba46-45db-90d3-0e283a909aa2	7	155412404	155418991	2	1.604
fe9f30de-ba46-45db-90d3-0e283a909aa2	7	155419697	155549081	95	-0.0435
fe9f30de-ba46-45db-90d3-0e283a909aa2	7	155550470	157231344	1034	0.1238
fe9f30de-ba46-45db-90d3-0e283a909aa2	7	157235886	157248673	18	-0.0823
fe9f30de-ba46-45db-90d3-0e283a909aa2	7	157248831	157321317	39	0.3574
fe9f30de-ba46-45db-90d3-0e283a909aa2	7	157322377	157386396	37	0.0571
fe9f30de-ba46-45db-90d3-0e283a909aa2	7	157391260	157545672	94	0.3318
fe9f30de-ba46-45db-90d3-0e283a909aa2	7	157545835	157927861	210	0.1236
fe9f30de-ba46-45db-90d3-0e283a909aa2	7	157927930	158499481	205	0.247
fe9f30de-ba46-45db-90d3-0e283a909aa2	7	158502016	158583278	29	0.0297
fe9f30de-ba46-45db-90d3-0e283a909aa2	7	158590915	158592540	3	0.5483
fe9f30de-ba46-45db-90d3-0e283a909aa2	8	667625	6968014	3235	0.1074
fe9f30de-ba46-45db-90d3-0e283a909aa2	8	8398802	8536787	130	-0.6208
fe9f30de-ba46-45db-90d3-0e283a909aa2	8	8537367	8537975	2	-3.5789
fe9f30de-ba46-45db-90d3-0e283a909aa2	8	8538754	11008732	1355	-0.5973
fe9f30de-ba46-45db-90d3-0e283a909aa2	8	11009113	11801118	518	0.1222
fe9f30de-ba46-45db-90d3-0e283a909aa2	8	12704441	12945183	191	-0.5754
fe9f30de-ba46-45db-90d3-0e283a909aa2	8	12945324	16254491	2509	-0.6721
fe9f30de-ba46-45db-90d3-0e283a909aa2	8	16254781	20682437	3451	-0.5901
fe9f30de-ba46-45db-90d3-0e283a909aa2	8	20686873	20688177	3	-2.6959
fe9f30de-ba46-45db-90d3-0e283a909aa2	8	20689844	38403297	10889	-0.5814
fe9f30de-ba46-45db-90d3-0e283a909aa2	8	38409988	51423582	5068	0.1027
fe9f30de-ba46-45db-90d3-0e283a909aa2	8	51423622	51429861	4	-1.2973
fe9f30de-ba46-45db-90d3-0e283a909aa2	8	51430251	103533910	30214	0.0827
fe9f30de-ba46-45db-90d3-0e283a909aa2	8	103539571	103737549	91	0.2761
fe9f30de-ba46-45db-90d3-0e283a909aa2	8	103737779	114968149	5772	0.0725
fe9f30de-ba46-45db-90d3-0e283a909aa2	8	114970908	115007834	35	-0.6604
fe9f30de-ba46-45db-90d3-0e283a909aa2	8	115014833	115317684	195	0.0774
fe9f30de-ba46-45db-90d3-0e283a909aa2	8	115318550	115507542	109	-0.1006
fe9f30de-ba46-45db-90d3-0e283a909aa2	8	115507753	120348751	3287	0.0758
fe9f30de-ba46-45db-90d3-0e283a909aa2	8	120354530	120358517	3	-1.1987
fe9f30de-ba46-45db-90d3-0e283a909aa2	8	120359043	121295259	604	0.1251
fe9f30de-ba46-45db-90d3-0e283a909aa2	8	121297511	139068746	12696	0.0778
fe9f30de-ba46-45db-90d3-0e283a909aa2	8	139069563	139224042	129	0.207
fe9f30de-ba46-45db-90d3-0e283a909aa2	8	139226572	139407444	159	0.0814
fe9f30de-ba46-45db-90d3-0e283a909aa2	8	139408921	139414177	4	-0.4986
fe9f30de-ba46-45db-90d3-0e283a909aa2	8	139415142	140254907	671	0.1307
fe9f30de-ba46-45db-90d3-0e283a909aa2	8	140255002	144182542	757	0.206
fe9f30de-ba46-45db-90d3-0e283a909aa2	9	789794	88281514	37487	0.0963
fe9f30de-ba46-45db-90d3-0e283a909aa2	9	88283112	88289463	2	-1.4681
fe9f30de-ba46-45db-90d3-0e283a909aa2	9	88290348	94175398	3667	0.1307
fe9f30de-ba46-45db-90d3-0e283a909aa2	9	94175707	106275209	7413	0.0935
fe9f30de-ba46-45db-90d3-0e283a909aa2	9	106277130	106277338	2	1.8948
fe9f30de-ba46-45db-90d3-0e283a909aa2	9	106281604	112973631	4893	0.1157
fe9f30de-ba46-45db-90d3-0e283a909aa2	9	112978743	117062958	2875	-0.5857
fe9f30de-ba46-45db-90d3-0e283a909aa2	9	117063890	119367024	1711	0.0767
fe9f30de-ba46-45db-90d3-0e283a909aa2	9	119374321	120508284	983	0.1329
fe9f30de-ba46-45db-90d3-0e283a909aa2	9	120510490	121262693	454	0.0335
fe9f30de-ba46-45db-90d3-0e283a909aa2	9	121266260	130711749	5267	0.1234
fe9f30de-ba46-45db-90d3-0e283a909aa2	9	130717343	130879296	248	0.019
fe9f30de-ba46-45db-90d3-0e283a909aa2	9	130881323	130997484	78	0.3134
fe9f30de-ba46-45db-90d3-0e283a909aa2	9	130998604	133028648	1384	0.1044
fe9f30de-ba46-45db-90d3-0e283a909aa2	9	133029179	135774666	1338	0.1841
fe9f30de-ba46-45db-90d3-0e283a909aa2	9	135775923	135792823	7	0.8738
fe9f30de-ba46-45db-90d3-0e283a909aa2	9	135793326	136161138	149	0.2327
fe9f30de-ba46-45db-90d3-0e283a909aa2	9	136169628	136362835	3	1.4493
fe9f30de-ba46-45db-90d3-0e283a909aa2	9	136374683	136495798	69	0.1607
fe9f30de-ba46-45db-90d3-0e283a909aa2	9	136501021	136540932	13	0.7888
fe9f30de-ba46-45db-90d3-0e283a909aa2	9	136541024	137190033	144	0.2326
fe9f30de-ba46-45db-90d3-0e283a909aa2	9	137191593	137563956	44	0.4943
fe9f30de-ba46-45db-90d3-0e283a909aa2	9	137572364	138044505	201	0.1704
fe9f30de-ba46-45db-90d3-0e283a909aa2	10	366509	414337	33	-0.572
fe9f30de-ba46-45db-90d3-0e283a909aa2	10	415422	812082	124	-0.3515
fe9f30de-ba46-45db-90d3-0e283a909aa2	10	812093	3724009	1678	-0.5808
fe9f30de-ba46-45db-90d3-0e283a909aa2	10	3727593	4125905	394	0.0464
fe9f30de-ba46-45db-90d3-0e283a909aa2	10	4126305	5702423	1185	0.1524
fe9f30de-ba46-45db-90d3-0e283a909aa2	10	5703022	6351648	542	0.0617
fe9f30de-ba46-45db-90d3-0e283a909aa2	10	6362248	6898652	361	-0.543
fe9f30de-ba46-45db-90d3-0e283a909aa2	10	6898781	6910310	16	-1.0754
fe9f30de-ba46-45db-90d3-0e283a909aa2	10	6910398	7180941	262	-0.5383
fe9f30de-ba46-45db-90d3-0e283a909aa2	10	7181621	9141533	1563	-0.6551
fe9f30de-ba46-45db-90d3-0e283a909aa2	10	9149186	9849535	380	-0.5678
fe9f30de-ba46-45db-90d3-0e283a909aa2	10	9852939	9898790	33	0.1126
fe9f30de-ba46-45db-90d3-0e283a909aa2	10	9902847	11532915	1396	-0.5878
fe9f30de-ba46-45db-90d3-0e283a909aa2	10	11535667	26942681	10805	0.0936
fe9f30de-ba46-45db-90d3-0e283a909aa2	10	26942964	28363643	838	-0.6099
fe9f30de-ba46-45db-90d3-0e283a909aa2	10	28363963	28367897	2	-2.6612
fe9f30de-ba46-45db-90d3-0e283a909aa2	10	28370511	29227637	639	-0.5867
fe9f30de-ba46-45db-90d3-0e283a909aa2	10	29229024	32296558	2215	0.1054
fe9f30de-ba46-45db-90d3-0e283a909aa2	10	32297270	32316313	18	-0.3899
fe9f30de-ba46-45db-90d3-0e283a909aa2	10	32317972	36324626	2473	0.1208
fe9f30de-ba46-45db-90d3-0e283a909aa2	10	36325810	36794787	337	-0.0231
fe9f30de-ba46-45db-90d3-0e283a909aa2	10	36797067	52098088	5395	0.1149
fe9f30de-ba46-45db-90d3-0e283a909aa2	10	52099680	52110815	13	-0.5165
fe9f30de-ba46-45db-90d3-0e283a909aa2	10	52112984	72098641	12125	0.0984
fe9f30de-ba46-45db-90d3-0e283a909aa2	10	72098696	75275708	1350	0.0506
fe9f30de-ba46-45db-90d3-0e283a909aa2	10	75282475	82069292	4488	0.1201
fe9f30de-ba46-45db-90d3-0e283a909aa2	10	82070114	82071763	5	0.9665
fe9f30de-ba46-45db-90d3-0e283a909aa2	10	82072548	82629858	388	0.0882
fe9f30de-ba46-45db-90d3-0e283a909aa2	10	82632629	87426167	3091	-0.5653
fe9f30de-ba46-45db-90d3-0e283a909aa2	10	87426739	87636388	84	-2.3714
fe9f30de-ba46-45db-90d3-0e283a909aa2	10	87639467	87653077	10	-5.4011
fe9f30de-ba46-45db-90d3-0e283a909aa2	10	87653210	87861304	144	-2.1002
fe9f30de-ba46-45db-90d3-0e283a909aa2	10	87866697	87956350	139	-0.971
fe9f30de-ba46-45db-90d3-0e283a909aa2	10	87956415	87956677	7	0.1454
fe9f30de-ba46-45db-90d3-0e283a909aa2	10	87956690	87976151	42	-1.263
fe9f30de-ba46-45db-90d3-0e283a909aa2	10	87977797	88840670	559	-2.492
fe9f30de-ba46-45db-90d3-0e283a909aa2	10	88842871	94535094	3361	-0.5869
fe9f30de-ba46-45db-90d3-0e283a909aa2	10	94537651	95168331	278	-0.4094
fe9f30de-ba46-45db-90d3-0e283a909aa2	10	95178148	102685989	4311	-0.5777
fe9f30de-ba46-45db-90d3-0e283a909aa2	10	102687872	102696968	6	-1.988
fe9f30de-ba46-45db-90d3-0e283a909aa2	10	102702605	106881754	2634	-0.5882
fe9f30de-ba46-45db-90d3-0e283a909aa2	10	106885478	110196973	2095	0.0735
fe9f30de-ba46-45db-90d3-0e283a909aa2	10	110200743	116171257	4181	0.122
fe9f30de-ba46-45db-90d3-0e283a909aa2	10	116171519	116627195	323	0.0251
fe9f30de-ba46-45db-90d3-0e283a909aa2	10	116634943	126732394	7275	0.1243
fe9f30de-ba46-45db-90d3-0e283a909aa2	10	126733582	126733973	2	1.7834
fe9f30de-ba46-45db-90d3-0e283a909aa2	10	126735304	129778166	2386	0.1376
fe9f30de-ba46-45db-90d3-0e283a909aa2	10	129778210	132050299	754	0.0749
fe9f30de-ba46-45db-90d3-0e283a909aa2	10	132052643	133411599	392	0.2761
fe9f30de-ba46-45db-90d3-0e283a909aa2	11	456012	909492	105	0.4013
fe9f30de-ba46-45db-90d3-0e283a909aa2	11	911992	970459	31	0.0643
fe9f30de-ba46-45db-90d3-0e283a909aa2	11	970607	1506488	171	0.3141
fe9f30de-ba46-45db-90d3-0e283a909aa2	11	1506977	1651043	68	0.0392
fe9f30de-ba46-45db-90d3-0e283a909aa2	11	1651111	2273675	119	0.3235
fe9f30de-ba46-45db-90d3-0e283a909aa2	11	2276385	18823521	10876	0.1035
fe9f30de-ba46-45db-90d3-0e283a909aa2	11	18825648	19071803	164	0.2704
fe9f30de-ba46-45db-90d3-0e283a909aa2	11	19072887	30307628	7606	0.0811
fe9f30de-ba46-45db-90d3-0e283a909aa2	11	30307728	30372401	40	-0.5945
fe9f30de-ba46-45db-90d3-0e283a909aa2	11	30372417	30406715	32	-0.949
fe9f30de-ba46-45db-90d3-0e283a909aa2	11	30410735	30485548	58	-0.5523
fe9f30de-ba46-45db-90d3-0e283a909aa2	11	30485868	39149237	5257	0.0888
fe9f30de-ba46-45db-90d3-0e283a909aa2	11	39149806	41507719	1584	0.0296
fe9f30de-ba46-45db-90d3-0e283a909aa2	11	41507732	49938371	4504	0.0859
fe9f30de-ba46-45db-90d3-0e283a909aa2	11	49944962	56246322	31	-0.5048
fe9f30de-ba46-45db-90d3-0e283a909aa2	11	56247303	57861316	902	0.0879
fe9f30de-ba46-45db-90d3-0e283a909aa2	11	57862334	59138545	728	0.1712
fe9f30de-ba46-45db-90d3-0e283a909aa2	11	59138640	60987404	1080	0.091
fe9f30de-ba46-45db-90d3-0e283a909aa2	11	60988884	61060074	52	-0.1471
fe9f30de-ba46-45db-90d3-0e283a909aa2	11	61060404	62966137	924	0.1048
fe9f30de-ba46-45db-90d3-0e283a909aa2	11	62977427	63417946	261	0.2174
fe9f30de-ba46-45db-90d3-0e283a909aa2	11	63417960	63855160	178	0.0625
fe9f30de-ba46-45db-90d3-0e283a909aa2	11	63855852	64464423	213	0.2192
fe9f30de-ba46-45db-90d3-0e283a909aa2	11	64469561	66235633	311	0.0556
fe9f30de-ba46-45db-90d3-0e283a909aa2	11	66237784	66351205	39	0.2604
fe9f30de-ba46-45db-90d3-0e283a909aa2	11	66351318	66841520	160	0.0431
fe9f30de-ba46-45db-90d3-0e283a909aa2	11	66852333	66877907	6	0.5903
fe9f30de-ba46-45db-90d3-0e283a909aa2	11	66878680	67135507	95	0.1429
fe9f30de-ba46-45db-90d3-0e283a909aa2	11	67137588	67248979	44	-0.1559
fe9f30de-ba46-45db-90d3-0e283a909aa2	11	67249435	67397024	60	0.106
fe9f30de-ba46-45db-90d3-0e283a909aa2	11	67400259	68053569	68	0.2725
fe9f30de-ba46-45db-90d3-0e283a909aa2	11	68054155	68307527	125	0.0354
fe9f30de-ba46-45db-90d3-0e283a909aa2	11	68310060	71735202	1855	0.1594
fe9f30de-ba46-45db-90d3-0e283a909aa2	11	71736632	82238855	6183	0.0757
fe9f30de-ba46-45db-90d3-0e283a909aa2	11	82241549	82241656	3	1.2718
fe9f30de-ba46-45db-90d3-0e283a909aa2	11	82242175	85156063	1593	0.0374
fe9f30de-ba46-45db-90d3-0e283a909aa2	11	85159224	105539421	12633	0.0923
fe9f30de-ba46-45db-90d3-0e283a909aa2	11	105544966	105584038	34	-0.2201
fe9f30de-ba46-45db-90d3-0e283a909aa2	11	105585741	118016633	8095	0.0848
fe9f30de-ba46-45db-90d3-0e283a909aa2	11	118017097	118872629	637	0.004
fe9f30de-ba46-45db-90d3-0e283a909aa2	11	118874104	122074829	2181	0.0998
fe9f30de-ba46-45db-90d3-0e283a909aa2	11	122075796	122402322	230	0.0292
fe9f30de-ba46-45db-90d3-0e283a909aa2	11	122405931	122407823	2	-1.0921
fe9f30de-ba46-45db-90d3-0e283a909aa2	11	122408166	123723736	993	0.0366
fe9f30de-ba46-45db-90d3-0e283a909aa2	11	123725219	123825553	64	0.1391
fe9f30de-ba46-45db-90d3-0e283a909aa2	11	123828543	123964222	109	0.2641
fe9f30de-ba46-45db-90d3-0e283a909aa2	11	123965968	127815407	2762	0.086
fe9f30de-ba46-45db-90d3-0e283a909aa2	11	127820748	127824789	9	-0.5561
fe9f30de-ba46-45db-90d3-0e283a909aa2	11	127827006	133739688	4054	0.0961
fe9f30de-ba46-45db-90d3-0e283a909aa2	11	133742002	134272740	201	0.0346
fe9f30de-ba46-45db-90d3-0e283a909aa2	12	780472	5307445	2763	0.0846
fe9f30de-ba46-45db-90d3-0e283a909aa2	12	5309372	5489814	164	-0.5728
fe9f30de-ba46-45db-90d3-0e283a909aa2	12	5490480	6342424	622	0.1203
fe9f30de-ba46-45db-90d3-0e283a909aa2	12	6345932	7010959	289	0.0149
fe9f30de-ba46-45db-90d3-0e283a909aa2	12	7013092	7375875	166	0.1286
fe9f30de-ba46-45db-90d3-0e283a909aa2	12	7406707	7810616	193	-0.5342
fe9f30de-ba46-45db-90d3-0e283a909aa2	12	7982496	28213595	12209	0.0752
fe9f30de-ba46-45db-90d3-0e283a909aa2	12	28223406	29124204	561	0.1565
fe9f30de-ba46-45db-90d3-0e283a909aa2	12	29124502	29177910	29	0.0338
fe9f30de-ba46-45db-90d3-0e283a909aa2	12	29180784	29181968	22	1.4101
fe9f30de-ba46-45db-90d3-0e283a909aa2	12	29185506	55124948	11498	0.0717
fe9f30de-ba46-45db-90d3-0e283a909aa2	12	55125475	55216199	42	0.3185
fe9f30de-ba46-45db-90d3-0e283a909aa2	12	55217397	55303832	55	0.0706
fe9f30de-ba46-45db-90d3-0e283a909aa2	12	55303961	55333399	20	0.4801
fe9f30de-ba46-45db-90d3-0e283a909aa2	12	55334751	55645553	192	0.1979
fe9f30de-ba46-45db-90d3-0e283a909aa2	12	55645597	81621987	15822	0.0762
fe9f30de-ba46-45db-90d3-0e283a909aa2	12	81622573	81639784	10	-0.5625
fe9f30de-ba46-45db-90d3-0e283a909aa2	12	81640002	83688418	1177	0.0775
fe9f30de-ba46-45db-90d3-0e283a909aa2	12	83689692	83690099	2	-1.2192
fe9f30de-ba46-45db-90d3-0e283a909aa2	12	83691048	87997861	2312	0.0904
fe9f30de-ba46-45db-90d3-0e283a909aa2	12	87999783	88000226	4	1.9501
fe9f30de-ba46-45db-90d3-0e283a909aa2	12	88004769	89021579	569	0.1116
fe9f30de-ba46-45db-90d3-0e283a909aa2	12	89022076	97447885	5571	0.0531
fe9f30de-ba46-45db-90d3-0e283a909aa2	12	97449253	99875471	1528	0.0978
fe9f30de-ba46-45db-90d3-0e283a909aa2	12	99876939	99899292	17	-0.3406
fe9f30de-ba46-45db-90d3-0e283a909aa2	12	99903109	124315038	14532	0.0935
fe9f30de-ba46-45db-90d3-0e283a909aa2	12	124317362	124425783	41	0.3993
fe9f30de-ba46-45db-90d3-0e283a909aa2	12	124426924	124953947	346	0.1349
fe9f30de-ba46-45db-90d3-0e283a909aa2	12	124955260	124982919	23	0.4115
fe9f30de-ba46-45db-90d3-0e283a909aa2	12	124984162	125724473	504	0.132
fe9f30de-ba46-45db-90d3-0e283a909aa2	12	125724620	130615976	2134	0.073
fe9f30de-ba46-45db-90d3-0e283a909aa2	12	130618798	132127961	840	0.1374
fe9f30de-ba46-45db-90d3-0e283a909aa2	12	132431226	132605822	32	0.4548
fe9f30de-ba46-45db-90d3-0e283a909aa2	13	18874255	23218638	2225	0.0644
fe9f30de-ba46-45db-90d3-0e283a909aa2	13	23220919	23220954	2	-1.3537
fe9f30de-ba46-45db-90d3-0e283a909aa2	13	23228533	24912377	723	0.0818
fe9f30de-ba46-45db-90d3-0e283a909aa2	13	24914615	24916298	4	-0.9832
fe9f30de-ba46-45db-90d3-0e283a909aa2	13	24916376	25316302	237	0.0895
fe9f30de-ba46-45db-90d3-0e283a909aa2	13	25317137	25317460	2	1.9308
fe9f30de-ba46-45db-90d3-0e283a909aa2	13	25320408	29395873	2978	0.0987
fe9f30de-ba46-45db-90d3-0e283a909aa2	13	29396608	29413288	12	-0.4164
fe9f30de-ba46-45db-90d3-0e283a909aa2	13	29419206	29967821	414	0.1112
fe9f30de-ba46-45db-90d3-0e283a909aa2	13	29970961	36862960	4685	0.05
fe9f30de-ba46-45db-90d3-0e283a909aa2	13	36863022	38947529	1390	0.0851
fe9f30de-ba46-45db-90d3-0e283a909aa2	13	38948150	38966940	29	0.4678
fe9f30de-ba46-45db-90d3-0e283a909aa2	13	38970304	39185131	117	0.093
fe9f30de-ba46-45db-90d3-0e283a909aa2	13	39185549	39205724	17	-0.296
fe9f30de-ba46-45db-90d3-0e283a909aa2	13	39205890	39367604	167	0.1195
fe9f30de-ba46-45db-90d3-0e283a909aa2	13	39369825	39686358	263	-0.6655
fe9f30de-ba46-45db-90d3-0e283a909aa2	13	39687241	58606833	9914	0.0812
fe9f30de-ba46-45db-90d3-0e283a909aa2	13	58607241	58608092	3	1.5305
fe9f30de-ba46-45db-90d3-0e283a909aa2	13	58611544	61782702	1961	0.0824
fe9f30de-ba46-45db-90d3-0e283a909aa2	13	61782941	61790774	11	-0.5575
fe9f30de-ba46-45db-90d3-0e283a909aa2	13	61807747	66816739	2086	0.0793
fe9f30de-ba46-45db-90d3-0e283a909aa2	13	66817773	66946033	101	-0.0989
fe9f30de-ba46-45db-90d3-0e283a909aa2	13	66946060	77437209	6539	0.0866
fe9f30de-ba46-45db-90d3-0e283a909aa2	13	77437520	77437784	3	1.363
fe9f30de-ba46-45db-90d3-0e283a909aa2	13	77441759	78574097	759	0.0763
fe9f30de-ba46-45db-90d3-0e283a909aa2	13	78574463	78661433	39	-0.1846
fe9f30de-ba46-45db-90d3-0e283a909aa2	13	78661684	81287347	1631	0.1122
fe9f30de-ba46-45db-90d3-0e283a909aa2	13	81292451	81350376	54	-0.5133
fe9f30de-ba46-45db-90d3-0e283a909aa2	13	81360309	110369412	18666	0.0779
fe9f30de-ba46-45db-90d3-0e283a909aa2	13	110372989	113357571	1689	0.1247
fe9f30de-ba46-45db-90d3-0e283a909aa2	13	113358583	113508279	35	0.4241
fe9f30de-ba46-45db-90d3-0e283a909aa2	13	113508320	114226675	207	0.1714
fe9f30de-ba46-45db-90d3-0e283a909aa2	14	20033191	49167193	14976	0.0891
fe9f30de-ba46-45db-90d3-0e283a909aa2	14	49170036	49488298	222	0.2194
fe9f30de-ba46-45db-90d3-0e283a909aa2	14	49490553	78869237	18334	0.0875
fe9f30de-ba46-45db-90d3-0e283a909aa2	14	78876625	90073315	6977	0.0607
fe9f30de-ba46-45db-90d3-0e283a909aa2	14	90074252	97179284	4798	0.1018
fe9f30de-ba46-45db-90d3-0e283a909aa2	14	97186973	97400093	149	-0.5865
fe9f30de-ba46-45db-90d3-0e283a909aa2	14	97401207	99310418	1447	0.0785
fe9f30de-ba46-45db-90d3-0e283a909aa2	14	99310841	99358828	40	0.3008
fe9f30de-ba46-45db-90d3-0e283a909aa2	14	99360046	102906613	1870	0.1263
fe9f30de-ba46-45db-90d3-0e283a909aa2	14	102908373	102953490	29	0.3612
fe9f30de-ba46-45db-90d3-0e283a909aa2	14	102955836	102997589	29	0.1093
fe9f30de-ba46-45db-90d3-0e283a909aa2	14	103000469	103145318	52	0.3073
fe9f30de-ba46-45db-90d3-0e283a909aa2	14	103145941	104075017	456	0.0778
fe9f30de-ba46-45db-90d3-0e283a909aa2	14	104076931	105533894	359	0.2616
fe9f30de-ba46-45db-90d3-0e283a909aa2	15	23437561	23892775	329	-0.6427
fe9f30de-ba46-45db-90d3-0e283a909aa2	15	23892887	23896920	6	-2.8511
fe9f30de-ba46-45db-90d3-0e283a909aa2	15	23897165	31664862	2940	-0.5556
fe9f30de-ba46-45db-90d3-0e283a909aa2	15	32636613	37172506	3129	-0.6072
fe9f30de-ba46-45db-90d3-0e283a909aa2	15	37172583	41490486	2604	-0.5479
fe9f30de-ba46-45db-90d3-0e283a909aa2	15	41498789	45714603	1836	0.0693
fe9f30de-ba46-45db-90d3-0e283a909aa2	15	45717081	57629718	7442	0.1061
fe9f30de-ba46-45db-90d3-0e283a909aa2	15	57633530	57960412	294	0.2148
fe9f30de-ba46-45db-90d3-0e283a909aa2	15	57960653	62923785	3770	0.1067
fe9f30de-ba46-45db-90d3-0e283a909aa2	15	62923863	66839336	2151	0.0672
fe9f30de-ba46-45db-90d3-0e283a909aa2	15	66843527	67215227	324	-2.5416
fe9f30de-ba46-45db-90d3-0e283a909aa2	15	67219217	67228336	4	-1.0633
fe9f30de-ba46-45db-90d3-0e283a909aa2	15	67232612	101342175	19882	0.0987
fe9f30de-ba46-45db-90d3-0e283a909aa2	15	101342296	101344124	7	-0.4416
fe9f30de-ba46-45db-90d3-0e283a909aa2	16	603333	618980	9	-0.0257
fe9f30de-ba46-45db-90d3-0e283a909aa2	16	618985	916817	41	0.4725
fe9f30de-ba46-45db-90d3-0e283a909aa2	16	919151	968191	27	0.1644
fe9f30de-ba46-45db-90d3-0e283a909aa2	16	972326	1129031	25	0.5011
fe9f30de-ba46-45db-90d3-0e283a909aa2	16	1136465	1299186	8	1.0478
fe9f30de-ba46-45db-90d3-0e283a909aa2	16	1299208	1535114	49	0.3652
fe9f30de-ba46-45db-90d3-0e283a909aa2	16	1536254	1734141	111	0.1479
fe9f30de-ba46-45db-90d3-0e283a909aa2	16	1740326	1785549	7	0.849
fe9f30de-ba46-45db-90d3-0e283a909aa2	16	1786254	1831114	24	0.2112
fe9f30de-ba46-45db-90d3-0e283a909aa2	16	1831702	1895224	44	-0.0382
fe9f30de-ba46-45db-90d3-0e283a909aa2	16	1896750	2213515	68	0.3839
fe9f30de-ba46-45db-90d3-0e283a909aa2	16	2216802	2368288	56	0.2032
fe9f30de-ba46-45db-90d3-0e283a909aa2	16	2370370	2434782	30	-0.0091
fe9f30de-ba46-45db-90d3-0e283a909aa2	16	2434858	2448336	5	0.2157
fe9f30de-ba46-45db-90d3-0e283a909aa2	16	2449010	2477074	6	0.5777
fe9f30de-ba46-45db-90d3-0e283a909aa2	16	2481867	2544037	16	0.1614
fe9f30de-ba46-45db-90d3-0e283a909aa2	16	2697856	2730959	11	0.6098
fe9f30de-ba46-45db-90d3-0e283a909aa2	16	2731678	3155762	162	0.1998
fe9f30de-ba46-45db-90d3-0e283a909aa2	16	3161319	5802646	1492	-0.5096
fe9f30de-ba46-45db-90d3-0e283a909aa2	16	5802955	8191115	1267	-0.6144
fe9f30de-ba46-45db-90d3-0e283a909aa2	16	8191776	11606649	2567	-0.5315
fe9f30de-ba46-45db-90d3-0e283a909aa2	16	11606952	11609002	3	-2.4746
fe9f30de-ba46-45db-90d3-0e283a909aa2	16	11610795	25483023	5250	-0.5461
fe9f30de-ba46-45db-90d3-0e283a909aa2	16	25487019	46470502	2718	0.1281
fe9f30de-ba46-45db-90d3-0e283a909aa2	16	46473753	59939418	8821	-0.5466
fe9f30de-ba46-45db-90d3-0e283a909aa2	16	59939557	63695187	2243	-0.6111
fe9f30de-ba46-45db-90d3-0e283a909aa2	16	63697371	64100625	250	0.134
fe9f30de-ba46-45db-90d3-0e283a909aa2	16	64102337	65001376	659	-0.5862
fe9f30de-ba46-45db-90d3-0e283a909aa2	16	65004676	75229763	5328	0.122
fe9f30de-ba46-45db-90d3-0e283a909aa2	16	75231821	75274311	16	0.5971
fe9f30de-ba46-45db-90d3-0e283a909aa2	16	75275001	79532487	3393	0.1069
fe9f30de-ba46-45db-90d3-0e283a909aa2	16	79532534	79546990	24	-0.3008
fe9f30de-ba46-45db-90d3-0e283a909aa2	16	79548779	80660793	1051	0.1381
fe9f30de-ba46-45db-90d3-0e283a909aa2	16	80663252	80663322	2	-1.0569
fe9f30de-ba46-45db-90d3-0e283a909aa2	16	80664019	80959837	219	0.1307
fe9f30de-ba46-45db-90d3-0e283a909aa2	16	80962387	80976595	6	-0.6645
fe9f30de-ba46-45db-90d3-0e283a909aa2	16	80977262	86737318	4089	0.1409
fe9f30de-ba46-45db-90d3-0e283a909aa2	16	86737463	86738239	3	1.2449
fe9f30de-ba46-45db-90d3-0e283a909aa2	16	86740718	88330665	937	0.1419
fe9f30de-ba46-45db-90d3-0e283a909aa2	16	88334407	88459876	44	0.48
fe9f30de-ba46-45db-90d3-0e283a909aa2	16	89234014	89317317	36	0.1972
fe9f30de-ba46-45db-90d3-0e283a909aa2	17	1074619	5201895	1793	-0.5227
fe9f30de-ba46-45db-90d3-0e283a909aa2	17	5207156	16582662	6102	-0.598
fe9f30de-ba46-45db-90d3-0e283a909aa2	17	16587164	21399695	1802	-0.5217
fe9f30de-ba46-45db-90d3-0e283a909aa2	17	21774057	27145539	51	0.1402
fe9f30de-ba46-45db-90d3-0e283a909aa2	17	27148519	27173480	11	0.5598
fe9f30de-ba46-45db-90d3-0e283a909aa2	17	27174138	27217862	11	0.2129
fe9f30de-ba46-45db-90d3-0e283a909aa2	17	27220417	28912294	812	0.0937
fe9f30de-ba46-45db-90d3-0e283a909aa2	17	28914928	29564862	309	-0.1008
fe9f30de-ba46-45db-90d3-0e283a909aa2	17	29574957	29592622	14	0.3581
fe9f30de-ba46-45db-90d3-0e283a909aa2	17	29596971	29758154	65	-0.0785
fe9f30de-ba46-45db-90d3-0e283a909aa2	17	29758468	58334767	13877	0.0975
fe9f30de-ba46-45db-90d3-0e283a909aa2	17	58339926	58389456	22	-0.045
fe9f30de-ba46-45db-90d3-0e283a909aa2	17	58390013	58410866	18	-0.3307
fe9f30de-ba46-45db-90d3-0e283a909aa2	17	58413919	62331939	1802	0.0631
fe9f30de-ba46-45db-90d3-0e283a909aa2	17	62335640	62351641	10	-0.5387
fe9f30de-ba46-45db-90d3-0e283a909aa2	17	62352546	65209720	1256	0.0656
fe9f30de-ba46-45db-90d3-0e283a909aa2	17	65209770	77940884	7311	0.1077
fe9f30de-ba46-45db-90d3-0e283a909aa2	17	77942295	78096472	80	-0.1012
fe9f30de-ba46-45db-90d3-0e283a909aa2	17	78097160	78109779	8	0.2085
fe9f30de-ba46-45db-90d3-0e283a909aa2	17	78110638	78136178	12	0.6162
fe9f30de-ba46-45db-90d3-0e283a909aa2	17	78136611	79937918	750	0.1626
fe9f30de-ba46-45db-90d3-0e283a909aa2	17	79938337	79950106	10	0.7653
fe9f30de-ba46-45db-90d3-0e283a909aa2	17	79950776	81019582	499	0.1391
fe9f30de-ba46-45db-90d3-0e283a909aa2	17	81026896	81204932	44	0.4525
fe9f30de-ba46-45db-90d3-0e283a909aa2	17	81207825	81416288	58	0.2244
fe9f30de-ba46-45db-90d3-0e283a909aa2	17	81418872	81485136	13	0.5949
fe9f30de-ba46-45db-90d3-0e283a909aa2	17	81485310	82959812	483	0.1969
fe9f30de-ba46-45db-90d3-0e283a909aa2	18	326691	6971531	3319	0.0974
fe9f30de-ba46-45db-90d3-0e283a909aa2	18	6972227	6992530	35	-0.3151
fe9f30de-ba46-45db-90d3-0e283a909aa2	18	6997819	7448873	328	0.0392
fe9f30de-ba46-45db-90d3-0e283a909aa2	18	7451774	10679890	2413	0.1162
fe9f30de-ba46-45db-90d3-0e283a909aa2	18	10681714	11391754	515	0.0244
fe9f30de-ba46-45db-90d3-0e283a909aa2	18	11392361	11442190	34	0.2975
fe9f30de-ba46-45db-90d3-0e283a909aa2	18	11445964	11446246	4	-1.1023
fe9f30de-ba46-45db-90d3-0e283a909aa2	18	11451188	14661644	1606	0.1142
fe9f30de-ba46-45db-90d3-0e283a909aa2	18	21109102	64780207	27310	-0.5785
fe9f30de-ba46-45db-90d3-0e283a909aa2	18	64782493	64782893	3	1.8675
fe9f30de-ba46-45db-90d3-0e283a909aa2	18	64785211	71117162	3330	-0.5863
fe9f30de-ba46-45db-90d3-0e283a909aa2	18	71119807	71119926	2	1.4698
fe9f30de-ba46-45db-90d3-0e283a909aa2	18	71120182	75674525	1482	-0.5838
fe9f30de-ba46-45db-90d3-0e283a909aa2	18	75675618	75678246	3	-2.6722
fe9f30de-ba46-45db-90d3-0e283a909aa2	18	75678714	79349796	2407	-0.5852
fe9f30de-ba46-45db-90d3-0e283a909aa2	19	283868	2461272	436	0.4228
fe9f30de-ba46-45db-90d3-0e283a909aa2	19	2464571	2996891	199	0.13
fe9f30de-ba46-45db-90d3-0e283a909aa2	19	2997792	5160902	537	0.3217
fe9f30de-ba46-45db-90d3-0e283a909aa2	19	5163852	5637877	240	0.1577
fe9f30de-ba46-45db-90d3-0e283a909aa2	19	5638043	5641443	2	-1.258
fe9f30de-ba46-45db-90d3-0e283a909aa2	19	5651878	5776050	49	0.2023
fe9f30de-ba46-45db-90d3-0e283a909aa2	19	5777187	5831096	17	0.4965
fe9f30de-ba46-45db-90d3-0e283a909aa2	19	5870270	7442056	643	0.1195
fe9f30de-ba46-45db-90d3-0e283a909aa2	19	7453326	7639777	68	0.3694
fe9f30de-ba46-45db-90d3-0e283a909aa2	19	7647391	7668069	8	-0.0544
fe9f30de-ba46-45db-90d3-0e283a909aa2	19	7671568	7775457	72	0.2234
fe9f30de-ba46-45db-90d3-0e283a909aa2	19	7775470	7845968	37	0.0243
fe9f30de-ba46-45db-90d3-0e283a909aa2	19	7846917	7875586	10	0.5382
fe9f30de-ba46-45db-90d3-0e283a909aa2	19	7881976	7889185	4	-0.0333
fe9f30de-ba46-45db-90d3-0e283a909aa2	19	7889355	7935136	8	0.6733
fe9f30de-ba46-45db-90d3-0e283a909aa2	19	7935687	8487343	208	0.1816
fe9f30de-ba46-45db-90d3-0e283a909aa2	19	8487389	8610229	47	0.3389
fe9f30de-ba46-45db-90d3-0e283a909aa2	19	8614118	10073330	803	0.0905
fe9f30de-ba46-45db-90d3-0e283a909aa2	19	10074203	11620469	642	0.2026
fe9f30de-ba46-45db-90d3-0e283a909aa2	19	11622416	12537853	411	0.0462
fe9f30de-ba46-45db-90d3-0e283a909aa2	19	12545343	14546595	760	0.1553
fe9f30de-ba46-45db-90d3-0e283a909aa2	19	14547268	15102838	358	0.0323
fe9f30de-ba46-45db-90d3-0e283a909aa2	19	15103357	15122770	15	0.391
fe9f30de-ba46-45db-90d3-0e283a909aa2	19	15123824	15166388	47	0.1101
fe9f30de-ba46-45db-90d3-0e283a909aa2	19	15166618	15189470	30	0.2882
fe9f30de-ba46-45db-90d3-0e283a909aa2	19	15190056	15199125	17	0.5749
fe9f30de-ba46-45db-90d3-0e283a909aa2	19	15199268	15272705	34	0.2335
fe9f30de-ba46-45db-90d3-0e283a909aa2	19	15272878	16758152	759	0.1082
fe9f30de-ba46-45db-90d3-0e283a909aa2	19	16758655	19793009	1255	0.1936
fe9f30de-ba46-45db-90d3-0e283a909aa2	19	19799409	21064698	23	-0.499
fe9f30de-ba46-45db-90d3-0e283a909aa2	19	21065501	30649146	3520	0.1068
fe9f30de-ba46-45db-90d3-0e283a909aa2	19	30652559	32296782	1182	-0.5285
fe9f30de-ba46-45db-90d3-0e283a909aa2	19	32307559	32615715	190	0.1062
fe9f30de-ba46-45db-90d3-0e283a909aa2	19	32615787	32634179	24	0.4426
fe9f30de-ba46-45db-90d3-0e283a909aa2	19	32634577	33190481	292	0.1418
fe9f30de-ba46-45db-90d3-0e283a909aa2	19	33190564	33307431	64	0.3374
fe9f30de-ba46-45db-90d3-0e283a909aa2	19	33312591	33358579	27	-0.0215
fe9f30de-ba46-45db-90d3-0e283a909aa2	19	33360824	33558498	132	0.2532
fe9f30de-ba46-45db-90d3-0e283a909aa2	19	33558522	36146712	1562	0.122
fe9f30de-ba46-45db-90d3-0e283a909aa2	19	36164505	36523268	156	0.0332
fe9f30de-ba46-45db-90d3-0e283a909aa2	19	36524985	36525423	2	-1.7306
fe9f30de-ba46-45db-90d3-0e283a909aa2	19	36526894	37933918	674	0.0182
fe9f30de-ba46-45db-90d3-0e283a909aa2	19	37934276	39346815	663	0.1765
fe9f30de-ba46-45db-90d3-0e283a909aa2	19	39349085	39547832	70	-0.5239
fe9f30de-ba46-45db-90d3-0e283a909aa2	19	39550143	39726141	118	-0.3423
fe9f30de-ba46-45db-90d3-0e283a909aa2	19	39728304	39782745	50	-0.5174
fe9f30de-ba46-45db-90d3-0e283a909aa2	19	39782776	39817444	21	-0.9314
fe9f30de-ba46-45db-90d3-0e283a909aa2	19	39818262	40646985	369	-0.4673
fe9f30de-ba46-45db-90d3-0e283a909aa2	19	40653288	43734410	1047	0.1378
fe9f30de-ba46-45db-90d3-0e283a909aa2	19	43741697	44632001	606	0.0394
fe9f30de-ba46-45db-90d3-0e283a909aa2	19	44634367	45400216	284	0.2376
fe9f30de-ba46-45db-90d3-0e283a909aa2	19	45407710	47361136	767	0.1403
fe9f30de-ba46-45db-90d3-0e283a909aa2	19	47370044	47789073	204	0.2509
fe9f30de-ba46-45db-90d3-0e283a909aa2	19	47792055	47898238	41	0.0635
fe9f30de-ba46-45db-90d3-0e283a909aa2	19	47898254	47976012	34	-0.1638
fe9f30de-ba46-45db-90d3-0e283a909aa2	19	47977303	48294560	266	0.0913
fe9f30de-ba46-45db-90d3-0e283a909aa2	19	48294830	50920372	797	0.1724
fe9f30de-ba46-45db-90d3-0e283a909aa2	19	50921634	51616279	461	0.0812
fe9f30de-ba46-45db-90d3-0e283a909aa2	19	51618609	51667230	37	-0.2629
fe9f30de-ba46-45db-90d3-0e283a909aa2	19	51667484	54909203	968	0.0417
fe9f30de-ba46-45db-90d3-0e283a909aa2	19	54911629	55437282	229	0.1669
fe9f30de-ba46-45db-90d3-0e283a909aa2	19	55439139	55497117	14	0.565
fe9f30de-ba46-45db-90d3-0e283a909aa2	19	55497269	55556742	27	0.1666
fe9f30de-ba46-45db-90d3-0e283a909aa2	19	55556917	55559927	5	-0.2918
fe9f30de-ba46-45db-90d3-0e283a909aa2	19	55561033	55687738	47	0.2135
fe9f30de-ba46-45db-90d3-0e283a909aa2	19	55731006	55929971	159	0.0817
fe9f30de-ba46-45db-90d3-0e283a909aa2	19	55930080	56013676	2	-1.0573
fe9f30de-ba46-45db-90d3-0e283a909aa2	19	56015979	58370362	1302	0.0726
fe9f30de-ba46-45db-90d3-0e283a909aa2	20	472817	14121270	8764	0.0412
fe9f30de-ba46-45db-90d3-0e283a909aa2	20	14121436	15688932	752	-0.0234
fe9f30de-ba46-45db-90d3-0e283a909aa2	20	15690254	19318746	2999	0.0716
fe9f30de-ba46-45db-90d3-0e283a909aa2	20	19319504	19322685	6	-1.7238
fe9f30de-ba46-45db-90d3-0e283a909aa2	20	19327381	24979402	3911	0.0744
fe9f30de-ba46-45db-90d3-0e283a909aa2	20	24993133	25463899	236	0.5767
fe9f30de-ba46-45db-90d3-0e283a909aa2	20	25466839	25948608	195	0.0788
fe9f30de-ba46-45db-90d3-0e283a909aa2	20	25948889	26098835	28	0.373
fe9f30de-ba46-45db-90d3-0e283a909aa2	20	26105478	26206877	50	0.0517
fe9f30de-ba46-45db-90d3-0e283a909aa2	20	26215123	34838009	1728	0.4659
fe9f30de-ba46-45db-90d3-0e283a909aa2	20	34838409	34844720	2	-0.7057
fe9f30de-ba46-45db-90d3-0e283a909aa2	20	34846759	36887811	905	0.4461
fe9f30de-ba46-45db-90d3-0e283a909aa2	20	36891543	37089551	176	0.3233
fe9f30de-ba46-45db-90d3-0e283a909aa2	20	37089634	39320412	1367	0.4789
fe9f30de-ba46-45db-90d3-0e283a909aa2	20	39320732	39530499	155	0.0183
fe9f30de-ba46-45db-90d3-0e283a909aa2	20	39532105	49338594	6660	0.4854
fe9f30de-ba46-45db-90d3-0e283a909aa2	20	49339350	49955136	246	-0.5643
fe9f30de-ba46-45db-90d3-0e283a909aa2	20	49999680	50521655	299	0.4623
fe9f30de-ba46-45db-90d3-0e283a909aa2	20	50521676	50558490	88	0.3104
fe9f30de-ba46-45db-90d3-0e283a909aa2	20	50568465	53091393	1714	0.4953
fe9f30de-ba46-45db-90d3-0e283a909aa2	20	53092240	53092553	2	2.3049
fe9f30de-ba46-45db-90d3-0e283a909aa2	20	53093423	61806439	6561	0.4825
fe9f30de-ba46-45db-90d3-0e283a909aa2	20	61811589	61915030	58	0.5525
fe9f30de-ba46-45db-90d3-0e283a909aa2	20	61915285	61995156	37	0.7569
fe9f30de-ba46-45db-90d3-0e283a909aa2	20	61995408	62074878	47	0.5317
fe9f30de-ba46-45db-90d3-0e283a909aa2	20	62075192	62079504	4	-0.1057
fe9f30de-ba46-45db-90d3-0e283a909aa2	20	62080339	62305147	122	0.5551
fe9f30de-ba46-45db-90d3-0e283a909aa2	20	62305712	62332100	6	1.2331
fe9f30de-ba46-45db-90d3-0e283a909aa2	20	62337061	63368850	365	0.575
fe9f30de-ba46-45db-90d3-0e283a909aa2	20	63371227	63495392	22	0.9119
fe9f30de-ba46-45db-90d3-0e283a909aa2	20	63504849	63506054	3	0.6684
fe9f30de-ba46-45db-90d3-0e283a909aa2	20	63506110	63515883	9	0.2134
fe9f30de-ba46-45db-90d3-0e283a909aa2	20	63515927	63539265	8	0.6689
fe9f30de-ba46-45db-90d3-0e283a909aa2	20	63555881	63567905	6	1.2657
fe9f30de-ba46-45db-90d3-0e283a909aa2	20	63578528	63588502	10	0.6264
fe9f30de-ba46-45db-90d3-0e283a909aa2	21	13974127	16543888	1583	0.1015
fe9f30de-ba46-45db-90d3-0e283a909aa2	21	16544073	16625581	50	-0.1473
fe9f30de-ba46-45db-90d3-0e283a909aa2	21	16627266	17183290	330	0.1173
fe9f30de-ba46-45db-90d3-0e283a909aa2	21	17189880	17273919	52	0.3544
fe9f30de-ba46-45db-90d3-0e283a909aa2	21	17277583	20661840	2221	0.0872
fe9f30de-ba46-45db-90d3-0e283a909aa2	21	20662616	20662741	2	2.6024
fe9f30de-ba46-45db-90d3-0e283a909aa2	21	20663096	23920793	1750	0.0595
fe9f30de-ba46-45db-90d3-0e283a909aa2	21	23923855	23952597	28	-0.303
fe9f30de-ba46-45db-90d3-0e283a909aa2	21	23952620	29892163	4260	0.0788
fe9f30de-ba46-45db-90d3-0e283a909aa2	21	29894723	29894910	2	1.4336
fe9f30de-ba46-45db-90d3-0e283a909aa2	21	29895579	33332014	2179	0.0914
fe9f30de-ba46-45db-90d3-0e283a909aa2	21	33336710	33821091	221	-0.0446
fe9f30de-ba46-45db-90d3-0e283a909aa2	21	33827576	35746468	1397	0.0875
fe9f30de-ba46-45db-90d3-0e283a909aa2	21	35748483	43721614	5495	0.1279
fe9f30de-ba46-45db-90d3-0e283a909aa2	21	43722321	43770203	26	0.4186
fe9f30de-ba46-45db-90d3-0e283a909aa2	21	43770767	43794803	15	0.082
fe9f30de-ba46-45db-90d3-0e283a909aa2	21	43796611	43830611	29	0.3984
fe9f30de-ba46-45db-90d3-0e283a909aa2	21	43830958	44088680	142	0.1345
fe9f30de-ba46-45db-90d3-0e283a909aa2	21	44092475	44095664	2	-1.4445
fe9f30de-ba46-45db-90d3-0e283a909aa2	21	44253766	45036818	358	0.1851
fe9f30de-ba46-45db-90d3-0e283a909aa2	21	45036864	45964261	340	0.0779
fe9f30de-ba46-45db-90d3-0e283a909aa2	21	45979081	46262057	108	0.2228
fe9f30de-ba46-45db-90d3-0e283a909aa2	22	16934932	17303055	212	-0.4381
fe9f30de-ba46-45db-90d3-0e283a909aa2	22	17306946	17531010	138	-0.691
fe9f30de-ba46-45db-90d3-0e283a909aa2	22	17532316	17566147	33	-0.3602
fe9f30de-ba46-45db-90d3-0e283a909aa2	22	17585960	32867571	6411	0.1286
fe9f30de-ba46-45db-90d3-0e283a909aa2	22	32868126	33137191	204	-0.0142
fe9f30de-ba46-45db-90d3-0e283a909aa2	22	33137733	38540495	3604	0.1224
fe9f30de-ba46-45db-90d3-0e283a909aa2	22	38546921	38557009	7	-0.4871
fe9f30de-ba46-45db-90d3-0e283a909aa2	22	38567307	38617196	22	0.0095
fe9f30de-ba46-45db-90d3-0e283a909aa2	22	38617744	38721050	59	-0.4827
fe9f30de-ba46-45db-90d3-0e283a909aa2	22	38721690	38881776	87	0.1087
fe9f30de-ba46-45db-90d3-0e283a909aa2	22	38886338	39007789	23	-0.1868
fe9f30de-ba46-45db-90d3-0e283a909aa2	22	39007816	39337183	127	0.1085
fe9f30de-ba46-45db-90d3-0e283a909aa2	22	39350723	39387566	26	0.349
fe9f30de-ba46-45db-90d3-0e283a909aa2	22	39394146	39605999	98	0.0991
fe9f30de-ba46-45db-90d3-0e283a909aa2	22	39606967	39694571	47	-0.4208
fe9f30de-ba46-45db-90d3-0e283a909aa2	22	39694869	39792370	45	-0.6146
fe9f30de-ba46-45db-90d3-0e283a909aa2	22	39795240	39812449	14	-0.2759
fe9f30de-ba46-45db-90d3-0e283a909aa2	22	39813170	40909905	470	-0.635
fe9f30de-ba46-45db-90d3-0e283a909aa2	22	40910177	42380962	847	-0.4935
fe9f30de-ba46-45db-90d3-0e283a909aa2	22	42385617	46349167	2580	0.1659
fe9f30de-ba46-45db-90d3-0e283a909aa2	22	46349581	46683668	187	0.3194
fe9f30de-ba46-45db-90d3-0e283a909aa2	22	46688799	47097765	318	0.1528
fe9f30de-ba46-45db-90d3-0e283a909aa2	22	47111818	47214002	77	0.3318
fe9f30de-ba46-45db-90d3-0e283a909aa2	22	47214164	47356572	126	0.1031
fe9f30de-ba46-45db-90d3-0e283a909aa2	22	47357741	47408042	44	0.3696
fe9f30de-ba46-45db-90d3-0e283a909aa2	22	47408493	48120774	569	0.1375
fe9f30de-ba46-45db-90d3-0e283a909aa2	22	48120878	48133767	36	-0.2066
fe9f30de-ba46-45db-90d3-0e283a909aa2	22	48133775	48940621	668	0.1435
fe9f30de-ba46-45db-90d3-0e283a909aa2	X	3236359	3378816	100	0.0878
fe9f30de-ba46-45db-90d3-0e283a909aa2	X	3379156	3382918	2	-1.5726
fe9f30de-ba46-45db-90d3-0e283a909aa2	X	3384002	6008354	288	0.0243
fe9f30de-ba46-45db-90d3-0e283a909aa2	X	6008736	6008914	2	2.0468
fe9f30de-ba46-45db-90d3-0e283a909aa2	X	6011744	28941859	11118	0.0125
fe9f30de-ba46-45db-90d3-0e283a909aa2	X	28944921	29811101	474	-0.089
fe9f30de-ba46-45db-90d3-0e283a909aa2	X	29812042	30514374	489	0.032
fe9f30de-ba46-45db-90d3-0e283a909aa2	X	30514482	31361701	318	-0.0356
fe9f30de-ba46-45db-90d3-0e283a909aa2	X	31363920	31367807	10	-0.4439
fe9f30de-ba46-45db-90d3-0e283a909aa2	X	31368201	31710792	201	-0.0283
fe9f30de-ba46-45db-90d3-0e283a909aa2	X	31716675	31729027	21	-0.3898
fe9f30de-ba46-45db-90d3-0e283a909aa2	X	31731670	32310084	434	-0.0212
fe9f30de-ba46-45db-90d3-0e283a909aa2	X	32311152	37878364	2014	0.0312
fe9f30de-ba46-45db-90d3-0e283a909aa2	X	37880175	38290133	140	-0.7118
fe9f30de-ba46-45db-90d3-0e283a909aa2	X	38294819	54928081	7073	0.0057
fe9f30de-ba46-45db-90d3-0e283a909aa2	X	54934123	54957833	15	-0.5063
fe9f30de-ba46-45db-90d3-0e283a909aa2	X	54961730	54970271	5	-1.0426
fe9f30de-ba46-45db-90d3-0e283a909aa2	X	54974114	55147899	73	-0.003
fe9f30de-ba46-45db-90d3-0e283a909aa2	X	55151214	55155682	5	-0.5565
fe9f30de-ba46-45db-90d3-0e283a909aa2	X	55159384	55221943	34	0.0191
fe9f30de-ba46-45db-90d3-0e283a909aa2	X	55223133	63322360	1223	0.1311
fe9f30de-ba46-45db-90d3-0e283a909aa2	X	63340943	63516404	62	-0.026
fe9f30de-ba46-45db-90d3-0e283a909aa2	X	63525340	63528688	3	1.1108
fe9f30de-ba46-45db-90d3-0e283a909aa2	X	63534713	64616719	416	0.0357
fe9f30de-ba46-45db-90d3-0e283a909aa2	X	64642669	65368823	314	0.1678
fe9f30de-ba46-45db-90d3-0e283a909aa2	X	65369219	65868737	167	-0.0373
fe9f30de-ba46-45db-90d3-0e283a909aa2	X	65869680	67412501	591	0.0969
fe9f30de-ba46-45db-90d3-0e283a909aa2	X	67412705	68038604	232	0.0422
fe9f30de-ba46-45db-90d3-0e283a909aa2	X	68038940	72732838	2045	-0.0192
fe9f30de-ba46-45db-90d3-0e283a909aa2	X	72734935	73005754	13	0.3629
fe9f30de-ba46-45db-90d3-0e283a909aa2	X	73008796	73194958	69	-0.0132
fe9f30de-ba46-45db-90d3-0e283a909aa2	X	73196124	73834139	232	0.1714
fe9f30de-ba46-45db-90d3-0e283a909aa2	X	73836746	74788894	388	-0.0231
fe9f30de-ba46-45db-90d3-0e283a909aa2	X	74799979	76820138	442	0.1242
fe9f30de-ba46-45db-90d3-0e283a909aa2	X	76820565	78198596	290	-0.0091
fe9f30de-ba46-45db-90d3-0e283a909aa2	X	78198636	78543948	136	0.1318
fe9f30de-ba46-45db-90d3-0e283a909aa2	X	78544932	78547804	4	0.9452
fe9f30de-ba46-45db-90d3-0e283a909aa2	X	78547843	79374190	447	0.1172
fe9f30de-ba46-45db-90d3-0e283a909aa2	X	79379991	79464304	70	-0.5845
fe9f30de-ba46-45db-90d3-0e283a909aa2	X	79472029	79488228	10	-0.2545
fe9f30de-ba46-45db-90d3-0e283a909aa2	X	79489706	79731609	93	0.1152
fe9f30de-ba46-45db-90d3-0e283a909aa2	X	79731710	79764659	11	-0.2424
fe9f30de-ba46-45db-90d3-0e283a909aa2	X	79765140	79838902	41	0.2921
fe9f30de-ba46-45db-90d3-0e283a909aa2	X	79838968	81232534	681	0.0389
fe9f30de-ba46-45db-90d3-0e283a909aa2	X	81235122	81235142	2	1.4988
fe9f30de-ba46-45db-90d3-0e283a909aa2	X	81235429	81710302	225	0.1442
fe9f30de-ba46-45db-90d3-0e283a909aa2	X	81714665	81715418	4	-0.6235
fe9f30de-ba46-45db-90d3-0e283a909aa2	X	81717349	81829249	60	0.1416
fe9f30de-ba46-45db-90d3-0e283a909aa2	X	81829879	81901829	22	-0.2991
fe9f30de-ba46-45db-90d3-0e283a909aa2	X	81907892	83926783	888	0.0675
fe9f30de-ba46-45db-90d3-0e283a909aa2	X	83931925	84001520	37	0.3016
fe9f30de-ba46-45db-90d3-0e283a909aa2	X	84002707	85519557	439	0.0723
fe9f30de-ba46-45db-90d3-0e283a909aa2	X	85519751	85854104	225	0.1792
fe9f30de-ba46-45db-90d3-0e283a909aa2	X	85855353	88421892	1572	0.0546
fe9f30de-ba46-45db-90d3-0e283a909aa2	X	88422196	88473150	26	-0.3555
fe9f30de-ba46-45db-90d3-0e283a909aa2	X	88473163	90217056	701	0.0606
fe9f30de-ba46-45db-90d3-0e283a909aa2	X	90227723	97910456	2356	-0.0123
fe9f30de-ba46-45db-90d3-0e283a909aa2	X	97910622	99991881	1059	0.0673
fe9f30de-ba46-45db-90d3-0e283a909aa2	X	99992540	101471081	713	-0.0489
fe9f30de-ba46-45db-90d3-0e283a909aa2	X	101475765	102573073	471	0.0806
fe9f30de-ba46-45db-90d3-0e283a909aa2	X	102580810	104723858	962	-0.0172
fe9f30de-ba46-45db-90d3-0e283a909aa2	X	104724582	104726805	3	1.1431
fe9f30de-ba46-45db-90d3-0e283a909aa2	X	104729327	105878722	597	-0.0104
fe9f30de-ba46-45db-90d3-0e283a909aa2	X	105886579	106572530	308	0.0938
fe9f30de-ba46-45db-90d3-0e283a909aa2	X	106572937	108501808	747	-0.0209
fe9f30de-ba46-45db-90d3-0e283a909aa2	X	108503201	108629558	53	0.076
fe9f30de-ba46-45db-90d3-0e283a909aa2	X	108776549	108780457	3	1.1354
fe9f30de-ba46-45db-90d3-0e283a909aa2	X	108786865	109400834	336	0.0814
fe9f30de-ba46-45db-90d3-0e283a909aa2	X	109403705	110466647	602	-0.0428
fe9f30de-ba46-45db-90d3-0e283a909aa2	X	110467225	111427503	533	0.0573
fe9f30de-ba46-45db-90d3-0e283a909aa2	X	111431483	111698424	89	-0.6765
fe9f30de-ba46-45db-90d3-0e283a909aa2	X	111703846	112525890	441	-0.0473
fe9f30de-ba46-45db-90d3-0e283a909aa2	X	112528420	112585085	38	0.2561
fe9f30de-ba46-45db-90d3-0e283a909aa2	X	112599510	112850620	121	-0.0234
fe9f30de-ba46-45db-90d3-0e283a909aa2	X	112851130	112919868	63	-0.3098
fe9f30de-ba46-45db-90d3-0e283a909aa2	X	112921621	115624286	1161	0.0126
fe9f30de-ba46-45db-90d3-0e283a909aa2	X	115625087	117704674	889	0.1003
fe9f30de-ba46-45db-90d3-0e283a909aa2	X	117705100	118064885	220	0.0201
fe9f30de-ba46-45db-90d3-0e283a909aa2	X	118070280	120662672	1394	-0.0558
fe9f30de-ba46-45db-90d3-0e283a909aa2	X	120664530	121341094	384	-0.0003
fe9f30de-ba46-45db-90d3-0e283a909aa2	X	121341191	122972170	643	0.0825
fe9f30de-ba46-45db-90d3-0e283a909aa2	X	122972552	124172237	733	-0.0098
fe9f30de-ba46-45db-90d3-0e283a909aa2	X	124178142	124187206	11	-0.5794
fe9f30de-ba46-45db-90d3-0e283a909aa2	X	124187373	129476757	2460	0.0361
fe9f30de-ba46-45db-90d3-0e283a909aa2	X	129477602	134325878	2148	-0.0079
fe9f30de-ba46-45db-90d3-0e283a909aa2	X	134326568	136293501	594	-0.0822
fe9f30de-ba46-45db-90d3-0e283a909aa2	X	136294282	143480569	3254	-0.0084
fe9f30de-ba46-45db-90d3-0e283a909aa2	X	143481084	155677414	5580	0.0203
