GDC_Aliquot	Chromosome	Start	End	Copy_Number	Major_Copy_Number	Minor_Copy_Number
cb004a7f-4a9e-4309-b183-c7b30ab65871	chr1	61735	248930189	3	2	1
cb004a7f-4a9e-4309-b183-c7b30ab65871	chr2	12784	3210946	4	2	2
cb004a7f-4a9e-4309-b183-c7b30ab65871	chr2	3213575	3464574	2	2	0
cb004a7f-4a9e-4309-b183-c7b30ab65871	chr2	3468587	242147305	4	2	2
cb004a7f-4a9e-4309-b183-c7b30ab65871	chr3	18667	60070062	3	2	1
cb004a7f-4a9e-4309-b183-c7b30ab65871	chr3	60070188	60170520	2	2	0
cb004a7f-4a9e-4309-b183-c7b30ab65871	chr3	60170799	198169247	3	2	1
cb004a7f-4a9e-4309-b183-c7b30ab65871	chr4	12281	18920212	4	2	2
cb004a7f-4a9e-4309-b183-c7b30ab65871	chr4	18920855	18921261	1	1	0
cb004a7f-4a9e-4309-b183-c7b30ab65871	chr4	18921443	20902905	4	2	2
cb004a7f-4a9e-4309-b183-c7b30ab65871	chr4	20903186	29160923	3	2	1
cb004a7f-4a9e-4309-b183-c7b30ab65871	chr4	29166222	113351555	4	2	2
cb004a7f-4a9e-4309-b183-c7b30ab65871	chr4	113357121	176820449	3	2	1
cb004a7f-4a9e-4309-b183-c7b30ab65871	chr4	176822649	183903731	2	2	0
cb004a7f-4a9e-4309-b183-c7b30ab65871	chr4	183910562	190106768	3	2	1
cb004a7f-4a9e-4309-b183-c7b30ab65871	chr5	15532	78129275	4	2	2
cb004a7f-4a9e-4309-b183-c7b30ab65871	chr5	78129651	181363319	4	4	0
cb004a7f-4a9e-4309-b183-c7b30ab65871	chr6	149661	13719254	5	3	2
cb004a7f-4a9e-4309-b183-c7b30ab65871	chr6	13720709	22643520	6	4	2
cb004a7f-4a9e-4309-b183-c7b30ab65871	chr6	22643648	24090269	5	3	2
cb004a7f-4a9e-4309-b183-c7b30ab65871	chr6	24090365	28703122	6	4	2
cb004a7f-4a9e-4309-b183-c7b30ab65871	chr6	28703566	32463515	5	3	2
cb004a7f-4a9e-4309-b183-c7b30ab65871	chr6	32463775	35715282	4	2	2
cb004a7f-4a9e-4309-b183-c7b30ab65871	chr6	35715303	76573458	5	3	2
cb004a7f-4a9e-4309-b183-c7b30ab65871	chr6	76577727	84415376	4	2	2
cb004a7f-4a9e-4309-b183-c7b30ab65871	chr6	84415563	85060850	5	3	2
cb004a7f-4a9e-4309-b183-c7b30ab65871	chr6	85060934	112164672	4	2	2
cb004a7f-4a9e-4309-b183-c7b30ab65871	chr6	112166366	113908759	5	3	2
cb004a7f-4a9e-4309-b183-c7b30ab65871	chr6	113908993	148670165	4	2	2
cb004a7f-4a9e-4309-b183-c7b30ab65871	chr6	148670220	149114277	5	3	2
cb004a7f-4a9e-4309-b183-c7b30ab65871	chr6	149119416	170741917	4	2	2
cb004a7f-4a9e-4309-b183-c7b30ab65871	chr7	43259	159334314	4	2	2
cb004a7f-4a9e-4309-b183-c7b30ab65871	chr8	81254	2830543	4	2	2
cb004a7f-4a9e-4309-b183-c7b30ab65871	chr8	2839427	145072769	3	2	1
cb004a7f-4a9e-4309-b183-c7b30ab65871	chr9	46587	138200944	4	2	2
cb004a7f-4a9e-4309-b183-c7b30ab65871	chr10	26823	2944836	3	2	1
cb004a7f-4a9e-4309-b183-c7b30ab65871	chr10	2944872	16303027	4	2	2
cb004a7f-4a9e-4309-b183-c7b30ab65871	chr10	16305420	69969782	3	2	1
cb004a7f-4a9e-4309-b183-c7b30ab65871	chr10	69970638	81698847	4	2	2
cb004a7f-4a9e-4309-b183-c7b30ab65871	chr10	81699363	93054543	3	2	1
cb004a7f-4a9e-4309-b183-c7b30ab65871	chr10	93058315	97623105	4	2	2
cb004a7f-4a9e-4309-b183-c7b30ab65871	chr10	97625000	101559228	3	2	1
cb004a7f-4a9e-4309-b183-c7b30ab65871	chr10	101559388	104267601	4	2	2
cb004a7f-4a9e-4309-b183-c7b30ab65871	chr10	104271437	112655789	3	2	1
cb004a7f-4a9e-4309-b183-c7b30ab65871	chr10	112657444	113159248	1	1	0
cb004a7f-4a9e-4309-b183-c7b30ab65871	chr10	113159351	116297371	3	2	1
cb004a7f-4a9e-4309-b183-c7b30ab65871	chr10	116297431	117265701	4	2	2
cb004a7f-4a9e-4309-b183-c7b30ab65871	chr10	117267747	120681874	3	2	1
cb004a7f-4a9e-4309-b183-c7b30ab65871	chr10	120681954	122642349	4	2	2
cb004a7f-4a9e-4309-b183-c7b30ab65871	chr10	122655223	133769379	3	2	1
cb004a7f-4a9e-4309-b183-c7b30ab65871	chr11	198572	12850588	5	3	2
cb004a7f-4a9e-4309-b183-c7b30ab65871	chr11	12850609	135074876	4	2	2
cb004a7f-4a9e-4309-b183-c7b30ab65871	chr12	51460	133201603	4	3	1
cb004a7f-4a9e-4309-b183-c7b30ab65871	chr13	18452809	19694487	6	4	2
cb004a7f-4a9e-4309-b183-c7b30ab65871	chr13	19696785	38868569	5	4	1
cb004a7f-4a9e-4309-b183-c7b30ab65871	chr13	38874318	49672116	6	4	2
cb004a7f-4a9e-4309-b183-c7b30ab65871	chr13	49679997	55385318	5	4	1
cb004a7f-4a9e-4309-b183-c7b30ab65871	chr13	55386727	64058701	6	4	2
cb004a7f-4a9e-4309-b183-c7b30ab65871	chr13	64059006	65021030	5	4	1
cb004a7f-4a9e-4309-b183-c7b30ab65871	chr13	65024295	75069995	6	4	2
cb004a7f-4a9e-4309-b183-c7b30ab65871	chr13	75070507	76308911	5	4	1
cb004a7f-4a9e-4309-b183-c7b30ab65871	chr13	76310191	83506278	6	4	2
cb004a7f-4a9e-4309-b183-c7b30ab65871	chr13	83506639	88141484	5	4	1
cb004a7f-4a9e-4309-b183-c7b30ab65871	chr13	88142324	89210689	6	4	2
cb004a7f-4a9e-4309-b183-c7b30ab65871	chr13	89212339	114342922	5	4	1
cb004a7f-4a9e-4309-b183-c7b30ab65871	chr14	18225647	106877229	3	2	1
cb004a7f-4a9e-4309-b183-c7b30ab65871	chr15	19811075	33700071	4	2	2
cb004a7f-4a9e-4309-b183-c7b30ab65871	chr15	33700759	34693783	3	2	1
cb004a7f-4a9e-4309-b183-c7b30ab65871	chr15	34693875	101928837	4	2	2
cb004a7f-4a9e-4309-b183-c7b30ab65871	chr16	10777	90221127	4	2	2
cb004a7f-4a9e-4309-b183-c7b30ab65871	chr17	150733	83090856	3	2	1
cb004a7f-4a9e-4309-b183-c7b30ab65871	chr18	48133	39576364	2	1	1
cb004a7f-4a9e-4309-b183-c7b30ab65871	chr18	39576878	39786680	1	1	0
cb004a7f-4a9e-4309-b183-c7b30ab65871	chr18	39796980	80257174	2	1	1
cb004a7f-4a9e-4309-b183-c7b30ab65871	chr19	90910	58586487	4	2	2
cb004a7f-4a9e-4309-b183-c7b30ab65871	chr20	80664	64324800	6	4	2
cb004a7f-4a9e-4309-b183-c7b30ab65871	chr21	10336543	46677045	3	2	1
cb004a7f-4a9e-4309-b183-c7b30ab65871	chr22	15294545	50796027	3	2	1
cb004a7f-4a9e-4309-b183-c7b30ab65871	chrX	251810	2776199	7	4	3
cb004a7f-4a9e-4309-b183-c7b30ab65871	chrX	2785350	121727867	2	2	0
cb004a7f-4a9e-4309-b183-c7b30ab65871	chrX	121730843	122055838	1	1	0
cb004a7f-4a9e-4309-b183-c7b30ab65871	chrX	122056536	155699837	2	2	0
cb004a7f-4a9e-4309-b183-c7b30ab65871	chrX	155733777	156004181	7	7	0
