GDC_Aliquot	Chromosome	Start	End	Num_Probes	Segment_Mean
3924bf3f-e268-4fc7-8e24-cb5cddf17213	1	62920	98602	13	1.1866
3924bf3f-e268-4fc7-8e24-cb5cddf17213	1	259407	5238069	2183	-0.0004
3924bf3f-e268-4fc7-8e24-cb5cddf17213	1	5240277	5243386	5	-1.302
3924bf3f-e268-4fc7-8e24-cb5cddf17213	1	5247237	14991903	5580	-0.004
3924bf3f-e268-4fc7-8e24-cb5cddf17213	1	14996773	14996920	2	-1.7707
3924bf3f-e268-4fc7-8e24-cb5cddf17213	1	14997156	16487426	848	-0.007
3924bf3f-e268-4fc7-8e24-cb5cddf17213	1	16488499	16721984	53	0.4576
3924bf3f-e268-4fc7-8e24-cb5cddf17213	1	16766762	16788139	13	-0.2231
3924bf3f-e268-4fc7-8e24-cb5cddf17213	1	16855942	16898730	15	0.5488
3924bf3f-e268-4fc7-8e24-cb5cddf17213	1	16898872	16919676	16	0.2032
3924bf3f-e268-4fc7-8e24-cb5cddf17213	1	16920587	16935737	24	0.5785
3924bf3f-e268-4fc7-8e24-cb5cddf17213	1	16935752	25292549	5281	-0.0002
3924bf3f-e268-4fc7-8e24-cb5cddf17213	1	25301974	25336853	9	0.8863
3924bf3f-e268-4fc7-8e24-cb5cddf17213	1	25346663	58016644	18801	-0.0004
3924bf3f-e268-4fc7-8e24-cb5cddf17213	1	58016669	58035489	15	-0.4009
3924bf3f-e268-4fc7-8e24-cb5cddf17213	1	58036608	61976059	2878	-0.0046
3924bf3f-e268-4fc7-8e24-cb5cddf17213	1	61976080	61976797	9	-0.6065
3924bf3f-e268-4fc7-8e24-cb5cddf17213	1	61976803	64271273	1577	-0.0038
3924bf3f-e268-4fc7-8e24-cb5cddf17213	1	64279307	64279310	3	-0.9987
3924bf3f-e268-4fc7-8e24-cb5cddf17213	1	64279312	72284670	5441	0.0072
3924bf3f-e268-4fc7-8e24-cb5cddf17213	1	72290430	72297687	9	-0.9821
3924bf3f-e268-4fc7-8e24-cb5cddf17213	1	72302735	75585159	1979	0.0071
3924bf3f-e268-4fc7-8e24-cb5cddf17213	1	75589078	75589169	2	-2.9245
3924bf3f-e268-4fc7-8e24-cb5cddf17213	1	75593824	94665244	12470	0.0038
3924bf3f-e268-4fc7-8e24-cb5cddf17213	1	94665251	94687294	55	-0.9919
3924bf3f-e268-4fc7-8e24-cb5cddf17213	1	94689829	101855332	4570	0.0012
3924bf3f-e268-4fc7-8e24-cb5cddf17213	1	101858065	101860603	6	-1.0968
3924bf3f-e268-4fc7-8e24-cb5cddf17213	1	101861435	152787202	14362	0.0019
3924bf3f-e268-4fc7-8e24-cb5cddf17213	1	152789447	152796224	37	-0.4116
3924bf3f-e268-4fc7-8e24-cb5cddf17213	1	152801429	159147900	3781	0.0066
3924bf3f-e268-4fc7-8e24-cb5cddf17213	1	159153703	159154651	3	-1.0308
3924bf3f-e268-4fc7-8e24-cb5cddf17213	1	159159789	169247699	7502	0.0079
3924bf3f-e268-4fc7-8e24-cb5cddf17213	1	169264736	169272528	7	-0.9196
3924bf3f-e268-4fc7-8e24-cb5cddf17213	1	169273163	174827267	3519	0.0031
3924bf3f-e268-4fc7-8e24-cb5cddf17213	1	174827418	174832702	16	-0.9396
3924bf3f-e268-4fc7-8e24-cb5cddf17213	1	174832716	179354603	3074	0.0086
3924bf3f-e268-4fc7-8e24-cb5cddf17213	1	179361393	179364180	4	-0.9285
3924bf3f-e268-4fc7-8e24-cb5cddf17213	1	179370071	195437317	10711	0.0008
3924bf3f-e268-4fc7-8e24-cb5cddf17213	1	195440575	195446615	5	-0.8688
3924bf3f-e268-4fc7-8e24-cb5cddf17213	1	195449792	195946324	336	0.0196
3924bf3f-e268-4fc7-8e24-cb5cddf17213	1	195946353	195946450	2	-1.2852
3924bf3f-e268-4fc7-8e24-cb5cddf17213	1	195946518	196745743	510	0.0039
3924bf3f-e268-4fc7-8e24-cb5cddf17213	1	196758720	196936029	124	-0.9669
3924bf3f-e268-4fc7-8e24-cb5cddf17213	1	196940515	199142235	1311	0.0019
3924bf3f-e268-4fc7-8e24-cb5cddf17213	1	199142298	199143883	7	-2.2516
3924bf3f-e268-4fc7-8e24-cb5cddf17213	1	199144712	247999886	33974	0.0065
3924bf3f-e268-4fc7-8e24-cb5cddf17213	1	248002400	248008274	2	-2.7966
3924bf3f-e268-4fc7-8e24-cb5cddf17213	1	248010151	248471839	263	-0.0001
3924bf3f-e268-4fc7-8e24-cb5cddf17213	1	248473963	248633912	50	0.3088
3924bf3f-e268-4fc7-8e24-cb5cddf17213	1	248645563	248873491	109	-0.0196
3924bf3f-e268-4fc7-8e24-cb5cddf17213	1	248874237	248874411	2	-1.4763
3924bf3f-e268-4fc7-8e24-cb5cddf17213	1	248875714	248930189	30	0.0726
3924bf3f-e268-4fc7-8e24-cb5cddf17213	2	12784	34486267	24095	0.0068
3924bf3f-e268-4fc7-8e24-cb5cddf17213	2	34486323	34492061	9	1.053
3924bf3f-e268-4fc7-8e24-cb5cddf17213	2	34492401	41011095	4828	0.0098
3924bf3f-e268-4fc7-8e24-cb5cddf17213	2	41011303	41018747	22	-2.1837
3924bf3f-e268-4fc7-8e24-cb5cddf17213	2	41024093	89896149	30988	0.0059
3924bf3f-e268-4fc7-8e24-cb5cddf17213	2	89897956	90216778	121	-0.827
3924bf3f-e268-4fc7-8e24-cb5cddf17213	2	90223541	106263639	6529	0.009
3924bf3f-e268-4fc7-8e24-cb5cddf17213	2	106264257	106268901	11	0.9824
3924bf3f-e268-4fc7-8e24-cb5cddf17213	2	106270799	122719438	9493	0.0091
3924bf3f-e268-4fc7-8e24-cb5cddf17213	2	122722323	122724665	8	-0.9471
3924bf3f-e268-4fc7-8e24-cb5cddf17213	2	122726077	129791702	4634	0.0053
3924bf3f-e268-4fc7-8e24-cb5cddf17213	2	129791707	129804133	10	-0.7849
3924bf3f-e268-4fc7-8e24-cb5cddf17213	2	129805410	130455273	247	0.0312
3924bf3f-e268-4fc7-8e24-cb5cddf17213	2	130471073	130539652	5	1.236
3924bf3f-e268-4fc7-8e24-cb5cddf17213	2	130560276	137748709	4282	0.0153
3924bf3f-e268-4fc7-8e24-cb5cddf17213	2	137751623	137754783	7	-0.9112
3924bf3f-e268-4fc7-8e24-cb5cddf17213	2	137757882	138080725	213	0.0365
3924bf3f-e268-4fc7-8e24-cb5cddf17213	2	138080950	138081987	2	-1.2963
3924bf3f-e268-4fc7-8e24-cb5cddf17213	2	138084511	146107526	4930	0.0074
3924bf3f-e268-4fc7-8e24-cb5cddf17213	2	146107615	146108872	12	0.8664
3924bf3f-e268-4fc7-8e24-cb5cddf17213	2	146109097	163780342	10598	0.0087
3924bf3f-e268-4fc7-8e24-cb5cddf17213	2	163786978	163788616	5	-1.3155
3924bf3f-e268-4fc7-8e24-cb5cddf17213	2	163790132	194449546	18601	0.008
3924bf3f-e268-4fc7-8e24-cb5cddf17213	2	194449998	194460686	7	-1.3654
3924bf3f-e268-4fc7-8e24-cb5cddf17213	2	194461120	199311915	2844	0.0175
3924bf3f-e268-4fc7-8e24-cb5cddf17213	2	199314247	199317834	5	-1.1047
3924bf3f-e268-4fc7-8e24-cb5cddf17213	2	199321192	202428368	1750	0.0096
3924bf3f-e268-4fc7-8e24-cb5cddf17213	2	202431052	202447478	41	-2.2504
3924bf3f-e268-4fc7-8e24-cb5cddf17213	2	202448759	242147305	25227	0.006
3924bf3f-e268-4fc7-8e24-cb5cddf17213	3	20930	182919	154	0.0407
3924bf3f-e268-4fc7-8e24-cb5cddf17213	3	188339	191117	4	-1.1564
3924bf3f-e268-4fc7-8e24-cb5cddf17213	3	193194	11366589	9391	0.0088
3924bf3f-e268-4fc7-8e24-cb5cddf17213	3	11371130	11371926	4	-1.5232
3924bf3f-e268-4fc7-8e24-cb5cddf17213	3	11375791	24738343	8887	0.0002
3924bf3f-e268-4fc7-8e24-cb5cddf17213	3	24738775	24743916	8	-0.8586
3924bf3f-e268-4fc7-8e24-cb5cddf17213	3	24747413	25951171	1153	-0.0116
3924bf3f-e268-4fc7-8e24-cb5cddf17213	3	25951443	26141051	116	0.1411
3924bf3f-e268-4fc7-8e24-cb5cddf17213	3	26143327	26214866	59	-0.0377
3924bf3f-e268-4fc7-8e24-cb5cddf17213	3	26216050	26216347	2	-1.536
3924bf3f-e268-4fc7-8e24-cb5cddf17213	3	26216992	31770928	3942	0.0055
3924bf3f-e268-4fc7-8e24-cb5cddf17213	3	31771093	31772937	3	-1.239
3924bf3f-e268-4fc7-8e24-cb5cddf17213	3	31776052	46751887	9455	0.0041
3924bf3f-e268-4fc7-8e24-cb5cddf17213	3	46760327	46807689	39	-2.7924
3924bf3f-e268-4fc7-8e24-cb5cddf17213	3	46808099	52997793	2499	-0.0003
3924bf3f-e268-4fc7-8e24-cb5cddf17213	3	52997817	52998022	8	0.5344
3924bf3f-e268-4fc7-8e24-cb5cddf17213	3	52999132	57150926	3057	0.009
3924bf3f-e268-4fc7-8e24-cb5cddf17213	3	57151923	57152131	2	-1.2647
3924bf3f-e268-4fc7-8e24-cb5cddf17213	3	57152303	75519398	13941	0.0066
3924bf3f-e268-4fc7-8e24-cb5cddf17213	3	75523398	75528153	3	-2.477
3924bf3f-e268-4fc7-8e24-cb5cddf17213	3	75529707	125993370	27367	0.0024
3924bf3f-e268-4fc7-8e24-cb5cddf17213	3	125993427	126003489	29	-0.7344
3924bf3f-e268-4fc7-8e24-cb5cddf17213	3	126004174	130057015	2330	0.0118
3924bf3f-e268-4fc7-8e24-cb5cddf17213	3	130057833	130087393	35	0.5658
3924bf3f-e268-4fc7-8e24-cb5cddf17213	3	130088081	130133020	19	0.0367
3924bf3f-e268-4fc7-8e24-cb5cddf17213	3	130137637	130137903	2	-1.5139
3924bf3f-e268-4fc7-8e24-cb5cddf17213	3	130141782	135977444	3869	0.0073
3924bf3f-e268-4fc7-8e24-cb5cddf17213	3	135979780	135981035	3	-1.06
3924bf3f-e268-4fc7-8e24-cb5cddf17213	3	135983695	137309116	591	-0.0053
3924bf3f-e268-4fc7-8e24-cb5cddf17213	3	137309118	137309121	3	0.9014
3924bf3f-e268-4fc7-8e24-cb5cddf17213	3	137311987	137314218	15	0.1265
3924bf3f-e268-4fc7-8e24-cb5cddf17213	3	137314418	137314591	11	0.6377
3924bf3f-e268-4fc7-8e24-cb5cddf17213	3	137322651	150791817	8326	0.0032
3924bf3f-e268-4fc7-8e24-cb5cddf17213	3	150792296	150792302	2	-1.7462
3924bf3f-e268-4fc7-8e24-cb5cddf17213	3	150792440	162788742	7420	0.001
3924bf3f-e268-4fc7-8e24-cb5cddf17213	3	162790390	162898127	67	0.5117
3924bf3f-e268-4fc7-8e24-cb5cddf17213	3	162906054	166097944	1836	-0.0014
3924bf3f-e268-4fc7-8e24-cb5cddf17213	3	166099553	166103800	3	-1.5369
3924bf3f-e268-4fc7-8e24-cb5cddf17213	3	166110628	173840292	4744	0.0133
3924bf3f-e268-4fc7-8e24-cb5cddf17213	3	173841741	173841783	3	-1.3701
3924bf3f-e268-4fc7-8e24-cb5cddf17213	3	173845902	186980310	8082	0.0063
3924bf3f-e268-4fc7-8e24-cb5cddf17213	3	186983049	186983135	2	-3.4194
3924bf3f-e268-4fc7-8e24-cb5cddf17213	3	186991016	187405834	309	0.0116
3924bf3f-e268-4fc7-8e24-cb5cddf17213	3	187405954	187406320	2	-1.479
3924bf3f-e268-4fc7-8e24-cb5cddf17213	3	187410668	189642965	1688	0.0157
3924bf3f-e268-4fc7-8e24-cb5cddf17213	3	189645889	189646849	11	-1.0358
3924bf3f-e268-4fc7-8e24-cb5cddf17213	3	189653199	193160113	2489	-0.0052
3924bf3f-e268-4fc7-8e24-cb5cddf17213	3	193160173	193164677	13	0.7945
3924bf3f-e268-4fc7-8e24-cb5cddf17213	3	193164694	194920587	1167	0.0092
3924bf3f-e268-4fc7-8e24-cb5cddf17213	3	194920617	194921116	4	-1.0467
3924bf3f-e268-4fc7-8e24-cb5cddf17213	3	194921751	198169247	1527	0.009
3924bf3f-e268-4fc7-8e24-cb5cddf17213	4	68929	3884081	1569	0.0161
3924bf3f-e268-4fc7-8e24-cb5cddf17213	4	3896017	4158336	65	0.2316
3924bf3f-e268-4fc7-8e24-cb5cddf17213	4	4163608	5315008	896	-0.0021
3924bf3f-e268-4fc7-8e24-cb5cddf17213	4	5318059	5319207	2	-1.4951
3924bf3f-e268-4fc7-8e24-cb5cddf17213	4	5321568	9374840	2569	-0.0045
3924bf3f-e268-4fc7-8e24-cb5cddf17213	4	9379218	9455251	57	0.5447
3924bf3f-e268-4fc7-8e24-cb5cddf17213	4	9459504	9463248	3	-1.5719
3924bf3f-e268-4fc7-8e24-cb5cddf17213	4	9469529	21370380	8786	-0.0008
3924bf3f-e268-4fc7-8e24-cb5cddf17213	4	21370416	21375167	12	-0.7823
3924bf3f-e268-4fc7-8e24-cb5cddf17213	4	21375183	64958440	26047	0.0015
3924bf3f-e268-4fc7-8e24-cb5cddf17213	4	64958534	64958552	2	-2.2576
3924bf3f-e268-4fc7-8e24-cb5cddf17213	4	64958595	68361130	2181	0.0101
3924bf3f-e268-4fc7-8e24-cb5cddf17213	4	68378716	68674307	93	0.4597
3924bf3f-e268-4fc7-8e24-cb5cddf17213	4	68686026	69278088	322	0.0527
3924bf3f-e268-4fc7-8e24-cb5cddf17213	4	69283159	69414814	63	0.3749
3924bf3f-e268-4fc7-8e24-cb5cddf17213	4	69415349	69523998	87	0.009
3924bf3f-e268-4fc7-8e24-cb5cddf17213	4	69524143	69525061	2	-2.3787
3924bf3f-e268-4fc7-8e24-cb5cddf17213	4	69526170	79072668	6073	0.0061
3924bf3f-e268-4fc7-8e24-cb5cddf17213	4	79072883	79079627	2	-2.7675
3924bf3f-e268-4fc7-8e24-cb5cddf17213	4	79080556	111375831	19276	-0.0017
3924bf3f-e268-4fc7-8e24-cb5cddf17213	4	111376259	111388458	24	-1.117
3924bf3f-e268-4fc7-8e24-cb5cddf17213	4	111388478	143911133	19547	0.0023
3924bf3f-e268-4fc7-8e24-cb5cddf17213	4	143920939	144022456	54	-0.7816
3924bf3f-e268-4fc7-8e24-cb5cddf17213	4	144031375	154881396	6303	0.0034
3924bf3f-e268-4fc7-8e24-cb5cddf17213	4	154881853	154881926	3	-2.9728
3924bf3f-e268-4fc7-8e24-cb5cddf17213	4	154882047	155673078	502	0.0099
3924bf3f-e268-4fc7-8e24-cb5cddf17213	4	155673116	155676843	14	-0.9133
3924bf3f-e268-4fc7-8e24-cb5cddf17213	4	155680783	156380587	558	-0.0073
3924bf3f-e268-4fc7-8e24-cb5cddf17213	4	156384225	156384770	12	-0.6762
3924bf3f-e268-4fc7-8e24-cb5cddf17213	4	156386889	160952848	2831	0.0034
3924bf3f-e268-4fc7-8e24-cb5cddf17213	4	160958866	160963767	22	-0.8733
3924bf3f-e268-4fc7-8e24-cb5cddf17213	4	160963806	164940600	2617	0.0044
3924bf3f-e268-4fc7-8e24-cb5cddf17213	4	164948386	164952305	9	0.6277
3924bf3f-e268-4fc7-8e24-cb5cddf17213	4	164961141	170346931	3347	-0.0082
3924bf3f-e268-4fc7-8e24-cb5cddf17213	4	170346943	170352007	6	-0.8556
3924bf3f-e268-4fc7-8e24-cb5cddf17213	4	170352863	178318447	4885	-0.0027
3924bf3f-e268-4fc7-8e24-cb5cddf17213	4	178320828	178324622	2	-1.5131
3924bf3f-e268-4fc7-8e24-cb5cddf17213	4	178325820	185513977	5217	0.0127
3924bf3f-e268-4fc7-8e24-cb5cddf17213	4	185514515	185514703	2	-2.2466
3924bf3f-e268-4fc7-8e24-cb5cddf17213	4	185514866	190106768	3084	0.0117
3924bf3f-e268-4fc7-8e24-cb5cddf17213	5	15532	698256	307	0.0138
3924bf3f-e268-4fc7-8e24-cb5cddf17213	5	698357	852451	47	0.9934
3924bf3f-e268-4fc7-8e24-cb5cddf17213	5	863682	11161513	8750	0.0027
3924bf3f-e268-4fc7-8e24-cb5cddf17213	5	11162524	11162659	3	-2.4226
3924bf3f-e268-4fc7-8e24-cb5cddf17213	5	11167165	21376735	6565	0.0066
3924bf3f-e268-4fc7-8e24-cb5cddf17213	5	21377730	21377744	2	-2.7887
3924bf3f-e268-4fc7-8e24-cb5cddf17213	5	21385957	23152808	962	-0.0051
3924bf3f-e268-4fc7-8e24-cb5cddf17213	5	23155113	23156786	6	-0.7148
3924bf3f-e268-4fc7-8e24-cb5cddf17213	5	23156892	27524345	2613	0.0007
3924bf3f-e268-4fc7-8e24-cb5cddf17213	5	27525283	27527372	11	-1.0871
3924bf3f-e268-4fc7-8e24-cb5cddf17213	5	27528377	46191782	11396	0.0063
3924bf3f-e268-4fc7-8e24-cb5cddf17213	5	46195781	46199333	4	-1.0634
3924bf3f-e268-4fc7-8e24-cb5cddf17213	5	46209197	46251204	13	0.0329
3924bf3f-e268-4fc7-8e24-cb5cddf17213	5	46270906	46273238	6	0.8935
3924bf3f-e268-4fc7-8e24-cb5cddf17213	5	46273300	58030200	5076	0.0068
3924bf3f-e268-4fc7-8e24-cb5cddf17213	5	58030336	58046325	37	-0.5051
3924bf3f-e268-4fc7-8e24-cb5cddf17213	5	58055986	150822643	56624	0.007
3924bf3f-e268-4fc7-8e24-cb5cddf17213	5	150825938	150839042	8	-2.8299
3924bf3f-e268-4fc7-8e24-cb5cddf17213	5	150843825	154394611	2522	0.0051
3924bf3f-e268-4fc7-8e24-cb5cddf17213	5	154394936	154395233	3	-1.4126
3924bf3f-e268-4fc7-8e24-cb5cddf17213	5	154397658	180947523	17728	0.0009
3924bf3f-e268-4fc7-8e24-cb5cddf17213	5	180951710	181006264	21	-0.671
3924bf3f-e268-4fc7-8e24-cb5cddf17213	5	181015400	181363319	168	-0.0214
3924bf3f-e268-4fc7-8e24-cb5cddf17213	6	149661	258265	103	0.032
3924bf3f-e268-4fc7-8e24-cb5cddf17213	6	260376	384546	104	0.2768
3924bf3f-e268-4fc7-8e24-cb5cddf17213	6	385056	29869295	21447	0.0031
3924bf3f-e268-4fc7-8e24-cb5cddf17213	6	29869410	29882419	17	0.8168
3924bf3f-e268-4fc7-8e24-cb5cddf17213	6	29882497	32485152	1174	-0.0106
3924bf3f-e268-4fc7-8e24-cb5cddf17213	6	32486498	32658841	62	-0.8107
3924bf3f-e268-4fc7-8e24-cb5cddf17213	6	32682835	33970222	801	0.0185
3924bf3f-e268-4fc7-8e24-cb5cddf17213	6	33970966	33974928	7	-0.731
3924bf3f-e268-4fc7-8e24-cb5cddf17213	6	33976809	48659194	9395	0.0056
3924bf3f-e268-4fc7-8e24-cb5cddf17213	6	48659520	48659866	3	-1.1568
3924bf3f-e268-4fc7-8e24-cb5cddf17213	6	48661549	54066353	3492	0.0042
3924bf3f-e268-4fc7-8e24-cb5cddf17213	6	54066432	54067057	6	0.9462
3924bf3f-e268-4fc7-8e24-cb5cddf17213	6	54070550	76305231	11867	0.0075
3924bf3f-e268-4fc7-8e24-cb5cddf17213	6	76307183	76307209	3	-1.5469
3924bf3f-e268-4fc7-8e24-cb5cddf17213	6	76307276	76726442	295	0.0141
3924bf3f-e268-4fc7-8e24-cb5cddf17213	6	76726815	76743040	21	-1.3855
3924bf3f-e268-4fc7-8e24-cb5cddf17213	6	76751356	78238226	960	0.0032
3924bf3f-e268-4fc7-8e24-cb5cddf17213	6	78240104	78342127	137	0.2943
3924bf3f-e268-4fc7-8e24-cb5cddf17213	6	78342235	92864624	9220	0.0079
3924bf3f-e268-4fc7-8e24-cb5cddf17213	6	92866148	92868912	31	-0.9135
3924bf3f-e268-4fc7-8e24-cb5cddf17213	6	92873205	150044207	35792	0.0036
3924bf3f-e268-4fc7-8e24-cb5cddf17213	6	150046027	150048209	7	-1.1436
3924bf3f-e268-4fc7-8e24-cb5cddf17213	6	150050561	170741917	14631	-0.0002
3924bf3f-e268-4fc7-8e24-cb5cddf17213	7	43355	102355	54	-0.0114
3924bf3f-e268-4fc7-8e24-cb5cddf17213	7	106959	109106	9	-0.6083
3924bf3f-e268-4fc7-8e24-cb5cddf17213	7	109218	4326057	2182	-0.0016
3924bf3f-e268-4fc7-8e24-cb5cddf17213	7	4328069	4330935	2	-1.5575
3924bf3f-e268-4fc7-8e24-cb5cddf17213	7	4331007	4372775	52	-0.0304
3924bf3f-e268-4fc7-8e24-cb5cddf17213	7	4377317	4381830	8	-0.8793
3924bf3f-e268-4fc7-8e24-cb5cddf17213	7	4382068	53145660	35319	0.0036
3924bf3f-e268-4fc7-8e24-cb5cddf17213	7	53146318	53150930	10	-1.0727
3924bf3f-e268-4fc7-8e24-cb5cddf17213	7	53151219	54305455	843	0.0007
3924bf3f-e268-4fc7-8e24-cb5cddf17213	7	54318812	54318824	6	1.7341
3924bf3f-e268-4fc7-8e24-cb5cddf17213	7	54325795	109801187	28473	0.0025
3924bf3f-e268-4fc7-8e24-cb5cddf17213	7	109801572	109814172	12	0.8078
3924bf3f-e268-4fc7-8e24-cb5cddf17213	7	109814214	126404920	10029	0.0027
3924bf3f-e268-4fc7-8e24-cb5cddf17213	7	126405428	126406561	12	-1.0477
3924bf3f-e268-4fc7-8e24-cb5cddf17213	7	126406822	159334314	20823	0.0031
3924bf3f-e268-4fc7-8e24-cb5cddf17213	8	81254	643041	322	0.0501
3924bf3f-e268-4fc7-8e24-cb5cddf17213	8	644944	645908	10	-1.0027
3924bf3f-e268-4fc7-8e24-cb5cddf17213	8	656117	7185818	7395	0.004
3924bf3f-e268-4fc7-8e24-cb5cddf17213	8	7296545	7397588	26	-0.6495
3924bf3f-e268-4fc7-8e24-cb5cddf17213	8	7414835	7598502	15	-0.0565
3924bf3f-e268-4fc7-8e24-cb5cddf17213	8	7775900	8007744	17	0.8392
3924bf3f-e268-4fc7-8e24-cb5cddf17213	8	8078333	10221343	1776	0.0092
3924bf3f-e268-4fc7-8e24-cb5cddf17213	8	10221548	10224727	3	-2.2969
3924bf3f-e268-4fc7-8e24-cb5cddf17213	8	10225723	12092042	1452	-0.0055
3924bf3f-e268-4fc7-8e24-cb5cddf17213	8	12130217	12177488	8	-0.6942
3924bf3f-e268-4fc7-8e24-cb5cddf17213	8	12323772	12376789	10	0.1322
3924bf3f-e268-4fc7-8e24-cb5cddf17213	8	12376891	12418301	20	0.8031
3924bf3f-e268-4fc7-8e24-cb5cddf17213	8	12419769	16339682	3477	0.011
3924bf3f-e268-4fc7-8e24-cb5cddf17213	8	16349445	16349614	8	-1.6712
3924bf3f-e268-4fc7-8e24-cb5cddf17213	8	16354575	17381144	847	0.0169
3924bf3f-e268-4fc7-8e24-cb5cddf17213	8	17382929	17383339	6	-1.2087
3924bf3f-e268-4fc7-8e24-cb5cddf17213	8	17383448	25118055	6083	-0.0011
3924bf3f-e268-4fc7-8e24-cb5cddf17213	8	25118687	25126818	21	0.5366
3924bf3f-e268-4fc7-8e24-cb5cddf17213	8	25133589	38524519	8611	0.0061
3924bf3f-e268-4fc7-8e24-cb5cddf17213	8	38525419	38528396	3	-1.1191
3924bf3f-e268-4fc7-8e24-cb5cddf17213	8	38529873	39378084	403	0.0062
3924bf3f-e268-4fc7-8e24-cb5cddf17213	8	39389156	39531260	60	0.4648
3924bf3f-e268-4fc7-8e24-cb5cddf17213	8	39531496	40914477	1070	-0.006
3924bf3f-e268-4fc7-8e24-cb5cddf17213	8	40920333	40920952	2	-2.3018
3924bf3f-e268-4fc7-8e24-cb5cddf17213	8	40926161	67635224	14456	0.004
3924bf3f-e268-4fc7-8e24-cb5cddf17213	8	67635292	67644593	30	0.3617
3924bf3f-e268-4fc7-8e24-cb5cddf17213	8	67649204	71300130	2340	-0.0023
3924bf3f-e268-4fc7-8e24-cb5cddf17213	8	71303076	71308086	11	-0.6632
3924bf3f-e268-4fc7-8e24-cb5cddf17213	8	71310086	89508420	10858	0.0102
3924bf3f-e268-4fc7-8e24-cb5cddf17213	8	89514094	89534895	11	0.597
3924bf3f-e268-4fc7-8e24-cb5cddf17213	8	89540927	114619814	15056	0.0078
3924bf3f-e268-4fc7-8e24-cb5cddf17213	8	114622258	114629502	35	-0.6523
3924bf3f-e268-4fc7-8e24-cb5cddf17213	8	114638468	143616987	20542	0.0067
3924bf3f-e268-4fc7-8e24-cb5cddf17213	8	143622987	143625638	9	-0.7995
3924bf3f-e268-4fc7-8e24-cb5cddf17213	8	143636819	145072769	504	0.0232
3924bf3f-e268-4fc7-8e24-cb5cddf17213	9	46587	602903	508	0.0055
3924bf3f-e268-4fc7-8e24-cb5cddf17213	9	606699	606961	4	-1.2496
3924bf3f-e268-4fc7-8e24-cb5cddf17213	9	607307	21122646	18353	0.0033
3924bf3f-e268-4fc7-8e24-cb5cddf17213	9	21125405	21125945	4	-1.1332
3924bf3f-e268-4fc7-8e24-cb5cddf17213	9	21128863	41451846	12379	0.0013
3924bf3f-e268-4fc7-8e24-cb5cddf17213	9	41473331	42014203	33	0.4513
3924bf3f-e268-4fc7-8e24-cb5cddf17213	9	42037471	42202227	21	-1.944
3924bf3f-e268-4fc7-8e24-cb5cddf17213	9	42211663	60889708	61	0.3046
3924bf3f-e268-4fc7-8e24-cb5cddf17213	9	60893611	61860153	49	-0.3337
3924bf3f-e268-4fc7-8e24-cb5cddf17213	9	61918788	63580418	29	0.2098
3924bf3f-e268-4fc7-8e24-cb5cddf17213	9	63590317	63592813	7	1.857
3924bf3f-e268-4fc7-8e24-cb5cddf17213	9	63614182	66146735	91	0.1856
3924bf3f-e268-4fc7-8e24-cb5cddf17213	9	66170759	79111192	7863	0.0045
3924bf3f-e268-4fc7-8e24-cb5cddf17213	9	79114741	79125739	10	0.6217
3924bf3f-e268-4fc7-8e24-cb5cddf17213	9	79134061	113092642	24100	0.0009
3924bf3f-e268-4fc7-8e24-cb5cddf17213	9	113093264	113105244	17	-0.9854
3924bf3f-e268-4fc7-8e24-cb5cddf17213	9	113119320	138200944	15964	0.0003
3924bf3f-e268-4fc7-8e24-cb5cddf17213	10	45792	44585946	30757	0.0037
3924bf3f-e268-4fc7-8e24-cb5cddf17213	10	44586244	44586704	2	-1.4817
3924bf3f-e268-4fc7-8e24-cb5cddf17213	10	44592644	46560525	949	-0.0095
3924bf3f-e268-4fc7-8e24-cb5cddf17213	10	46606240	46708198	10	0.9553
3924bf3f-e268-4fc7-8e24-cb5cddf17213	10	46780843	46810571	5	-0.7514
3924bf3f-e268-4fc7-8e24-cb5cddf17213	10	46836986	47559596	290	0.0056
3924bf3f-e268-4fc7-8e24-cb5cddf17213	10	47622159	47627616	2	-2.3132
3924bf3f-e268-4fc7-8e24-cb5cddf17213	10	47680298	56756615	6246	0.0038
3924bf3f-e268-4fc7-8e24-cb5cddf17213	10	56756643	56767077	40	-0.9541
3924bf3f-e268-4fc7-8e24-cb5cddf17213	10	56772992	57334837	450	-0.0022
3924bf3f-e268-4fc7-8e24-cb5cddf17213	10	57335057	57335443	6	0.9653
3924bf3f-e268-4fc7-8e24-cb5cddf17213	10	57335528	57450745	95	-0.0442
3924bf3f-e268-4fc7-8e24-cb5cddf17213	10	57450761	57451013	3	-2.4791
3924bf3f-e268-4fc7-8e24-cb5cddf17213	10	57458735	65581795	5605	0.0115
3924bf3f-e268-4fc7-8e24-cb5cddf17213	10	65583696	65584034	6	-1.0535
3924bf3f-e268-4fc7-8e24-cb5cddf17213	10	65584162	133654968	46200	0.004
3924bf3f-e268-4fc7-8e24-cb5cddf17213	11	198510	4298482	1758	0.0082
3924bf3f-e268-4fc7-8e24-cb5cddf17213	11	4298483	4363567	10	0.6817
3924bf3f-e268-4fc7-8e24-cb5cddf17213	11	4365435	4945831	646	0.0266
3924bf3f-e268-4fc7-8e24-cb5cddf17213	11	4946000	4955042	34	0.4181
3924bf3f-e268-4fc7-8e24-cb5cddf17213	11	4955781	5186944	191	-0.0008
3924bf3f-e268-4fc7-8e24-cb5cddf17213	11	5186978	5187269	3	1.1333
3924bf3f-e268-4fc7-8e24-cb5cddf17213	11	5188140	5762693	590	0.0064
3924bf3f-e268-4fc7-8e24-cb5cddf17213	11	5766175	5787909	33	-0.5089
3924bf3f-e268-4fc7-8e24-cb5cddf17213	11	5788108	5851201	71	0.0065
3924bf3f-e268-4fc7-8e24-cb5cddf17213	11	5854637	5862087	5	-1.0541
3924bf3f-e268-4fc7-8e24-cb5cddf17213	11	5864481	18919309	9333	0.0041
3924bf3f-e268-4fc7-8e24-cb5cddf17213	11	18919323	18940375	45	0.3669
3924bf3f-e268-4fc7-8e24-cb5cddf17213	11	18940441	21825348	2599	0.0051
3924bf3f-e268-4fc7-8e24-cb5cddf17213	11	21825960	21827206	5	-1.1223
3924bf3f-e268-4fc7-8e24-cb5cddf17213	11	21829111	55609158	19172	0.0004
3924bf3f-e268-4fc7-8e24-cb5cddf17213	11	55609178	55685533	48	0.4
3924bf3f-e268-4fc7-8e24-cb5cddf17213	11	55686100	79300568	12503	0.008
3924bf3f-e268-4fc7-8e24-cb5cddf17213	11	79304948	79305315	6	-0.9392
3924bf3f-e268-4fc7-8e24-cb5cddf17213	11	79306220	85779138	4645	0.0062
3924bf3f-e268-4fc7-8e24-cb5cddf17213	11	85782667	85789034	4	-1.0362
3924bf3f-e268-4fc7-8e24-cb5cddf17213	11	85791922	85886042	73	0.0232
3924bf3f-e268-4fc7-8e24-cb5cddf17213	11	85887777	85888018	2	-1.7137
3924bf3f-e268-4fc7-8e24-cb5cddf17213	11	85888102	89834373	2631	-0.0028
3924bf3f-e268-4fc7-8e24-cb5cddf17213	11	89847184	89878176	2	-1.8987
3924bf3f-e268-4fc7-8e24-cb5cddf17213	11	89903029	90833345	552	0.003
3924bf3f-e268-4fc7-8e24-cb5cddf17213	11	90835019	90837870	4	-1.1064
3924bf3f-e268-4fc7-8e24-cb5cddf17213	11	90838996	135074876	31863	0.0034
3924bf3f-e268-4fc7-8e24-cb5cddf17213	12	51460	496708	249	0.0048
3924bf3f-e268-4fc7-8e24-cb5cddf17213	12	496721	496721	2	-2.0868
3924bf3f-e268-4fc7-8e24-cb5cddf17213	12	496811	9477960	5925	0.0023
3924bf3f-e268-4fc7-8e24-cb5cddf17213	12	9481274	9575696	24	0.9598
3924bf3f-e268-4fc7-8e24-cb5cddf17213	12	9582373	11083616	1043	0.0123
3924bf3f-e268-4fc7-8e24-cb5cddf17213	12	11084237	11088933	3	-2.4805
3924bf3f-e268-4fc7-8e24-cb5cddf17213	12	11099275	11358643	132	-0.0088
3924bf3f-e268-4fc7-8e24-cb5cddf17213	12	11358644	11390472	30	0.545
3924bf3f-e268-4fc7-8e24-cb5cddf17213	12	11399258	45506042	20991	0.0064
3924bf3f-e268-4fc7-8e24-cb5cddf17213	12	45510655	45515754	4	1.1862
3924bf3f-e268-4fc7-8e24-cb5cddf17213	12	45519509	60478823	8675	0.0108
3924bf3f-e268-4fc7-8e24-cb5cddf17213	12	60480818	60483567	6	-1.12
3924bf3f-e268-4fc7-8e24-cb5cddf17213	12	60486777	133201603	47754	0.0046
3924bf3f-e268-4fc7-8e24-cb5cddf17213	13	18452809	21842035	1916	0.0106
3924bf3f-e268-4fc7-8e24-cb5cddf17213	13	21845143	21845865	3	-1.3101
3924bf3f-e268-4fc7-8e24-cb5cddf17213	13	21848162	29455681	5771	-0.0016
3924bf3f-e268-4fc7-8e24-cb5cddf17213	13	29457425	29459091	2	-1.3325
3924bf3f-e268-4fc7-8e24-cb5cddf17213	13	29462056	31241082	1405	0.0052
3924bf3f-e268-4fc7-8e24-cb5cddf17213	13	31241595	31243108	4	-0.7809
3924bf3f-e268-4fc7-8e24-cb5cddf17213	13	31243975	31958485	465	0.0181
3924bf3f-e268-4fc7-8e24-cb5cddf17213	13	31958590	31964286	17	-0.9531
3924bf3f-e268-4fc7-8e24-cb5cddf17213	13	31965910	42610732	7484	0.0026
3924bf3f-e268-4fc7-8e24-cb5cddf17213	13	42613285	42615722	2	-1.8192
3924bf3f-e268-4fc7-8e24-cb5cddf17213	13	42616040	57176962	8955	0.0052
3924bf3f-e268-4fc7-8e24-cb5cddf17213	13	57184136	57204246	34	-2.1734
3924bf3f-e268-4fc7-8e24-cb5cddf17213	13	57215580	70192961	7915	-0.0029
3924bf3f-e268-4fc7-8e24-cb5cddf17213	13	70193043	70193832	4	-1.097
3924bf3f-e268-4fc7-8e24-cb5cddf17213	13	70193884	96878772	17376	0.0005
3924bf3f-e268-4fc7-8e24-cb5cddf17213	13	96881922	96884250	6	-1.1307
3924bf3f-e268-4fc7-8e24-cb5cddf17213	13	96885521	108973515	9346	0.0001
3924bf3f-e268-4fc7-8e24-cb5cddf17213	13	108975238	108976976	3	-1.2359
3924bf3f-e268-4fc7-8e24-cb5cddf17213	13	108977335	114342922	3443	0.0043
3924bf3f-e268-4fc7-8e24-cb5cddf17213	14	18239283	18687716	24	0.4072
3924bf3f-e268-4fc7-8e24-cb5cddf17213	14	18693043	19675350	39	0.7681
3924bf3f-e268-4fc7-8e24-cb5cddf17213	14	19689684	19926968	88	0.2756
3924bf3f-e268-4fc7-8e24-cb5cddf17213	14	19932561	23957515	2723	-0.0077
3924bf3f-e268-4fc7-8e24-cb5cddf17213	14	23975620	24010500	22	-0.8152
3924bf3f-e268-4fc7-8e24-cb5cddf17213	14	24015250	41139155	10866	0.005
3924bf3f-e268-4fc7-8e24-cb5cddf17213	14	41141293	41188146	15	-0.8106
3924bf3f-e268-4fc7-8e24-cb5cddf17213	14	41200899	42518302	849	-0.0025
3924bf3f-e268-4fc7-8e24-cb5cddf17213	14	42518663	42526308	4	-1.1728
3924bf3f-e268-4fc7-8e24-cb5cddf17213	14	42526637	105588560	40275	0.004
3924bf3f-e268-4fc7-8e24-cb5cddf17213	14	105612353	105701150	16	0.6801
3924bf3f-e268-4fc7-8e24-cb5cddf17213	14	105728140	106321086	210	0.0732
3924bf3f-e268-4fc7-8e24-cb5cddf17213	14	106340102	106346129	7	-1.2048
3924bf3f-e268-4fc7-8e24-cb5cddf17213	14	106360014	106423925	32	0.0425
3924bf3f-e268-4fc7-8e24-cb5cddf17213	14	106425447	106462183	47	-0.6652
3924bf3f-e268-4fc7-8e24-cb5cddf17213	14	106462724	106575163	45	0.0607
3924bf3f-e268-4fc7-8e24-cb5cddf17213	14	106577527	106650804	37	-1.0007
3924bf3f-e268-4fc7-8e24-cb5cddf17213	14	106657835	106877229	113	0.0236
3924bf3f-e268-4fc7-8e24-cb5cddf17213	15	19811075	21975606	176	0.2265
3924bf3f-e268-4fc7-8e24-cb5cddf17213	15	21997003	22003073	3	-1.4559
3924bf3f-e268-4fc7-8e24-cb5cddf17213	15	22005276	30156392	4650	0.0006
3924bf3f-e268-4fc7-8e24-cb5cddf17213	15	30157841	30314058	23	0.4686
3924bf3f-e268-4fc7-8e24-cb5cddf17213	15	30440076	34262156	2482	0.0034
3924bf3f-e268-4fc7-8e24-cb5cddf17213	15	34262872	34262896	2	1.4917
3924bf3f-e268-4fc7-8e24-cb5cddf17213	15	34280876	45444902	6643	0.0005
3924bf3f-e268-4fc7-8e24-cb5cddf17213	15	45445239	45456554	5	-1.2579
3924bf3f-e268-4fc7-8e24-cb5cddf17213	15	45464885	64675541	13020	0.0046
3924bf3f-e268-4fc7-8e24-cb5cddf17213	15	64678580	64678599	2	-1.7844
3924bf3f-e268-4fc7-8e24-cb5cddf17213	15	64680389	88369481	14448	0.0077
3924bf3f-e268-4fc7-8e24-cb5cddf17213	15	88369523	88372866	4	-1.2629
3924bf3f-e268-4fc7-8e24-cb5cddf17213	15	88374682	101859834	10078	0.0035
3924bf3f-e268-4fc7-8e24-cb5cddf17213	15	101864933	101928837	13	0.3479
3924bf3f-e268-4fc7-8e24-cb5cddf17213	16	10777	55762682	26942	-0.0002
3924bf3f-e268-4fc7-8e24-cb5cddf17213	16	55764310	55764867	3	2.3794
3924bf3f-e268-4fc7-8e24-cb5cddf17213	16	55770436	76764575	12681	0.0014
3924bf3f-e268-4fc7-8e24-cb5cddf17213	16	76764612	76772531	3	-1.6285
3924bf3f-e268-4fc7-8e24-cb5cddf17213	16	76774655	78337711	1610	0.0042
3924bf3f-e268-4fc7-8e24-cb5cddf17213	16	78338543	78350841	16	1.1232
3924bf3f-e268-4fc7-8e24-cb5cddf17213	16	78350868	90096867	10624	-0.0013
3924bf3f-e268-4fc7-8e24-cb5cddf17213	17	150733	2408335	1155	-0.0055
3924bf3f-e268-4fc7-8e24-cb5cddf17213	17	2409060	2413234	5	0.9529
3924bf3f-e268-4fc7-8e24-cb5cddf17213	17	2413250	18452078	10233	0.0039
3924bf3f-e268-4fc7-8e24-cb5cddf17213	17	18455632	18561907	26	-1.0293
3924bf3f-e268-4fc7-8e24-cb5cddf17213	17	18565883	41265456	9399	0.0085
3924bf3f-e268-4fc7-8e24-cb5cddf17213	17	41266762	41274198	23	-1.2178
3924bf3f-e268-4fc7-8e24-cb5cddf17213	17	41274279	41348899	75	0.0649
3924bf3f-e268-4fc7-8e24-cb5cddf17213	17	41354660	41366243	29	-0.749
3924bf3f-e268-4fc7-8e24-cb5cddf17213	17	41370057	41372886	12	-0.0725
3924bf3f-e268-4fc7-8e24-cb5cddf17213	17	41376617	41380422	7	0.7455
3924bf3f-e268-4fc7-8e24-cb5cddf17213	17	41391076	45577724	2033	0.0109
3924bf3f-e268-4fc7-8e24-cb5cddf17213	17	45579014	45610956	10	0.6204
3924bf3f-e268-4fc7-8e24-cb5cddf17213	17	45616172	46085732	333	0.0224
3924bf3f-e268-4fc7-8e24-cb5cddf17213	17	46088437	46276519	121	0.489
3924bf3f-e268-4fc7-8e24-cb5cddf17213	17	46284643	46351954	5	-0.0906
3924bf3f-e268-4fc7-8e24-cb5cddf17213	17	46446345	46571001	4	-1.4695
3924bf3f-e268-4fc7-8e24-cb5cddf17213	17	46664059	56426460	6083	-0.0031
3924bf3f-e268-4fc7-8e24-cb5cddf17213	17	56426614	56430290	5	-1.3452
3924bf3f-e268-4fc7-8e24-cb5cddf17213	17	56431027	57610128	914	-0.0043
3924bf3f-e268-4fc7-8e24-cb5cddf17213	17	57610972	57611632	2	-2.0847
3924bf3f-e268-4fc7-8e24-cb5cddf17213	17	57614632	73585994	9593	0.001
3924bf3f-e268-4fc7-8e24-cb5cddf17213	17	73586705	73586736	2	-1.264
3924bf3f-e268-4fc7-8e24-cb5cddf17213	17	73586998	73747641	144	-0.0234
3924bf3f-e268-4fc7-8e24-cb5cddf17213	17	73749837	73751471	17	-1.0951
3924bf3f-e268-4fc7-8e24-cb5cddf17213	17	73751886	79246981	3071	0.006
3924bf3f-e268-4fc7-8e24-cb5cddf17213	17	79249578	79250308	3	-1.4398
3924bf3f-e268-4fc7-8e24-cb5cddf17213	17	79250962	83091923	1735	0.004
3924bf3f-e268-4fc7-8e24-cb5cddf17213	18	48133	80257174	50743	0.0078
3924bf3f-e268-4fc7-8e24-cb5cddf17213	19	90910	20563384	9010	0.0049
3924bf3f-e268-4fc7-8e24-cb5cddf17213	19	20576271	20577052	2	-1.5226
3924bf3f-e268-4fc7-8e24-cb5cddf17213	19	20582324	22225736	944	-0.0181
3924bf3f-e268-4fc7-8e24-cb5cddf17213	19	22231138	22246060	13	0.7698
3924bf3f-e268-4fc7-8e24-cb5cddf17213	19	22249035	22262993	14	0.401
3924bf3f-e268-4fc7-8e24-cb5cddf17213	19	22263006	41550978	9903	0.0061
3924bf3f-e268-4fc7-8e24-cb5cddf17213	19	41551655	41555186	4	-1.2139
3924bf3f-e268-4fc7-8e24-cb5cddf17213	19	41555483	43198881	706	0.022
3924bf3f-e268-4fc7-8e24-cb5cddf17213	19	43199352	43252085	21	-0.598
3924bf3f-e268-4fc7-8e24-cb5cddf17213	19	43262507	51628560	4147	-0.0011
3924bf3f-e268-4fc7-8e24-cb5cddf17213	19	51639099	51644944	11	-2.9711
3924bf3f-e268-4fc7-8e24-cb5cddf17213	19	51651652	58100356	4067	-0.0032
3924bf3f-e268-4fc7-8e24-cb5cddf17213	19	58102654	58102722	2	-3.4333
3924bf3f-e268-4fc7-8e24-cb5cddf17213	19	58104889	58586487	268	-0.0323
3924bf3f-e268-4fc7-8e24-cb5cddf17213	20	80664	64324800	42374	0.0022
3924bf3f-e268-4fc7-8e24-cb5cddf17213	21	10354168	13197978	116	0.1455
3924bf3f-e268-4fc7-8e24-cb5cddf17213	21	13221914	13677975	156	0.5754
3924bf3f-e268-4fc7-8e24-cb5cddf17213	21	13803967	46677045	23591	0.0029
3924bf3f-e268-4fc7-8e24-cb5cddf17213	22	15294547	23946180	4384	0.0216
3924bf3f-e268-4fc7-8e24-cb5cddf17213	22	23946247	23950883	2	-1.7185
3924bf3f-e268-4fc7-8e24-cb5cddf17213	22	23951669	36174780	9219	0.0102
3924bf3f-e268-4fc7-8e24-cb5cddf17213	22	36176467	36177882	4	-1.2422
3924bf3f-e268-4fc7-8e24-cb5cddf17213	22	36180892	36545018	244	-0.0114
3924bf3f-e268-4fc7-8e24-cb5cddf17213	22	36547734	36552699	5	-0.9049
3924bf3f-e268-4fc7-8e24-cb5cddf17213	22	36555277	42496590	3295	0.0022
3924bf3f-e268-4fc7-8e24-cb5cddf17213	22	42501276	42559425	26	0.515
3924bf3f-e268-4fc7-8e24-cb5cddf17213	22	42559782	47345708	3428	0.0074
3924bf3f-e268-4fc7-8e24-cb5cddf17213	22	47353491	47356361	2	-1.8233
3924bf3f-e268-4fc7-8e24-cb5cddf17213	22	47356532	49090879	1645	0.0089
3924bf3f-e268-4fc7-8e24-cb5cddf17213	22	49091316	49091605	5	-0.9644
3924bf3f-e268-4fc7-8e24-cb5cddf17213	22	49093113	50796027	1020	0.0334
3924bf3f-e268-4fc7-8e24-cb5cddf17213	X	251810	2785350	95	0.4384
3924bf3f-e268-4fc7-8e24-cb5cddf17213	X	2785592	5003874	1537	0.0069
3924bf3f-e268-4fc7-8e24-cb5cddf17213	X	5004155	5004902	2	-2.9071
3924bf3f-e268-4fc7-8e24-cb5cddf17213	X	5008487	70196068	34778	-0.0023
3924bf3f-e268-4fc7-8e24-cb5cddf17213	X	70203871	70228064	14	1.2047
3924bf3f-e268-4fc7-8e24-cb5cddf17213	X	70230674	155699837	46254	0.0013
3924bf3f-e268-4fc7-8e24-cb5cddf17213	X	155734393	155952689	18	0.4588
3924bf3f-e268-4fc7-8e24-cb5cddf17213	Y	2782397	9759940	2307	-0.6213
3924bf3f-e268-4fc7-8e24-cb5cddf17213	Y	9810941	9811130	2	1.3991
3924bf3f-e268-4fc7-8e24-cb5cddf17213	Y	9870332	56872112	4326	-0.6127
