GDC_Aliquot	Chromosome	Start	End	Num_Probes	Segment_Mean
7df55cf1-0086-4fbb-8ed9-e2c7c15158aa	1	62920	98588	12	-1.1078
7df55cf1-0086-4fbb-8ed9-e2c7c15158aa	1	98602	3302046	723	-0.1129
7df55cf1-0086-4fbb-8ed9-e2c7c15158aa	1	3302359	34626073	18254	-0.0047
7df55cf1-0086-4fbb-8ed9-e2c7c15158aa	1	34637053	34638890	20	-0.794
7df55cf1-0086-4fbb-8ed9-e2c7c15158aa	1	34648667	72284670	23758	0.0054
7df55cf1-0086-4fbb-8ed9-e2c7c15158aa	1	72290430	72297687	9	-0.7745
7df55cf1-0086-4fbb-8ed9-e2c7c15158aa	1	72302735	72345465	48	0.3619
7df55cf1-0086-4fbb-8ed9-e2c7c15158aa	1	72346221	102192618	19274	0.0071
7df55cf1-0086-4fbb-8ed9-e2c7c15158aa	1	102194292	102398081	162	0.1347
7df55cf1-0086-4fbb-8ed9-e2c7c15158aa	1	102398328	108187137	3472	0.008
7df55cf1-0086-4fbb-8ed9-e2c7c15158aa	1	108191613	108192255	2	-4.1544
7df55cf1-0086-4fbb-8ed9-e2c7c15158aa	1	108194874	109679105	694	0.0018
7df55cf1-0086-4fbb-8ed9-e2c7c15158aa	1	109684695	109690949	8	-0.7791
7df55cf1-0086-4fbb-8ed9-e2c7c15158aa	1	109691609	152583291	9585	0.0079
7df55cf1-0086-4fbb-8ed9-e2c7c15158aa	1	152583319	152613762	29	1.6868
7df55cf1-0086-4fbb-8ed9-e2c7c15158aa	1	152613802	196762956	29685	0.0051
7df55cf1-0086-4fbb-8ed9-e2c7c15158aa	1	196769493	196846661	57	-0.3642
7df55cf1-0086-4fbb-8ed9-e2c7c15158aa	1	196847600	209897717	8782	0.0062
7df55cf1-0086-4fbb-8ed9-e2c7c15158aa	1	209908268	209910639	3	-2.0252
7df55cf1-0086-4fbb-8ed9-e2c7c15158aa	1	209913207	247708369	26343	0.0049
7df55cf1-0086-4fbb-8ed9-e2c7c15158aa	1	247711213	248930189	676	0.0834
7df55cf1-0086-4fbb-8ed9-e2c7c15158aa	2	12784	4158097	2987	-0.0174
7df55cf1-0086-4fbb-8ed9-e2c7c15158aa	2	4166274	4175577	36	-0.6475
7df55cf1-0086-4fbb-8ed9-e2c7c15158aa	2	4175922	34485661	21070	0.0056
7df55cf1-0086-4fbb-8ed9-e2c7c15158aa	2	34485743	34512489	39	-0.2971
7df55cf1-0086-4fbb-8ed9-e2c7c15158aa	2	34512965	35740049	866	0.0466
7df55cf1-0086-4fbb-8ed9-e2c7c15158aa	2	35742057	35762881	11	0.6747
7df55cf1-0086-4fbb-8ed9-e2c7c15158aa	2	35772407	42397046	5056	0.0158
7df55cf1-0086-4fbb-8ed9-e2c7c15158aa	2	42397825	42400742	3	-1.5099
7df55cf1-0086-4fbb-8ed9-e2c7c15158aa	2	42400748	50642490	5777	0.0077
7df55cf1-0086-4fbb-8ed9-e2c7c15158aa	2	50643235	51128355	345	0.1092
7df55cf1-0086-4fbb-8ed9-e2c7c15158aa	2	51130564	57167767	4338	0.0102
7df55cf1-0086-4fbb-8ed9-e2c7c15158aa	2	57174909	57218336	69	0.9574
7df55cf1-0086-4fbb-8ed9-e2c7c15158aa	2	57220263	78632988	13432	0.0007
7df55cf1-0086-4fbb-8ed9-e2c7c15158aa	2	78642093	79055280	312	0.077
7df55cf1-0086-4fbb-8ed9-e2c7c15158aa	2	79056326	79070528	4	-0.654
7df55cf1-0086-4fbb-8ed9-e2c7c15158aa	2	79070721	79428391	288	0.0788
7df55cf1-0086-4fbb-8ed9-e2c7c15158aa	2	79429074	86710564	4464	0.0005
7df55cf1-0086-4fbb-8ed9-e2c7c15158aa	2	86725947	86726731	2	2.475
7df55cf1-0086-4fbb-8ed9-e2c7c15158aa	2	86743283	87223346	110	0.0412
7df55cf1-0086-4fbb-8ed9-e2c7c15158aa	2	87225631	87519870	59	-0.2898
7df55cf1-0086-4fbb-8ed9-e2c7c15158aa	2	87520299	146107526	31175	0.0057
7df55cf1-0086-4fbb-8ed9-e2c7c15158aa	2	146107615	146109366	17	0.9868
7df55cf1-0086-4fbb-8ed9-e2c7c15158aa	2	146120238	163780342	10589	-0.002
7df55cf1-0086-4fbb-8ed9-e2c7c15158aa	2	163786978	163790132	6	-0.8623
7df55cf1-0086-4fbb-8ed9-e2c7c15158aa	2	163792152	179546276	9891	0.001
7df55cf1-0086-4fbb-8ed9-e2c7c15158aa	2	179546414	179557410	34	-0.5757
7df55cf1-0086-4fbb-8ed9-e2c7c15158aa	2	179560916	194061868	8448	0.0124
7df55cf1-0086-4fbb-8ed9-e2c7c15158aa	2	194061881	194123143	48	0.2669
7df55cf1-0086-4fbb-8ed9-e2c7c15158aa	2	194124834	194495886	201	-0.0027
7df55cf1-0086-4fbb-8ed9-e2c7c15158aa	2	194500751	194501360	4	-0.8229
7df55cf1-0086-4fbb-8ed9-e2c7c15158aa	2	194501795	194746370	135	0.0402
7df55cf1-0086-4fbb-8ed9-e2c7c15158aa	2	194746425	195123064	227	0.158
7df55cf1-0086-4fbb-8ed9-e2c7c15158aa	2	195125374	202743020	4371	0.0053
7df55cf1-0086-4fbb-8ed9-e2c7c15158aa	2	202746090	202787119	23	0.3346
7df55cf1-0086-4fbb-8ed9-e2c7c15158aa	2	202791748	207486030	2986	0.0049
7df55cf1-0086-4fbb-8ed9-e2c7c15158aa	2	207490188	207494612	18	-0.7738
7df55cf1-0086-4fbb-8ed9-e2c7c15158aa	2	207494752	242147305	22081	0.0031
7df55cf1-0086-4fbb-8ed9-e2c7c15158aa	3	20930	915718	730	0.0721
7df55cf1-0086-4fbb-8ed9-e2c7c15158aa	3	916413	959260	27	-0.9561
7df55cf1-0086-4fbb-8ed9-e2c7c15158aa	3	962800	2777574	1651	0.0942
7df55cf1-0086-4fbb-8ed9-e2c7c15158aa	3	2780268	6775977	3570	0.0311
7df55cf1-0086-4fbb-8ed9-e2c7c15158aa	3	6776035	19448933	8818	-0.0025
7df55cf1-0086-4fbb-8ed9-e2c7c15158aa	3	19452429	22575828	2291	0.0371
7df55cf1-0086-4fbb-8ed9-e2c7c15158aa	3	22576369	22576570	2	-1.6804
7df55cf1-0086-4fbb-8ed9-e2c7c15158aa	3	22576745	25920251	2506	-0.0023
7df55cf1-0086-4fbb-8ed9-e2c7c15158aa	3	25920867	27029169	759	0.0599
7df55cf1-0086-4fbb-8ed9-e2c7c15158aa	3	27029358	35763779	5751	-0.007
7df55cf1-0086-4fbb-8ed9-e2c7c15158aa	3	35765257	35817951	35	0.192
7df55cf1-0086-4fbb-8ed9-e2c7c15158aa	3	35818210	35830745	4	0.8061
7df55cf1-0086-4fbb-8ed9-e2c7c15158aa	3	35831874	35873791	29	0.1875
7df55cf1-0086-4fbb-8ed9-e2c7c15158aa	3	35876925	59934278	14360	0.0026
7df55cf1-0086-4fbb-8ed9-e2c7c15158aa	3	59934401	61044936	1248	0.0684
7df55cf1-0086-4fbb-8ed9-e2c7c15158aa	3	61045041	68682877	6008	0.0007
7df55cf1-0086-4fbb-8ed9-e2c7c15158aa	3	68697013	68698262	15	-1.1184
7df55cf1-0086-4fbb-8ed9-e2c7c15158aa	3	68699607	69987610	1095	0.0106
7df55cf1-0086-4fbb-8ed9-e2c7c15158aa	3	69987966	69990694	5	-1.0281
7df55cf1-0086-4fbb-8ed9-e2c7c15158aa	3	69991393	130044855	33551	0.0052
7df55cf1-0086-4fbb-8ed9-e2c7c15158aa	3	130047743	130088081	38	0.3453
7df55cf1-0086-4fbb-8ed9-e2c7c15158aa	3	130088155	132270020	1433	-0.004
7df55cf1-0086-4fbb-8ed9-e2c7c15158aa	3	132270041	132283990	10	0.4911
7df55cf1-0086-4fbb-8ed9-e2c7c15158aa	3	132284273	137314218	3055	-0.0035
7df55cf1-0086-4fbb-8ed9-e2c7c15158aa	3	137314418	137314421	3	-0.9973
7df55cf1-0086-4fbb-8ed9-e2c7c15158aa	3	137314580	143566923	3860	0.014
7df55cf1-0086-4fbb-8ed9-e2c7c15158aa	3	143566958	143567132	4	1.0738
7df55cf1-0086-4fbb-8ed9-e2c7c15158aa	3	143567959	146676880	2030	0.0092
7df55cf1-0086-4fbb-8ed9-e2c7c15158aa	3	146677105	147692199	533	0.1053
7df55cf1-0086-4fbb-8ed9-e2c7c15158aa	3	147692456	154569681	4356	0.0044
7df55cf1-0086-4fbb-8ed9-e2c7c15158aa	3	154569722	154774110	106	0.1737
7df55cf1-0086-4fbb-8ed9-e2c7c15158aa	3	154774189	162786507	4866	0.0149
7df55cf1-0086-4fbb-8ed9-e2c7c15158aa	3	162786879	162916527	95	0.3926
7df55cf1-0086-4fbb-8ed9-e2c7c15158aa	3	162927179	163648057	387	0.0292
7df55cf1-0086-4fbb-8ed9-e2c7c15158aa	3	163648864	163670424	14	0.3761
7df55cf1-0086-4fbb-8ed9-e2c7c15158aa	3	163671490	163941155	157	0.0387
7df55cf1-0086-4fbb-8ed9-e2c7c15158aa	3	163941157	163941173	5	0.7094
7df55cf1-0086-4fbb-8ed9-e2c7c15158aa	3	163941185	164991161	576	0.0115
7df55cf1-0086-4fbb-8ed9-e2c7c15158aa	3	164993409	165152346	68	0.2561
7df55cf1-0086-4fbb-8ed9-e2c7c15158aa	3	165152747	165803935	434	0.0329
7df55cf1-0086-4fbb-8ed9-e2c7c15158aa	3	165804816	166150015	197	0.1415
7df55cf1-0086-4fbb-8ed9-e2c7c15158aa	3	166162696	169012392	1585	0.0138
7df55cf1-0086-4fbb-8ed9-e2c7c15158aa	3	169015614	169020840	2	-1.7523
7df55cf1-0086-4fbb-8ed9-e2c7c15158aa	3	169022039	173466877	2870	-0.0004
7df55cf1-0086-4fbb-8ed9-e2c7c15158aa	3	173467260	173627434	109	0.1874
7df55cf1-0086-4fbb-8ed9-e2c7c15158aa	3	173630700	175354197	1220	0.0143
7df55cf1-0086-4fbb-8ed9-e2c7c15158aa	3	175358382	175965677	404	0.1407
7df55cf1-0086-4fbb-8ed9-e2c7c15158aa	3	175965825	195685341	12627	0.0037
7df55cf1-0086-4fbb-8ed9-e2c7c15158aa	3	195691392	195747892	39	0.3098
7df55cf1-0086-4fbb-8ed9-e2c7c15158aa	3	195751823	198169247	1165	0.0057
7df55cf1-0086-4fbb-8ed9-e2c7c15158aa	4	68929	34784878	22707	0.0035
7df55cf1-0086-4fbb-8ed9-e2c7c15158aa	4	34785333	34828250	38	0.4321
7df55cf1-0086-4fbb-8ed9-e2c7c15158aa	4	34828291	68478894	19455	0.0128
7df55cf1-0086-4fbb-8ed9-e2c7c15158aa	4	68494770	68620261	68	-0.3778
7df55cf1-0086-4fbb-8ed9-e2c7c15158aa	4	68623617	69432047	402	0.1123
7df55cf1-0086-4fbb-8ed9-e2c7c15158aa	4	69432161	131051691	37271	0.0093
7df55cf1-0086-4fbb-8ed9-e2c7c15158aa	4	131053544	131345637	144	0.179
7df55cf1-0086-4fbb-8ed9-e2c7c15158aa	4	131347629	133238729	998	0.0183
7df55cf1-0086-4fbb-8ed9-e2c7c15158aa	4	133238933	133323488	38	0.2678
7df55cf1-0086-4fbb-8ed9-e2c7c15158aa	4	133323934	133771881	249	0.0336
7df55cf1-0086-4fbb-8ed9-e2c7c15158aa	4	133775209	133793217	13	0.3666
7df55cf1-0086-4fbb-8ed9-e2c7c15158aa	4	133793301	134082230	146	0.0685
7df55cf1-0086-4fbb-8ed9-e2c7c15158aa	4	134082884	134290051	83	0.198
7df55cf1-0086-4fbb-8ed9-e2c7c15158aa	4	134290872	137017547	1498	0.0054
7df55cf1-0086-4fbb-8ed9-e2c7c15158aa	4	137017561	137070246	61	0.1711
7df55cf1-0086-4fbb-8ed9-e2c7c15158aa	4	137071610	137122512	31	-0.1165
7df55cf1-0086-4fbb-8ed9-e2c7c15158aa	4	137127322	137270870	175	0.1364
7df55cf1-0086-4fbb-8ed9-e2c7c15158aa	4	137271024	148006348	6552	0.0024
7df55cf1-0086-4fbb-8ed9-e2c7c15158aa	4	148007062	148007568	3	-1.722
7df55cf1-0086-4fbb-8ed9-e2c7c15158aa	4	148007650	156046823	4944	-0.004
7df55cf1-0086-4fbb-8ed9-e2c7c15158aa	4	156046936	156052053	15	-0.7015
7df55cf1-0086-4fbb-8ed9-e2c7c15158aa	4	156053545	160952773	3062	0.0007
7df55cf1-0086-4fbb-8ed9-e2c7c15158aa	4	160952788	161164681	177	0.158
7df55cf1-0086-4fbb-8ed9-e2c7c15158aa	4	161165217	171448195	6513	0.0127
7df55cf1-0086-4fbb-8ed9-e2c7c15158aa	4	171453733	171456293	8	0.7479
7df55cf1-0086-4fbb-8ed9-e2c7c15158aa	4	171456307	178471209	4309	0.0188
7df55cf1-0086-4fbb-8ed9-e2c7c15158aa	4	178474852	178475330	3	-1.1471
7df55cf1-0086-4fbb-8ed9-e2c7c15158aa	4	178475391	182824168	3364	0.0253
7df55cf1-0086-4fbb-8ed9-e2c7c15158aa	4	182825334	182837897	3	-1.1994
7df55cf1-0086-4fbb-8ed9-e2c7c15158aa	4	182840274	184838776	1314	0.0224
7df55cf1-0086-4fbb-8ed9-e2c7c15158aa	4	184842139	184848544	9	-0.8747
7df55cf1-0086-4fbb-8ed9-e2c7c15158aa	4	184857596	186151876	908	0.0275
7df55cf1-0086-4fbb-8ed9-e2c7c15158aa	4	186153679	186156052	3	-1.3512
7df55cf1-0086-4fbb-8ed9-e2c7c15158aa	4	186156129	188300104	1438	0.0029
7df55cf1-0086-4fbb-8ed9-e2c7c15158aa	4	188300206	188300270	3	1.1355
7df55cf1-0086-4fbb-8ed9-e2c7c15158aa	4	188300285	188737446	379	0.0645
7df55cf1-0086-4fbb-8ed9-e2c7c15158aa	4	188738167	188738871	2	-1.4834
7df55cf1-0086-4fbb-8ed9-e2c7c15158aa	4	188739039	190106768	761	0.0607
7df55cf1-0086-4fbb-8ed9-e2c7c15158aa	5	15532	698390	308	-0.0576
7df55cf1-0086-4fbb-8ed9-e2c7c15158aa	5	717264	773075	22	0.2006
7df55cf1-0086-4fbb-8ed9-e2c7c15158aa	5	773432	863682	24	-0.7427
7df55cf1-0086-4fbb-8ed9-e2c7c15158aa	5	866255	34156377	23265	0.0132
7df55cf1-0086-4fbb-8ed9-e2c7c15158aa	5	34156603	34156860	2	1.9373
7df55cf1-0086-4fbb-8ed9-e2c7c15158aa	5	34157047	45308261	6737	0.0096
7df55cf1-0086-4fbb-8ed9-e2c7c15158aa	5	45310953	50839150	611	0.1174
7df55cf1-0086-4fbb-8ed9-e2c7c15158aa	5	50840797	58025819	4779	0.0086
7df55cf1-0086-4fbb-8ed9-e2c7c15158aa	5	58030200	58037706	32	1.5637
7df55cf1-0086-4fbb-8ed9-e2c7c15158aa	5	58042530	63303633	3463	0.014
7df55cf1-0086-4fbb-8ed9-e2c7c15158aa	5	63304263	63886716	333	0.1282
7df55cf1-0086-4fbb-8ed9-e2c7c15158aa	5	63887110	69533520	3501	0.005
7df55cf1-0086-4fbb-8ed9-e2c7c15158aa	5	69550476	69822308	6	-0.793
7df55cf1-0086-4fbb-8ed9-e2c7c15158aa	5	69937600	70959079	12	-0.0546
7df55cf1-0086-4fbb-8ed9-e2c7c15158aa	5	71010832	71095358	7	0.7377
7df55cf1-0086-4fbb-8ed9-e2c7c15158aa	5	71095426	97698374	15587	0.0076
7df55cf1-0086-4fbb-8ed9-e2c7c15158aa	5	97698860	97879016	104	0.1678
7df55cf1-0086-4fbb-8ed9-e2c7c15158aa	5	97879101	99124208	704	-0.011
7df55cf1-0086-4fbb-8ed9-e2c7c15158aa	5	99124627	100047882	562	0.1567
7df55cf1-0086-4fbb-8ed9-e2c7c15158aa	5	100051743	152134272	33328	0.0106
7df55cf1-0086-4fbb-8ed9-e2c7c15158aa	5	152134366	152140710	21	-0.4269
7df55cf1-0086-4fbb-8ed9-e2c7c15158aa	5	152140861	181363319	19462	0.0029
7df55cf1-0086-4fbb-8ed9-e2c7c15158aa	6	149661	253861	99	-0.0562
7df55cf1-0086-4fbb-8ed9-e2c7c15158aa	6	254267	381149	102	-0.413
7df55cf1-0086-4fbb-8ed9-e2c7c15158aa	6	382559	9425899	7302	0.0022
7df55cf1-0086-4fbb-8ed9-e2c7c15158aa	6	9427253	9427283	2	-1.5845
7df55cf1-0086-4fbb-8ed9-e2c7c15158aa	6	9427947	32656527	15393	0.0068
7df55cf1-0086-4fbb-8ed9-e2c7c15158aa	6	32656814	32658160	4	-1.1587
7df55cf1-0086-4fbb-8ed9-e2c7c15158aa	6	32658841	32722250	45	0.1173
7df55cf1-0086-4fbb-8ed9-e2c7c15158aa	6	32723020	32723053	3	1.3665
7df55cf1-0086-4fbb-8ed9-e2c7c15158aa	6	32732907	33970029	752	0.0129
7df55cf1-0086-4fbb-8ed9-e2c7c15158aa	6	33970222	33974928	8	-0.9316
7df55cf1-0086-4fbb-8ed9-e2c7c15158aa	6	33976809	39772628	3647	0.003
7df55cf1-0086-4fbb-8ed9-e2c7c15158aa	6	39772794	39772843	2	-1.3482
7df55cf1-0086-4fbb-8ed9-e2c7c15158aa	6	39776878	46008061	4009	-0.0035
7df55cf1-0086-4fbb-8ed9-e2c7c15158aa	6	46010406	46010499	3	-1.0299
7df55cf1-0086-4fbb-8ed9-e2c7c15158aa	6	46012820	54066286	5231	0.0066
7df55cf1-0086-4fbb-8ed9-e2c7c15158aa	6	54066353	54067057	7	-1.0012
7df55cf1-0086-4fbb-8ed9-e2c7c15158aa	6	54070550	76726815	12168	0.0183
7df55cf1-0086-4fbb-8ed9-e2c7c15158aa	6	76730151	76742553	14	-3.9536
7df55cf1-0086-4fbb-8ed9-e2c7c15158aa	6	76742665	76743040	7	-1.0044
7df55cf1-0086-4fbb-8ed9-e2c7c15158aa	6	76751356	77709930	634	0.0088
7df55cf1-0086-4fbb-8ed9-e2c7c15158aa	6	77712474	77712642	2	1.6421
7df55cf1-0086-4fbb-8ed9-e2c7c15158aa	6	77716922	78259348	341	0.056
7df55cf1-0086-4fbb-8ed9-e2c7c15158aa	6	78259388	78329517	113	0.5895
7df55cf1-0086-4fbb-8ed9-e2c7c15158aa	6	78331916	93760711	9897	0.0109
7df55cf1-0086-4fbb-8ed9-e2c7c15158aa	6	93761148	94933610	773	0.115
7df55cf1-0086-4fbb-8ed9-e2c7c15158aa	6	94933661	123949430	17393	0.0068
7df55cf1-0086-4fbb-8ed9-e2c7c15158aa	6	123949727	124150388	161	0.1486
7df55cf1-0086-4fbb-8ed9-e2c7c15158aa	6	124152854	140477701	10720	0.0032
7df55cf1-0086-4fbb-8ed9-e2c7c15158aa	6	140480360	140819994	159	0.1409
7df55cf1-0086-4fbb-8ed9-e2c7c15158aa	6	140820244	150985318	6687	-0.0004
7df55cf1-0086-4fbb-8ed9-e2c7c15158aa	6	150985780	150998691	12	-0.5028
7df55cf1-0086-4fbb-8ed9-e2c7c15158aa	6	150999490	170741917	13882	0.0017
7df55cf1-0086-4fbb-8ed9-e2c7c15158aa	7	43355	145185	89	-0.1312
7df55cf1-0086-4fbb-8ed9-e2c7c15158aa	7	148300	158626	11	-0.7988
7df55cf1-0086-4fbb-8ed9-e2c7c15158aa	7	161442	8151520	4428	0.0013
7df55cf1-0086-4fbb-8ed9-e2c7c15158aa	7	8151828	9187340	919	0.0907
7df55cf1-0086-4fbb-8ed9-e2c7c15158aa	7	9188222	9647898	350	-0.0323
7df55cf1-0086-4fbb-8ed9-e2c7c15158aa	7	9650106	10570987	690	0.0853
7df55cf1-0086-4fbb-8ed9-e2c7c15158aa	7	10571348	18881499	6660	0.0212
7df55cf1-0086-4fbb-8ed9-e2c7c15158aa	7	18881598	19751853	893	0.1148
7df55cf1-0086-4fbb-8ed9-e2c7c15158aa	7	19751962	22395161	2015	-0.0034
7df55cf1-0086-4fbb-8ed9-e2c7c15158aa	7	22395853	22396868	2	-2.307
7df55cf1-0086-4fbb-8ed9-e2c7c15158aa	7	22399135	88517017	38292	0.0085
7df55cf1-0086-4fbb-8ed9-e2c7c15158aa	7	88521483	90127572	1077	0.1082
7df55cf1-0086-4fbb-8ed9-e2c7c15158aa	7	90128116	109793741	11493	0.0033
7df55cf1-0086-4fbb-8ed9-e2c7c15158aa	7	109797035	109801187	25	-0.471
7df55cf1-0086-4fbb-8ed9-e2c7c15158aa	7	109801572	109813853	10	-1.664
7df55cf1-0086-4fbb-8ed9-e2c7c15158aa	7	109813925	111129024	878	0.0165
7df55cf1-0086-4fbb-8ed9-e2c7c15158aa	7	111131505	111471431	242	0.1726
7df55cf1-0086-4fbb-8ed9-e2c7c15158aa	7	111472102	126404920	8909	0.0062
7df55cf1-0086-4fbb-8ed9-e2c7c15158aa	7	126405428	126406827	18	-0.7881
7df55cf1-0086-4fbb-8ed9-e2c7c15158aa	7	126412712	126607677	137	0.0002
7df55cf1-0086-4fbb-8ed9-e2c7c15158aa	7	126620696	126644754	15	0.4845
7df55cf1-0086-4fbb-8ed9-e2c7c15158aa	7	126646547	134100424	4541	0.0066
7df55cf1-0086-4fbb-8ed9-e2c7c15158aa	7	134100442	134105690	24	0.4022
7df55cf1-0086-4fbb-8ed9-e2c7c15158aa	7	134110881	142063324	5206	0.0107
7df55cf1-0086-4fbb-8ed9-e2c7c15158aa	7	142069843	142092307	34	-0.5524
7df55cf1-0086-4fbb-8ed9-e2c7c15158aa	7	142099190	144207186	1202	0.0174
7df55cf1-0086-4fbb-8ed9-e2c7c15158aa	7	144249785	144295437	8	1.106
7df55cf1-0086-4fbb-8ed9-e2c7c15158aa	7	144306653	154584676	6400	0.0092
7df55cf1-0086-4fbb-8ed9-e2c7c15158aa	7	154585411	154586621	3	-1.4777
7df55cf1-0086-4fbb-8ed9-e2c7c15158aa	7	154589765	159334314	3252	-0.0085
7df55cf1-0086-4fbb-8ed9-e2c7c15158aa	8	81254	645220	325	-0.0222
7df55cf1-0086-4fbb-8ed9-e2c7c15158aa	8	645443	645875	5	0.7641
7df55cf1-0086-4fbb-8ed9-e2c7c15158aa	8	645892	645908	2	2.8352
7df55cf1-0086-4fbb-8ed9-e2c7c15158aa	8	656117	1418902	563	-0.0106
7df55cf1-0086-4fbb-8ed9-e2c7c15158aa	8	1419196	1419436	2	-1.7183
7df55cf1-0086-4fbb-8ed9-e2c7c15158aa	8	1419522	2131053	575	-0.0208
7df55cf1-0086-4fbb-8ed9-e2c7c15158aa	8	2131151	2844412	566	0.0615
7df55cf1-0086-4fbb-8ed9-e2c7c15158aa	8	2846011	2846377	7	0.9971
7df55cf1-0086-4fbb-8ed9-e2c7c15158aa	8	2849649	6214570	4619	0.0484
7df55cf1-0086-4fbb-8ed9-e2c7c15158aa	8	6214637	6843611	778	0.0054
7df55cf1-0086-4fbb-8ed9-e2c7c15158aa	8	6852226	6853173	3	-1.1684
7df55cf1-0086-4fbb-8ed9-e2c7c15158aa	8	6853239	6968330	173	-0.0028
7df55cf1-0086-4fbb-8ed9-e2c7c15158aa	8	6968741	6969677	11	-0.5443
7df55cf1-0086-4fbb-8ed9-e2c7c15158aa	8	6975846	7185818	91	-0.0208
7df55cf1-0086-4fbb-8ed9-e2c7c15158aa	8	7296545	7974123	55	0.2217
7df55cf1-0086-4fbb-8ed9-e2c7c15158aa	8	7981252	9077003	818	0.0088
7df55cf1-0086-4fbb-8ed9-e2c7c15158aa	8	9077160	9078591	3	-1.1156
7df55cf1-0086-4fbb-8ed9-e2c7c15158aa	8	9078622	16404738	5987	0.0268
7df55cf1-0086-4fbb-8ed9-e2c7c15158aa	8	16404755	16417152	26	-0.4406
7df55cf1-0086-4fbb-8ed9-e2c7c15158aa	8	16421186	17439817	823	0.035
7df55cf1-0086-4fbb-8ed9-e2c7c15158aa	8	17440144	17440184	2	-1.2344
7df55cf1-0086-4fbb-8ed9-e2c7c15158aa	8	17440249	36209855	13367	0.0104
7df55cf1-0086-4fbb-8ed9-e2c7c15158aa	8	36211336	36219621	6	-0.9136
7df55cf1-0086-4fbb-8ed9-e2c7c15158aa	8	36220823	40914477	2830	0.0124
7df55cf1-0086-4fbb-8ed9-e2c7c15158aa	8	40920333	40920952	2	-1.9638
7df55cf1-0086-4fbb-8ed9-e2c7c15158aa	8	40926161	105971462	37703	0.0097
7df55cf1-0086-4fbb-8ed9-e2c7c15158aa	8	105972873	106431686	315	0.1129
7df55cf1-0086-4fbb-8ed9-e2c7c15158aa	8	106432253	108794511	1565	0.0115
7df55cf1-0086-4fbb-8ed9-e2c7c15158aa	8	108794947	108937764	64	0.1881
7df55cf1-0086-4fbb-8ed9-e2c7c15158aa	8	108940833	111279265	1286	0.0245
7df55cf1-0086-4fbb-8ed9-e2c7c15158aa	8	111282050	111283031	10	0.7848
7df55cf1-0086-4fbb-8ed9-e2c7c15158aa	8	111288052	114241288	1613	0.0134
7df55cf1-0086-4fbb-8ed9-e2c7c15158aa	8	114248053	114938060	447	0.0952
7df55cf1-0086-4fbb-8ed9-e2c7c15158aa	8	114938975	141323524	19273	0.0026
7df55cf1-0086-4fbb-8ed9-e2c7c15158aa	8	141323933	142384532	618	-0.1442
7df55cf1-0086-4fbb-8ed9-e2c7c15158aa	8	142392565	145072769	958	-0.0292
7df55cf1-0086-4fbb-8ed9-e2c7c15158aa	9	46587	11326312	10734	0.0225
7df55cf1-0086-4fbb-8ed9-e2c7c15158aa	9	11326457	12526333	947	0.1277
7df55cf1-0086-4fbb-8ed9-e2c7c15158aa	9	12527414	12925922	296	0.0316
7df55cf1-0086-4fbb-8ed9-e2c7c15158aa	9	12928080	12967413	24	-0.8999
7df55cf1-0086-4fbb-8ed9-e2c7c15158aa	9	12972383	28568015	12368	0.0113
7df55cf1-0086-4fbb-8ed9-e2c7c15158aa	9	28568140	28957542	312	0.1698
7df55cf1-0086-4fbb-8ed9-e2c7c15158aa	9	28957555	41571860	6584	0.0155
7df55cf1-0086-4fbb-8ed9-e2c7c15158aa	9	41635766	42230926	39	-0.4969
7df55cf1-0086-4fbb-8ed9-e2c7c15158aa	9	42259927	64543764	204	-0.1327
7df55cf1-0086-4fbb-8ed9-e2c7c15158aa	9	64543777	135266017	46840	0.0065
7df55cf1-0086-4fbb-8ed9-e2c7c15158aa	9	135266407	135319522	35	-0.1751
7df55cf1-0086-4fbb-8ed9-e2c7c15158aa	9	135322259	135324566	3	-2.0463
7df55cf1-0086-4fbb-8ed9-e2c7c15158aa	9	135325951	138200944	1107	-0.0422
7df55cf1-0086-4fbb-8ed9-e2c7c15158aa	10	45792	2313295	1734	-0.0038
7df55cf1-0086-4fbb-8ed9-e2c7c15158aa	10	2314927	2315318	2	-2.2449
7df55cf1-0086-4fbb-8ed9-e2c7c15158aa	10	2315376	6369109	3662	-0.0045
7df55cf1-0086-4fbb-8ed9-e2c7c15158aa	10	6369253	6369519	6	0.843
7df55cf1-0086-4fbb-8ed9-e2c7c15158aa	10	6376792	55105629	31762	0.0074
7df55cf1-0086-4fbb-8ed9-e2c7c15158aa	10	55106006	55910668	562	0.1151
7df55cf1-0086-4fbb-8ed9-e2c7c15158aa	10	55912145	57069935	822	0.0449
7df55cf1-0086-4fbb-8ed9-e2c7c15158aa	10	57070549	57178792	86	0.1726
7df55cf1-0086-4fbb-8ed9-e2c7c15158aa	10	57180217	65545327	5781	0.0122
7df55cf1-0086-4fbb-8ed9-e2c7c15158aa	10	65545353	65554688	32	0.5398
7df55cf1-0086-4fbb-8ed9-e2c7c15158aa	10	65563037	66289254	599	0.0079
7df55cf1-0086-4fbb-8ed9-e2c7c15158aa	10	66289713	67213291	662	0.0898
7df55cf1-0086-4fbb-8ed9-e2c7c15158aa	10	67213857	80234421	8216	-0.0011
7df55cf1-0086-4fbb-8ed9-e2c7c15158aa	10	80234562	80237322	2	-2.5536
7df55cf1-0086-4fbb-8ed9-e2c7c15158aa	10	80237692	80436801	116	-0.0194
7df55cf1-0086-4fbb-8ed9-e2c7c15158aa	10	80437154	80446592	4	-1.0043
7df55cf1-0086-4fbb-8ed9-e2c7c15158aa	10	80447136	87212076	4838	0.0087
7df55cf1-0086-4fbb-8ed9-e2c7c15158aa	10	87215763	87353136	17	-0.4895
7df55cf1-0086-4fbb-8ed9-e2c7c15158aa	10	87357543	130472507	29773	0.0052
7df55cf1-0086-4fbb-8ed9-e2c7c15158aa	10	130472578	130477754	11	-0.56
7df55cf1-0086-4fbb-8ed9-e2c7c15158aa	10	130478352	131372087	813	-0.0108
7df55cf1-0086-4fbb-8ed9-e2c7c15158aa	10	131379938	131777635	293	-0.1064
7df55cf1-0086-4fbb-8ed9-e2c7c15158aa	10	131787097	133654968	880	-0.0104
7df55cf1-0086-4fbb-8ed9-e2c7c15158aa	11	198510	5755838	3219	0.0055
7df55cf1-0086-4fbb-8ed9-e2c7c15158aa	11	5755866	5768495	17	0.2182
7df55cf1-0086-4fbb-8ed9-e2c7c15158aa	11	5768511	5777663	14	0.4727
7df55cf1-0086-4fbb-8ed9-e2c7c15158aa	11	5778446	5876128	98	0.1624
7df55cf1-0086-4fbb-8ed9-e2c7c15158aa	11	5876862	6094875	159	-0.0061
7df55cf1-0086-4fbb-8ed9-e2c7c15158aa	11	6095613	6100864	5	-0.9831
7df55cf1-0086-4fbb-8ed9-e2c7c15158aa	11	6101273	10602668	3078	0.0099
7df55cf1-0086-4fbb-8ed9-e2c7c15158aa	11	10603599	10607239	3	-1.0674
7df55cf1-0086-4fbb-8ed9-e2c7c15158aa	11	10610613	36972840	19450	0.0044
7df55cf1-0086-4fbb-8ed9-e2c7c15158aa	11	36973305	37646064	453	0.1227
7df55cf1-0086-4fbb-8ed9-e2c7c15158aa	11	37646530	55588246	7968	0.0054
7df55cf1-0086-4fbb-8ed9-e2c7c15158aa	11	55591984	55685058	65	0.3018
7df55cf1-0086-4fbb-8ed9-e2c7c15158aa	11	55685501	55985085	237	0.0999
7df55cf1-0086-4fbb-8ed9-e2c7c15158aa	11	55992648	135002891	52012	0.0028
7df55cf1-0086-4fbb-8ed9-e2c7c15158aa	11	135005810	135006216	4	-1.1981
7df55cf1-0086-4fbb-8ed9-e2c7c15158aa	11	135006543	135074876	44	0.0016
7df55cf1-0086-4fbb-8ed9-e2c7c15158aa	12	51460	106873	22	0.0815
7df55cf1-0086-4fbb-8ed9-e2c7c15158aa	12	114256	226756	79	-0.2146
7df55cf1-0086-4fbb-8ed9-e2c7c15158aa	12	228278	760032	318	-0.0074
7df55cf1-0086-4fbb-8ed9-e2c7c15158aa	12	760097	764863	16	-0.8874
7df55cf1-0086-4fbb-8ed9-e2c7c15158aa	12	766188	11351157	6940	0.0024
7df55cf1-0086-4fbb-8ed9-e2c7c15158aa	12	11358643	11390452	30	0.4986
7df55cf1-0086-4fbb-8ed9-e2c7c15158aa	12	11390472	22999754	7919	0.0043
7df55cf1-0086-4fbb-8ed9-e2c7c15158aa	12	23001888	23003972	4	-0.9547
7df55cf1-0086-4fbb-8ed9-e2c7c15158aa	12	23006027	30082488	5174	0.0086
7df55cf1-0086-4fbb-8ed9-e2c7c15158aa	12	30082648	30090642	20	-0.3915
7df55cf1-0086-4fbb-8ed9-e2c7c15158aa	12	30090657	33433320	2488	0.0053
7df55cf1-0086-4fbb-8ed9-e2c7c15158aa	12	33433946	34077316	368	0.1102
7df55cf1-0086-4fbb-8ed9-e2c7c15158aa	12	34077397	34091994	10	-0.3561
7df55cf1-0086-4fbb-8ed9-e2c7c15158aa	12	34092010	34188376	59	0.1177
7df55cf1-0086-4fbb-8ed9-e2c7c15158aa	12	34190817	37711547	217	-0.0454
7df55cf1-0086-4fbb-8ed9-e2c7c15158aa	12	37711729	39124491	650	0.0846
7df55cf1-0086-4fbb-8ed9-e2c7c15158aa	12	39124593	52195846	7718	0.0045
7df55cf1-0086-4fbb-8ed9-e2c7c15158aa	12	52196811	52530197	323	-0.0651
7df55cf1-0086-4fbb-8ed9-e2c7c15158aa	12	52531472	52531875	3	-0.9117
7df55cf1-0086-4fbb-8ed9-e2c7c15158aa	12	52532185	53027723	419	-0.0341
7df55cf1-0086-4fbb-8ed9-e2c7c15158aa	12	53027785	53070188	25	-0.2866
7df55cf1-0086-4fbb-8ed9-e2c7c15158aa	12	53072885	53129357	25	-0.0683
7df55cf1-0086-4fbb-8ed9-e2c7c15158aa	12	53129428	58446177	2901	-0.0048
7df55cf1-0086-4fbb-8ed9-e2c7c15158aa	12	58446371	58446533	2	-1.4238
7df55cf1-0086-4fbb-8ed9-e2c7c15158aa	12	58449503	99398036	26361	0.0056
7df55cf1-0086-4fbb-8ed9-e2c7c15158aa	12	99401515	99404956	31	-0.4575
7df55cf1-0086-4fbb-8ed9-e2c7c15158aa	12	99409315	133201603	22704	0.0001
7df55cf1-0086-4fbb-8ed9-e2c7c15158aa	13	18452809	23055048	2855	0.0033
7df55cf1-0086-4fbb-8ed9-e2c7c15158aa	13	23055071	23064056	14	-0.4521
7df55cf1-0086-4fbb-8ed9-e2c7c15158aa	13	23064071	31957487	6688	0.0053
7df55cf1-0086-4fbb-8ed9-e2c7c15158aa	13	31957787	31965910	23	0.347
7df55cf1-0086-4fbb-8ed9-e2c7c15158aa	13	31967384	37496998	3894	-0.0055
7df55cf1-0086-4fbb-8ed9-e2c7c15158aa	13	37497899	37510620	16	-1.8712
7df55cf1-0086-4fbb-8ed9-e2c7c15158aa	13	37514193	38478674	701	-0.0058
7df55cf1-0086-4fbb-8ed9-e2c7c15158aa	13	38483435	38483919	2	-1.4118
7df55cf1-0086-4fbb-8ed9-e2c7c15158aa	13	38490920	49885806	7755	0.0035
7df55cf1-0086-4fbb-8ed9-e2c7c15158aa	13	49897043	50995766	666	0.0858
7df55cf1-0086-4fbb-8ed9-e2c7c15158aa	13	50995825	52176938	689	0.0099
7df55cf1-0086-4fbb-8ed9-e2c7c15158aa	13	52184121	52485081	80	0.0953
7df55cf1-0086-4fbb-8ed9-e2c7c15158aa	13	52497017	52520664	7	-0.8667
7df55cf1-0086-4fbb-8ed9-e2c7c15158aa	13	52523849	54561613	1297	0.0134
7df55cf1-0086-4fbb-8ed9-e2c7c15158aa	13	54563454	54896921	194	0.148
7df55cf1-0086-4fbb-8ed9-e2c7c15158aa	13	54899559	57189013	1140	0.0273
7df55cf1-0086-4fbb-8ed9-e2c7c15158aa	13	57189156	57433813	168	0.2095
7df55cf1-0086-4fbb-8ed9-e2c7c15158aa	13	57441104	63532685	3591	0.012
7df55cf1-0086-4fbb-8ed9-e2c7c15158aa	13	63532845	64351782	477	0.1234
7df55cf1-0086-4fbb-8ed9-e2c7c15158aa	13	64355021	66432575	1278	0.0301
7df55cf1-0086-4fbb-8ed9-e2c7c15158aa	13	66433104	66816139	304	0.1311
7df55cf1-0086-4fbb-8ed9-e2c7c15158aa	13	66816739	67198465	277	-0.0064
7df55cf1-0086-4fbb-8ed9-e2c7c15158aa	13	67198582	67306548	63	0.2097
7df55cf1-0086-4fbb-8ed9-e2c7c15158aa	13	67308738	68668047	762	0.0286
7df55cf1-0086-4fbb-8ed9-e2c7c15158aa	13	68668123	68696189	44	0.2774
7df55cf1-0086-4fbb-8ed9-e2c7c15158aa	13	68696208	70243704	1022	0.0263
7df55cf1-0086-4fbb-8ed9-e2c7c15158aa	13	70244381	114342922	30128	0.0094
7df55cf1-0086-4fbb-8ed9-e2c7c15158aa	14	18239283	19749414	75	-0.0058
7df55cf1-0086-4fbb-8ed9-e2c7c15158aa	14	19753692	19964885	103	0.2721
7df55cf1-0086-4fbb-8ed9-e2c7c15158aa	14	19964898	22726795	2012	0.0322
7df55cf1-0086-4fbb-8ed9-e2c7c15158aa	14	22726831	22730203	2	-1.5437
7df55cf1-0086-4fbb-8ed9-e2c7c15158aa	14	22730481	27604105	3099	0.009
7df55cf1-0086-4fbb-8ed9-e2c7c15158aa	14	27607662	27737210	72	0.2001
7df55cf1-0086-4fbb-8ed9-e2c7c15158aa	14	27738869	39947653	7575	0.0154
7df55cf1-0086-4fbb-8ed9-e2c7c15158aa	14	39949344	46398124	3858	0.0462
7df55cf1-0086-4fbb-8ed9-e2c7c15158aa	14	46398286	94597856	31325	0.0059
7df55cf1-0086-4fbb-8ed9-e2c7c15158aa	14	94600185	94600215	2	-2.7474
7df55cf1-0086-4fbb-8ed9-e2c7c15158aa	14	94605001	106416146	7047	0.0012
7df55cf1-0086-4fbb-8ed9-e2c7c15158aa	14	106418444	106462183	49	-0.4459
7df55cf1-0086-4fbb-8ed9-e2c7c15158aa	14	106462724	106877229	195	0.097
7df55cf1-0086-4fbb-8ed9-e2c7c15158aa	15	19811075	20217125	62	0.0575
7df55cf1-0086-4fbb-8ed9-e2c7c15158aa	15	20235285	22455811	148	-0.4484
7df55cf1-0086-4fbb-8ed9-e2c7c15158aa	15	22483983	30231102	4626	0.0169
7df55cf1-0086-4fbb-8ed9-e2c7c15158aa	15	30252720	30269364	5	-0.992
7df55cf1-0086-4fbb-8ed9-e2c7c15158aa	15	30281107	101434193	46395	0.0079
7df55cf1-0086-4fbb-8ed9-e2c7c15158aa	15	101434448	101438243	2	-1.7859
7df55cf1-0086-4fbb-8ed9-e2c7c15158aa	15	101438277	101928837	306	0.0278
7df55cf1-0086-4fbb-8ed9-e2c7c15158aa	16	10777	55762682	26928	0.0029
7df55cf1-0086-4fbb-8ed9-e2c7c15158aa	16	55764310	55764850	2	2.2539
7df55cf1-0086-4fbb-8ed9-e2c7c15158aa	16	55764867	55775312	7	0.5705
7df55cf1-0086-4fbb-8ed9-e2c7c15158aa	16	55775554	76497301	12534	0.007
7df55cf1-0086-4fbb-8ed9-e2c7c15158aa	16	76500546	76500660	2	-1.8757
7df55cf1-0086-4fbb-8ed9-e2c7c15158aa	16	76501515	78337711	1755	0.0093
7df55cf1-0086-4fbb-8ed9-e2c7c15158aa	16	78338543	78351104	17	0.9224
7df55cf1-0086-4fbb-8ed9-e2c7c15158aa	16	78351540	79231788	1203	0.0077
7df55cf1-0086-4fbb-8ed9-e2c7c15158aa	16	79232115	79240228	7	-1.1103
7df55cf1-0086-4fbb-8ed9-e2c7c15158aa	16	79241452	84485004	5561	-0.0006
7df55cf1-0086-4fbb-8ed9-e2c7c15158aa	16	84485046	84511002	19	-0.4102
7df55cf1-0086-4fbb-8ed9-e2c7c15158aa	16	84513316	88689672	3215	-0.0105
7df55cf1-0086-4fbb-8ed9-e2c7c15158aa	16	88690404	88767066	22	-0.4749
7df55cf1-0086-4fbb-8ed9-e2c7c15158aa	16	88769171	90096867	583	-0.051
7df55cf1-0086-4fbb-8ed9-e2c7c15158aa	17	150733	261308	63	-0.2628
7df55cf1-0086-4fbb-8ed9-e2c7c15158aa	17	261432	36109315	18189	0.0038
7df55cf1-0086-4fbb-8ed9-e2c7c15158aa	17	36109735	36150221	34	0.4864
7df55cf1-0086-4fbb-8ed9-e2c7c15158aa	17	36157718	41266851	2533	-0.001
7df55cf1-0086-4fbb-8ed9-e2c7c15158aa	17	41266901	41274198	17	-1.1256
7df55cf1-0086-4fbb-8ed9-e2c7c15158aa	17	41274279	46085231	2497	-0.0054
7df55cf1-0086-4fbb-8ed9-e2c7c15158aa	17	46085732	46446360	129	0.2704
7df55cf1-0086-4fbb-8ed9-e2c7c15158aa	17	46569894	53020986	3666	0.0105
7df55cf1-0086-4fbb-8ed9-e2c7c15158aa	17	53021147	53215238	122	0.1933
7df55cf1-0086-4fbb-8ed9-e2c7c15158aa	17	53217344	83091923	17779	-0.0031
7df55cf1-0086-4fbb-8ed9-e2c7c15158aa	18	48133	2640790	1891	0.048
7df55cf1-0086-4fbb-8ed9-e2c7c15158aa	18	2640804	2783353	74	0.2446
7df55cf1-0086-4fbb-8ed9-e2c7c15158aa	18	2783458	2853091	37	0.0465
7df55cf1-0086-4fbb-8ed9-e2c7c15158aa	18	2853284	64181509	37020	0.0067
7df55cf1-0086-4fbb-8ed9-e2c7c15158aa	18	64182412	65829936	1099	0.032
7df55cf1-0086-4fbb-8ed9-e2c7c15158aa	18	65833417	66109894	243	0.1404
7df55cf1-0086-4fbb-8ed9-e2c7c15158aa	18	66111198	67960596	1296	0.01
7df55cf1-0086-4fbb-8ed9-e2c7c15158aa	18	67962971	68124218	117	0.1798
7df55cf1-0086-4fbb-8ed9-e2c7c15158aa	18	68124710	71392837	2369	0.0229
7df55cf1-0086-4fbb-8ed9-e2c7c15158aa	18	71393503	73830758	1957	0.095
7df55cf1-0086-4fbb-8ed9-e2c7c15158aa	18	73830860	80257174	4636	-0.004
7df55cf1-0086-4fbb-8ed9-e2c7c15158aa	19	90910	35358420	16705	0.0064
7df55cf1-0086-4fbb-8ed9-e2c7c15158aa	19	35364451	35376052	25	-0.5477
7df55cf1-0086-4fbb-8ed9-e2c7c15158aa	19	35379446	54215136	9772	0.0023
7df55cf1-0086-4fbb-8ed9-e2c7c15158aa	19	54226329	54237443	16	0.6989
7df55cf1-0086-4fbb-8ed9-e2c7c15158aa	19	54249482	55771003	746	0.0036
7df55cf1-0086-4fbb-8ed9-e2c7c15158aa	19	55771169	55771701	3	-2.8827
7df55cf1-0086-4fbb-8ed9-e2c7c15158aa	19	55774927	58586487	1838	-0.0017
7df55cf1-0086-4fbb-8ed9-e2c7c15158aa	20	80664	1580305	1202	0.0148
7df55cf1-0086-4fbb-8ed9-e2c7c15158aa	20	1580353	1601446	36	0.8288
7df55cf1-0086-4fbb-8ed9-e2c7c15158aa	20	1601561	64324800	41118	0.0052
7df55cf1-0086-4fbb-8ed9-e2c7c15158aa	21	10354168	15573536	1444	-0.0085
7df55cf1-0086-4fbb-8ed9-e2c7c15158aa	21	15576344	15696847	109	0.1469
7df55cf1-0086-4fbb-8ed9-e2c7c15158aa	21	15696900	19269292	2485	-0.0002
7df55cf1-0086-4fbb-8ed9-e2c7c15158aa	21	19269386	19269657	4	0.8486
7df55cf1-0086-4fbb-8ed9-e2c7c15158aa	21	19270989	22223325	2228	0.008
7df55cf1-0086-4fbb-8ed9-e2c7c15158aa	21	22223457	23322328	841	0.1019
7df55cf1-0086-4fbb-8ed9-e2c7c15158aa	21	23322985	43264710	15001	0.0007
7df55cf1-0086-4fbb-8ed9-e2c7c15158aa	21	43270082	43371863	70	-0.2191
7df55cf1-0086-4fbb-8ed9-e2c7c15158aa	21	43371963	46677045	1678	-0.0151
7df55cf1-0086-4fbb-8ed9-e2c7c15158aa	22	15294547	18161934	1129	0.0014
7df55cf1-0086-4fbb-8ed9-e2c7c15158aa	22	18167915	21785127	1705	-0.0714
7df55cf1-0086-4fbb-8ed9-e2c7c15158aa	22	21786940	42501276	14313	-0.0033
7df55cf1-0086-4fbb-8ed9-e2c7c15158aa	22	42503434	42538456	21	0.765
7df55cf1-0086-4fbb-8ed9-e2c7c15158aa	22	42546956	48929714	4898	-0.004
7df55cf1-0086-4fbb-8ed9-e2c7c15158aa	22	48930387	50796027	1198	-0.07
7df55cf1-0086-4fbb-8ed9-e2c7c15158aa	X	251810	117409589	60886	0.0184
7df55cf1-0086-4fbb-8ed9-e2c7c15158aa	X	117409607	117409718	2	-4.8196
7df55cf1-0086-4fbb-8ed9-e2c7c15158aa	X	117409773	155952689	22561	0.016
7df55cf1-0086-4fbb-8ed9-e2c7c15158aa	Y	2782397	3084091	142	-1.1587
7df55cf1-0086-4fbb-8ed9-e2c7c15158aa	Y	3091101	6858634	756	-1.0509
7df55cf1-0086-4fbb-8ed9-e2c7c15158aa	Y	6863226	12868290	2093	-1.1568
7df55cf1-0086-4fbb-8ed9-e2c7c15158aa	Y	12868819	20970051	3012	-1.1092
7df55cf1-0086-4fbb-8ed9-e2c7c15158aa	Y	20971804	56872112	634	-1.1606
