GDC_Aliquot	Chromosome	Start	End	Num_Probes	Segment_Mean
1d430230-1782-4445-b1b0-89de7cbf55c5	1	62920	15823420	8343	0.0297
1d430230-1782-4445-b1b0-89de7cbf55c5	1	15827002	15827430	6	-2.4245
1d430230-1782-4445-b1b0-89de7cbf55c5	1	15827706	23126249	4485	0.0267
1d430230-1782-4445-b1b0-89de7cbf55c5	1	23126733	23126746	2	-1.1306
1d430230-1782-4445-b1b0-89de7cbf55c5	1	23129797	25256850	1192	0.029
1d430230-1782-4445-b1b0-89de7cbf55c5	1	25266637	25320198	22	0.7085
1d430230-1782-4445-b1b0-89de7cbf55c5	1	25320253	30258675	2385	0.0286
1d430230-1782-4445-b1b0-89de7cbf55c5	1	30258730	30268649	13	-0.5759
1d430230-1782-4445-b1b0-89de7cbf55c5	1	30268809	34626073	2557	0.0261
1d430230-1782-4445-b1b0-89de7cbf55c5	1	34637053	34638890	20	-0.5817
1d430230-1782-4445-b1b0-89de7cbf55c5	1	34648667	40880756	3367	0.0183
1d430230-1782-4445-b1b0-89de7cbf55c5	1	40881535	40910828	18	0.5949
1d430230-1782-4445-b1b0-89de7cbf55c5	1	40918052	54624527	7653	0.0249
1d430230-1782-4445-b1b0-89de7cbf55c5	1	54627618	54628716	2	-1.9157
1d430230-1782-4445-b1b0-89de7cbf55c5	1	54630777	72284670	12724	0.0192
1d430230-1782-4445-b1b0-89de7cbf55c5	1	72290430	72297687	9	-0.7359
1d430230-1782-4445-b1b0-89de7cbf55c5	1	72302735	81171201	5632	0.0185
1d430230-1782-4445-b1b0-89de7cbf55c5	1	81173488	81174024	3	-1.033
1d430230-1782-4445-b1b0-89de7cbf55c5	1	81174735	103614714	14451	0.0168
1d430230-1782-4445-b1b0-89de7cbf55c5	1	103615687	103717410	8	-1.1229
1d430230-1782-4445-b1b0-89de7cbf55c5	1	103717617	105470754	919	0.0198
1d430230-1782-4445-b1b0-89de7cbf55c5	1	105476583	105479753	17	0.496
1d430230-1782-4445-b1b0-89de7cbf55c5	1	105481433	108187137	1940	0.0225
1d430230-1782-4445-b1b0-89de7cbf55c5	1	108191613	108192255	2	-5.3395
1d430230-1782-4445-b1b0-89de7cbf55c5	1	108194874	112147704	2660	0.0134
1d430230-1782-4445-b1b0-89de7cbf55c5	1	112153343	112154768	25	0.4116
1d430230-1782-4445-b1b0-89de7cbf55c5	1	112163334	114289343	1327	0.0128
1d430230-1782-4445-b1b0-89de7cbf55c5	1	114291004	114291088	2	-1.2326
1d430230-1782-4445-b1b0-89de7cbf55c5	1	114291180	143748012	3933	0.0278
1d430230-1782-4445-b1b0-89de7cbf55c5	1	143748074	143760271	20	0.5196
1d430230-1782-4445-b1b0-89de7cbf55c5	1	143762042	152583051	2326	0.029
1d430230-1782-4445-b1b0-89de7cbf55c5	1	152583230	152614118	35	-1.9638
1d430230-1782-4445-b1b0-89de7cbf55c5	1	152618018	152787202	167	-0.0447
1d430230-1782-4445-b1b0-89de7cbf55c5	1	152789447	152796224	37	-1.7783
1d430230-1782-4445-b1b0-89de7cbf55c5	1	152801429	161647641	5268	0.0224
1d430230-1782-4445-b1b0-89de7cbf55c5	1	161647657	161649268	8	-0.7623
1d430230-1782-4445-b1b0-89de7cbf55c5	1	161678447	169016577	5818	0.0192
1d430230-1782-4445-b1b0-89de7cbf55c5	1	169017063	169017973	5	-0.6607
1d430230-1782-4445-b1b0-89de7cbf55c5	1	169020148	169247699	190	0.0316
1d430230-1782-4445-b1b0-89de7cbf55c5	1	169264736	169272528	7	0.9664
1d430230-1782-4445-b1b0-89de7cbf55c5	1	169273163	174827418	3522	0.0221
1d430230-1782-4445-b1b0-89de7cbf55c5	1	174827561	174828177	5	-1.1326
1d430230-1782-4445-b1b0-89de7cbf55c5	1	174828195	174832702	10	-0.5981
1d430230-1782-4445-b1b0-89de7cbf55c5	1	174832716	194479104	13195	0.0173
1d430230-1782-4445-b1b0-89de7cbf55c5	1	194482281	194485888	2	-1.8299
1d430230-1782-4445-b1b0-89de7cbf55c5	1	194487886	196745743	1451	0.0156
1d430230-1782-4445-b1b0-89de7cbf55c5	1	196758720	196846661	61	-1.8717
1d430230-1782-4445-b1b0-89de7cbf55c5	1	196847600	209897717	8789	0.0153
1d430230-1782-4445-b1b0-89de7cbf55c5	1	209908268	209908720	2	-2.0467
1d430230-1782-4445-b1b0-89de7cbf55c5	1	209910639	243690894	23671	0.0221
1d430230-1782-4445-b1b0-89de7cbf55c5	1	243697622	243697759	5	-1.2032
1d430230-1782-4445-b1b0-89de7cbf55c5	1	243699806	248930189	3361	0.022
1d430230-1782-4445-b1b0-89de7cbf55c5	2	12784	27216883	19366	0.0104
1d430230-1782-4445-b1b0-89de7cbf55c5	2	27218434	27218529	2	-1.1165
1d430230-1782-4445-b1b0-89de7cbf55c5	2	27218632	41011095	9586	0.0151
1d430230-1782-4445-b1b0-89de7cbf55c5	2	41011303	41016287	20	-0.6656
1d430230-1782-4445-b1b0-89de7cbf55c5	2	41018409	46262993	3886	0.0166
1d430230-1782-4445-b1b0-89de7cbf55c5	2	46263662	46265133	2	-1.5349
1d430230-1782-4445-b1b0-89de7cbf55c5	2	46265543	86710564	26266	0.0161
1d430230-1782-4445-b1b0-89de7cbf55c5	2	86725947	86726731	2	-1.7143
1d430230-1782-4445-b1b0-89de7cbf55c5	2	86743283	87211079	106	-0.0493
1d430230-1782-4445-b1b0-89de7cbf55c5	2	87218694	87218834	2	-1.6982
1d430230-1782-4445-b1b0-89de7cbf55c5	2	87221597	101345489	4086	0.0185
1d430230-1782-4445-b1b0-89de7cbf55c5	2	101348651	101353857	4	-1.0247
1d430230-1782-4445-b1b0-89de7cbf55c5	2	101354392	106263639	3311	0.0149
1d430230-1782-4445-b1b0-89de7cbf55c5	2	106264257	106268901	11	-2.6856
1d430230-1782-4445-b1b0-89de7cbf55c5	2	106270799	130036283	14284	0.0138
1d430230-1782-4445-b1b0-89de7cbf55c5	2	130036310	130117303	14	-0.7016
1d430230-1782-4445-b1b0-89de7cbf55c5	2	130136424	144887092	8811	0.0126
1d430230-1782-4445-b1b0-89de7cbf55c5	2	144887738	144888208	3	-1.1386
1d430230-1782-4445-b1b0-89de7cbf55c5	2	144891260	158804973	8361	0.0142
1d430230-1782-4445-b1b0-89de7cbf55c5	2	158806010	158806286	2	-2.2142
1d430230-1782-4445-b1b0-89de7cbf55c5	2	158808191	188254196	18114	0.0115
1d430230-1782-4445-b1b0-89de7cbf55c5	2	188255201	188262203	4	-2.3031
1d430230-1782-4445-b1b0-89de7cbf55c5	2	188264331	242147305	33352	0.0153
1d430230-1782-4445-b1b0-89de7cbf55c5	3	20930	2926956	2541	0.0045
1d430230-1782-4445-b1b0-89de7cbf55c5	3	2927375	2931355	5	-1.5011
1d430230-1782-4445-b1b0-89de7cbf55c5	3	2933398	17499108	11211	0.0144
1d430230-1782-4445-b1b0-89de7cbf55c5	3	17501710	17502521	2	-1.4071
1d430230-1782-4445-b1b0-89de7cbf55c5	3	17504946	89345442	46702	0.0171
1d430230-1782-4445-b1b0-89de7cbf55c5	3	89345459	89370231	50	-0.756
1d430230-1782-4445-b1b0-89de7cbf55c5	3	89370771	99218940	3231	0.0132
1d430230-1782-4445-b1b0-89de7cbf55c5	3	99225614	99232539	40	-0.5715
1d430230-1782-4445-b1b0-89de7cbf55c5	3	99232990	125950205	16326	0.0163
1d430230-1782-4445-b1b0-89de7cbf55c5	3	125954540	125957120	3	-2.3858
1d430230-1782-4445-b1b0-89de7cbf55c5	3	125961657	125993496	29	0.0009
1d430230-1782-4445-b1b0-89de7cbf55c5	3	125993720	125994097	7	0.5499
1d430230-1782-4445-b1b0-89de7cbf55c5	3	125994138	128676647	1719	0.0084
1d430230-1782-4445-b1b0-89de7cbf55c5	3	128679860	128692935	8	0.634
1d430230-1782-4445-b1b0-89de7cbf55c5	3	128693488	130041779	621	0.0191
1d430230-1782-4445-b1b0-89de7cbf55c5	3	130044016	130087393	39	0.5783
1d430230-1782-4445-b1b0-89de7cbf55c5	3	130088081	155758758	15974	0.0174
1d430230-1782-4445-b1b0-89de7cbf55c5	3	155763308	155795620	29	0.4491
1d430230-1782-4445-b1b0-89de7cbf55c5	3	155797707	158632329	1666	0.0162
1d430230-1782-4445-b1b0-89de7cbf55c5	3	158633095	158633756	2	0.9617
1d430230-1782-4445-b1b0-89de7cbf55c5	3	158641083	162405578	2334	0.0205
1d430230-1782-4445-b1b0-89de7cbf55c5	3	162419812	162424788	11	-0.5357
1d430230-1782-4445-b1b0-89de7cbf55c5	3	162424805	162807070	273	-0.0105
1d430230-1782-4445-b1b0-89de7cbf55c5	3	162810842	162822702	10	0.3984
1d430230-1782-4445-b1b0-89de7cbf55c5	3	162827928	162996729	120	-0.0182
1d430230-1782-4445-b1b0-89de7cbf55c5	3	162999939	163001774	2	1.0142
1d430230-1782-4445-b1b0-89de7cbf55c5	3	163008371	165323075	1242	0.0193
1d430230-1782-4445-b1b0-89de7cbf55c5	3	165323760	165364151	65	-0.8855
1d430230-1782-4445-b1b0-89de7cbf55c5	3	165367641	193160113	17798	0.0199
1d430230-1782-4445-b1b0-89de7cbf55c5	3	193160173	193165114	19	1.6915
1d430230-1782-4445-b1b0-89de7cbf55c5	3	193168646	198169247	2694	0.0311
1d430230-1782-4445-b1b0-89de7cbf55c5	4	68929	5308576	2527	0.018
1d430230-1782-4445-b1b0-89de7cbf55c5	4	5308694	5318059	4	-1.825
1d430230-1782-4445-b1b0-89de7cbf55c5	4	5319207	9455251	2630	0.0168
1d430230-1782-4445-b1b0-89de7cbf55c5	4	9459504	9477699	6	-1.0239
1d430230-1782-4445-b1b0-89de7cbf55c5	4	9484440	10208766	540	0.0195
1d430230-1782-4445-b1b0-89de7cbf55c5	4	10221792	10233644	35	0.5353
1d430230-1782-4445-b1b0-89de7cbf55c5	4	10234518	10389091	171	0.0165
1d430230-1782-4445-b1b0-89de7cbf55c5	4	10390730	10399044	16	-0.6933
1d430230-1782-4445-b1b0-89de7cbf55c5	4	10401094	34784878	16795	0.0144
1d430230-1782-4445-b1b0-89de7cbf55c5	4	34785333	34817589	34	-0.4477
1d430230-1782-4445-b1b0-89de7cbf55c5	4	34819718	57555581	12861	0.019
1d430230-1782-4445-b1b0-89de7cbf55c5	4	57559012	57560260	3	-1.0302
1d430230-1782-4445-b1b0-89de7cbf55c5	4	57578040	63839646	3719	0.0242
1d430230-1782-4445-b1b0-89de7cbf55c5	4	63839797	63851308	16	0.4892
1d430230-1782-4445-b1b0-89de7cbf55c5	4	63852325	68506285	2872	0.0188
1d430230-1782-4445-b1b0-89de7cbf55c5	4	68509223	68663241	70	0.5996
1d430230-1782-4445-b1b0-89de7cbf55c5	4	68671434	69255532	308	0.0078
1d430230-1782-4445-b1b0-89de7cbf55c5	4	69255545	69366406	58	-0.6005
1d430230-1782-4445-b1b0-89de7cbf55c5	4	69370433	87845856	11549	0.0185
1d430230-1782-4445-b1b0-89de7cbf55c5	4	87848780	87849665	10	0.4674
1d430230-1782-4445-b1b0-89de7cbf55c5	4	87849692	91148753	2040	0.0131
1d430230-1782-4445-b1b0-89de7cbf55c5	4	91152891	91159466	7	-0.969
1d430230-1782-4445-b1b0-89de7cbf55c5	4	91160414	103294549	7055	0.0193
1d430230-1782-4445-b1b0-89de7cbf55c5	4	103296943	103296945	3	-0.9842
1d430230-1782-4445-b1b0-89de7cbf55c5	4	103298947	107130343	2227	0.0201
1d430230-1782-4445-b1b0-89de7cbf55c5	4	107144594	107147256	18	-0.6283
1d430230-1782-4445-b1b0-89de7cbf55c5	4	107150362	107150731	4	0.2607
1d430230-1782-4445-b1b0-89de7cbf55c5	4	107152350	107155376	16	-0.7736
1d430230-1782-4445-b1b0-89de7cbf55c5	4	107156277	114252544	4408	0.0151
1d430230-1782-4445-b1b0-89de7cbf55c5	4	114254167	114261019	23	-1.6034
1d430230-1782-4445-b1b0-89de7cbf55c5	4	114263073	115244948	612	0.0209
1d430230-1782-4445-b1b0-89de7cbf55c5	4	115251455	115259214	26	-0.6026
1d430230-1782-4445-b1b0-89de7cbf55c5	4	115259399	118322125	1855	0.0169
1d430230-1782-4445-b1b0-89de7cbf55c5	4	118324233	118324458	3	-1.1963
1d430230-1782-4445-b1b0-89de7cbf55c5	4	118326320	132049558	7904	0.0136
1d430230-1782-4445-b1b0-89de7cbf55c5	4	132051135	132051789	2	-1.0931
1d430230-1782-4445-b1b0-89de7cbf55c5	4	132055927	132375518	177	0.0164
1d430230-1782-4445-b1b0-89de7cbf55c5	4	132375635	132375715	2	-1.547
1d430230-1782-4445-b1b0-89de7cbf55c5	4	132380796	149983694	10498	0.0121
1d430230-1782-4445-b1b0-89de7cbf55c5	4	149984222	149984807	2	-1.1484
1d430230-1782-4445-b1b0-89de7cbf55c5	4	149987908	172066777	13995	0.0206
1d430230-1782-4445-b1b0-89de7cbf55c5	4	172067997	172068382	12	0.9355
1d430230-1782-4445-b1b0-89de7cbf55c5	4	172074828	172501371	230	-0.0099
1d430230-1782-4445-b1b0-89de7cbf55c5	4	172503796	172507492	7	-0.7201
1d430230-1782-4445-b1b0-89de7cbf55c5	4	172519981	188003825	10510	0.0174
1d430230-1782-4445-b1b0-89de7cbf55c5	4	188007288	188015795	12	-1.2135
1d430230-1782-4445-b1b0-89de7cbf55c5	4	188017080	188300104	181	0.0336
1d430230-1782-4445-b1b0-89de7cbf55c5	4	188300206	188300285	4	2.0387
1d430230-1782-4445-b1b0-89de7cbf55c5	4	188301659	188310493	19	-0.0391
1d430230-1782-4445-b1b0-89de7cbf55c5	4	188310615	188310960	5	0.8269
1d430230-1782-4445-b1b0-89de7cbf55c5	4	188311170	190036988	1113	0.0105
1d430230-1782-4445-b1b0-89de7cbf55c5	4	190046094	190106768	5	-0.6996
1d430230-1782-4445-b1b0-89de7cbf55c5	5	15532	685633	306	0.0635
1d430230-1782-4445-b1b0-89de7cbf55c5	5	698256	779766	28	1.0089
1d430230-1782-4445-b1b0-89de7cbf55c5	5	800724	7316241	5486	0.0128
1d430230-1782-4445-b1b0-89de7cbf55c5	5	7318778	7318943	2	-1.1731
1d430230-1782-4445-b1b0-89de7cbf55c5	5	7322246	12791608	4371	0.0136
1d430230-1782-4445-b1b0-89de7cbf55c5	5	12800777	12838421	15	0.6477
1d430230-1782-4445-b1b0-89de7cbf55c5	5	12849089	15718383	1971	0.0157
1d430230-1782-4445-b1b0-89de7cbf55c5	5	15719113	15720488	11	-0.9164
1d430230-1782-4445-b1b0-89de7cbf55c5	5	15723237	46191782	18478	0.0171
1d430230-1782-4445-b1b0-89de7cbf55c5	5	46195781	46199333	4	-1.8447
1d430230-1782-4445-b1b0-89de7cbf55c5	5	46209197	46251204	13	-0.0617
1d430230-1782-4445-b1b0-89de7cbf55c5	5	46270906	46273400	8	1.0461
1d430230-1782-4445-b1b0-89de7cbf55c5	5	46278110	58025819	5076	0.0083
1d430230-1782-4445-b1b0-89de7cbf55c5	5	58030200	58042530	33	-0.3084
1d430230-1782-4445-b1b0-89de7cbf55c5	5	58044246	67950447	6363	0.017
1d430230-1782-4445-b1b0-89de7cbf55c5	5	67952497	67968755	14	-1.2486
1d430230-1782-4445-b1b0-89de7cbf55c5	5	67972061	181363319	70750	0.016
1d430230-1782-4445-b1b0-89de7cbf55c5	6	149661	16087003	12566	0.0226
1d430230-1782-4445-b1b0-89de7cbf55c5	6	16087418	16088037	2	-1.8591
1d430230-1782-4445-b1b0-89de7cbf55c5	6	16088162	23060763	5150	0.0211
1d430230-1782-4445-b1b0-89de7cbf55c5	6	23060767	23060771	2	-1.9975
1d430230-1782-4445-b1b0-89de7cbf55c5	6	23064026	29869295	3940	0.0184
1d430230-1782-4445-b1b0-89de7cbf55c5	6	29869410	29907031	23	0.8446
1d430230-1782-4445-b1b0-89de7cbf55c5	6	29909182	31318528	658	0.0005
1d430230-1782-4445-b1b0-89de7cbf55c5	6	31318754	31328674	9	-1.0745
1d430230-1782-4445-b1b0-89de7cbf55c5	6	31342147	32619680	545	-0.0086
1d430230-1782-4445-b1b0-89de7cbf55c5	6	32625244	32633540	5	-1.5257
1d430230-1782-4445-b1b0-89de7cbf55c5	6	32634330	32641650	7	-0.2238
1d430230-1782-4445-b1b0-89de7cbf55c5	6	32656527	32658841	6	1.1569
1d430230-1782-4445-b1b0-89de7cbf55c5	6	32682835	54066353	13706	0.0184
1d430230-1782-4445-b1b0-89de7cbf55c5	6	54066432	54067057	6	2.2665
1d430230-1782-4445-b1b0-89de7cbf55c5	6	54070550	73882142	10391	0.0162
1d430230-1782-4445-b1b0-89de7cbf55c5	6	73882741	73891694	9	-2.6111
1d430230-1782-4445-b1b0-89de7cbf55c5	6	73893839	76305231	1472	0.0191
1d430230-1782-4445-b1b0-89de7cbf55c5	6	76307183	76307209	3	-1.3826
1d430230-1782-4445-b1b0-89de7cbf55c5	6	76307276	78253157	1293	0.0214
1d430230-1782-4445-b1b0-89de7cbf55c5	6	78253172	78325468	114	0.4399
1d430230-1782-4445-b1b0-89de7cbf55c5	6	78329517	80574921	1434	0.0244
1d430230-1782-4445-b1b0-89de7cbf55c5	6	80574999	80579817	29	-0.8904
1d430230-1782-4445-b1b0-89de7cbf55c5	6	80584624	170741917	58250	0.0142
1d430230-1782-4445-b1b0-89de7cbf55c5	7	43355	4634827	2521	0.0268
1d430230-1782-4445-b1b0-89de7cbf55c5	7	4644145	4644243	3	-3.0727
1d430230-1782-4445-b1b0-89de7cbf55c5	7	4645497	38248326	24855	0.015
1d430230-1782-4445-b1b0-89de7cbf55c5	7	38251092	38347842	123	-0.3717
1d430230-1782-4445-b1b0-89de7cbf55c5	7	38351764	38362895	6	-1.2638
1d430230-1782-4445-b1b0-89de7cbf55c5	7	38364786	46583556	5275	0.0156
1d430230-1782-4445-b1b0-89de7cbf55c5	7	46584245	46584278	2	-1.4284
1d430230-1782-4445-b1b0-89de7cbf55c5	7	46586471	52487166	4359	0.0146
1d430230-1782-4445-b1b0-89de7cbf55c5	7	52490875	52491456	3	0.9485
1d430230-1782-4445-b1b0-89de7cbf55c5	7	52491521	54318812	1353	0.0187
1d430230-1782-4445-b1b0-89de7cbf55c5	7	54318816	54318824	5	2.1232
1d430230-1782-4445-b1b0-89de7cbf55c5	7	54325795	70955452	6128	0.028
1d430230-1782-4445-b1b0-89de7cbf55c5	7	70958264	70961155	2	-1.8779
1d430230-1782-4445-b1b0-89de7cbf55c5	7	70963257	71176659	151	0.0513
1d430230-1782-4445-b1b0-89de7cbf55c5	7	71176775	71177384	2	-0.8701
1d430230-1782-4445-b1b0-89de7cbf55c5	7	71177441	72554646	925	0.0364
1d430230-1782-4445-b1b0-89de7cbf55c5	7	72556486	72557787	3	-1.0511
1d430230-1782-4445-b1b0-89de7cbf55c5	7	72567077	91589569	10769	0.0182
1d430230-1782-4445-b1b0-89de7cbf55c5	7	91589648	91589817	2	-1.3508
1d430230-1782-4445-b1b0-89de7cbf55c5	7	91595717	100731621	5148	0.0169
1d430230-1782-4445-b1b0-89de7cbf55c5	7	100731642	100735219	2	-1.1765
1d430230-1782-4445-b1b0-89de7cbf55c5	7	100753382	102498521	767	0.0293
1d430230-1782-4445-b1b0-89de7cbf55c5	7	102676662	102696393	4	-1.1846
1d430230-1782-4445-b1b0-89de7cbf55c5	7	102696593	109793741	4547	0.0201
1d430230-1782-4445-b1b0-89de7cbf55c5	7	109797035	109813925	36	-0.276
1d430230-1782-4445-b1b0-89de7cbf55c5	7	109814172	126012749	9757	0.0201
1d430230-1782-4445-b1b0-89de7cbf55c5	7	126015272	126016668	5	-1.2619
1d430230-1782-4445-b1b0-89de7cbf55c5	7	126023599	134090386	4977	0.0151
1d430230-1782-4445-b1b0-89de7cbf55c5	7	134090399	134133578	52	-0.1921
1d430230-1782-4445-b1b0-89de7cbf55c5	7	134134788	142062894	5185	0.0151
1d430230-1782-4445-b1b0-89de7cbf55c5	7	142063324	142099190	36	0.4442
1d430230-1782-4445-b1b0-89de7cbf55c5	7	142099360	142412932	255	0.0029
1d430230-1782-4445-b1b0-89de7cbf55c5	7	142413505	142805592	198	-0.1853
1d430230-1782-4445-b1b0-89de7cbf55c5	7	142807470	143780181	467	-0.0012
1d430230-1782-4445-b1b0-89de7cbf55c5	7	143790571	143849917	11	-0.6695
1d430230-1782-4445-b1b0-89de7cbf55c5	7	143849991	156592980	8304	0.0174
1d430230-1782-4445-b1b0-89de7cbf55c5	7	156599096	156601485	4	-0.8457
1d430230-1782-4445-b1b0-89de7cbf55c5	7	156602214	159334314	1625	0.0181
1d430230-1782-4445-b1b0-89de7cbf55c5	8	81254	8085660	7789	0.0134
1d430230-1782-4445-b1b0-89de7cbf55c5	8	8101440	8104937	3	-1.5157
1d430230-1782-4445-b1b0-89de7cbf55c5	8	8110806	8214781	9	-0.3381
1d430230-1782-4445-b1b0-89de7cbf55c5	8	8234503	10331107	1877	0.0076
1d430230-1782-4445-b1b0-89de7cbf55c5	8	10331488	10331634	2	-1.8153
1d430230-1782-4445-b1b0-89de7cbf55c5	8	10332530	14652059	3344	0.0184
1d430230-1782-4445-b1b0-89de7cbf55c5	8	14652523	14652565	3	-1.1997
1d430230-1782-4445-b1b0-89de7cbf55c5	8	14652887	15922354	1149	0.021
1d430230-1782-4445-b1b0-89de7cbf55c5	8	15926898	15927684	4	-1.6941
1d430230-1782-4445-b1b0-89de7cbf55c5	8	15929380	20580191	4162	0.0152
1d430230-1782-4445-b1b0-89de7cbf55c5	8	20580415	20582250	5	-0.8159
1d430230-1782-4445-b1b0-89de7cbf55c5	8	20584409	25715749	3607	0.0199
1d430230-1782-4445-b1b0-89de7cbf55c5	8	25723252	25730126	5	0.7951
1d430230-1782-4445-b1b0-89de7cbf55c5	8	25736760	46613954	11401	0.0172
1d430230-1782-4445-b1b0-89de7cbf55c5	8	46615926	46624924	9	0.5909
1d430230-1782-4445-b1b0-89de7cbf55c5	8	46634473	59411610	8004	0.0187
1d430230-1782-4445-b1b0-89de7cbf55c5	8	59413898	59416574	6	-0.8153
1d430230-1782-4445-b1b0-89de7cbf55c5	8	59420249	111279265	31233	0.0173
1d430230-1782-4445-b1b0-89de7cbf55c5	8	111282050	111282852	7	-0.75
1d430230-1782-4445-b1b0-89de7cbf55c5	8	111282973	111283016	2	-2.4049
1d430230-1782-4445-b1b0-89de7cbf55c5	8	111283031	128744020	11674	0.0195
1d430230-1782-4445-b1b0-89de7cbf55c5	8	128750889	128751839	2	-2.7024
1d430230-1782-4445-b1b0-89de7cbf55c5	8	128765208	145072769	11255	0.0145
1d430230-1782-4445-b1b0-89de7cbf55c5	9	46587	23361807	20438	0.0191
1d430230-1782-4445-b1b0-89de7cbf55c5	9	23363117	23373486	8	-2.6706
1d430230-1782-4445-b1b0-89de7cbf55c5	9	23378490	35995030	8773	0.0178
1d430230-1782-4445-b1b0-89de7cbf55c5	9	35995836	35998729	7	-0.8236
1d430230-1782-4445-b1b0-89de7cbf55c5	9	35999481	39313823	1943	0.0287
1d430230-1782-4445-b1b0-89de7cbf55c5	9	39337296	39342828	3	-1.0414
1d430230-1782-4445-b1b0-89de7cbf55c5	9	39455364	39547492	25	0.0172
1d430230-1782-4445-b1b0-89de7cbf55c5	9	39588611	40099921	9	0.777
1d430230-1782-4445-b1b0-89de7cbf55c5	9	40189830	42014203	98	0.1005
1d430230-1782-4445-b1b0-89de7cbf55c5	9	42037471	42524983	34	-1.637
1d430230-1782-4445-b1b0-89de7cbf55c5	9	42546668	61405110	58	-0.0045
1d430230-1782-4445-b1b0-89de7cbf55c5	9	61520021	61629689	28	0.63
1d430230-1782-4445-b1b0-89de7cbf55c5	9	61633080	62877894	22	-0.0446
1d430230-1782-4445-b1b0-89de7cbf55c5	9	62894529	63405715	10	-0.8636
1d430230-1782-4445-b1b0-89de7cbf55c5	9	63555706	64493528	65	-0.1037
1d430230-1782-4445-b1b0-89de7cbf55c5	9	64495298	64510407	8	-2.0096
1d430230-1782-4445-b1b0-89de7cbf55c5	9	64520620	67832599	62	-0.002
1d430230-1782-4445-b1b0-89de7cbf55c5	9	67915741	68328914	4	0.8454
1d430230-1782-4445-b1b0-89de7cbf55c5	9	68335112	87799780	14144	0.0172
1d430230-1782-4445-b1b0-89de7cbf55c5	9	87800305	87800309	2	-1.3567
1d430230-1782-4445-b1b0-89de7cbf55c5	9	87800708	89700867	1238	0.01
1d430230-1782-4445-b1b0-89de7cbf55c5	9	89700967	89703253	2	-1.2823
1d430230-1782-4445-b1b0-89de7cbf55c5	9	89703305	138200944	32558	0.0186
1d430230-1782-4445-b1b0-89de7cbf55c5	10	45792	4248622	3578	0.011
1d430230-1782-4445-b1b0-89de7cbf55c5	10	4248646	4248732	2	1.3252
1d430230-1782-4445-b1b0-89de7cbf55c5	10	4248824	6369395	1823	0.019
1d430230-1782-4445-b1b0-89de7cbf55c5	10	6369412	6369519	4	0.9216
1d430230-1782-4445-b1b0-89de7cbf55c5	10	6376792	24086334	13798	0.018
1d430230-1782-4445-b1b0-89de7cbf55c5	10	24088745	24089125	11	-1.6841
1d430230-1782-4445-b1b0-89de7cbf55c5	10	24089979	26934974	1985	0.0166
1d430230-1782-4445-b1b0-89de7cbf55c5	10	26936975	26939544	13	-1.1605
1d430230-1782-4445-b1b0-89de7cbf55c5	10	26941064	27290867	193	0.0185
1d430230-1782-4445-b1b0-89de7cbf55c5	10	27291041	27308509	4	0.777
1d430230-1782-4445-b1b0-89de7cbf55c5	10	27318256	37166217	6936	0.0194
1d430230-1782-4445-b1b0-89de7cbf55c5	10	37172220	37178686	2	-1.2974
1d430230-1782-4445-b1b0-89de7cbf55c5	10	37190486	46522571	3344	0.0035
1d430230-1782-4445-b1b0-89de7cbf55c5	10	46525652	46632302	42	-0.5322
1d430230-1782-4445-b1b0-89de7cbf55c5	10	46657149	46708198	5	0.2579
1d430230-1782-4445-b1b0-89de7cbf55c5	10	46780843	46901552	8	-0.5248
1d430230-1782-4445-b1b0-89de7cbf55c5	10	46967412	47559596	287	0.0194
1d430230-1782-4445-b1b0-89de7cbf55c5	10	47622159	48154966	19	-0.671
1d430230-1782-4445-b1b0-89de7cbf55c5	10	48173568	56753095	6230	0.0141
1d430230-1782-4445-b1b0-89de7cbf55c5	10	56756615	56767077	41	-0.8036
1d430230-1782-4445-b1b0-89de7cbf55c5	10	56772992	65546321	6114	0.0133
1d430230-1782-4445-b1b0-89de7cbf55c5	10	65546400	65563037	31	0.3799
1d430230-1782-4445-b1b0-89de7cbf55c5	10	65563168	79491575	9224	0.0167
1d430230-1782-4445-b1b0-89de7cbf55c5	10	79523511	79533859	2	-1.6397
1d430230-1782-4445-b1b0-89de7cbf55c5	10	79576939	79684125	14	0.007
1d430230-1782-4445-b1b0-89de7cbf55c5	10	79689251	79754434	8	-0.8841
1d430230-1782-4445-b1b0-89de7cbf55c5	10	79763550	93259827	9124	0.018
1d430230-1782-4445-b1b0-89de7cbf55c5	10	93261197	93267860	4	-1.1817
1d430230-1782-4445-b1b0-89de7cbf55c5	10	93272300	108176734	9499	0.0158
1d430230-1782-4445-b1b0-89de7cbf55c5	10	108177155	108177194	2	1.3054
1d430230-1782-4445-b1b0-89de7cbf55c5	10	108177838	112351590	2904	0.0142
1d430230-1782-4445-b1b0-89de7cbf55c5	10	112352317	112357080	3	-1.0057
1d430230-1782-4445-b1b0-89de7cbf55c5	10	112358659	133420671	15314	0.0165
1d430230-1782-4445-b1b0-89de7cbf55c5	10	133420688	133563774	110	0.5874
1d430230-1782-4445-b1b0-89de7cbf55c5	10	133573736	133654968	35	0.0875
1d430230-1782-4445-b1b0-89de7cbf55c5	11	198510	4705388	2147	0.0257
1d430230-1782-4445-b1b0-89de7cbf55c5	11	4705492	4705661	4	-1.0111
1d430230-1782-4445-b1b0-89de7cbf55c5	11	4707904	18915920	10523	0.0222
1d430230-1782-4445-b1b0-89de7cbf55c5	11	18916085	18940586	53	0.2958
1d430230-1782-4445-b1b0-89de7cbf55c5	11	18949158	48576870	20593	0.0161
1d430230-1782-4445-b1b0-89de7cbf55c5	11	48579882	48581124	2	-1.9255
1d430230-1782-4445-b1b0-89de7cbf55c5	11	48584766	55609201	1192	0.0088
1d430230-1782-4445-b1b0-89de7cbf55c5	11	55609206	55674842	34	0.3594
1d430230-1782-4445-b1b0-89de7cbf55c5	11	55676735	81787763	14589	0.0223
1d430230-1782-4445-b1b0-89de7cbf55c5	11	81792426	81806116	11	-0.8325
1d430230-1782-4445-b1b0-89de7cbf55c5	11	81811590	135074876	37727	0.0167
1d430230-1782-4445-b1b0-89de7cbf55c5	12	51460	760032	419	0.039
1d430230-1782-4445-b1b0-89de7cbf55c5	12	760097	764863	16	-0.6125
1d430230-1782-4445-b1b0-89de7cbf55c5	12	766188	16317455	10535	0.0146
1d430230-1782-4445-b1b0-89de7cbf55c5	12	16317801	16317970	2	-1.5092
1d430230-1782-4445-b1b0-89de7cbf55c5	12	16318386	21410210	3244	0.0213
1d430230-1782-4445-b1b0-89de7cbf55c5	12	21414671	21432680	8	-0.9055
1d430230-1782-4445-b1b0-89de7cbf55c5	12	21435234	31112123	7182	0.0159
1d430230-1782-4445-b1b0-89de7cbf55c5	12	31116364	31242909	83	0.5387
1d430230-1782-4445-b1b0-89de7cbf55c5	12	31249756	63711417	17617	0.0207
1d430230-1782-4445-b1b0-89de7cbf55c5	12	63716253	63742874	11	-0.6086
1d430230-1782-4445-b1b0-89de7cbf55c5	12	63749408	70478078	4471	0.0194
1d430230-1782-4445-b1b0-89de7cbf55c5	12	70478895	70484247	9	-0.7261
1d430230-1782-4445-b1b0-89de7cbf55c5	12	70485605	99398014	18526	0.0137
1d430230-1782-4445-b1b0-89de7cbf55c5	12	99398036	99404956	32	-0.5666
1d430230-1782-4445-b1b0-89de7cbf55c5	12	99409315	126509681	17673	0.0211
1d430230-1782-4445-b1b0-89de7cbf55c5	12	126510400	126520044	7	-1.0295
1d430230-1782-4445-b1b0-89de7cbf55c5	12	126522929	130619369	3646	-0.0004
1d430230-1782-4445-b1b0-89de7cbf55c5	12	130619537	130619612	2	-1.4765
1d430230-1782-4445-b1b0-89de7cbf55c5	12	130619910	133201603	1396	0.0122
1d430230-1782-4445-b1b0-89de7cbf55c5	13	18452809	23055048	2858	0.0266
1d430230-1782-4445-b1b0-89de7cbf55c5	13	23055071	23059376	13	-2.3892
1d430230-1782-4445-b1b0-89de7cbf55c5	13	23064056	37496998	10620	0.0169
1d430230-1782-4445-b1b0-89de7cbf55c5	13	37497899	37502534	8	-1.6188
1d430230-1782-4445-b1b0-89de7cbf55c5	13	37504215	37510620	8	-2.7415
1d430230-1782-4445-b1b0-89de7cbf55c5	13	37514193	48957415	8029	0.0139
1d430230-1782-4445-b1b0-89de7cbf55c5	13	48959579	48962368	2	1.2442
1d430230-1782-4445-b1b0-89de7cbf55c5	13	48963569	63650072	8333	0.0162
1d430230-1782-4445-b1b0-89de7cbf55c5	13	63650659	63662559	9	-4.7159
1d430230-1782-4445-b1b0-89de7cbf55c5	13	63665430	114342922	34301	0.0165
1d430230-1782-4445-b1b0-89de7cbf55c5	14	18239283	18662134	20	-0.0355
1d430230-1782-4445-b1b0-89de7cbf55c5	14	18674599	19950798	141	-0.3189
1d430230-1782-4445-b1b0-89de7cbf55c5	14	19951100	19954424	4	-1.4537
1d430230-1782-4445-b1b0-89de7cbf55c5	14	19955213	21799873	1224	0.0249
1d430230-1782-4445-b1b0-89de7cbf55c5	14	21800096	22137925	308	-0.22
1d430230-1782-4445-b1b0-89de7cbf55c5	14	22138172	22486728	284	-0.4043
1d430230-1782-4445-b1b0-89de7cbf55c5	14	22490304	22501577	33	-0.182
1d430230-1782-4445-b1b0-89de7cbf55c5	14	22501590	37659826	9602	0.0214
1d430230-1782-4445-b1b0-89de7cbf55c5	14	37665374	37668971	4	-0.9206
1d430230-1782-4445-b1b0-89de7cbf55c5	14	37669965	73529070	22632	0.0163
1d430230-1782-4445-b1b0-89de7cbf55c5	14	73534419	73550834	8	-1.396
1d430230-1782-4445-b1b0-89de7cbf55c5	14	73554275	73765366	108	0.0121
1d430230-1782-4445-b1b0-89de7cbf55c5	14	73777655	73778904	3	-1.194
1d430230-1782-4445-b1b0-89de7cbf55c5	14	73780707	106320716	20779	0.014
1d430230-1782-4445-b1b0-89de7cbf55c5	14	106321086	106362628	10	-0.4913
1d430230-1782-4445-b1b0-89de7cbf55c5	14	106364815	106416146	28	-0.0492
1d430230-1782-4445-b1b0-89de7cbf55c5	14	106418444	106462724	50	-0.517
1d430230-1782-4445-b1b0-89de7cbf55c5	14	106475361	106877229	194	-0.0121
1d430230-1782-4445-b1b0-89de7cbf55c5	15	19811075	20190276	56	0.0468
1d430230-1782-4445-b1b0-89de7cbf55c5	15	20206125	20376311	39	0.439
1d430230-1782-4445-b1b0-89de7cbf55c5	15	20380735	20381704	10	1.0336
1d430230-1782-4445-b1b0-89de7cbf55c5	15	20384774	20644306	34	0.5354
1d430230-1782-4445-b1b0-89de7cbf55c5	15	20646817	21262847	29	-0.1629
1d430230-1782-4445-b1b0-89de7cbf55c5	15	21266108	22385639	39	0.5074
1d430230-1782-4445-b1b0-89de7cbf55c5	15	22395047	24424598	992	0.0315
1d430230-1782-4445-b1b0-89de7cbf55c5	15	24429604	24473026	33	-0.8118
1d430230-1782-4445-b1b0-89de7cbf55c5	15	24473449	43553305	11943	0.0221
1d430230-1782-4445-b1b0-89de7cbf55c5	15	43592920	43646185	21	-0.9395
1d430230-1782-4445-b1b0-89de7cbf55c5	15	43646608	53492691	5920	0.016
1d430230-1782-4445-b1b0-89de7cbf55c5	15	53492794	53493082	6	-0.7835
1d430230-1782-4445-b1b0-89de7cbf55c5	15	53498050	76191001	14590	0.0218
1d430230-1782-4445-b1b0-89de7cbf55c5	15	76192489	76192652	2	-1.6091
1d430230-1782-4445-b1b0-89de7cbf55c5	15	76193195	83871965	4654	0.0172
1d430230-1782-4445-b1b0-89de7cbf55c5	15	83871986	83874798	6	-0.9706
1d430230-1782-4445-b1b0-89de7cbf55c5	15	83878525	101928837	13202	0.0223
1d430230-1782-4445-b1b0-89de7cbf55c5	16	10777	35210725	20166	0.0304
1d430230-1782-4445-b1b0-89de7cbf55c5	16	35213515	35505641	172	-0.1356
1d430230-1782-4445-b1b0-89de7cbf55c5	16	35511822	70105639	15384	0.0189
1d430230-1782-4445-b1b0-89de7cbf55c5	16	70117657	70179141	17	0.568
1d430230-1782-4445-b1b0-89de7cbf55c5	16	70200633	74330951	2292	0.0222
1d430230-1782-4445-b1b0-89de7cbf55c5	16	74334793	74431616	15	0.7076
1d430230-1782-4445-b1b0-89de7cbf55c5	16	74432668	78342480	3211	0.0165
1d430230-1782-4445-b1b0-89de7cbf55c5	16	78342814	78350868	10	0.8213
1d430230-1782-4445-b1b0-89de7cbf55c5	16	78351104	90096867	10622	0.0217
1d430230-1782-4445-b1b0-89de7cbf55c5	17	150733	16510295	10375	0.027
1d430230-1782-4445-b1b0-89de7cbf55c5	17	16510898	16511542	5	-1.0369
1d430230-1782-4445-b1b0-89de7cbf55c5	17	16513106	16759600	99	0.014
1d430230-1782-4445-b1b0-89de7cbf55c5	17	16759737	16806426	5	-0.757
1d430230-1782-4445-b1b0-89de7cbf55c5	17	16815664	16838214	6	0.3493
1d430230-1782-4445-b1b0-89de7cbf55c5	17	16838470	17557360	448	0.0054
1d430230-1782-4445-b1b0-89de7cbf55c5	17	17560485	17560700	2	-1.1701
1d430230-1782-4445-b1b0-89de7cbf55c5	17	17562900	18452078	457	0.0147
1d430230-1782-4445-b1b0-89de7cbf55c5	17	18455632	18561907	26	0.7421
1d430230-1782-4445-b1b0-89de7cbf55c5	17	18565883	41069285	9286	0.0252
1d430230-1782-4445-b1b0-89de7cbf55c5	17	41069490	41089704	16	-0.4017
1d430230-1782-4445-b1b0-89de7cbf55c5	17	41090139	41265456	98	0.0197
1d430230-1782-4445-b1b0-89de7cbf55c5	17	41266762	41274198	23	1.1912
1d430230-1782-4445-b1b0-89de7cbf55c5	17	41274279	46351954	2627	0.0232
1d430230-1782-4445-b1b0-89de7cbf55c5	17	46446345	46446360	2	1.2343
1d430230-1782-4445-b1b0-89de7cbf55c5	17	46569894	56081683	5806	0.019
1d430230-1782-4445-b1b0-89de7cbf55c5	17	56083553	56095230	26	-0.9511
1d430230-1782-4445-b1b0-89de7cbf55c5	17	56095462	83091923	15749	0.0238
1d430230-1782-4445-b1b0-89de7cbf55c5	18	48133	42471713	24038	0.017
1d430230-1782-4445-b1b0-89de7cbf55c5	18	42476604	42477506	24	-0.6231
1d430230-1782-4445-b1b0-89de7cbf55c5	18	42477802	57005536	9723	0.0193
1d430230-1782-4445-b1b0-89de7cbf55c5	18	57006263	57008715	3	-1.0605
1d430230-1782-4445-b1b0-89de7cbf55c5	18	57009356	66054343	6537	0.0095
1d430230-1782-4445-b1b0-89de7cbf55c5	18	66060256	66061104	12	-0.4484
1d430230-1782-4445-b1b0-89de7cbf55c5	18	66065502	80257174	10434	0.0154
1d430230-1782-4445-b1b0-89de7cbf55c5	19	90910	14928127	6101	0.0267
1d430230-1782-4445-b1b0-89de7cbf55c5	19	14934380	14938487	3	-1.2671
1d430230-1782-4445-b1b0-89de7cbf55c5	19	14940475	19840361	2469	0.0233
1d430230-1782-4445-b1b0-89de7cbf55c5	19	19841956	20687193	526	0.0957
1d430230-1782-4445-b1b0-89de7cbf55c5	19	20687902	40846832	10413	0.0262
1d430230-1782-4445-b1b0-89de7cbf55c5	19	40854267	40870114	20	-0.9562
1d430230-1782-4445-b1b0-89de7cbf55c5	19	40886250	42184857	651	-0.0041
1d430230-1782-4445-b1b0-89de7cbf55c5	19	42191863	42192546	2	-1.2143
1d430230-1782-4445-b1b0-89de7cbf55c5	19	42196376	42778107	235	0.0232
1d430230-1782-4445-b1b0-89de7cbf55c5	19	42778238	42783304	3	-1.2487
1d430230-1782-4445-b1b0-89de7cbf55c5	19	42783310	42801183	8	-0.3641
1d430230-1782-4445-b1b0-89de7cbf55c5	19	42804734	50824837	3789	0.0229
1d430230-1782-4445-b1b0-89de7cbf55c5	19	50829011	50829982	6	-0.791
1d430230-1782-4445-b1b0-89de7cbf55c5	19	50835951	56958964	3902	0.0359
1d430230-1782-4445-b1b0-89de7cbf55c5	19	56962752	56968114	7	-1.1536
1d430230-1782-4445-b1b0-89de7cbf55c5	19	56970224	58586487	988	0.029
1d430230-1782-4445-b1b0-89de7cbf55c5	20	80664	1580353	1204	0.0247
1d430230-1782-4445-b1b0-89de7cbf55c5	20	1580934	1601561	36	1.6119
1d430230-1782-4445-b1b0-89de7cbf55c5	20	1609611	64284715	41154	0.0241
1d430230-1782-4445-b1b0-89de7cbf55c5	20	64323342	64324800	5	-0.6977
1d430230-1782-4445-b1b0-89de7cbf55c5	21	10354168	12992210	89	0.3211
1d430230-1782-4445-b1b0-89de7cbf55c5	21	12996806	13583316	180	-0.0098
1d430230-1782-4445-b1b0-89de7cbf55c5	21	13612103	13677975	4	-1.307
1d430230-1782-4445-b1b0-89de7cbf55c5	21	13803967	46677045	23601	0.0198
1d430230-1782-4445-b1b0-89de7cbf55c5	22	15294547	22398345	3460	0.0294
1d430230-1782-4445-b1b0-89de7cbf55c5	22	22398407	22398545	3	-1.3937
1d430230-1782-4445-b1b0-89de7cbf55c5	22	22402989	33777419	8185	0.0233
1d430230-1782-4445-b1b0-89de7cbf55c5	22	33778960	33778998	4	-2.6026
1d430230-1782-4445-b1b0-89de7cbf55c5	22	33785435	50796027	11632	0.0226
1d430230-1782-4445-b1b0-89de7cbf55c5	X	251810	155952689	83679	0.0182
1d430230-1782-4445-b1b0-89de7cbf55c5	Y	2782397	3394523	204	-3.0901
1d430230-1782-4445-b1b0-89de7cbf55c5	Y	3394871	6075631	514	-2.6377
1d430230-1782-4445-b1b0-89de7cbf55c5	Y	6076562	56872112	5921	-3.2105
