GDC_Aliquot	Chromosome	Start	End	Num_Probes	Segment_Mean
042b950b-8349-401e-8619-d16b67b0fb4a	1	3301765	203194239	100875	0.0028
042b950b-8349-401e-8619-d16b67b0fb4a	1	203196253	203199346	7	-1.131
042b950b-8349-401e-8619-d16b67b0fb4a	1	203200263	247650984	28878	0.0035
042b950b-8349-401e-8619-d16b67b0fb4a	2	480597	53326258	31679	0.0021
042b950b-8349-401e-8619-d16b67b0fb4a	2	53327805	53332294	6	-1.1135
042b950b-8349-401e-8619-d16b67b0fb4a	2	53334316	241537572	100521	0.001
042b950b-8349-401e-8619-d16b67b0fb4a	3	2170634	24738775	13209	0.0006
042b950b-8349-401e-8619-d16b67b0fb4a	3	24740154	24743916	7	-1.0776
042b950b-8349-401e-8619-d16b67b0fb4a	3	24747413	30951310	4049	0.0049
042b950b-8349-401e-8619-d16b67b0fb4a	3	30954097	30957257	6	-0.9845
042b950b-8349-401e-8619-d16b67b0fb4a	3	30962871	46446997	9256	-0.0006
042b950b-8349-401e-8619-d16b67b0fb4a	3	46447524	46449777	2	-1.5471
042b950b-8349-401e-8619-d16b67b0fb4a	3	46453982	56567468	5256	-0.0034
042b950b-8349-401e-8619-d16b67b0fb4a	3	56596441	56599864	4	-1.3921
042b950b-8349-401e-8619-d16b67b0fb4a	3	56611838	58806435	1230	0.0097
042b950b-8349-401e-8619-d16b67b0fb4a	3	58813073	58814158	4	-1.1055
042b950b-8349-401e-8619-d16b67b0fb4a	3	58824677	69616151	6947	-0.0007
042b950b-8349-401e-8619-d16b67b0fb4a	3	69623864	69628810	2	-1.8179
042b950b-8349-401e-8619-d16b67b0fb4a	3	69629193	86212375	9330	-0.0009
042b950b-8349-401e-8619-d16b67b0fb4a	3	86216052	86216665	2	-2.2587
042b950b-8349-401e-8619-d16b67b0fb4a	3	86221012	197812401	57897	0.0021
042b950b-8349-401e-8619-d16b67b0fb4a	4	1059384	187842528	103497	0.0029
042b950b-8349-401e-8619-d16b67b0fb4a	5	913983	165294843	91709	0.0037
042b950b-8349-401e-8619-d16b67b0fb4a	5	165295020	165300611	6	-1.0716
042b950b-8349-401e-8619-d16b67b0fb4a	5	165301402	180934240	9418	0.0106
042b950b-8349-401e-8619-d16b67b0fb4a	6	1011760	129575356	72225	0.0012
042b950b-8349-401e-8619-d16b67b0fb4a	6	129575703	129576206	2	-2.0398
042b950b-8349-401e-8619-d16b67b0fb4a	6	129576289	141692781	7562	-0.0018
042b950b-8349-401e-8619-d16b67b0fb4a	6	141692784	141695544	2	-1.6551
042b950b-8349-401e-8619-d16b67b0fb4a	6	141698157	163816766	14351	-0.0052
042b950b-8349-401e-8619-d16b67b0fb4a	6	163817140	163818274	4	-1.2852
042b950b-8349-401e-8619-d16b67b0fb4a	6	163820658	170596889	3039	-0.001
042b950b-8349-401e-8619-d16b67b0fb4a	7	664936	11963143	4876	0.0077
042b950b-8349-401e-8619-d16b67b0fb4a	7	11965346	11970376	6	-1.189
042b950b-8349-401e-8619-d16b67b0fb4a	7	11973353	158592540	77072	0.0028
042b950b-8349-401e-8619-d16b67b0fb4a	8	667625	9172593	3836	0.0012
042b950b-8349-401e-8619-d16b67b0fb4a	8	9174194	9182796	5	-1.1028
042b950b-8349-401e-8619-d16b67b0fb4a	8	9183348	144182542	78395	0.0047
042b950b-8349-401e-8619-d16b67b0fb4a	9	789794	135506893	67736	0.0018
042b950b-8349-401e-8619-d16b67b0fb4a	9	135507394	135507503	2	-1.9422
042b950b-8349-401e-8619-d16b67b0fb4a	9	135508568	138044505	749	-0.0085
042b950b-8349-401e-8619-d16b67b0fb4a	10	366509	133411599	81289	0.0012
042b950b-8349-401e-8619-d16b67b0fb4a	11	456012	119595235	67357	0.0017
042b950b-8349-401e-8619-d16b67b0fb4a	11	119597228	119597697	2	-1.6738
042b950b-8349-401e-8619-d16b67b0fb4a	11	119598226	132680040	9541	-0.0023
042b950b-8349-401e-8619-d16b67b0fb4a	11	132680468	132682891	2	-2.1951
042b950b-8349-401e-8619-d16b67b0fb4a	11	132683685	134272740	682	0.0069
042b950b-8349-401e-8619-d16b67b0fb4a	12	780472	2377318	596	-0.011
042b950b-8349-401e-8619-d16b67b0fb4a	12	2377545	2377835	2	-1.7089
042b950b-8349-401e-8619-d16b67b0fb4a	12	2378434	132605822	73747	0.0016
042b950b-8349-401e-8619-d16b67b0fb4a	13	18874255	111951028	56088	0.0046
042b950b-8349-401e-8619-d16b67b0fb4a	13	111951896	111957184	10	-1.0995
042b950b-8349-401e-8619-d16b67b0fb4a	13	111958874	114226675	916	-0.0072
042b950b-8349-401e-8619-d16b67b0fb4a	14	20033191	105533894	49798	0.0001
042b950b-8349-401e-8619-d16b67b0fb4a	15	23437561	101344124	44792	-0.0006
042b950b-8349-401e-8619-d16b67b0fb4a	16	603333	89317317	41211	0.005
042b950b-8349-401e-8619-d16b67b0fb4a	17	1074619	29151520	10756	-0.0002
042b950b-8349-401e-8619-d16b67b0fb4a	17	29152682	29156274	2	-2.3365
042b950b-8349-401e-8619-d16b67b0fb4a	17	29156538	82959812	26530	0.0011
042b950b-8349-401e-8619-d16b67b0fb4a	18	326691	10285968	5788	0.0037
042b950b-8349-401e-8619-d16b67b0fb4a	18	10287158	10291277	9	-1.038
042b950b-8349-401e-8619-d16b67b0fb4a	18	10292867	32642674	9447	0.0004
042b950b-8349-401e-8619-d16b67b0fb4a	18	32645102	32648147	4	-1.2162
042b950b-8349-401e-8619-d16b67b0fb4a	18	32656759	78679130	27329	-0.0034
042b950b-8349-401e-8619-d16b67b0fb4a	18	78681394	78681961	2	1.6948
042b950b-8349-401e-8619-d16b67b0fb4a	18	78684608	79349796	376	-0.0102
042b950b-8349-401e-8619-d16b67b0fb4a	19	283868	675533	73	-0.0316
042b950b-8349-401e-8619-d16b67b0fb4a	19	678411	684194	2	-1.6601
042b950b-8349-401e-8619-d16b67b0fb4a	19	685216	37647853	15352	0.0036
042b950b-8349-401e-8619-d16b67b0fb4a	19	37650065	37650091	2	-1.7584
042b950b-8349-401e-8619-d16b67b0fb4a	19	37651043	58370362	8714	0.0055
042b950b-8349-401e-8619-d16b67b0fb4a	20	472817	63588502	37567	0.0034
042b950b-8349-401e-8619-d16b67b0fb4a	21	13974127	46262057	20602	0.0097
042b950b-8349-401e-8619-d16b67b0fb4a	22	16934932	48940621	17088	0.0091
042b950b-8349-401e-8619-d16b67b0fb4a	X	3236359	155677414	63822	0.0056
