GDC_Aliquot	Chromosome	Start	End	Num_Probes	Segment_Mean
fc2c543d-05c3-4de7-aedc-077804e64b31	1	3301765	4316972	583	-0.1596
fc2c543d-05c3-4de7-aedc-077804e64b31	1	4317851	5240277	787	-0.284
fc2c543d-05c3-4de7-aedc-077804e64b31	1	5242109	12697649	3954	-0.1837
fc2c543d-05c3-4de7-aedc-077804e64b31	1	12701368	14618315	965	-0.2616
fc2c543d-05c3-4de7-aedc-077804e64b31	1	14618545	43338669	15376	-0.1786
fc2c543d-05c3-4de7-aedc-077804e64b31	1	43341130	43516856	110	-0.4929
fc2c543d-05c3-4de7-aedc-077804e64b31	1	43520083	45200373	905	-0.1637
fc2c543d-05c3-4de7-aedc-077804e64b31	1	45201209	45381300	80	0.1334
fc2c543d-05c3-4de7-aedc-077804e64b31	1	45383259	70721366	16038	-0.182
fc2c543d-05c3-4de7-aedc-077804e64b31	1	70721966	77245144	3651	-0.2428
fc2c543d-05c3-4de7-aedc-077804e64b31	1	77252258	78733674	839	-0.1448
fc2c543d-05c3-4de7-aedc-077804e64b31	1	78736615	83024377	2574	-0.2694
fc2c543d-05c3-4de7-aedc-077804e64b31	1	83024478	95706240	7972	-0.1801
fc2c543d-05c3-4de7-aedc-077804e64b31	1	95714889	96286024	348	-0.6515
fc2c543d-05c3-4de7-aedc-077804e64b31	1	96289911	102784750	3882	-0.2194
fc2c543d-05c3-4de7-aedc-077804e64b31	1	102785450	104543873	730	-0.6684
fc2c543d-05c3-4de7-aedc-077804e64b31	1	104546444	107198921	1443	-0.2542
fc2c543d-05c3-4de7-aedc-077804e64b31	1	107200388	186623999	30764	-0.1855
fc2c543d-05c3-4de7-aedc-077804e64b31	1	186625718	193033697	3756	-0.2537
fc2c543d-05c3-4de7-aedc-077804e64b31	1	193036714	221217036	18312	-0.1917
fc2c543d-05c3-4de7-aedc-077804e64b31	1	221218444	247650984	16692	-0.2253
fc2c543d-05c3-4de7-aedc-077804e64b31	2	480597	4335707	1878	0.109
fc2c543d-05c3-4de7-aedc-077804e64b31	2	4341569	8108803	2758	0.0366
fc2c543d-05c3-4de7-aedc-077804e64b31	2	8110227	14438892	4253	0.117
fc2c543d-05c3-4de7-aedc-077804e64b31	2	14440691	17577442	2167	0.3569
fc2c543d-05c3-4de7-aedc-077804e64b31	2	17578002	17842419	196	0.1181
fc2c543d-05c3-4de7-aedc-077804e64b31	2	17842449	19752100	1460	0.353
fc2c543d-05c3-4de7-aedc-077804e64b31	2	19752138	20935162	784	0.4368
fc2c543d-05c3-4de7-aedc-077804e64b31	2	20935817	33736805	6837	0.3467
fc2c543d-05c3-4de7-aedc-077804e64b31	2	33743908	33785491	36	-0.6929
fc2c543d-05c3-4de7-aedc-077804e64b31	2	33788893	37110966	1927	0.3574
fc2c543d-05c3-4de7-aedc-077804e64b31	2	37115545	37120944	2	-1.8793
fc2c543d-05c3-4de7-aedc-077804e64b31	2	37125868	40929951	1940	0.3631
fc2c543d-05c3-4de7-aedc-077804e64b31	2	40934324	42229767	853	0.4201
fc2c543d-05c3-4de7-aedc-077804e64b31	2	42235790	69610976	16021	0.3433
fc2c543d-05c3-4de7-aedc-077804e64b31	2	69612106	69743169	77	0.0588
fc2c543d-05c3-4de7-aedc-077804e64b31	2	69743785	73835968	2184	0.336
fc2c543d-05c3-4de7-aedc-077804e64b31	2	73839000	76231030	1427	0.1388
fc2c543d-05c3-4de7-aedc-077804e64b31	2	76231236	78270016	1174	0.0572
fc2c543d-05c3-4de7-aedc-077804e64b31	2	78270140	79833396	535	0.1394
fc2c543d-05c3-4de7-aedc-077804e64b31	2	79835597	80001614	159	-0.6612
fc2c543d-05c3-4de7-aedc-077804e64b31	2	80004343	83719681	2068	0.0577
fc2c543d-05c3-4de7-aedc-077804e64b31	2	83719703	102020402	5279	0.1159
fc2c543d-05c3-4de7-aedc-077804e64b31	2	102020622	104787291	1742	0.0592
fc2c543d-05c3-4de7-aedc-077804e64b31	2	104787386	114865781	5109	0.1314
fc2c543d-05c3-4de7-aedc-077804e64b31	2	114866602	118849894	1955	0.0703
fc2c543d-05c3-4de7-aedc-077804e64b31	2	118851006	122371109	2096	0.1391
fc2c543d-05c3-4de7-aedc-077804e64b31	2	122373410	140324642	8671	0.0841
fc2c543d-05c3-4de7-aedc-077804e64b31	2	140326826	146713111	3752	0.0293
fc2c543d-05c3-4de7-aedc-077804e64b31	2	146714320	149889369	1729	0.1085
fc2c543d-05c3-4de7-aedc-077804e64b31	2	149903507	149906589	2	-1.5634
fc2c543d-05c3-4de7-aedc-077804e64b31	2	149908881	153991575	2655	0.0962
fc2c543d-05c3-4de7-aedc-077804e64b31	2	153991753	209155616	30790	0.1227
fc2c543d-05c3-4de7-aedc-077804e64b31	2	209158107	215498690	3756	0.0717
fc2c543d-05c3-4de7-aedc-077804e64b31	2	215499074	219870652	2720	0.1156
fc2c543d-05c3-4de7-aedc-077804e64b31	2	219872216	221869122	1404	0.0484
fc2c543d-05c3-4de7-aedc-077804e64b31	2	221869715	233883983	7099	0.1152
fc2c543d-05c3-4de7-aedc-077804e64b31	2	233884142	241537572	4758	0.0689
fc2c543d-05c3-4de7-aedc-077804e64b31	3	2170634	15403530	8115	-0.207
fc2c543d-05c3-4de7-aedc-077804e64b31	3	15406174	25878442	6160	-0.2474
fc2c543d-05c3-4de7-aedc-077804e64b31	3	25878703	54214515	15659	-0.1982
fc2c543d-05c3-4de7-aedc-077804e64b31	3	54215662	54215775	2	-3.2266
fc2c543d-05c3-4de7-aedc-077804e64b31	3	54217756	54833405	482	-0.2448
fc2c543d-05c3-4de7-aedc-077804e64b31	3	54834555	54835679	2	-2.3635
fc2c543d-05c3-4de7-aedc-077804e64b31	3	54835992	59552554	3028	-0.2279
fc2c543d-05c3-4de7-aedc-077804e64b31	3	59553252	59554058	2	-2.4276
fc2c543d-05c3-4de7-aedc-077804e64b31	3	59554185	61090317	229	-0.2764
fc2c543d-05c3-4de7-aedc-077804e64b31	3	61092972	61155359	52	-0.6834
fc2c543d-05c3-4de7-aedc-077804e64b31	3	61155761	120231770	32414	-0.2128
fc2c543d-05c3-4de7-aedc-077804e64b31	3	120233575	167460578	25115	0.105
fc2c543d-05c3-4de7-aedc-077804e64b31	3	167460878	170309449	1663	0.1752
fc2c543d-05c3-4de7-aedc-077804e64b31	3	170310209	172514196	1205	0.1078
fc2c543d-05c3-4de7-aedc-077804e64b31	3	172514873	173422468	555	0.1943
fc2c543d-05c3-4de7-aedc-077804e64b31	3	173422892	175040512	759	0.0931
fc2c543d-05c3-4de7-aedc-077804e64b31	3	175040849	175192162	101	-0.178
fc2c543d-05c3-4de7-aedc-077804e64b31	3	175193829	189077000	7317	0.1107
fc2c543d-05c3-4de7-aedc-077804e64b31	3	189081619	189082030	2	-3.1534
fc2c543d-05c3-4de7-aedc-077804e64b31	3	189085251	193403274	2689	0.119
fc2c543d-05c3-4de7-aedc-077804e64b31	3	193403433	194661791	781	0.2073
fc2c543d-05c3-4de7-aedc-077804e64b31	3	194668212	197812401	852	0.1289
fc2c543d-05c3-4de7-aedc-077804e64b31	4	1059384	4320314	1241	0.1252
fc2c543d-05c3-4de7-aedc-077804e64b31	4	4321317	5987780	1313	0.052
fc2c543d-05c3-4de7-aedc-077804e64b31	4	5988464	14312318	5330	0.1262
fc2c543d-05c3-4de7-aedc-077804e64b31	4	14314951	15129872	631	0.0382
fc2c543d-05c3-4de7-aedc-077804e64b31	4	15130792	18745767	2502	0.1286
fc2c543d-05c3-4de7-aedc-077804e64b31	4	18745771	22021568	2141	0.0587
fc2c543d-05c3-4de7-aedc-077804e64b31	4	22021652	27501487	3491	0.124
fc2c543d-05c3-4de7-aedc-077804e64b31	4	27502238	34940435	4367	0.0595
fc2c543d-05c3-4de7-aedc-077804e64b31	4	34941054	41520215	4064	0.1388
fc2c543d-05c3-4de7-aedc-077804e64b31	4	41522909	45417938	1958	0.0587
fc2c543d-05c3-4de7-aedc-077804e64b31	4	45425269	57695620	5193	0.1194
fc2c543d-05c3-4de7-aedc-077804e64b31	4	57695831	66755241	4894	0.0513
fc2c543d-05c3-4de7-aedc-077804e64b31	4	66756538	95120276	15748	0.1246
fc2c543d-05c3-4de7-aedc-077804e64b31	4	95121462	98429817	1911	0.0551
fc2c543d-05c3-4de7-aedc-077804e64b31	4	98431282	115432505	9749	0.1284
fc2c543d-05c3-4de7-aedc-077804e64b31	4	115433129	118002818	1423	0.0575
fc2c543d-05c3-4de7-aedc-077804e64b31	4	118005444	130780907	6963	0.1199
fc2c543d-05c3-4de7-aedc-077804e64b31	4	130781601	137623204	3074	0.0221
fc2c543d-05c3-4de7-aedc-077804e64b31	4	137623446	154841568	9854	0.1155
fc2c543d-05c3-4de7-aedc-077804e64b31	4	154842397	186021226	16651	0.0832
fc2c543d-05c3-4de7-aedc-077804e64b31	4	186021460	187842528	1058	0.1845
fc2c543d-05c3-4de7-aedc-077804e64b31	5	913983	1424952	121	0.2178
fc2c543d-05c3-4de7-aedc-077804e64b31	5	1426065	6824528	4145	0.054
fc2c543d-05c3-4de7-aedc-077804e64b31	5	6825189	8539701	1254	0.0852
fc2c543d-05c3-4de7-aedc-077804e64b31	5	8540084	10466630	1501	0.1472
fc2c543d-05c3-4de7-aedc-077804e64b31	5	10466975	12767729	1355	0.0635
fc2c543d-05c3-4de7-aedc-077804e64b31	5	12769451	17182067	2356	0.1776
fc2c543d-05c3-4de7-aedc-077804e64b31	5	17183782	17887883	280	0.1088
fc2c543d-05c3-4de7-aedc-077804e64b31	5	17888048	30857655	6788	0.0555
fc2c543d-05c3-4de7-aedc-077804e64b31	5	30858053	52455740	9208	0.1231
fc2c543d-05c3-4de7-aedc-077804e64b31	5	52456333	53237016	593	0.2293
fc2c543d-05c3-4de7-aedc-077804e64b31	5	53238232	71696942	9916	0.1236
fc2c543d-05c3-4de7-aedc-077804e64b31	5	71699386	90067650	10508	0.0921
fc2c543d-05c3-4de7-aedc-077804e64b31	5	90068502	99137191	4836	0.1411
fc2c543d-05c3-4de7-aedc-077804e64b31	5	99139536	122647612	12746	0.0825
fc2c543d-05c3-4de7-aedc-077804e64b31	5	122647641	163966041	25404	0.1189
fc2c543d-05c3-4de7-aedc-077804e64b31	5	163966757	167361383	2090	0.0248
fc2c543d-05c3-4de7-aedc-077804e64b31	5	167362656	169410484	1603	0.1159
fc2c543d-05c3-4de7-aedc-077804e64b31	5	169411547	170812516	1072	0.043
fc2c543d-05c3-4de7-aedc-077804e64b31	5	170815628	177565673	3821	0.231
fc2c543d-05c3-4de7-aedc-077804e64b31	5	177570076	180860930	1536	0.1653
fc2c543d-05c3-4de7-aedc-077804e64b31	5	180862451	180934240	31	0.3815
fc2c543d-05c3-4de7-aedc-077804e64b31	6	1011760	43012103	25627	0.1131
fc2c543d-05c3-4de7-aedc-077804e64b31	6	43014245	48066837	3025	0.1634
fc2c543d-05c3-4de7-aedc-077804e64b31	6	48067458	51012518	1531	0.0903
fc2c543d-05c3-4de7-aedc-077804e64b31	6	51015810	56813854	3744	0.1723
fc2c543d-05c3-4de7-aedc-077804e64b31	6	56815697	64940805	1866	0.1181
fc2c543d-05c3-4de7-aedc-077804e64b31	6	64941881	69838818	2804	0.0644
fc2c543d-05c3-4de7-aedc-077804e64b31	6	69843290	88516935	10618	0.1273
fc2c543d-05c3-4de7-aedc-077804e64b31	6	88517429	105164543	8952	0.0899
fc2c543d-05c3-4de7-aedc-077804e64b31	6	105165899	130933966	15059	0.1194
fc2c543d-05c3-4de7-aedc-077804e64b31	6	130934695	132221374	792	0.2118
fc2c543d-05c3-4de7-aedc-077804e64b31	6	132221666	161287112	18728	0.1188
fc2c543d-05c3-4de7-aedc-077804e64b31	6	161287971	165737707	2606	0.0352
fc2c543d-05c3-4de7-aedc-077804e64b31	6	165737940	169184293	1224	0.1166
fc2c543d-05c3-4de7-aedc-077804e64b31	6	169184545	169213018	24	-0.1558
fc2c543d-05c3-4de7-aedc-077804e64b31	6	169216919	169217368	2	-1.6553
fc2c543d-05c3-4de7-aedc-077804e64b31	6	169217631	170596889	619	0.0689
fc2c543d-05c3-4de7-aedc-077804e64b31	7	664936	6228225	2092	0.3123
fc2c543d-05c3-4de7-aedc-077804e64b31	7	6228270	40742862	21275	0.3822
fc2c543d-05c3-4de7-aedc-077804e64b31	7	40749206	43363770	1482	0.2956
fc2c543d-05c3-4de7-aedc-077804e64b31	7	43365588	52740934	6343	0.3783
fc2c543d-05c3-4de7-aedc-077804e64b31	7	52742003	54238273	909	0.2977
fc2c543d-05c3-4de7-aedc-077804e64b31	7	54238511	54247849	2	-1.3832
fc2c543d-05c3-4de7-aedc-077804e64b31	7	54248178	67672505	2632	0.3489
fc2c543d-05c3-4de7-aedc-077804e64b31	7	67672677	72071483	2723	0.281
fc2c543d-05c3-4de7-aedc-077804e64b31	7	72163796	113280767	20013	0.3676
fc2c543d-05c3-4de7-aedc-077804e64b31	7	113281678	114280235	488	0.3085
fc2c543d-05c3-4de7-aedc-077804e64b31	7	114280699	114288217	2	-1.2164
fc2c543d-05c3-4de7-aedc-077804e64b31	7	114290863	115187596	453	0.2792
fc2c543d-05c3-4de7-aedc-077804e64b31	7	115188905	116571372	823	0.3543
fc2c543d-05c3-4de7-aedc-077804e64b31	7	116574636	118558395	1190	0.4529
fc2c543d-05c3-4de7-aedc-077804e64b31	7	118562639	130054898	6092	0.373
fc2c543d-05c3-4de7-aedc-077804e64b31	7	130058927	130059627	2	-1.7243
fc2c543d-05c3-4de7-aedc-077804e64b31	7	130066584	158592540	15475	0.3488
fc2c543d-05c3-4de7-aedc-077804e64b31	8	667625	6705482	3011	0.0693
fc2c543d-05c3-4de7-aedc-077804e64b31	8	6718893	13124109	2603	0.1226
fc2c543d-05c3-4de7-aedc-077804e64b31	8	13124164	17220874	2919	0.0516
fc2c543d-05c3-4de7-aedc-077804e64b31	8	17225457	18973318	1520	0.167
fc2c543d-05c3-4de7-aedc-077804e64b31	8	18973423	25840746	4750	0.0991
fc2c543d-05c3-4de7-aedc-077804e64b31	8	25840762	31642691	3881	0.1487
fc2c543d-05c3-4de7-aedc-077804e64b31	8	31642706	36784988	2881	0.0778
fc2c543d-05c3-4de7-aedc-077804e64b31	8	36792784	40529270	2026	0.1775
fc2c543d-05c3-4de7-aedc-077804e64b31	8	40530272	110599756	37868	0.1012
fc2c543d-05c3-4de7-aedc-077804e64b31	8	110602736	117128832	3454	0.0432
fc2c543d-05c3-4de7-aedc-077804e64b31	8	117133151	127843886	7378	0.1445
fc2c543d-05c3-4de7-aedc-077804e64b31	8	127844662	131832124	2711	0.0924
fc2c543d-05c3-4de7-aedc-077804e64b31	8	131836046	133616658	1461	0.1463
fc2c543d-05c3-4de7-aedc-077804e64b31	8	133616840	140034999	4906	0.0802
fc2c543d-05c3-4de7-aedc-077804e64b31	8	140035635	144182542	906	0.1408
fc2c543d-05c3-4de7-aedc-077804e64b31	9	789794	19331573	11776	-0.2073
fc2c543d-05c3-4de7-aedc-077804e64b31	9	19331681	21111933	1361	0.1573
fc2c543d-05c3-4de7-aedc-077804e64b31	9	21114238	31590409	6012	0.0827
fc2c543d-05c3-4de7-aedc-077804e64b31	9	31591425	79045781	11911	0.1321
fc2c543d-05c3-4de7-aedc-077804e64b31	9	79050441	83916964	3377	0.073
fc2c543d-05c3-4de7-aedc-077804e64b31	9	83917183	83917441	2	-1.8355
fc2c543d-05c3-4de7-aedc-077804e64b31	9	83917587	89248534	3694	0.0503
fc2c543d-05c3-4de7-aedc-077804e64b31	9	89249158	100491529	7026	0.0946
fc2c543d-05c3-4de7-aedc-077804e64b31	9	100496089	101989584	1043	0.1749
fc2c543d-05c3-4de7-aedc-077804e64b31	9	101993429	105155578	1810	0.075
fc2c543d-05c3-4de7-aedc-077804e64b31	9	105156611	109893049	3549	0.1472
fc2c543d-05c3-4de7-aedc-077804e64b31	9	109894380	138044505	16958	0.1044
fc2c543d-05c3-4de7-aedc-077804e64b31	10	366509	4791226	2883	0.0585
fc2c543d-05c3-4de7-aedc-077804e64b31	10	4792364	6053447	814	0.1582
fc2c543d-05c3-4de7-aedc-077804e64b31	10	6053614	32084633	18692	0.0565
fc2c543d-05c3-4de7-aedc-077804e64b31	10	32085700	32235725	108	-0.5635
fc2c543d-05c3-4de7-aedc-077804e64b31	10	32235970	58518495	11910	0.059
fc2c543d-05c3-4de7-aedc-077804e64b31	10	58521756	62021186	2480	0.1247
fc2c543d-05c3-4de7-aedc-077804e64b31	10	62023933	68700606	3645	0.0657
fc2c543d-05c3-4de7-aedc-077804e64b31	10	68700729	80870079	7420	-0.0544
fc2c543d-05c3-4de7-aedc-077804e64b31	10	80873839	83069207	1534	-0.1234
fc2c543d-05c3-4de7-aedc-077804e64b31	10	83070030	105034936	13192	-0.0408
fc2c543d-05c3-4de7-aedc-077804e64b31	10	105035824	108659372	2483	-0.1271
fc2c543d-05c3-4de7-aedc-077804e64b31	10	108661001	115746465	4698	-0.0121
fc2c543d-05c3-4de7-aedc-077804e64b31	10	115746544	115747025	3	-2.6097
fc2c543d-05c3-4de7-aedc-077804e64b31	10	115747268	121721685	4473	-0.0707
fc2c543d-05c3-4de7-aedc-077804e64b31	10	121724063	122793714	742	0.0126
fc2c543d-05c3-4de7-aedc-077804e64b31	10	122794175	133411599	6243	-0.0982
fc2c543d-05c3-4de7-aedc-077804e64b31	11	456012	2130990	449	0.2194
fc2c543d-05c3-4de7-aedc-077804e64b31	11	2132327	2261674	41	0.5301
fc2c543d-05c3-4de7-aedc-077804e64b31	11	2273307	3006505	335	0.1996
fc2c543d-05c3-4de7-aedc-077804e64b31	11	3008874	20496179	11983	-0.087
fc2c543d-05c3-4de7-aedc-077804e64b31	11	20497923	26719591	4247	-0.1424
fc2c543d-05c3-4de7-aedc-077804e64b31	11	26721055	27786599	695	-0.0314
fc2c543d-05c3-4de7-aedc-077804e64b31	11	27787267	32274909	2676	-0.1471
fc2c543d-05c3-4de7-aedc-077804e64b31	11	32276958	38216934	3600	-0.0662
fc2c543d-05c3-4de7-aedc-077804e64b31	11	38218153	41566294	2168	-0.1886
fc2c543d-05c3-4de7-aedc-077804e64b31	11	41567393	43064788	1016	-0.1149
fc2c543d-05c3-4de7-aedc-077804e64b31	11	43064860	66066869	8026	-0.0734
fc2c543d-05c3-4de7-aedc-077804e64b31	11	66067848	79203696	6560	-0.107
fc2c543d-05c3-4de7-aedc-077804e64b31	11	79204730	82044722	2043	-0.158
fc2c543d-05c3-4de7-aedc-077804e64b31	11	82046594	88112036	3604	-0.0805
fc2c543d-05c3-4de7-aedc-077804e64b31	11	88112420	93727895	3041	-0.1709
fc2c543d-05c3-4de7-aedc-077804e64b31	11	93729441	101229742	5301	-0.1224
fc2c543d-05c3-4de7-aedc-077804e64b31	11	101240192	103356772	1265	-0.0515
fc2c543d-05c3-4de7-aedc-077804e64b31	11	103361317	111165382	4540	-0.1256
fc2c543d-05c3-4de7-aedc-077804e64b31	11	111165948	111168503	2	-2.1251
fc2c543d-05c3-4de7-aedc-077804e64b31	11	111168621	121778900	7405	-0.0965
fc2c543d-05c3-4de7-aedc-077804e64b31	11	121779161	128917141	5304	-0.1411
fc2c543d-05c3-4de7-aedc-077804e64b31	11	128917259	131465682	1584	-0.0655
fc2c543d-05c3-4de7-aedc-077804e64b31	11	131466180	131466293	2	-1.7864
fc2c543d-05c3-4de7-aedc-077804e64b31	11	131466729	131565289	106	-0.0719
fc2c543d-05c3-4de7-aedc-077804e64b31	11	131566522	134272740	1604	-0.1787
fc2c543d-05c3-4de7-aedc-077804e64b31	12	780472	11235770	5620	0.0839
fc2c543d-05c3-4de7-aedc-077804e64b31	12	11239260	16526454	3426	0.1488
fc2c543d-05c3-4de7-aedc-077804e64b31	12	16530751	46973328	15204	0.1044
fc2c543d-05c3-4de7-aedc-077804e64b31	12	46973643	58815488	6315	0.1353
fc2c543d-05c3-4de7-aedc-077804e64b31	12	58817150	88548118	17955	0.1011
fc2c543d-05c3-4de7-aedc-077804e64b31	12	88549203	88549546	2	-1.8525
fc2c543d-05c3-4de7-aedc-077804e64b31	12	88551919	93768903	3195	0.1179
fc2c543d-05c3-4de7-aedc-077804e64b31	12	93769482	97682225	2884	0.0671
fc2c543d-05c3-4de7-aedc-077804e64b31	12	97682479	100814108	1769	0.12
fc2c543d-05c3-4de7-aedc-077804e64b31	12	100814188	102741055	1222	0.1543
fc2c543d-05c3-4de7-aedc-077804e64b31	12	102741162	132605822	16791	0.0774
fc2c543d-05c3-4de7-aedc-077804e64b31	13	18874255	20149559	456	0.0998
fc2c543d-05c3-4de7-aedc-077804e64b31	13	20153159	26954164	3951	0.3603
fc2c543d-05c3-4de7-aedc-077804e64b31	13	26954210	27072893	116	0.6678
fc2c543d-05c3-4de7-aedc-077804e64b31	13	27073367	27873710	535	0.3836
fc2c543d-05c3-4de7-aedc-077804e64b31	13	27874529	27876281	2	-1.0756
fc2c543d-05c3-4de7-aedc-077804e64b31	13	27877622	28054267	129	0.3942
fc2c543d-05c3-4de7-aedc-077804e64b31	13	28054362	40727030	8834	0.3393
fc2c543d-05c3-4de7-aedc-077804e64b31	13	40728011	54134751	7367	0.3783
fc2c543d-05c3-4de7-aedc-077804e64b31	13	54134849	63534155	4669	0.3303
fc2c543d-05c3-4de7-aedc-077804e64b31	13	63670363	64468531	70	0.0631
fc2c543d-05c3-4de7-aedc-077804e64b31	13	64468586	68330422	1856	0.3236
fc2c543d-05c3-4de7-aedc-077804e64b31	13	68330702	68487421	67	0.0308
fc2c543d-05c3-4de7-aedc-077804e64b31	13	68487446	68932337	313	0.3004
fc2c543d-05c3-4de7-aedc-077804e64b31	13	68932587	71326311	1407	0.3641
fc2c543d-05c3-4de7-aedc-077804e64b31	13	71326685	74165682	1945	0.4333
fc2c543d-05c3-4de7-aedc-077804e64b31	13	74165981	81496787	4772	0.3722
fc2c543d-05c3-4de7-aedc-077804e64b31	13	81497371	90050955	4743	0.3108
fc2c543d-05c3-4de7-aedc-077804e64b31	13	90051259	114226675	15807	0.3715
fc2c543d-05c3-4de7-aedc-077804e64b31	14	20033191	25611899	2516	-0.5641
fc2c543d-05c3-4de7-aedc-077804e64b31	14	25613872	29875277	2356	-0.6761
fc2c543d-05c3-4de7-aedc-077804e64b31	14	29876197	39707622	5957	-0.6066
fc2c543d-05c3-4de7-aedc-077804e64b31	14	39707639	62746893	12840	-0.6503
fc2c543d-05c3-4de7-aedc-077804e64b31	14	62747540	64160985	759	-0.575
fc2c543d-05c3-4de7-aedc-077804e64b31	14	64162405	64197858	18	-1.3022
fc2c543d-05c3-4de7-aedc-077804e64b31	14	64197957	82052310	11086	-0.6091
fc2c543d-05c3-4de7-aedc-077804e64b31	14	82055503	87143401	3257	-0.7162
fc2c543d-05c3-4de7-aedc-077804e64b31	14	87143799	96880552	6232	-0.6133
fc2c543d-05c3-4de7-aedc-077804e64b31	14	96880719	98432206	1212	-0.7245
fc2c543d-05c3-4de7-aedc-077804e64b31	14	98438703	105533894	3443	-0.5927
fc2c543d-05c3-4de7-aedc-077804e64b31	15	23437561	23563909	97	0.1561
fc2c543d-05c3-4de7-aedc-077804e64b31	15	23566770	28250353	2631	0.0389
fc2c543d-05c3-4de7-aedc-077804e64b31	15	28300781	40216038	5765	0.1284
fc2c543d-05c3-4de7-aedc-077804e64b31	15	40217399	86603137	27079	-0.176
fc2c543d-05c3-4de7-aedc-077804e64b31	15	86603225	89012406	1669	-0.2496
fc2c543d-05c3-4de7-aedc-077804e64b31	15	89013652	94753817	3450	-0.1657
fc2c543d-05c3-4de7-aedc-077804e64b31	15	94754088	96765466	1466	-0.2713
fc2c543d-05c3-4de7-aedc-077804e64b31	15	96766524	101344124	2638	-0.1935
fc2c543d-05c3-4de7-aedc-077804e64b31	16	603333	5891874	2281	0.114
fc2c543d-05c3-4de7-aedc-077804e64b31	16	5891963	7454847	657	0.0311
fc2c543d-05c3-4de7-aedc-077804e64b31	16	7454852	23770865	7299	0.1364
fc2c543d-05c3-4de7-aedc-077804e64b31	16	23771418	30479533	3281	0.0888
fc2c543d-05c3-4de7-aedc-077804e64b31	16	30527776	53013310	4658	0.1453
fc2c543d-05c3-4de7-aedc-077804e64b31	16	53014352	55865491	2190	0.0896
fc2c543d-05c3-4de7-aedc-077804e64b31	16	55865791	59577456	2290	0.1596
fc2c543d-05c3-4de7-aedc-077804e64b31	16	59577739	65571502	3828	0.0611
fc2c543d-05c3-4de7-aedc-077804e64b31	16	65574441	78310221	7205	0.1384
fc2c543d-05c3-4de7-aedc-077804e64b31	16	78310645	78691117	456	0.0718
fc2c543d-05c3-4de7-aedc-077804e64b31	16	78691375	78692724	2	-1.4384
fc2c543d-05c3-4de7-aedc-077804e64b31	16	78694474	79127315	269	0.0945
fc2c543d-05c3-4de7-aedc-077804e64b31	16	79127543	79127652	2	-1.642
fc2c543d-05c3-4de7-aedc-077804e64b31	16	79130555	80142433	1068	0.0683
fc2c543d-05c3-4de7-aedc-077804e64b31	16	80142611	89317317	5742	0.137
fc2c543d-05c3-4de7-aedc-077804e64b31	17	1074619	12433997	6275	-0.6134
fc2c543d-05c3-4de7-aedc-077804e64b31	17	12434217	12435436	3	-2.656
fc2c543d-05c3-4de7-aedc-077804e64b31	17	12436261	13533390	736	-0.6678
fc2c543d-05c3-4de7-aedc-077804e64b31	17	13533570	13536590	3	-3.0545
fc2c543d-05c3-4de7-aedc-077804e64b31	17	13537292	21399695	2695	-0.5929
fc2c543d-05c3-4de7-aedc-077804e64b31	17	21774057	53240500	11582	0.1421
fc2c543d-05c3-4de7-aedc-077804e64b31	17	53240949	54770912	918	0.0641
fc2c543d-05c3-4de7-aedc-077804e64b31	17	54771406	65110391	5717	0.1383
fc2c543d-05c3-4de7-aedc-077804e64b31	17	65110453	66027682	602	0.2304
fc2c543d-05c3-4de7-aedc-077804e64b31	17	66029213	71960353	3899	0.1248
fc2c543d-05c3-4de7-aedc-077804e64b31	17	71962763	72922619	794	0.2201
fc2c543d-05c3-4de7-aedc-077804e64b31	17	72923073	82959812	4050	0.1261
fc2c543d-05c3-4de7-aedc-077804e64b31	18	326691	25438621	10733	-0.5987
fc2c543d-05c3-4de7-aedc-077804e64b31	18	25438783	25439046	2	-3.5858
fc2c543d-05c3-4de7-aedc-077804e64b31	18	25440614	29892643	2720	-0.6795
fc2c543d-05c3-4de7-aedc-077804e64b31	18	29892747	37653424	4804	-0.578
fc2c543d-05c3-4de7-aedc-077804e64b31	18	37653954	45394358	4586	-0.661
fc2c543d-05c3-4de7-aedc-077804e64b31	18	45396382	64689998	12665	-0.6019
fc2c543d-05c3-4de7-aedc-077804e64b31	18	64690887	79349796	7322	-0.6481
fc2c543d-05c3-4de7-aedc-077804e64b31	19	283868	3906716	891	-0.183
fc2c543d-05c3-4de7-aedc-077804e64b31	19	3907485	6519458	886	0.1197
fc2c543d-05c3-4de7-aedc-077804e64b31	19	6522783	6871720	165	0.3636
fc2c543d-05c3-4de7-aedc-077804e64b31	19	6872320	9233263	1014	0.0983
fc2c543d-05c3-4de7-aedc-077804e64b31	19	9233756	12984871	1628	0.3366
fc2c543d-05c3-4de7-aedc-077804e64b31	19	12985253	19834971	3152	0.1251
fc2c543d-05c3-4de7-aedc-077804e64b31	19	19835282	31851449	4360	0.0586
fc2c543d-05c3-4de7-aedc-077804e64b31	19	31851618	36208132	2669	0.1404
fc2c543d-05c3-4de7-aedc-077804e64b31	19	36212303	37304208	517	-0.266
fc2c543d-05c3-4de7-aedc-077804e64b31	19	37304889	51591709	6069	-0.1695
fc2c543d-05c3-4de7-aedc-077804e64b31	19	51592282	58162242	2691	-0.251
fc2c543d-05c3-4de7-aedc-077804e64b31	19	58162882	58370362	120	0.3329
fc2c543d-05c3-4de7-aedc-077804e64b31	20	472817	15182862	9052	-0.6093
fc2c543d-05c3-4de7-aedc-077804e64b31	20	15184878	15294759	65	-1.3988
fc2c543d-05c3-4de7-aedc-077804e64b31	20	15295448	16238284	916	-0.6901
fc2c543d-05c3-4de7-aedc-077804e64b31	20	16238379	18936258	2171	-0.5583
fc2c543d-05c3-4de7-aedc-077804e64b31	20	18937065	26217295	4717	-0.6244
fc2c543d-05c3-4de7-aedc-077804e64b31	20	31247668	37003756	2676	1.123
fc2c543d-05c3-4de7-aedc-077804e64b31	20	37003824	37234305	221	0.9184
fc2c543d-05c3-4de7-aedc-077804e64b31	20	37234470	41730880	2889	1.1048
fc2c543d-05c3-4de7-aedc-077804e64b31	20	41731384	41731388	5	-0.1052
fc2c543d-05c3-4de7-aedc-077804e64b31	20	41732145	60007167	12650	1.1213
fc2c543d-05c3-4de7-aedc-077804e64b31	20	60007602	61670752	1375	1.0461
fc2c543d-05c3-4de7-aedc-077804e64b31	20	61673929	63588502	796	1.1273
fc2c543d-05c3-4de7-aedc-077804e64b31	21	13974127	16601253	1614	-0.2187
fc2c543d-05c3-4de7-aedc-077804e64b31	21	16605549	18117072	935	-0.1091
fc2c543d-05c3-4de7-aedc-077804e64b31	21	18118510	19311993	821	-0.2023
fc2c543d-05c3-4de7-aedc-077804e64b31	21	19315337	20001602	461	-0.27
fc2c543d-05c3-4de7-aedc-077804e64b31	21	20004277	20004654	2	-2.9859
fc2c543d-05c3-4de7-aedc-077804e64b31	21	20005235	28034046	5172	-0.2589
fc2c543d-05c3-4de7-aedc-077804e64b31	21	28036129	38467620	6900	-0.1877
fc2c543d-05c3-4de7-aedc-077804e64b31	21	38467630	42533741	3270	-0.1281
fc2c543d-05c3-4de7-aedc-077804e64b31	21	42534013	46262057	1428	-0.2053
fc2c543d-05c3-4de7-aedc-077804e64b31	22	16934932	47620840	15983	-0.1805
fc2c543d-05c3-4de7-aedc-077804e64b31	22	47622521	48940621	1108	-0.2634
fc2c543d-05c3-4de7-aedc-077804e64b31	X	3236359	5870294	265	0.0692
fc2c543d-05c3-4de7-aedc-077804e64b31	X	5870473	9537094	1177	-0.0437
fc2c543d-05c3-4de7-aedc-077804e64b31	X	9538133	18042453	4643	0.0559
fc2c543d-05c3-4de7-aedc-077804e64b31	X	18043000	19353318	403	-0.0617
fc2c543d-05c3-4de7-aedc-077804e64b31	X	19353744	20991801	736	0.1001
fc2c543d-05c3-4de7-aedc-077804e64b31	X	20991876	23110810	1112	0.0114
fc2c543d-05c3-4de7-aedc-077804e64b31	X	23274947	25888127	1418	0.1044
fc2c543d-05c3-4de7-aedc-077804e64b31	X	25888358	37326929	5476	-0.0041
fc2c543d-05c3-4de7-aedc-077804e64b31	X	37327078	44218656	3244	0.0378
fc2c543d-05c3-4de7-aedc-077804e64b31	X	44219723	45031337	382	-0.1156
fc2c543d-05c3-4de7-aedc-077804e64b31	X	45033270	86553855	14322	0.0318
fc2c543d-05c3-4de7-aedc-077804e64b31	X	86553948	99681094	5070	-0.0151
fc2c543d-05c3-4de7-aedc-077804e64b31	X	99682369	110862648	5174	0.0564
fc2c543d-05c3-4de7-aedc-077804e64b31	X	110862761	117471766	2985	-0.034
fc2c543d-05c3-4de7-aedc-077804e64b31	X	117471970	125140658	4126	0.0595
fc2c543d-05c3-4de7-aedc-077804e64b31	X	125145863	128893533	1523	-0.0293
fc2c543d-05c3-4de7-aedc-077804e64b31	X	128893942	133736700	2220	0.0778
fc2c543d-05c3-4de7-aedc-077804e64b31	X	133737902	137294474	1418	-0.0035
fc2c543d-05c3-4de7-aedc-077804e64b31	X	137297823	142660402	2299	-0.0559
fc2c543d-05c3-4de7-aedc-077804e64b31	X	142664570	142665107	2	-3.3942
fc2c543d-05c3-4de7-aedc-077804e64b31	X	142669597	148210168	3288	-0.0635
fc2c543d-05c3-4de7-aedc-077804e64b31	X	148210517	155677414	2677	0.0011
