GDC_Aliquot	Chromosome	Start	End	Copy_Number	Major_Copy_Number	Minor_Copy_Number
becc7235-0c3f-417d-8c01-393b8a522dfc	chr1	62920	65382353	2	2	0
becc7235-0c3f-417d-8c01-393b8a522dfc	chr1	65382392	65414696	1	1	0
becc7235-0c3f-417d-8c01-393b8a522dfc	chr1	65415709	121705338	2	2	0
becc7235-0c3f-417d-8c01-393b8a522dfc	chr1	143541857	143811517	0	0	0
becc7235-0c3f-417d-8c01-393b8a522dfc	chr1	143890323	248930189	2	2	0
becc7235-0c3f-417d-8c01-393b8a522dfc	chr2	12784	20466438	3	2	1
becc7235-0c3f-417d-8c01-393b8a522dfc	chr2	20471415	20484896	6	3	3
becc7235-0c3f-417d-8c01-393b8a522dfc	chr2	20486896	102472618	3	2	1
becc7235-0c3f-417d-8c01-393b8a522dfc	chr2	102472767	102535471	2	1	1
becc7235-0c3f-417d-8c01-393b8a522dfc	chr2	102535601	117557046	3	2	1
becc7235-0c3f-417d-8c01-393b8a522dfc	chr2	117557514	117690910	2	1	1
becc7235-0c3f-417d-8c01-393b8a522dfc	chr2	117690929	205194287	3	2	1
becc7235-0c3f-417d-8c01-393b8a522dfc	chr2	205194601	205312614	2	1	1
becc7235-0c3f-417d-8c01-393b8a522dfc	chr2	205313304	242147305	3	2	1
becc7235-0c3f-417d-8c01-393b8a522dfc	chr3	20930	62025620	2	1	1
becc7235-0c3f-417d-8c01-393b8a522dfc	chr3	62025982	130044855	3	2	1
becc7235-0c3f-417d-8c01-393b8a522dfc	chr3	130047484	130062033	0	0	0
becc7235-0c3f-417d-8c01-393b8a522dfc	chr3	130067097	169428787	3	2	1
becc7235-0c3f-417d-8c01-393b8a522dfc	chr3	169430695	198169247	4	3	1
becc7235-0c3f-417d-8c01-393b8a522dfc	chr4	68929	10222224	2	2	0
becc7235-0c3f-417d-8c01-393b8a522dfc	chr4	10227159	10229625	0	0	0
becc7235-0c3f-417d-8c01-393b8a522dfc	chr4	10229874	33240228	2	2	0
becc7235-0c3f-417d-8c01-393b8a522dfc	chr4	33242827	35120631	1	1	0
becc7235-0c3f-417d-8c01-393b8a522dfc	chr4	35120791	138893319	2	2	0
becc7235-0c3f-417d-8c01-393b8a522dfc	chr4	138895692	138902080	0	0	0
becc7235-0c3f-417d-8c01-393b8a522dfc	chr4	138905566	190106768	2	2	0
becc7235-0c3f-417d-8c01-393b8a522dfc	chr5	15532	149697425	2	2	0
becc7235-0c3f-417d-8c01-393b8a522dfc	chr5	149698368	151185893	3	3	0
becc7235-0c3f-417d-8c01-393b8a522dfc	chr5	151186077	153740704	2	2	0
becc7235-0c3f-417d-8c01-393b8a522dfc	chr5	153743303	153756195	1	1	0
becc7235-0c3f-417d-8c01-393b8a522dfc	chr5	153758052	163006180	3	3	0
becc7235-0c3f-417d-8c01-393b8a522dfc	chr5	163006321	163008173	5	5	0
becc7235-0c3f-417d-8c01-393b8a522dfc	chr5	163013187	165533815	3	3	0
becc7235-0c3f-417d-8c01-393b8a522dfc	chr5	165534748	167701025	1	1	0
becc7235-0c3f-417d-8c01-393b8a522dfc	chr5	167702006	168219163	3	3	0
becc7235-0c3f-417d-8c01-393b8a522dfc	chr5	168222289	171080059	1	1	0
becc7235-0c3f-417d-8c01-393b8a522dfc	chr5	171083160	178621979	3	3	0
becc7235-0c3f-417d-8c01-393b8a522dfc	chr5	178630553	179408514	1	1	0
becc7235-0c3f-417d-8c01-393b8a522dfc	chr5	179415379	179555575	2	2	0
becc7235-0c3f-417d-8c01-393b8a522dfc	chr5	179558269	180379151	4	4	0
becc7235-0c3f-417d-8c01-393b8a522dfc	chr5	180379356	180853754	3	3	0
becc7235-0c3f-417d-8c01-393b8a522dfc	chr5	180853901	181363319	4	4	0
becc7235-0c3f-417d-8c01-393b8a522dfc	chr6	149661	22813130	3	2	1
becc7235-0c3f-417d-8c01-393b8a522dfc	chr6	22816355	22861805	4	3	1
becc7235-0c3f-417d-8c01-393b8a522dfc	chr6	22865046	32813656	2	1	1
becc7235-0c3f-417d-8c01-393b8a522dfc	chr6	32813747	32837021	1	1	0
becc7235-0c3f-417d-8c01-393b8a522dfc	chr6	32842071	39233515	2	1	1
becc7235-0c3f-417d-8c01-393b8a522dfc	chr6	39234330	39332699	4	2	2
becc7235-0c3f-417d-8c01-393b8a522dfc	chr6	39333666	87330681	3	2	1
becc7235-0c3f-417d-8c01-393b8a522dfc	chr6	87333654	87360793	1	1	0
becc7235-0c3f-417d-8c01-393b8a522dfc	chr6	87360889	167920964	3	2	1
becc7235-0c3f-417d-8c01-393b8a522dfc	chr6	167922456	170741917	4	3	1
becc7235-0c3f-417d-8c01-393b8a522dfc	chr7	43259	10032481	4	2	2
becc7235-0c3f-417d-8c01-393b8a522dfc	chr7	10032678	10042100	7	4	3
becc7235-0c3f-417d-8c01-393b8a522dfc	chr7	10042325	63624175	4	2	2
becc7235-0c3f-417d-8c01-393b8a522dfc	chr7	63636802	159334314	2	2	0
becc7235-0c3f-417d-8c01-393b8a522dfc	chr8	81254	32729898	1	1	0
becc7235-0c3f-417d-8c01-393b8a522dfc	chr8	32731383	39963647	2	1	1
becc7235-0c3f-417d-8c01-393b8a522dfc	chr8	39964196	136665653	3	2	1
becc7235-0c3f-417d-8c01-393b8a522dfc	chr8	136669376	136849952	0	0	0
becc7235-0c3f-417d-8c01-393b8a522dfc	chr8	136850173	145072769	2	1	1
becc7235-0c3f-417d-8c01-393b8a522dfc	chr9	46587	7705368	4	3	1
becc7235-0c3f-417d-8c01-393b8a522dfc	chr9	7707372	7731398	2	2	0
becc7235-0c3f-417d-8c01-393b8a522dfc	chr9	7732196	41741113	4	3	1
becc7235-0c3f-417d-8c01-393b8a522dfc	chr9	60863881	63697496	2	1	1
becc7235-0c3f-417d-8c01-393b8a522dfc	chr9	63702618	64890167	4	2	2
becc7235-0c3f-417d-8c01-393b8a522dfc	chr9	64917775	138200944	2	1	1
becc7235-0c3f-417d-8c01-393b8a522dfc	chr10	45792	9471130	2	2	0
becc7235-0c3f-417d-8c01-393b8a522dfc	chr10	9471186	9475460	0	0	0
becc7235-0c3f-417d-8c01-393b8a522dfc	chr10	9476159	133654968	2	2	0
becc7235-0c3f-417d-8c01-393b8a522dfc	chr11	198510	69982488	3	2	1
becc7235-0c3f-417d-8c01-393b8a522dfc	chr11	69982505	70003258	1	1	0
becc7235-0c3f-417d-8c01-393b8a522dfc	chr11	70003328	135074876	3	2	1
becc7235-0c3f-417d-8c01-393b8a522dfc	chr12	51460	9481274	3	2	1
becc7235-0c3f-417d-8c01-393b8a522dfc	chr12	9485313	9582374	0	0	0
becc7235-0c3f-417d-8c01-393b8a522dfc	chr12	9583090	31990343	3	2	1
becc7235-0c3f-417d-8c01-393b8a522dfc	chr12	31990368	32030765	6	3	3
becc7235-0c3f-417d-8c01-393b8a522dfc	chr12	32033934	91781399	3	2	1
becc7235-0c3f-417d-8c01-393b8a522dfc	chr12	91783377	91950165	2	1	1
becc7235-0c3f-417d-8c01-393b8a522dfc	chr12	91950192	133201603	3	2	1
becc7235-0c3f-417d-8c01-393b8a522dfc	chr13	18452809	49605725	4	2	2
becc7235-0c3f-417d-8c01-393b8a522dfc	chr13	49605931	105143176	5	3	2
becc7235-0c3f-417d-8c01-393b8a522dfc	chr13	105143473	106151749	4	2	2
becc7235-0c3f-417d-8c01-393b8a522dfc	chr13	106152400	106850960	5	3	2
becc7235-0c3f-417d-8c01-393b8a522dfc	chr13	106851277	114342922	4	2	2
becc7235-0c3f-417d-8c01-393b8a522dfc	chr14	18239283	106877229	3	2	1
becc7235-0c3f-417d-8c01-393b8a522dfc	chr15	19811075	101928837	3	2	1
becc7235-0c3f-417d-8c01-393b8a522dfc	chr16	10777	8291332	2	1	1
becc7235-0c3f-417d-8c01-393b8a522dfc	chr16	8291540	25459289	4	3	1
becc7235-0c3f-417d-8c01-393b8a522dfc	chr16	25461208	27166831	3	2	1
becc7235-0c3f-417d-8c01-393b8a522dfc	chr16	27166992	30452505	4	3	1
becc7235-0c3f-417d-8c01-393b8a522dfc	chr16	30452713	31926731	5	3	2
becc7235-0c3f-417d-8c01-393b8a522dfc	chr16	31927134	54258063	4	3	1
becc7235-0c3f-417d-8c01-393b8a522dfc	chr16	54265201	90096867	2	1	1
becc7235-0c3f-417d-8c01-393b8a522dfc	chr17	150733	10892519	2	2	0
becc7235-0c3f-417d-8c01-393b8a522dfc	chr17	10893227	10910841	4	3	1
becc7235-0c3f-417d-8c01-393b8a522dfc	chr17	10914217	26989437	2	2	0
becc7235-0c3f-417d-8c01-393b8a522dfc	chr17	26990128	57757172	4	2	2
becc7235-0c3f-417d-8c01-393b8a522dfc	chr17	57758262	57823060	5	3	2
becc7235-0c3f-417d-8c01-393b8a522dfc	chr17	57823656	73837819	4	2	2
becc7235-0c3f-417d-8c01-393b8a522dfc	chr17	73837862	83091923	3	2	1
becc7235-0c3f-417d-8c01-393b8a522dfc	chr18	48133	36573422	2	2	0
becc7235-0c3f-417d-8c01-393b8a522dfc	chr18	36573742	36809710	1	1	0
becc7235-0c3f-417d-8c01-393b8a522dfc	chr18	36809732	80257174	2	2	0
becc7235-0c3f-417d-8c01-393b8a522dfc	chr19	90910	32553630	3	2	1
becc7235-0c3f-417d-8c01-393b8a522dfc	chr19	32553932	32607898	1	1	0
becc7235-0c3f-417d-8c01-393b8a522dfc	chr19	32609995	58586487	3	2	1
becc7235-0c3f-417d-8c01-393b8a522dfc	chr20	80664	1579916	2	2	0
becc7235-0c3f-417d-8c01-393b8a522dfc	chr20	1580141	1613247	19	19	0
becc7235-0c3f-417d-8c01-393b8a522dfc	chr20	1617300	14709539	2	2	0
becc7235-0c3f-417d-8c01-393b8a522dfc	chr20	14709646	15033451	0	0	0
becc7235-0c3f-417d-8c01-393b8a522dfc	chr20	15034039	23673245	2	2	0
becc7235-0c3f-417d-8c01-393b8a522dfc	chr20	23673681	64324800	4	2	2
becc7235-0c3f-417d-8c01-393b8a522dfc	chr21	12973348	46677045	2	2	0
becc7235-0c3f-417d-8c01-393b8a522dfc	chr22	16392123	34937892	3	2	1
becc7235-0c3f-417d-8c01-393b8a522dfc	chr22	34937913	34946728	1	1	0
becc7235-0c3f-417d-8c01-393b8a522dfc	chr22	34947311	50796027	3	2	1
becc7235-0c3f-417d-8c01-393b8a522dfc	chrX	251810	10164183	2	2	0
becc7235-0c3f-417d-8c01-393b8a522dfc	chrX	10166899	10170295	5	4	1
becc7235-0c3f-417d-8c01-393b8a522dfc	chrX	10170330	156004181	2	2	0
becc7235-0c3f-417d-8c01-393b8a522dfc	chrY	2782397	26653788	0	0	0
becc7235-0c3f-417d-8c01-393b8a522dfc	chrY	56872112	56872112	1	1	0
