GDC_Aliquot	Chromosome	Start	End	Num_Probes	Segment_Mean
696d23b9-6a6c-464a-bf8e-fd2e897fe737	1	3301765	35144061	17152	0.104
696d23b9-6a6c-464a-bf8e-fd2e897fe737	1	35145912	62004963	15784	0.0699
696d23b9-6a6c-464a-bf8e-fd2e897fe737	1	62006470	63022557	661	0.1005
696d23b9-6a6c-464a-bf8e-fd2e897fe737	1	63022596	64893513	1403	0.0386
696d23b9-6a6c-464a-bf8e-fd2e897fe737	1	64893527	84150390	11545	0.0126
696d23b9-6a6c-464a-bf8e-fd2e897fe737	1	84151467	96048558	7492	0.0503
696d23b9-6a6c-464a-bf8e-fd2e897fe737	1	96049515	107061283	6123	0.0008
696d23b9-6a6c-464a-bf8e-fd2e897fe737	1	107061554	110273092	1756	0.0707
696d23b9-6a6c-464a-bf8e-fd2e897fe737	1	110273530	111612005	952	0.0017
696d23b9-6a6c-464a-bf8e-fd2e897fe737	1	111612059	157974363	9273	0.0613
696d23b9-6a6c-464a-bf8e-fd2e897fe737	1	157975155	159126311	762	-0.0142
696d23b9-6a6c-464a-bf8e-fd2e897fe737	1	159128584	170352315	8125	0.0505
696d23b9-6a6c-464a-bf8e-fd2e897fe737	1	170352336	177212688	3877	0.0213
696d23b9-6a6c-464a-bf8e-fd2e897fe737	1	177215587	185038956	5189	0.0613
696d23b9-6a6c-464a-bf8e-fd2e897fe737	1	185039339	193135114	4735	-0.0243
696d23b9-6a6c-464a-bf8e-fd2e897fe737	1	193135128	194675691	1100	0.0377
696d23b9-6a6c-464a-bf8e-fd2e897fe737	1	194677712	199715415	2754	-0.0187
696d23b9-6a6c-464a-bf8e-fd2e897fe737	1	199720768	215883006	10765	0.0618
696d23b9-6a6c-464a-bf8e-fd2e897fe737	1	215884376	221834497	4109	-0.0005
696d23b9-6a6c-464a-bf8e-fd2e897fe737	1	221834684	222804641	573	0.0286
696d23b9-6a6c-464a-bf8e-fd2e897fe737	1	222807250	235169152	7769	0.0622
696d23b9-6a6c-464a-bf8e-fd2e897fe737	1	235177367	238627933	2555	0.0196
696d23b9-6a6c-464a-bf8e-fd2e897fe737	1	238628495	239629975	688	0.0871
696d23b9-6a6c-464a-bf8e-fd2e897fe737	1	239630708	244358838	3269	0.0142
696d23b9-6a6c-464a-bf8e-fd2e897fe737	1	244361625	247650984	1382	0.0817
696d23b9-6a6c-464a-bf8e-fd2e897fe737	2	480597	8102838	4631	0.0256
696d23b9-6a6c-464a-bf8e-fd2e897fe737	2	8103067	11782861	2500	0.0857
696d23b9-6a6c-464a-bf8e-fd2e897fe737	2	11784368	13943518	1467	0.0115
696d23b9-6a6c-464a-bf8e-fd2e897fe737	2	13944791	15110346	769	0.1031
696d23b9-6a6c-464a-bf8e-fd2e897fe737	2	15111245	18187474	2132	0.0318
696d23b9-6a6c-464a-bf8e-fd2e897fe737	2	18191389	18380707	153	-0.7223
696d23b9-6a6c-464a-bf8e-fd2e897fe737	2	18387709	41726146	13015	0.0358
696d23b9-6a6c-464a-bf8e-fd2e897fe737	2	41726445	47566043	3971	0.0712
696d23b9-6a6c-464a-bf8e-fd2e897fe737	2	47567287	69061928	12100	0.0199
696d23b9-6a6c-464a-bf8e-fd2e897fe737	2	69062600	75946537	3871	0.0601
696d23b9-6a6c-464a-bf8e-fd2e897fe737	2	75947467	84054724	4302	0.0029
696d23b9-6a6c-464a-bf8e-fd2e897fe737	2	84056785	101882815	5006	0.0623
696d23b9-6a6c-464a-bf8e-fd2e897fe737	2	101887988	104603859	1697	0.0027
696d23b9-6a6c-464a-bf8e-fd2e897fe737	2	104609118	114523528	5056	0.0639
696d23b9-6a6c-464a-bf8e-fd2e897fe737	2	114524088	119315821	2506	0.0232
696d23b9-6a6c-464a-bf8e-fd2e897fe737	2	119315930	122116338	1547	0.0943
696d23b9-6a6c-464a-bf8e-fd2e897fe737	2	122118709	126701182	2043	-0.0021
696d23b9-6a6c-464a-bf8e-fd2e897fe737	2	126701745	129058948	1389	0.0778
696d23b9-6a6c-464a-bf8e-fd2e897fe737	2	129059587	137269530	4102	0.0159
696d23b9-6a6c-464a-bf8e-fd2e897fe737	2	137269547	142831931	2971	-0.0154
696d23b9-6a6c-464a-bf8e-fd2e897fe737	2	142834540	146760600	2121	-0.0644
696d23b9-6a6c-464a-bf8e-fd2e897fe737	2	146762791	146839405	42	0.1268
696d23b9-6a6c-464a-bf8e-fd2e897fe737	2	146839914	167146752	11762	0.0168
696d23b9-6a6c-464a-bf8e-fd2e897fe737	2	167146832	174126815	4557	0.0563
696d23b9-6a6c-464a-bf8e-fd2e897fe737	2	174131659	188863265	7853	0.0055
696d23b9-6a6c-464a-bf8e-fd2e897fe737	2	188871582	208652840	10681	0.0374
696d23b9-6a6c-464a-bf8e-fd2e897fe737	2	208653718	216041547	4409	-0.0122
696d23b9-6a6c-464a-bf8e-fd2e897fe737	2	216041570	232474838	9960	0.038
696d23b9-6a6c-464a-bf8e-fd2e897fe737	2	232474959	241537572	5625	0.0792
696d23b9-6a6c-464a-bf8e-fd2e897fe737	3	2170634	4463040	1228	0.0047
696d23b9-6a6c-464a-bf8e-fd2e897fe737	3	4463971	15291599	6815	0.069
696d23b9-6a6c-464a-bf8e-fd2e897fe737	3	15292044	29414666	8103	0.0146
696d23b9-6a6c-464a-bf8e-fd2e897fe737	3	29415223	67113457	22096	0.056
696d23b9-6a6c-464a-bf8e-fd2e897fe737	3	67114167	79026761	7452	0.0224
696d23b9-6a6c-464a-bf8e-fd2e897fe737	3	79028316	79053403	11	-0.9134
696d23b9-6a6c-464a-bf8e-fd2e897fe737	3	79055903	114555894	16827	0.0133
696d23b9-6a6c-464a-bf8e-fd2e897fe737	3	114558733	114891133	200	-0.8707
696d23b9-6a6c-464a-bf8e-fd2e897fe737	3	114893017	116789043	1249	0.0077
696d23b9-6a6c-464a-bf8e-fd2e897fe737	3	116790621	116791345	2	-1.3874
696d23b9-6a6c-464a-bf8e-fd2e897fe737	3	116791836	122961902	3532	0.0302
696d23b9-6a6c-464a-bf8e-fd2e897fe737	3	122962194	129737506	3958	0.0729
696d23b9-6a6c-464a-bf8e-fd2e897fe737	3	129741175	143478919	7611	0.0409
696d23b9-6a6c-464a-bf8e-fd2e897fe737	3	143479107	145790989	1322	-0.0242
696d23b9-6a6c-464a-bf8e-fd2e897fe737	3	145791401	163217053	9125	0.026
696d23b9-6a6c-464a-bf8e-fd2e897fe737	3	163221128	167884604	1983	-0.0083
696d23b9-6a6c-464a-bf8e-fd2e897fe737	3	167884889	177575686	4974	0.0526
696d23b9-6a6c-464a-bf8e-fd2e897fe737	3	177580222	182250381	2596	-0.0031
696d23b9-6a6c-464a-bf8e-fd2e897fe737	3	182251506	190841798	5051	0.0574
696d23b9-6a6c-464a-bf8e-fd2e897fe737	3	190843227	193170853	1324	0.0104
696d23b9-6a6c-464a-bf8e-fd2e897fe737	3	193170898	197812401	1754	0.0789
696d23b9-6a6c-464a-bf8e-fd2e897fe737	4	1059384	12221941	6365	0.0902
696d23b9-6a6c-464a-bf8e-fd2e897fe737	4	12223991	18627968	4563	0.0411
696d23b9-6a6c-464a-bf8e-fd2e897fe737	4	18628484	21822617	2061	-0.0076
696d23b9-6a6c-464a-bf8e-fd2e897fe737	4	21823475	27757536	3833	0.0592
696d23b9-6a6c-464a-bf8e-fd2e897fe737	4	27759451	36303488	4967	-0.0157
696d23b9-6a6c-464a-bf8e-fd2e897fe737	4	36303642	42830966	4110	0.055
696d23b9-6a6c-464a-bf8e-fd2e897fe737	4	42831775	42834381	2	-2.0701
696d23b9-6a6c-464a-bf8e-fd2e897fe737	4	42835666	52405115	2791	0.0127
696d23b9-6a6c-464a-bf8e-fd2e897fe737	4	52405356	52452202	31	0.1137
696d23b9-6a6c-464a-bf8e-fd2e897fe737	4	52457348	52478797	6	0.7261
696d23b9-6a6c-464a-bf8e-fd2e897fe737	4	52483151	54190477	1030	-0.8172
696d23b9-6a6c-464a-bf8e-fd2e897fe737	4	54190506	54241451	41	-0.6654
696d23b9-6a6c-464a-bf8e-fd2e897fe737	4	54249536	54254390	7	0.0379
696d23b9-6a6c-464a-bf8e-fd2e897fe737	4	54254415	54353318	140	-0.6595
696d23b9-6a6c-464a-bf8e-fd2e897fe737	4	54355243	54709189	396	-0.7937
696d23b9-6a6c-464a-bf8e-fd2e897fe737	4	54709220	54716309	12	0.1938
696d23b9-6a6c-464a-bf8e-fd2e897fe737	4	54717935	59528688	2853	-0.8293
696d23b9-6a6c-464a-bf8e-fd2e897fe737	4	59533082	73230058	6874	-0.0022
696d23b9-6a6c-464a-bf8e-fd2e897fe737	4	73233118	79034551	3669	0.0675
696d23b9-6a6c-464a-bf8e-fd2e897fe737	4	79035549	81061865	1058	0.0012
696d23b9-6a6c-464a-bf8e-fd2e897fe737	4	81065630	84001175	1845	0.0648
696d23b9-6a6c-464a-bf8e-fd2e897fe737	4	84002793	86347967	1457	0.0046
696d23b9-6a6c-464a-bf8e-fd2e897fe737	4	86348190	90191797	2221	0.0526
696d23b9-6a6c-464a-bf8e-fd2e897fe737	4	90193828	95180023	2556	0.0118
696d23b9-6a6c-464a-bf8e-fd2e897fe737	4	95180182	97972325	1635	-0.0244
696d23b9-6a6c-464a-bf8e-fd2e897fe737	4	97972570	129451533	17590	0.0229
696d23b9-6a6c-464a-bf8e-fd2e897fe737	4	129451879	137396008	3735	-0.0246
696d23b9-6a6c-464a-bf8e-fd2e897fe737	4	137402558	153209164	8987	0.0323
696d23b9-6a6c-464a-bf8e-fd2e897fe737	4	153209702	153327754	82	-0.8364
696d23b9-6a6c-464a-bf8e-fd2e897fe737	4	153333093	182458704	16412	0.0146
696d23b9-6a6c-464a-bf8e-fd2e897fe737	4	182460131	187842528	2184	0.085
696d23b9-6a6c-464a-bf8e-fd2e897fe737	5	913983	5736528	3350	0.0389
696d23b9-6a6c-464a-bf8e-fd2e897fe737	5	5745075	11175976	4041	0.0673
696d23b9-6a6c-464a-bf8e-fd2e897fe737	5	11181501	12647520	959	-0.0054
696d23b9-6a6c-464a-bf8e-fd2e897fe737	5	12650064	17890935	2662	0.0917
696d23b9-6a6c-464a-bf8e-fd2e897fe737	5	17891055	30933558	6858	-0.0032
696d23b9-6a6c-464a-bf8e-fd2e897fe737	5	30939595	35381271	2564	0.0557
696d23b9-6a6c-464a-bf8e-fd2e897fe737	5	35381376	59023790	10932	0.0191
696d23b9-6a6c-464a-bf8e-fd2e897fe737	5	59032734	59190570	155	-0.8663
696d23b9-6a6c-464a-bf8e-fd2e897fe737	5	59194305	81361870	11953	0.0467
696d23b9-6a6c-464a-bf8e-fd2e897fe737	5	81362726	121800702	21599	0.0056
696d23b9-6a6c-464a-bf8e-fd2e897fe737	5	121801286	130433086	5127	0.0413
696d23b9-6a6c-464a-bf8e-fd2e897fe737	5	130435607	130539156	49	-0.8297
696d23b9-6a6c-464a-bf8e-fd2e897fe737	5	130549462	133077047	1255	0.03
696d23b9-6a6c-464a-bf8e-fd2e897fe737	5	133082150	136406562	2287	0.0835
696d23b9-6a6c-464a-bf8e-fd2e897fe737	5	136406988	148872221	7295	0.041
696d23b9-6a6c-464a-bf8e-fd2e897fe737	5	148874545	149183327	230	0.9577
696d23b9-6a6c-464a-bf8e-fd2e897fe737	5	149190120	150092922	621	0.6167
696d23b9-6a6c-464a-bf8e-fd2e897fe737	5	150097988	150290193	148	0.9835
696d23b9-6a6c-464a-bf8e-fd2e897fe737	5	150293212	150431360	67	0.6389
696d23b9-6a6c-464a-bf8e-fd2e897fe737	5	150432022	150454389	8	0.1097
696d23b9-6a6c-464a-bf8e-fd2e897fe737	5	150455155	150780360	210	0.6
696d23b9-6a6c-464a-bf8e-fd2e897fe737	5	150789328	170499625	13095	-0.8337
696d23b9-6a6c-464a-bf8e-fd2e897fe737	5	170499835	175902030	3577	-0.7825
696d23b9-6a6c-464a-bf8e-fd2e897fe737	5	175902239	176269853	22	-0.2447
696d23b9-6a6c-464a-bf8e-fd2e897fe737	5	176283552	176616332	165	-0.7807
696d23b9-6a6c-464a-bf8e-fd2e897fe737	5	176617903	180934240	1876	0.0593
696d23b9-6a6c-464a-bf8e-fd2e897fe737	6	1011760	7952683	5148	0.0814
696d23b9-6a6c-464a-bf8e-fd2e897fe737	6	7953081	33464592	14515	0.0385
696d23b9-6a6c-464a-bf8e-fd2e897fe737	6	33467502	48067965	8983	0.0742
696d23b9-6a6c-464a-bf8e-fd2e897fe737	6	48069715	51660530	1930	0.0163
696d23b9-6a6c-464a-bf8e-fd2e897fe737	6	51664186	55168857	2345	0.07
696d23b9-6a6c-464a-bf8e-fd2e897fe737	6	55168936	65072090	2947	0.0256
696d23b9-6a6c-464a-bf8e-fd2e897fe737	6	65075622	73095151	4697	-0.0036
696d23b9-6a6c-464a-bf8e-fd2e897fe737	6	73095368	89531720	9246	0.0374
696d23b9-6a6c-464a-bf8e-fd2e897fe737	6	89532475	104317869	7860	-0.0128
696d23b9-6a6c-464a-bf8e-fd2e897fe737	6	104317947	118059592	8179	0.0327
696d23b9-6a6c-464a-bf8e-fd2e897fe737	6	118060193	124536127	3354	-0.0078
696d23b9-6a6c-464a-bf8e-fd2e897fe737	6	124536845	139355721	9594	0.0338
696d23b9-6a6c-464a-bf8e-fd2e897fe737	6	139356272	149680684	6151	0.0093
696d23b9-6a6c-464a-bf8e-fd2e897fe737	6	149680830	151834387	1461	0.0562
696d23b9-6a6c-464a-bf8e-fd2e897fe737	6	151834932	153725602	1410	-0.0235
696d23b9-6a6c-464a-bf8e-fd2e897fe737	6	153725720	154460578	586	0.0255
696d23b9-6a6c-464a-bf8e-fd2e897fe737	6	154467293	160973221	4084	0.0584
696d23b9-6a6c-464a-bf8e-fd2e897fe737	6	160973339	161992584	838	-0.0142
696d23b9-6a6c-464a-bf8e-fd2e897fe737	6	162045027	162215598	45	-1.1252
696d23b9-6a6c-464a-bf8e-fd2e897fe737	6	162700862	165026294	1439	-0.0094
696d23b9-6a6c-464a-bf8e-fd2e897fe737	6	165026420	170596889	2395	0.0648
696d23b9-6a6c-464a-bf8e-fd2e897fe737	7	664936	9201973	3370	0.6122
696d23b9-6a6c-464a-bf8e-fd2e897fe737	7	9201983	12579010	1983	0.5568
696d23b9-6a6c-464a-bf8e-fd2e897fe737	7	12579117	13120036	344	0.6595
696d23b9-6a6c-464a-bf8e-fd2e897fe737	7	13121112	15769550	1909	0.5555
696d23b9-6a6c-464a-bf8e-fd2e897fe737	7	15771833	22772010	3933	0.5969
696d23b9-6a6c-464a-bf8e-fd2e897fe737	7	22772302	23995508	783	0.5487
696d23b9-6a6c-464a-bf8e-fd2e897fe737	7	24000259	24000764	2	1.7868
696d23b9-6a6c-464a-bf8e-fd2e897fe737	7	24001198	24896479	749	0.5367
696d23b9-6a6c-464a-bf8e-fd2e897fe737	7	24896703	36436163	7464	0.5942
696d23b9-6a6c-464a-bf8e-fd2e897fe737	7	36439933	36439994	2	-0.8218
696d23b9-6a6c-464a-bf8e-fd2e897fe737	7	36441238	36806561	304	0.5748
696d23b9-6a6c-464a-bf8e-fd2e897fe737	7	36808686	37380810	403	0.527
696d23b9-6a6c-464a-bf8e-fd2e897fe737	7	37382535	37382595	2	-0.4942
696d23b9-6a6c-464a-bf8e-fd2e897fe737	7	37387149	38655316	897	0.5099
696d23b9-6a6c-464a-bf8e-fd2e897fe737	7	38655529	40398891	1049	0.5767
696d23b9-6a6c-464a-bf8e-fd2e897fe737	7	40449484	41457643	660	0.0543
696d23b9-6a6c-464a-bf8e-fd2e897fe737	7	41459675	41537910	75	0.5934
696d23b9-6a6c-464a-bf8e-fd2e897fe737	7	41542843	42597408	786	0.5194
696d23b9-6a6c-464a-bf8e-fd2e897fe737	7	42597796	45792467	1418	0.6006
696d23b9-6a6c-464a-bf8e-fd2e897fe737	7	45822404	48100540	1722	0.0631
696d23b9-6a6c-464a-bf8e-fd2e897fe737	7	48103355	50663476	1749	0.0089
696d23b9-6a6c-464a-bf8e-fd2e897fe737	7	50666460	52762462	1590	0.0681
696d23b9-6a6c-464a-bf8e-fd2e897fe737	7	52763164	57184979	2403	0.565
696d23b9-6a6c-464a-bf8e-fd2e897fe737	7	57185111	70226489	2711	0.0217
696d23b9-6a6c-464a-bf8e-fd2e897fe737	7	70230549	76383349	2285	0.0737
696d23b9-6a6c-464a-bf8e-fd2e897fe737	7	76385121	83321111	3938	0.0368
696d23b9-6a6c-464a-bf8e-fd2e897fe737	7	83322578	83390716	51	0.5211
696d23b9-6a6c-464a-bf8e-fd2e897fe737	7	83390841	97381896	7177	0.011
696d23b9-6a6c-464a-bf8e-fd2e897fe737	7	97382893	105742110	3743	0.061
696d23b9-6a6c-464a-bf8e-fd2e897fe737	7	105742282	111135533	3223	0.0202
696d23b9-6a6c-464a-bf8e-fd2e897fe737	7	111712844	116507854	2440	0.5631
696d23b9-6a6c-464a-bf8e-fd2e897fe737	7	116508895	118463384	1213	0.6327
696d23b9-6a6c-464a-bf8e-fd2e897fe737	7	118465353	127273060	4783	0.566
696d23b9-6a6c-464a-bf8e-fd2e897fe737	7	127274647	142038226	8562	1.2559
696d23b9-6a6c-464a-bf8e-fd2e897fe737	7	142201936	143122756	282	-0.8161
696d23b9-6a6c-464a-bf8e-fd2e897fe737	7	143200677	144109525	322	1.3018
696d23b9-6a6c-464a-bf8e-fd2e897fe737	7	144110051	149214437	2886	-0.8552
696d23b9-6a6c-464a-bf8e-fd2e897fe737	7	149216553	158592540	4741	-0.7822
696d23b9-6a6c-464a-bf8e-fd2e897fe737	8	667625	14727829	6847	-0.8127
696d23b9-6a6c-464a-bf8e-fd2e897fe737	8	14728012	16724188	1321	-0.8801
696d23b9-6a6c-464a-bf8e-fd2e897fe737	8	16724609	23938806	5349	-0.7879
696d23b9-6a6c-464a-bf8e-fd2e897fe737	8	23939039	23939562	2	-2.7528
696d23b9-6a6c-464a-bf8e-fd2e897fe737	8	23939885	37581304	8528	-0.8087
696d23b9-6a6c-464a-bf8e-fd2e897fe737	8	37592120	38107738	181	1.3511
696d23b9-6a6c-464a-bf8e-fd2e897fe737	8	38112562	43080575	2834	0.5994
696d23b9-6a6c-464a-bf8e-fd2e897fe737	8	46547532	49701785	1428	0.0176
696d23b9-6a6c-464a-bf8e-fd2e897fe737	8	49705060	49791524	50	0.6666
696d23b9-6a6c-464a-bf8e-fd2e897fe737	8	49806777	50994970	637	0.0068
696d23b9-6a6c-464a-bf8e-fd2e897fe737	8	50998664	51027048	21	0.5615
696d23b9-6a6c-464a-bf8e-fd2e897fe737	8	51027386	53520213	1463	0.0474
696d23b9-6a6c-464a-bf8e-fd2e897fe737	8	53523944	53581900	48	0.545
696d23b9-6a6c-464a-bf8e-fd2e897fe737	8	53583117	53623431	29	0.0906
696d23b9-6a6c-464a-bf8e-fd2e897fe737	8	53625222	54089004	235	0.5715
696d23b9-6a6c-464a-bf8e-fd2e897fe737	8	54089139	54168629	34	-0.0964
696d23b9-6a6c-464a-bf8e-fd2e897fe737	8	54172222	54211977	20	0.4983
696d23b9-6a6c-464a-bf8e-fd2e897fe737	8	54216000	55166032	666	0.0262
696d23b9-6a6c-464a-bf8e-fd2e897fe737	8	55166677	55526263	290	0.5621
696d23b9-6a6c-464a-bf8e-fd2e897fe737	8	55529439	56133754	260	0.0369
696d23b9-6a6c-464a-bf8e-fd2e897fe737	8	56186628	56680466	274	0.5733
696d23b9-6a6c-464a-bf8e-fd2e897fe737	8	56682148	57296594	373	0.017
696d23b9-6a6c-464a-bf8e-fd2e897fe737	8	57299222	59769633	1633	-0.0385
696d23b9-6a6c-464a-bf8e-fd2e897fe737	8	59770557	63014818	2131	0.03
696d23b9-6a6c-464a-bf8e-fd2e897fe737	8	63017918	63051021	15	0.6048
696d23b9-6a6c-464a-bf8e-fd2e897fe737	8	63054342	66369653	1710	-0.0037
696d23b9-6a6c-464a-bf8e-fd2e897fe737	8	66371687	98533920	18474	0.5603
696d23b9-6a6c-464a-bf8e-fd2e897fe737	8	98534453	98627820	39	0.0245
696d23b9-6a6c-464a-bf8e-fd2e897fe737	8	98632589	103348297	2665	0.586
696d23b9-6a6c-464a-bf8e-fd2e897fe737	8	103349626	117317255	7446	0.5308
696d23b9-6a6c-464a-bf8e-fd2e897fe737	8	117317789	128125804	7442	0.5824
696d23b9-6a6c-464a-bf8e-fd2e897fe737	8	128126417	138131668	7290	0.5571
696d23b9-6a6c-464a-bf8e-fd2e897fe737	8	138132671	139910045	1464	0.6056
696d23b9-6a6c-464a-bf8e-fd2e897fe737	8	139919861	140277893	275	0.089
696d23b9-6a6c-464a-bf8e-fd2e897fe737	8	140278670	144182542	738	0.6223
696d23b9-6a6c-464a-bf8e-fd2e897fe737	9	789794	10541982	5888	0.0442
696d23b9-6a6c-464a-bf8e-fd2e897fe737	9	10542045	10542197	2	-1.6922
696d23b9-6a6c-464a-bf8e-fd2e897fe737	9	10542221	16430785	3521	0.0666
696d23b9-6a6c-464a-bf8e-fd2e897fe737	9	16431232	17442118	772	-0.0171
696d23b9-6a6c-464a-bf8e-fd2e897fe737	9	17447753	20883971	2762	0.0673
696d23b9-6a6c-464a-bf8e-fd2e897fe737	9	20887713	32048368	6513	0.0123
696d23b9-6a6c-464a-bf8e-fd2e897fe737	9	32050832	78519678	11205	0.063
696d23b9-6a6c-464a-bf8e-fd2e897fe737	9	78520108	81021370	1866	-0.0042
696d23b9-6a6c-464a-bf8e-fd2e897fe737	9	81021451	88671891	5201	0.0393
696d23b9-6a6c-464a-bf8e-fd2e897fe737	9	88677032	98580000	6270	0.0723
696d23b9-6a6c-464a-bf8e-fd2e897fe737	9	98580231	104355693	3340	0.0246
696d23b9-6a6c-464a-bf8e-fd2e897fe737	9	104360264	104363524	2	-1.3616
696d23b9-6a6c-464a-bf8e-fd2e897fe737	9	104367820	106355913	1338	0.0402
696d23b9-6a6c-464a-bf8e-fd2e897fe737	9	106356271	109830848	2810	0.0999
696d23b9-6a6c-464a-bf8e-fd2e897fe737	9	109834682	113190098	2125	0.0491
696d23b9-6a6c-464a-bf8e-fd2e897fe737	9	113192583	115363986	1602	0.1007
696d23b9-6a6c-464a-bf8e-fd2e897fe737	9	115364518	121508607	4495	0.0496
696d23b9-6a6c-464a-bf8e-fd2e897fe737	9	121508783	124285295	1754	0.102
696d23b9-6a6c-464a-bf8e-fd2e897fe737	9	124288265	124289343	2	1.5418
696d23b9-6a6c-464a-bf8e-fd2e897fe737	9	124290224	138044505	7039	0.0999
696d23b9-6a6c-464a-bf8e-fd2e897fe737	10	366509	3897536	2031	0.0847
696d23b9-6a6c-464a-bf8e-fd2e897fe737	10	3898181	3898426	2	-1.4347
696d23b9-6a6c-464a-bf8e-fd2e897fe737	10	3898983	6023648	1633	0.0959
696d23b9-6a6c-464a-bf8e-fd2e897fe737	10	6024319	11161852	4044	0.0345
696d23b9-6a6c-464a-bf8e-fd2e897fe737	10	11163756	13889858	2058	0.0855
696d23b9-6a6c-464a-bf8e-fd2e897fe737	10	13892839	14767900	851	0.0204
696d23b9-6a6c-464a-bf8e-fd2e897fe737	10	14770115	15692238	632	0.0991
696d23b9-6a6c-464a-bf8e-fd2e897fe737	10	15692375	18934183	2307	0.0273
696d23b9-6a6c-464a-bf8e-fd2e897fe737	10	18945795	20577923	1208	-0.0161
696d23b9-6a6c-464a-bf8e-fd2e897fe737	10	20577994	53445295	16945	0.0463
696d23b9-6a6c-464a-bf8e-fd2e897fe737	10	53447468	57205864	1785	-0.0037
696d23b9-6a6c-464a-bf8e-fd2e897fe737	10	57206911	62383597	3598	0.0606
696d23b9-6a6c-464a-bf8e-fd2e897fe737	10	62384334	67914590	3032	0.0231
696d23b9-6a6c-464a-bf8e-fd2e897fe737	10	67916625	81385763	8127	0.068
696d23b9-6a6c-464a-bf8e-fd2e897fe737	10	81387712	83414393	1438	0.0042
696d23b9-6a6c-464a-bf8e-fd2e897fe737	10	83414638	105655732	13383	0.0564
696d23b9-6a6c-464a-bf8e-fd2e897fe737	10	105656104	108942229	2242	-0.0061
696d23b9-6a6c-464a-bf8e-fd2e897fe737	10	108942423	111746769	1797	0.0541
696d23b9-6a6c-464a-bf8e-fd2e897fe737	10	111747499	115453507	2525	0.09
696d23b9-6a6c-464a-bf8e-fd2e897fe737	10	115456913	118296258	2003	0.0354
696d23b9-6a6c-464a-bf8e-fd2e897fe737	10	118297200	122818080	3439	0.0818
696d23b9-6a6c-464a-bf8e-fd2e897fe737	10	122818241	122818365	2	-2.888
696d23b9-6a6c-464a-bf8e-fd2e897fe737	10	122819819	133411599	6234	0.0728
696d23b9-6a6c-464a-bf8e-fd2e897fe737	11	456012	3657448	1031	0.1115
696d23b9-6a6c-464a-bf8e-fd2e897fe737	11	3658428	11206431	5005	0.055
696d23b9-6a6c-464a-bf8e-fd2e897fe737	11	11206754	12308374	1048	0.091
696d23b9-6a6c-464a-bf8e-fd2e897fe737	11	12315765	12315776	2	-1.4414
696d23b9-6a6c-464a-bf8e-fd2e897fe737	11	12317262	20359791	5640	0.0695
696d23b9-6a6c-464a-bf8e-fd2e897fe737	11	20361816	20582027	162	0.0109
696d23b9-6a6c-464a-bf8e-fd2e897fe737	11	20583294	20584437	4	-1.2328
696d23b9-6a6c-464a-bf8e-fd2e897fe737	11	20584911	26573092	4033	0.0105
696d23b9-6a6c-464a-bf8e-fd2e897fe737	11	26574480	28099439	989	0.0851
696d23b9-6a6c-464a-bf8e-fd2e897fe737	11	28101969	28950889	429	0.021
696d23b9-6a6c-464a-bf8e-fd2e897fe737	11	28951622	29041395	65	-0.3299
696d23b9-6a6c-464a-bf8e-fd2e897fe737	11	29045466	31829323	1647	-0.0067
696d23b9-6a6c-464a-bf8e-fd2e897fe737	11	31831237	36917223	3653	0.0661
696d23b9-6a6c-464a-bf8e-fd2e897fe737	11	36917697	42885545	3371	-0.0005
696d23b9-6a6c-464a-bf8e-fd2e897fe737	11	42888362	69200189	9302	0.0633
696d23b9-6a6c-464a-bf8e-fd2e897fe737	11	69205892	71863355	1414	0.1147
696d23b9-6a6c-464a-bf8e-fd2e897fe737	11	71864144	79154617	3952	0.0615
696d23b9-6a6c-464a-bf8e-fd2e897fe737	11	79154769	103738350	15397	0.0261
696d23b9-6a6c-464a-bf8e-fd2e897fe737	11	103744139	104648316	633	-0.0655
696d23b9-6a6c-464a-bf8e-fd2e897fe737	11	104789903	110911379	3598	0.0115
696d23b9-6a6c-464a-bf8e-fd2e897fe737	11	110911596	121694233	7561	0.0732
696d23b9-6a6c-464a-bf8e-fd2e897fe737	11	121694367	128755912	5220	0.0257
696d23b9-6a6c-464a-bf8e-fd2e897fe737	11	128756878	131334995	1635	0.0919
696d23b9-6a6c-464a-bf8e-fd2e897fe737	11	131335043	133651877	1544	0.0165
696d23b9-6a6c-464a-bf8e-fd2e897fe737	11	133652311	134272740	271	0.0853
696d23b9-6a6c-464a-bf8e-fd2e897fe737	12	780472	7541421	4077	0.0777
696d23b9-6a6c-464a-bf8e-fd2e897fe737	12	7545280	10216450	1093	-0.0019
696d23b9-6a6c-464a-bf8e-fd2e897fe737	12	10217562	17140511	4208	0.0754
696d23b9-6a6c-464a-bf8e-fd2e897fe737	12	17141570	18569435	852	0.0276
696d23b9-6a6c-464a-bf8e-fd2e897fe737	12	18570817	18571622	2	-1.5683
696d23b9-6a6c-464a-bf8e-fd2e897fe737	12	18573364	23358313	3011	0.0402
696d23b9-6a6c-464a-bf8e-fd2e897fe737	12	23363209	25225739	1131	-0.0242
696d23b9-6a6c-464a-bf8e-fd2e897fe737	12	25226236	25492303	239	0.0266
696d23b9-6a6c-464a-bf8e-fd2e897fe737	12	25492430	38999921	5184	0.0498
696d23b9-6a6c-464a-bf8e-fd2e897fe737	12	39002388	46903749	4390	0.0089
696d23b9-6a6c-464a-bf8e-fd2e897fe737	12	46904183	59248498	6696	0.0664
696d23b9-6a6c-464a-bf8e-fd2e897fe737	12	59249698	62741297	2030	-0.0151
696d23b9-6a6c-464a-bf8e-fd2e897fe737	12	62742263	68760225	3863	0.0378
696d23b9-6a6c-464a-bf8e-fd2e897fe737	12	68763769	72109987	2130	0.0851
696d23b9-6a6c-464a-bf8e-fd2e897fe737	12	72110327	103368860	19045	0.0303
696d23b9-6a6c-464a-bf8e-fd2e897fe737	12	103369509	132605822	16412	0.0672
696d23b9-6a6c-464a-bf8e-fd2e897fe737	13	18874255	34423309	9686	0.0501
696d23b9-6a6c-464a-bf8e-fd2e897fe737	13	34423380	38453940	2656	-0.0101
696d23b9-6a6c-464a-bf8e-fd2e897fe737	13	38454327	41040302	1814	0.0305
696d23b9-6a6c-464a-bf8e-fd2e897fe737	13	41045936	46274372	3194	0.0638
696d23b9-6a6c-464a-bf8e-fd2e897fe737	13	46279321	64708530	8926	0.0167
696d23b9-6a6c-464a-bf8e-fd2e897fe737	13	64726321	64825923	73	0.6508
696d23b9-6a6c-464a-bf8e-fd2e897fe737	13	64898325	71210046	3336	-0.0143
696d23b9-6a6c-464a-bf8e-fd2e897fe737	13	71210489	74020397	1888	0.0776
696d23b9-6a6c-464a-bf8e-fd2e897fe737	13	74020426	75893492	1328	0.0289
696d23b9-6a6c-464a-bf8e-fd2e897fe737	13	75895322	76180519	248	0.0953
696d23b9-6a6c-464a-bf8e-fd2e897fe737	13	76187051	78971378	1787	-0.0021
696d23b9-6a6c-464a-bf8e-fd2e897fe737	13	78972844	80385072	894	0.0747
696d23b9-6a6c-464a-bf8e-fd2e897fe737	13	80385257	85009323	2543	0.0045
696d23b9-6a6c-464a-bf8e-fd2e897fe737	13	85010987	86060659	682	0.0696
696d23b9-6a6c-464a-bf8e-fd2e897fe737	13	86063064	87423382	686	0.0051
696d23b9-6a6c-464a-bf8e-fd2e897fe737	13	87428721	87430128	2	-1.4705
696d23b9-6a6c-464a-bf8e-fd2e897fe737	13	87444139	89983186	1434	-0.0243
696d23b9-6a6c-464a-bf8e-fd2e897fe737	13	89983858	91663903	1028	0.0463
696d23b9-6a6c-464a-bf8e-fd2e897fe737	13	91664326	95383811	2554	-0.0083
696d23b9-6a6c-464a-bf8e-fd2e897fe737	13	95386066	100793335	3291	0.0761
696d23b9-6a6c-464a-bf8e-fd2e897fe737	13	100793944	105787017	3465	0.0202
696d23b9-6a6c-464a-bf8e-fd2e897fe737	13	105787672	107121200	994	0.0996
696d23b9-6a6c-464a-bf8e-fd2e897fe737	13	107123528	109333290	1764	0.0478
696d23b9-6a6c-464a-bf8e-fd2e897fe737	13	109333596	114226675	2748	0.0986
696d23b9-6a6c-464a-bf8e-fd2e897fe737	14	20033191	25595417	2506	0.0779
696d23b9-6a6c-464a-bf8e-fd2e897fe737	14	25595492	30217364	2574	0.004
696d23b9-6a6c-464a-bf8e-fd2e897fe737	14	30217747	40168468	5901	0.0606
696d23b9-6a6c-464a-bf8e-fd2e897fe737	14	40170253	53390702	6720	0.013
696d23b9-6a6c-464a-bf8e-fd2e897fe737	14	53391152	59811906	4261	0.0624
696d23b9-6a6c-464a-bf8e-fd2e897fe737	14	59812866	60579271	422	-0.0096
696d23b9-6a6c-464a-bf8e-fd2e897fe737	14	60587054	60600097	2	-1.1882
696d23b9-6a6c-464a-bf8e-fd2e897fe737	14	60600559	62973510	1491	0.024
696d23b9-6a6c-464a-bf8e-fd2e897fe737	14	62973809	73765366	6396	0.0643
696d23b9-6a6c-464a-bf8e-fd2e897fe737	14	73777655	73778904	3	-0.9953
696d23b9-6a6c-464a-bf8e-fd2e897fe737	14	73780707	78922070	3335	0.0733
696d23b9-6a6c-464a-bf8e-fd2e897fe737	14	78922299	88696584	6225	-0.0019
696d23b9-6a6c-464a-bf8e-fd2e897fe737	14	88696896	98783478	6827	0.064
696d23b9-6a6c-464a-bf8e-fd2e897fe737	14	98974537	98974594	2	-1.3663
696d23b9-6a6c-464a-bf8e-fd2e897fe737	14	98982127	105533894	3144	0.096
696d23b9-6a6c-464a-bf8e-fd2e897fe737	15	23437561	24702029	555	0.0887
696d23b9-6a6c-464a-bf8e-fd2e897fe737	15	24711247	27543967	1903	0.0315
696d23b9-6a6c-464a-bf8e-fd2e897fe737	15	27544553	31385388	617	0.0976
696d23b9-6a6c-464a-bf8e-fd2e897fe737	15	31387813	35475086	2143	0.6137
696d23b9-6a6c-464a-bf8e-fd2e897fe737	15	35475511	36356129	612	0.0398
696d23b9-6a6c-464a-bf8e-fd2e897fe737	15	36357119	37419764	764	-0.7869
696d23b9-6a6c-464a-bf8e-fd2e897fe737	15	37423871	38159415	456	0.0844
696d23b9-6a6c-464a-bf8e-fd2e897fe737	15	38164823	38679299	343	-0.7572
696d23b9-6a6c-464a-bf8e-fd2e897fe737	15	38685066	40556152	1278	0.0835
696d23b9-6a6c-464a-bf8e-fd2e897fe737	15	40557499	40557629	2	1.1984
696d23b9-6a6c-464a-bf8e-fd2e897fe737	15	40559556	40878934	138	0.0843
696d23b9-6a6c-464a-bf8e-fd2e897fe737	15	40880733	41406696	206	0.6199
696d23b9-6a6c-464a-bf8e-fd2e897fe737	15	41406923	41550701	59	0.0427
696d23b9-6a6c-464a-bf8e-fd2e897fe737	15	41553819	41629712	40	0.611
696d23b9-6a6c-464a-bf8e-fd2e897fe737	15	41630081	56129330	8487	0.0574
696d23b9-6a6c-464a-bf8e-fd2e897fe737	15	56132612	60455364	2775	-0.7686
696d23b9-6a6c-464a-bf8e-fd2e897fe737	15	60459488	60459577	2	-2.6572
696d23b9-6a6c-464a-bf8e-fd2e897fe737	15	60467423	61019519	482	-0.7857
696d23b9-6a6c-464a-bf8e-fd2e897fe737	15	61019766	61020084	4	-1.8588
696d23b9-6a6c-464a-bf8e-fd2e897fe737	15	61020363	63383242	1865	-0.7871
696d23b9-6a6c-464a-bf8e-fd2e897fe737	15	63385304	65648460	1061	0.0702
696d23b9-6a6c-464a-bf8e-fd2e897fe737	15	65658190	67119711	1023	-0.7633
696d23b9-6a6c-464a-bf8e-fd2e897fe737	15	67120717	67131220	9	0.0668
696d23b9-6a6c-464a-bf8e-fd2e897fe737	15	67133118	67159436	27	-0.6837
696d23b9-6a6c-464a-bf8e-fd2e897fe737	15	67161551	67166592	4	-1.448
696d23b9-6a6c-464a-bf8e-fd2e897fe737	15	67167603	67203317	25	-0.7873
696d23b9-6a6c-464a-bf8e-fd2e897fe737	15	67206895	69079076	1127	0.0941
696d23b9-6a6c-464a-bf8e-fd2e897fe737	15	69082724	69333988	139	-0.7337
696d23b9-6a6c-464a-bf8e-fd2e897fe737	15	69337483	75017004	3344	0.0984
696d23b9-6a6c-464a-bf8e-fd2e897fe737	15	75020411	78353254	1472	-0.7322
696d23b9-6a6c-464a-bf8e-fd2e897fe737	15	78355820	91957842	8024	0.0722
696d23b9-6a6c-464a-bf8e-fd2e897fe737	15	91961997	92909067	897	-0.7657
696d23b9-6a6c-464a-bf8e-fd2e897fe737	15	92910935	98643750	3557	0.07
696d23b9-6a6c-464a-bf8e-fd2e897fe737	15	98654662	101344124	1342	-0.7847
696d23b9-6a6c-464a-bf8e-fd2e897fe737	16	603333	1532305	158	0.679
696d23b9-6a6c-464a-bf8e-fd2e897fe737	16	1535114	2862082	436	0.1022
696d23b9-6a6c-464a-bf8e-fd2e897fe737	16	2866093	3801224	401	0.5958
696d23b9-6a6c-464a-bf8e-fd2e897fe737	16	3802433	3802528	2	-0.6038
696d23b9-6a6c-464a-bf8e-fd2e897fe737	16	3805649	4356894	307	0.6104
696d23b9-6a6c-464a-bf8e-fd2e897fe737	16	4365321	4435985	24	0.1257
696d23b9-6a6c-464a-bf8e-fd2e897fe737	16	4437452	4499672	49	0.5993
696d23b9-6a6c-464a-bf8e-fd2e897fe737	16	4501829	5446372	551	0.1125
696d23b9-6a6c-464a-bf8e-fd2e897fe737	16	5446782	5460605	6	-0.6828
696d23b9-6a6c-464a-bf8e-fd2e897fe737	16	5469599	5824638	288	0.0986
696d23b9-6a6c-464a-bf8e-fd2e897fe737	16	5835018	5897448	67	0.6044
696d23b9-6a6c-464a-bf8e-fd2e897fe737	16	5961339	6054117	102	0.1094
696d23b9-6a6c-464a-bf8e-fd2e897fe737	16	6089139	6561882	379	0.6101
696d23b9-6a6c-464a-bf8e-fd2e897fe737	16	6562736	7739609	495	0.0956
696d23b9-6a6c-464a-bf8e-fd2e897fe737	16	7741217	8075070	121	0.6347
696d23b9-6a6c-464a-bf8e-fd2e897fe737	16	8077967	9914596	1376	0.1092
696d23b9-6a6c-464a-bf8e-fd2e897fe737	16	9919897	11980473	1486	0.5933
696d23b9-6a6c-464a-bf8e-fd2e897fe737	16	11983651	59684579	16476	0.0701
696d23b9-6a6c-464a-bf8e-fd2e897fe737	16	59684853	65340215	3594	0.0116
696d23b9-6a6c-464a-bf8e-fd2e897fe737	16	65341341	76140676	5514	0.0887
696d23b9-6a6c-464a-bf8e-fd2e897fe737	16	76149627	79947232	3452	0.0197
696d23b9-6a6c-464a-bf8e-fd2e897fe737	16	79947818	89317317	5938	0.1004
696d23b9-6a6c-464a-bf8e-fd2e897fe737	17	1074619	7736431	3221	-0.6756
696d23b9-6a6c-464a-bf8e-fd2e897fe737	17	7741014	7753007	3	-2.881
696d23b9-6a6c-464a-bf8e-fd2e897fe737	17	7758490	8908332	631	-0.6952
696d23b9-6a6c-464a-bf8e-fd2e897fe737	17	8910238	21774057	5872	-0.7596
696d23b9-6a6c-464a-bf8e-fd2e897fe737	17	26943491	28287993	660	0.0809
696d23b9-6a6c-464a-bf8e-fd2e897fe737	17	28293068	28508904	82	-0.6905
696d23b9-6a6c-464a-bf8e-fd2e897fe737	17	28510170	28510520	3	0.2917
696d23b9-6a6c-464a-bf8e-fd2e897fe737	17	28511274	28796798	103	-0.6802
696d23b9-6a6c-464a-bf8e-fd2e897fe737	17	28805609	29640696	373	0.0653
696d23b9-6a6c-464a-bf8e-fd2e897fe737	17	29649718	33280435	1778	-0.751
696d23b9-6a6c-464a-bf8e-fd2e897fe737	17	33280852	37714971	1933	0.0794
696d23b9-6a6c-464a-bf8e-fd2e897fe737	17	37715665	42002759	1838	-0.7337
696d23b9-6a6c-464a-bf8e-fd2e897fe737	17	42003449	43437078	573	0.067
696d23b9-6a6c-464a-bf8e-fd2e897fe737	17	43444725	48630445	1915	-0.73
696d23b9-6a6c-464a-bf8e-fd2e897fe737	17	48639345	52036157	1743	0.0732
696d23b9-6a6c-464a-bf8e-fd2e897fe737	17	52052439	54753045	1470	0.0078
696d23b9-6a6c-464a-bf8e-fd2e897fe737	17	54753712	57298228	1989	0.077
696d23b9-6a6c-464a-bf8e-fd2e897fe737	17	57300559	57887473	456	-0.7863
696d23b9-6a6c-464a-bf8e-fd2e897fe737	17	57890976	57917599	19	1.9056
696d23b9-6a6c-464a-bf8e-fd2e897fe737	17	57920798	59804741	847	0.0654
696d23b9-6a6c-464a-bf8e-fd2e897fe737	17	59812385	63547188	1735	-0.7439
696d23b9-6a6c-464a-bf8e-fd2e897fe737	17	63552331	64772394	570	0.0498
696d23b9-6a6c-464a-bf8e-fd2e897fe737	17	64787495	64867438	12	-0.7251
696d23b9-6a6c-464a-bf8e-fd2e897fe737	17	64929599	64952455	10	-0.117
696d23b9-6a6c-464a-bf8e-fd2e897fe737	17	64952808	65288348	228	-0.7863
696d23b9-6a6c-464a-bf8e-fd2e897fe737	17	65290470	65292970	6	0.705
696d23b9-6a6c-464a-bf8e-fd2e897fe737	17	65297521	65373041	49	-0.8054
696d23b9-6a6c-464a-bf8e-fd2e897fe737	17	65374057	65681521	202	2.0591
696d23b9-6a6c-464a-bf8e-fd2e897fe737	17	65682717	68041227	1407	1.7321
696d23b9-6a6c-464a-bf8e-fd2e897fe737	17	68062805	70651025	1646	2.2291
696d23b9-6a6c-464a-bf8e-fd2e897fe737	17	70651680	71205313	475	0.9368
696d23b9-6a6c-464a-bf8e-fd2e897fe737	17	71205670	72490542	994	0.1018
696d23b9-6a6c-464a-bf8e-fd2e897fe737	17	72491410	75761306	1436	-0.7386
696d23b9-6a6c-464a-bf8e-fd2e897fe737	17	75768556	78103792	1113	0.0937
696d23b9-6a6c-464a-bf8e-fd2e897fe737	17	78106310	79245328	443	-0.752
696d23b9-6a6c-464a-bf8e-fd2e897fe737	17	79245485	79261263	20	-0.3001
696d23b9-6a6c-464a-bf8e-fd2e897fe737	17	79262073	79271487	9	-0.7668
696d23b9-6a6c-464a-bf8e-fd2e897fe737	17	79272003	79272071	2	-2.3808
696d23b9-6a6c-464a-bf8e-fd2e897fe737	17	79272174	79877519	239	-0.7639
696d23b9-6a6c-464a-bf8e-fd2e897fe737	17	79878996	79879150	4	-2.28
696d23b9-6a6c-464a-bf8e-fd2e897fe737	17	79882816	79997478	75	-0.755
696d23b9-6a6c-464a-bf8e-fd2e897fe737	17	80003498	80005417	4	0.502
696d23b9-6a6c-464a-bf8e-fd2e897fe737	17	80030491	81061328	489	-0.7646
696d23b9-6a6c-464a-bf8e-fd2e897fe737	17	81069175	81951455	203	0.6682
696d23b9-6a6c-464a-bf8e-fd2e897fe737	17	81965842	82066440	16	1.0809
696d23b9-6a6c-464a-bf8e-fd2e897fe737	17	82066659	82306717	38	0.6536
696d23b9-6a6c-464a-bf8e-fd2e897fe737	17	82311405	82916226	296	-0.7447
696d23b9-6a6c-464a-bf8e-fd2e897fe737	17	82916667	82959812	33	0.1241
696d23b9-6a6c-464a-bf8e-fd2e897fe737	18	326691	11445964	6655	0.1174
696d23b9-6a6c-464a-bf8e-fd2e897fe737	18	11445967	11446202	2	-1.7033
696d23b9-6a6c-464a-bf8e-fd2e897fe737	18	11446246	13240191	967	0.1214
696d23b9-6a6c-464a-bf8e-fd2e897fe737	18	13240773	23540071	1870	-0.7228
696d23b9-6a6c-464a-bf8e-fd2e897fe737	18	23540461	30496112	4344	-0.8139
696d23b9-6a6c-464a-bf8e-fd2e897fe737	18	30496733	33364117	1861	-0.7451
696d23b9-6a6c-464a-bf8e-fd2e897fe737	18	33370825	47955555	8922	-0.803
696d23b9-6a6c-464a-bf8e-fd2e897fe737	18	47956484	47956558	2	-2.732
696d23b9-6a6c-464a-bf8e-fd2e897fe737	18	47956796	56981654	5877	-0.7885
696d23b9-6a6c-464a-bf8e-fd2e897fe737	18	56982480	58926887	1303	-0.719
696d23b9-6a6c-464a-bf8e-fd2e897fe737	18	58929797	79349796	11117	-0.8007
696d23b9-6a6c-464a-bf8e-fd2e897fe737	19	283868	11053013	3784	0.0767
696d23b9-6a6c-464a-bf8e-fd2e897fe737	19	11057986	11058376	2	-1.4175
696d23b9-6a6c-464a-bf8e-fd2e897fe737	19	11066732	58370362	20364	0.0657
696d23b9-6a6c-464a-bf8e-fd2e897fe737	20	472817	15979499	9779	-0.6943
696d23b9-6a6c-464a-bf8e-fd2e897fe737	20	15980908	15981044	2	-2.6205
696d23b9-6a6c-464a-bf8e-fd2e897fe737	20	15985274	25764087	7040	-0.6815
696d23b9-6a6c-464a-bf8e-fd2e897fe737	20	25774116	26010660	64	0.0262
696d23b9-6a6c-464a-bf8e-fd2e897fe737	20	26091946	39405820	4302	0.5978
696d23b9-6a6c-464a-bf8e-fd2e897fe737	20	39410348	39413403	3	-0.6319
696d23b9-6a6c-464a-bf8e-fd2e897fe737	20	39417485	63588502	16361	0.584
696d23b9-6a6c-464a-bf8e-fd2e897fe737	21	13974127	17988229	2452	0.5662
696d23b9-6a6c-464a-bf8e-fd2e897fe737	21	17993032	18032841	31	0.9689
696d23b9-6a6c-464a-bf8e-fd2e897fe737	21	18032911	18335834	221	0.5216
696d23b9-6a6c-464a-bf8e-fd2e897fe737	21	18346587	19386745	738	0.9352
696d23b9-6a6c-464a-bf8e-fd2e897fe737	21	19387233	19978836	385	0.4987
696d23b9-6a6c-464a-bf8e-fd2e897fe737	21	19988220	20210925	126	-0.0326
696d23b9-6a6c-464a-bf8e-fd2e897fe737	21	20217684	20267243	36	-0.8634
696d23b9-6a6c-464a-bf8e-fd2e897fe737	21	20271410	21140026	609	-0.008
696d23b9-6a6c-464a-bf8e-fd2e897fe737	21	21144814	21978535	632	0.529
696d23b9-6a6c-464a-bf8e-fd2e897fe737	21	21978694	22170124	141	-0.0306
696d23b9-6a6c-464a-bf8e-fd2e897fe737	21	22189781	24296821	974	-0.8086
696d23b9-6a6c-464a-bf8e-fd2e897fe737	21	24297423	25178847	600	-0.0619
696d23b9-6a6c-464a-bf8e-fd2e897fe737	21	25183619	25237828	49	0.4787
696d23b9-6a6c-464a-bf8e-fd2e897fe737	21	25246768	25673655	268	0.8528
696d23b9-6a6c-464a-bf8e-fd2e897fe737	21	25674664	26831754	865	-0.002
696d23b9-6a6c-464a-bf8e-fd2e897fe737	21	26832105	26934293	89	-0.9455
696d23b9-6a6c-464a-bf8e-fd2e897fe737	21	26935774	28799527	1295	-0.0196
696d23b9-6a6c-464a-bf8e-fd2e897fe737	21	28800079	28843173	25	-0.7449
696d23b9-6a6c-464a-bf8e-fd2e897fe737	21	28844272	30671459	1248	0.0211
696d23b9-6a6c-464a-bf8e-fd2e897fe737	21	30672491	30879818	29	-0.727
696d23b9-6a6c-464a-bf8e-fd2e897fe737	21	30880915	31296972	280	-0.0104
696d23b9-6a6c-464a-bf8e-fd2e897fe737	21	31304045	38002327	4407	0.5713
696d23b9-6a6c-464a-bf8e-fd2e897fe737	21	38009793	46262057	5103	0.0748
696d23b9-6a6c-464a-bf8e-fd2e897fe737	22	16934932	48558476	16795	-0.7499
696d23b9-6a6c-464a-bf8e-fd2e897fe737	22	48559640	48561471	3	-2.3785
696d23b9-6a6c-464a-bf8e-fd2e897fe737	22	48564800	48940621	258	-0.8004
696d23b9-6a6c-464a-bf8e-fd2e897fe737	X	3236359	25378145	9576	0.0575
696d23b9-6a6c-464a-bf8e-fd2e897fe737	X	25378635	27764884	1304	-0.0262
696d23b9-6a6c-464a-bf8e-fd2e897fe737	X	27765621	27948144	98	0.1964
696d23b9-6a6c-464a-bf8e-fd2e897fe737	X	27948249	30398538	1399	0.0026
696d23b9-6a6c-464a-bf8e-fd2e897fe737	X	30399263	31515899	513	0.0937
696d23b9-6a6c-464a-bf8e-fd2e897fe737	X	31516000	37326929	2343	-0.0294
696d23b9-6a6c-464a-bf8e-fd2e897fe737	X	37327078	55608276	7766	0.0494
696d23b9-6a6c-464a-bf8e-fd2e897fe737	X	55609486	58247095	991	-0.0256
696d23b9-6a6c-464a-bf8e-fd2e897fe737	X	58282385	58291715	7	-0.8237
696d23b9-6a6c-464a-bf8e-fd2e897fe737	X	62952913	70196017	2825	-0.0292
696d23b9-6a6c-464a-bf8e-fd2e897fe737	X	70196068	72736851	1046	0.0837
696d23b9-6a6c-464a-bf8e-fd2e897fe737	X	72741009	74778670	690	0.0052
696d23b9-6a6c-464a-bf8e-fd2e897fe737	X	74779051	92725552	6864	-0.0535
696d23b9-6a6c-464a-bf8e-fd2e897fe737	X	92728302	92730840	2	-2.2679
696d23b9-6a6c-464a-bf8e-fd2e897fe737	X	92737878	94769691	873	-0.0732
696d23b9-6a6c-464a-bf8e-fd2e897fe737	X	94770549	113463405	8517	-0.0052
696d23b9-6a6c-464a-bf8e-fd2e897fe737	X	113463718	124842337	5526	0.0474
696d23b9-6a6c-464a-bf8e-fd2e897fe737	X	124842475	128718241	1586	-0.0463
696d23b9-6a6c-464a-bf8e-fd2e897fe737	X	128718485	137500131	3875	0.0483
696d23b9-6a6c-464a-bf8e-fd2e897fe737	X	137501369	150258474	6360	-0.0446
696d23b9-6a6c-464a-bf8e-fd2e897fe737	X	150260378	155677414	1789	0.0421
