GDC_Aliquot	Chromosome	Start	End	Copy_Number	Major_Copy_Number	Minor_Copy_Number
b46c0b91-eb31-4487-9492-c161be817ac8	chr1	62920	12779433	2	1	1
b46c0b91-eb31-4487-9492-c161be817ac8	chr1	12792599	13509236	1	1	0
b46c0b91-eb31-4487-9492-c161be817ac8	chr1	13509249	15016722	2	1	1
b46c0b91-eb31-4487-9492-c161be817ac8	chr1	15017589	15029533	1	1	0
b46c0b91-eb31-4487-9492-c161be817ac8	chr1	15030069	24889259	2	1	1
b46c0b91-eb31-4487-9492-c161be817ac8	chr1	24889498	24897519	1	1	0
b46c0b91-eb31-4487-9492-c161be817ac8	chr1	24897830	72280898	2	1	1
b46c0b91-eb31-4487-9492-c161be817ac8	chr1	72284165	72410603	7	4	3
b46c0b91-eb31-4487-9492-c161be817ac8	chr1	72411269	75641129	2	1	1
b46c0b91-eb31-4487-9492-c161be817ac8	chr1	75642203	75650578	1	1	0
b46c0b91-eb31-4487-9492-c161be817ac8	chr1	75650920	230157231	2	1	1
b46c0b91-eb31-4487-9492-c161be817ac8	chr1	230157290	230164999	3	2	1
b46c0b91-eb31-4487-9492-c161be817ac8	chr1	230166065	248930189	2	1	1
b46c0b91-eb31-4487-9492-c161be817ac8	chr2	12784	52527423	2	1	1
b46c0b91-eb31-4487-9492-c161be817ac8	chr2	52527590	52554404	0	0	0
b46c0b91-eb31-4487-9492-c161be817ac8	chr2	52560811	126705028	2	1	1
b46c0b91-eb31-4487-9492-c161be817ac8	chr2	126706376	126708850	4	2	2
b46c0b91-eb31-4487-9492-c161be817ac8	chr2	126709130	242147305	2	1	1
b46c0b91-eb31-4487-9492-c161be817ac8	chr3	20930	14288423	2	1	1
b46c0b91-eb31-4487-9492-c161be817ac8	chr3	14288796	14434989	3	2	1
b46c0b91-eb31-4487-9492-c161be817ac8	chr3	14435738	54268150	2	1	1
b46c0b91-eb31-4487-9492-c161be817ac8	chr3	54269162	54291329	1	1	0
b46c0b91-eb31-4487-9492-c161be817ac8	chr3	54292464	59909678	2	1	1
b46c0b91-eb31-4487-9492-c161be817ac8	chr3	59909942	59934401	1	1	0
b46c0b91-eb31-4487-9492-c161be817ac8	chr3	59934983	60153641	2	1	1
b46c0b91-eb31-4487-9492-c161be817ac8	chr3	60153915	60418606	1	1	0
b46c0b91-eb31-4487-9492-c161be817ac8	chr3	60419065	198169247	2	1	1
b46c0b91-eb31-4487-9492-c161be817ac8	chr4	68929	34785333	2	1	1
b46c0b91-eb31-4487-9492-c161be817ac8	chr4	34785368	34823103	0	0	0
b46c0b91-eb31-4487-9492-c161be817ac8	chr4	34828250	68478894	2	1	1
b46c0b91-eb31-4487-9492-c161be817ac8	chr4	68494770	68725894	5	5	0
b46c0b91-eb31-4487-9492-c161be817ac8	chr4	68726064	102258992	2	1	1
b46c0b91-eb31-4487-9492-c161be817ac8	chr4	102259956	102286223	1	1	0
b46c0b91-eb31-4487-9492-c161be817ac8	chr4	102288463	190106768	2	1	1
b46c0b91-eb31-4487-9492-c161be817ac8	chr5	15532	94933453	2	1	1
b46c0b91-eb31-4487-9492-c161be817ac8	chr5	94933980	94995496	1	1	0
b46c0b91-eb31-4487-9492-c161be817ac8	chr5	94995694	126147534	2	1	1
b46c0b91-eb31-4487-9492-c161be817ac8	chr5	126150638	126711163	1	1	0
b46c0b91-eb31-4487-9492-c161be817ac8	chr5	126713595	157197389	2	1	1
b46c0b91-eb31-4487-9492-c161be817ac8	chr5	157197564	157208036	1	1	0
b46c0b91-eb31-4487-9492-c161be817ac8	chr5	157208573	174766844	2	1	1
b46c0b91-eb31-4487-9492-c161be817ac8	chr5	174773283	175666418	3	2	1
b46c0b91-eb31-4487-9492-c161be817ac8	chr5	175675326	181363319	2	1	1
b46c0b91-eb31-4487-9492-c161be817ac8	chr6	149661	16806417	2	1	1
b46c0b91-eb31-4487-9492-c161be817ac8	chr6	16806861	16818501	1	1	0
b46c0b91-eb31-4487-9492-c161be817ac8	chr6	16819289	70922325	2	1	1
b46c0b91-eb31-4487-9492-c161be817ac8	chr6	70922353	70957847	1	1	0
b46c0b91-eb31-4487-9492-c161be817ac8	chr6	70958144	103286941	2	1	1
b46c0b91-eb31-4487-9492-c161be817ac8	chr6	103286950	103314186	0	0	0
b46c0b91-eb31-4487-9492-c161be817ac8	chr6	103317795	170741917	2	1	1
b46c0b91-eb31-4487-9492-c161be817ac8	chr7	43259	18872334	2	1	1
b46c0b91-eb31-4487-9492-c161be817ac8	chr7	18873267	18939571	1	1	0
b46c0b91-eb31-4487-9492-c161be817ac8	chr7	18939743	90057742	2	1	1
b46c0b91-eb31-4487-9492-c161be817ac8	chr7	90057846	90128181	3	2	1
b46c0b91-eb31-4487-9492-c161be817ac8	chr7	90128384	159334314	2	1	1
b46c0b91-eb31-4487-9492-c161be817ac8	chr8	81254	5959852	2	1	1
b46c0b91-eb31-4487-9492-c161be817ac8	chr8	5959902	6029835	5	3	2
b46c0b91-eb31-4487-9492-c161be817ac8	chr8	6034516	68864485	2	1	1
b46c0b91-eb31-4487-9492-c161be817ac8	chr8	68866265	69326878	1	1	0
b46c0b91-eb31-4487-9492-c161be817ac8	chr8	69330439	145072769	2	1	1
b46c0b91-eb31-4487-9492-c161be817ac8	chr9	46587	86673357	2	1	1
b46c0b91-eb31-4487-9492-c161be817ac8	chr9	86673425	86691223	1	1	0
b46c0b91-eb31-4487-9492-c161be817ac8	chr9	86691390	122533342	2	1	1
b46c0b91-eb31-4487-9492-c161be817ac8	chr9	122537974	122553499	1	1	0
b46c0b91-eb31-4487-9492-c161be817ac8	chr9	122555206	138200944	2	1	1
b46c0b91-eb31-4487-9492-c161be817ac8	chr10	45792	44474235	2	1	1
b46c0b91-eb31-4487-9492-c161be817ac8	chr10	44474979	44477206	4	2	2
b46c0b91-eb31-4487-9492-c161be817ac8	chr10	44477400	51953433	2	1	1
b46c0b91-eb31-4487-9492-c161be817ac8	chr10	51953702	51974670	1	1	0
b46c0b91-eb31-4487-9492-c161be817ac8	chr10	51974973	133654968	2	1	1
b46c0b91-eb31-4487-9492-c161be817ac8	chr11	198510	70532867	2	1	1
b46c0b91-eb31-4487-9492-c161be817ac8	chr11	70533026	70550933	3	2	1
b46c0b91-eb31-4487-9492-c161be817ac8	chr11	70550964	101538987	2	1	1
b46c0b91-eb31-4487-9492-c161be817ac8	chr11	101539055	101579133	1	1	0
b46c0b91-eb31-4487-9492-c161be817ac8	chr11	101580050	135074876	2	1	1
b46c0b91-eb31-4487-9492-c161be817ac8	chr12	51460	3758305	2	1	1
b46c0b91-eb31-4487-9492-c161be817ac8	chr12	3759002	3821729	1	1	0
b46c0b91-eb31-4487-9492-c161be817ac8	chr12	3822900	133201603	2	1	1
b46c0b91-eb31-4487-9492-c161be817ac8	chr13	18452809	66526080	4	3	1
b46c0b91-eb31-4487-9492-c161be817ac8	chr13	66526446	66544804	3	2	1
b46c0b91-eb31-4487-9492-c161be817ac8	chr13	66544994	78510499	4	3	1
b46c0b91-eb31-4487-9492-c161be817ac8	chr13	78512135	78540526	2	2	0
b46c0b91-eb31-4487-9492-c161be817ac8	chr13	78540836	114342922	4	3	1
b46c0b91-eb31-4487-9492-c161be817ac8	chr14	18239283	106877229	2	1	1
b46c0b91-eb31-4487-9492-c161be817ac8	chr15	19811075	101928837	2	1	1
b46c0b91-eb31-4487-9492-c161be817ac8	chr16	10777	6027369	2	1	1
b46c0b91-eb31-4487-9492-c161be817ac8	chr16	6027548	6228504	1	1	0
b46c0b91-eb31-4487-9492-c161be817ac8	chr16	6228880	6600366	0	0	0
b46c0b91-eb31-4487-9492-c161be817ac8	chr16	6602983	6643091	1	1	0
b46c0b91-eb31-4487-9492-c161be817ac8	chr16	6644145	6694641	2	1	1
b46c0b91-eb31-4487-9492-c161be817ac8	chr16	6696744	6826854	1	1	0
b46c0b91-eb31-4487-9492-c161be817ac8	chr16	6832473	90096867	2	1	1
b46c0b91-eb31-4487-9492-c161be817ac8	chr17	150733	83091923	2	1	1
b46c0b91-eb31-4487-9492-c161be817ac8	chr18	48133	1897116	2	1	1
b46c0b91-eb31-4487-9492-c161be817ac8	chr18	1897463	1897924	1	1	0
b46c0b91-eb31-4487-9492-c161be817ac8	chr18	1898349	1902885	3	2	1
b46c0b91-eb31-4487-9492-c161be817ac8	chr18	1905357	1973360	0	0	0
b46c0b91-eb31-4487-9492-c161be817ac8	chr18	1973560	1994942	1	1	0
b46c0b91-eb31-4487-9492-c161be817ac8	chr18	1995792	12300137	2	1	1
b46c0b91-eb31-4487-9492-c161be817ac8	chr18	12300850	12305039	4	2	2
b46c0b91-eb31-4487-9492-c161be817ac8	chr18	12305598	49873216	2	1	1
b46c0b91-eb31-4487-9492-c161be817ac8	chr18	49873746	49920648	3	2	1
b46c0b91-eb31-4487-9492-c161be817ac8	chr18	49922214	58057027	2	1	1
b46c0b91-eb31-4487-9492-c161be817ac8	chr18	58057086	58095012	1	1	0
b46c0b91-eb31-4487-9492-c161be817ac8	chr18	58095805	80257174	2	1	1
b46c0b91-eb31-4487-9492-c161be817ac8	chr19	90910	58586487	2	1	1
b46c0b91-eb31-4487-9492-c161be817ac8	chr20	80664	15001931	2	1	1
b46c0b91-eb31-4487-9492-c161be817ac8	chr20	15003218	15090546	1	1	0
b46c0b91-eb31-4487-9492-c161be817ac8	chr20	15097697	64324800	2	1	1
b46c0b91-eb31-4487-9492-c161be817ac8	chr21	12973348	15091797	2	1	1
b46c0b91-eb31-4487-9492-c161be817ac8	chr21	15092828	15800739	3	2	1
b46c0b91-eb31-4487-9492-c161be817ac8	chr21	15800966	32615182	2	1	1
b46c0b91-eb31-4487-9492-c161be817ac8	chr21	32621407	33134458	1	1	0
b46c0b91-eb31-4487-9492-c161be817ac8	chr21	33137604	36235298	2	1	1
b46c0b91-eb31-4487-9492-c161be817ac8	chr21	36235993	39027471	1	1	0
b46c0b91-eb31-4487-9492-c161be817ac8	chr21	39028082	44541071	2	1	1
b46c0b91-eb31-4487-9492-c161be817ac8	chr21	44546776	44731486	3	2	1
b46c0b91-eb31-4487-9492-c161be817ac8	chr21	44739364	45707865	2	1	1
b46c0b91-eb31-4487-9492-c161be817ac8	chr21	45709100	45979485	3	2	1
b46c0b91-eb31-4487-9492-c161be817ac8	chr21	45996410	46677045	2	1	1
b46c0b91-eb31-4487-9492-c161be817ac8	chr22	16392123	37378349	2	1	1
b46c0b91-eb31-4487-9492-c161be817ac8	chr22	37381573	37422160	3	2	1
b46c0b91-eb31-4487-9492-c161be817ac8	chr22	37422307	50796027	2	1	1
b46c0b91-eb31-4487-9492-c161be817ac8	chrX	251810	3302702	2	1	1
b46c0b91-eb31-4487-9492-c161be817ac8	chrX	3302880	3320172	3	2	1
b46c0b91-eb31-4487-9492-c161be817ac8	chrX	3323009	7066837	2	1	1
b46c0b91-eb31-4487-9492-c161be817ac8	chrX	7067653	7077376	0	0	0
b46c0b91-eb31-4487-9492-c161be817ac8	chrX	7077691	39341564	2	1	1
b46c0b91-eb31-4487-9492-c161be817ac8	chrX	39342479	39374409	1	1	0
b46c0b91-eb31-4487-9492-c161be817ac8	chrX	39374957	124575456	2	1	1
b46c0b91-eb31-4487-9492-c161be817ac8	chrX	124575908	124577193	1	1	0
b46c0b91-eb31-4487-9492-c161be817ac8	chrX	124577895	156004181	2	1	1
b46c0b91-eb31-4487-9492-c161be817ac8	chrY	2782397	56872112	0	0	0
