GDC_Aliquot	Chromosome	Start	End	Copy_Number	Major_Copy_Number	Minor_Copy_Number
74998070-95f3-486a-ade4-0e15c959617c	chr1	61735	54951301	2	1	1
74998070-95f3-486a-ade4-0e15c959617c	chr1	54952575	57448951	1	1	0
74998070-95f3-486a-ade4-0e15c959617c	chr1	57449044	248930189	2	1	1
74998070-95f3-486a-ade4-0e15c959617c	chr2	12784	56652841	2	1	1
74998070-95f3-486a-ade4-0e15c959617c	chr2	56654532	56907335	3	2	1
74998070-95f3-486a-ade4-0e15c959617c	chr2	56908516	242147305	2	1	1
74998070-95f3-486a-ade4-0e15c959617c	chr3	18667	4358904	2	1	1
74998070-95f3-486a-ade4-0e15c959617c	chr3	4359122	6894366	3	2	1
74998070-95f3-486a-ade4-0e15c959617c	chr3	6894387	60019871	2	1	1
74998070-95f3-486a-ade4-0e15c959617c	chr3	60020874	60263342	1	1	0
74998070-95f3-486a-ade4-0e15c959617c	chr3	60263447	60525176	0	0	0
74998070-95f3-486a-ade4-0e15c959617c	chr3	60525705	60931509	2	1	1
74998070-95f3-486a-ade4-0e15c959617c	chr3	60931523	61204720	1	1	0
74998070-95f3-486a-ade4-0e15c959617c	chr3	61220164	198169247	2	1	1
74998070-95f3-486a-ade4-0e15c959617c	chr4	12281	77196159	2	1	1
74998070-95f3-486a-ade4-0e15c959617c	chr4	77196239	78624232	1	1	0
74998070-95f3-486a-ade4-0e15c959617c	chr4	78624726	190106768	2	1	1
74998070-95f3-486a-ade4-0e15c959617c	chr5	15532	100198825	2	1	1
74998070-95f3-486a-ade4-0e15c959617c	chr5	100199505	101608676	0	0	0
74998070-95f3-486a-ade4-0e15c959617c	chr5	101608717	135115775	2	1	1
74998070-95f3-486a-ade4-0e15c959617c	chr5	135117383	135371603	0	0	0
74998070-95f3-486a-ade4-0e15c959617c	chr5	135372115	181363319	2	1	1
74998070-95f3-486a-ade4-0e15c959617c	chr6	149661	2007453	1	1	0
74998070-95f3-486a-ade4-0e15c959617c	chr6	2008616	2157101	0	0	0
74998070-95f3-486a-ade4-0e15c959617c	chr6	2160958	117161947	2	1	1
74998070-95f3-486a-ade4-0e15c959617c	chr6	117162188	117603194	1	1	0
74998070-95f3-486a-ade4-0e15c959617c	chr6	117610425	126741358	2	1	1
74998070-95f3-486a-ade4-0e15c959617c	chr6	126742401	126782640	0	0	0
74998070-95f3-486a-ade4-0e15c959617c	chr6	126791568	170741917	2	1	1
74998070-95f3-486a-ade4-0e15c959617c	chr7	43259	55648445	2	1	1
74998070-95f3-486a-ade4-0e15c959617c	chr7	55648663	76568113	3	2	1
74998070-95f3-486a-ade4-0e15c959617c	chr7	76568664	159334314	2	1	1
74998070-95f3-486a-ade4-0e15c959617c	chr8	81254	145072769	2	1	1
74998070-95f3-486a-ade4-0e15c959617c	chr9	46587	17407326	2	2	0
74998070-95f3-486a-ade4-0e15c959617c	chr9	17409152	138200944	2	1	1
74998070-95f3-486a-ade4-0e15c959617c	chr10	26823	75363007	2	1	1
74998070-95f3-486a-ade4-0e15c959617c	chr10	75363893	79439949	1	1	0
74998070-95f3-486a-ade4-0e15c959617c	chr10	79440676	133769379	2	1	1
74998070-95f3-486a-ade4-0e15c959617c	chr11	198572	126169577	2	1	1
74998070-95f3-486a-ade4-0e15c959617c	chr11	126169817	126992951	3	2	1
74998070-95f3-486a-ade4-0e15c959617c	chr11	126993935	135074876	2	1	1
74998070-95f3-486a-ade4-0e15c959617c	chr12	51460	52263698	2	1	1
74998070-95f3-486a-ade4-0e15c959617c	chr12	52264569	52836557	1	1	0
74998070-95f3-486a-ade4-0e15c959617c	chr12	52842134	133201603	2	1	1
74998070-95f3-486a-ade4-0e15c959617c	chr13	18452809	114342922	2	1	1
74998070-95f3-486a-ade4-0e15c959617c	chr14	18225647	106877229	2	1	1
74998070-95f3-486a-ade4-0e15c959617c	chr15	19811075	101928837	2	1	1
74998070-95f3-486a-ade4-0e15c959617c	chr16	10777	5945815	2	1	1
74998070-95f3-486a-ade4-0e15c959617c	chr16	5947792	6200849	0	0	0
74998070-95f3-486a-ade4-0e15c959617c	chr16	6200970	6429030	2	1	1
74998070-95f3-486a-ade4-0e15c959617c	chr16	6431457	6455467	0	0	0
74998070-95f3-486a-ade4-0e15c959617c	chr16	6458154	6516663	1	1	0
74998070-95f3-486a-ade4-0e15c959617c	chr16	6516695	6796270	0	0	0
74998070-95f3-486a-ade4-0e15c959617c	chr16	6798187	78389291	2	1	1
74998070-95f3-486a-ade4-0e15c959617c	chr16	78389558	78739377	1	1	0
74998070-95f3-486a-ade4-0e15c959617c	chr16	78742044	78966462	0	0	0
74998070-95f3-486a-ade4-0e15c959617c	chr16	78968534	90221127	2	1	1
74998070-95f3-486a-ade4-0e15c959617c	chr17	150733	83090856	2	1	1
74998070-95f3-486a-ade4-0e15c959617c	chr18	48133	80257174	2	1	1
74998070-95f3-486a-ade4-0e15c959617c	chr19	90910	58586487	2	1	1
74998070-95f3-486a-ade4-0e15c959617c	chr20	80664	64324800	2	1	1
74998070-95f3-486a-ade4-0e15c959617c	chr21	10336543	46677045	2	1	1
74998070-95f3-486a-ade4-0e15c959617c	chr22	15294545	17728056	3	2	1
74998070-95f3-486a-ade4-0e15c959617c	chr22	17728439	50796027	2	1	1
74998070-95f3-486a-ade4-0e15c959617c	chrX	251810	3223963	3	2	1
74998070-95f3-486a-ade4-0e15c959617c	chrX	3224139	156004181	2	1	1
