GDC_Aliquot	Chromosome	Start	End	Copy_Number	Major_Copy_Number	Minor_Copy_Number
df8c8a58-0035-4421-85ae-0d36ccda8d84	chr1	13116	770072	1	1	0
df8c8a58-0035-4421-85ae-0d36ccda8d84	chr1	771265	36845628	3	2	1
df8c8a58-0035-4421-85ae-0d36ccda8d84	chr1	36850632	37183508	2	1	1
df8c8a58-0035-4421-85ae-0d36ccda8d84	chr1	37184631	97299520	3	2	1
df8c8a58-0035-4421-85ae-0d36ccda8d84	chr1	97301151	97376072	2	1	1
df8c8a58-0035-4421-85ae-0d36ccda8d84	chr1	97377422	121742438	3	2	1
df8c8a58-0035-4421-85ae-0d36ccda8d84	chr1	143417573	190564072	4	2	2
df8c8a58-0035-4421-85ae-0d36ccda8d84	chr1	190565420	191101491	3	2	1
df8c8a58-0035-4421-85ae-0d36ccda8d84	chr1	191102492	248435900	4	2	2
df8c8a58-0035-4421-85ae-0d36ccda8d84	chr1	248438235	248578230	4	3	1
df8c8a58-0035-4421-85ae-0d36ccda8d84	chr1	248579615	248945703	4	2	2
df8c8a58-0035-4421-85ae-0d36ccda8d84	chr2	10587	77862056	3	3	0
df8c8a58-0035-4421-85ae-0d36ccda8d84	chr2	77863080	78030745	0	0	0
df8c8a58-0035-4421-85ae-0d36ccda8d84	chr2	78031965	87255235	3	3	0
df8c8a58-0035-4421-85ae-0d36ccda8d84	chr2	87256858	87392978	4	4	0
df8c8a58-0035-4421-85ae-0d36ccda8d84	chr2	87396809	89316908	3	3	0
df8c8a58-0035-4421-85ae-0d36ccda8d84	chr2	89320734	90130158	5	4	1
df8c8a58-0035-4421-85ae-0d36ccda8d84	chr2	90132351	90339202	6	5	1
df8c8a58-0035-4421-85ae-0d36ccda8d84	chr2	90340777	90389612	7	7	0
df8c8a58-0035-4421-85ae-0d36ccda8d84	chr2	91443270	91574921	3	3	0
df8c8a58-0035-4421-85ae-0d36ccda8d84	chr2	91576860	91609849	4	4	0
df8c8a58-0035-4421-85ae-0d36ccda8d84	chr2	91611201	91616882	5	5	0
df8c8a58-0035-4421-85ae-0d36ccda8d84	chr2	91618620	91620479	7	7	0
df8c8a58-0035-4421-85ae-0d36ccda8d84	chr2	91623770	91631134	4	3	1
df8c8a58-0035-4421-85ae-0d36ccda8d84	chr2	91633180	91798050	3	3	0
df8c8a58-0035-4421-85ae-0d36ccda8d84	chr2	91799347	91885229	2	2	0
df8c8a58-0035-4421-85ae-0d36ccda8d84	chr2	91886376	91975242	4	3	1
df8c8a58-0035-4421-85ae-0d36ccda8d84	chr2	91976709	168410811	3	3	0
df8c8a58-0035-4421-85ae-0d36ccda8d84	chr2	168411820	168440687	0	0	0
df8c8a58-0035-4421-85ae-0d36ccda8d84	chr2	168442090	191339672	3	3	0
df8c8a58-0035-4421-85ae-0d36ccda8d84	chr2	191340871	191348035	5	5	0
df8c8a58-0035-4421-85ae-0d36ccda8d84	chr2	191349109	215392542	3	3	0
df8c8a58-0035-4421-85ae-0d36ccda8d84	chr2	215395155	215763088	4	4	0
df8c8a58-0035-4421-85ae-0d36ccda8d84	chr2	215764296	239907557	3	3	0
df8c8a58-0035-4421-85ae-0d36ccda8d84	chr2	239908619	240114652	4	3	1
df8c8a58-0035-4421-85ae-0d36ccda8d84	chr2	240115884	240282293	3	3	0
df8c8a58-0035-4421-85ae-0d36ccda8d84	chr2	240283983	240530782	4	3	1
df8c8a58-0035-4421-85ae-0d36ccda8d84	chr2	240533043	242183243	3	3	0
df8c8a58-0035-4421-85ae-0d36ccda8d84	chr3	18519	77282871	3	2	1
df8c8a58-0035-4421-85ae-0d36ccda8d84	chr3	77283896	77308136	2	1	1
df8c8a58-0035-4421-85ae-0d36ccda8d84	chr3	77309225	86942734	3	2	1
df8c8a58-0035-4421-85ae-0d36ccda8d84	chr3	86945613	96312802	4	2	2
df8c8a58-0035-4421-85ae-0d36ccda8d84	chr3	96314232	96361390	3	2	1
df8c8a58-0035-4421-85ae-0d36ccda8d84	chr3	96362666	139841158	4	2	2
df8c8a58-0035-4421-85ae-0d36ccda8d84	chr3	139842192	195621591	5	3	2
df8c8a58-0035-4421-85ae-0d36ccda8d84	chr3	195622918	195787753	4	3	1
df8c8a58-0035-4421-85ae-0d36ccda8d84	chr3	195788855	198181744	5	3	2
df8c8a58-0035-4421-85ae-0d36ccda8d84	chr4	11961	297125	2	2	0
df8c8a58-0035-4421-85ae-0d36ccda8d84	chr4	298212	49228553	3	2	1
df8c8a58-0035-4421-85ae-0d36ccda8d84	chr4	49232639	51802045	2	2	0
df8c8a58-0035-4421-85ae-0d36ccda8d84	chr4	51804896	190122722	3	2	1
df8c8a58-0035-4421-85ae-0d36ccda8d84	chr5	11882	51953466	3	2	1
df8c8a58-0035-4421-85ae-0d36ccda8d84	chr5	51954674	52083432	2	1	1
df8c8a58-0035-4421-85ae-0d36ccda8d84	chr5	52084618	149761846	3	2	1
df8c8a58-0035-4421-85ae-0d36ccda8d84	chr5	149764189	149814922	4	2	2
df8c8a58-0035-4421-85ae-0d36ccda8d84	chr5	149816040	181363900	3	2	1
df8c8a58-0035-4421-85ae-0d36ccda8d84	chr6	100116	55549987	4	3	1
df8c8a58-0035-4421-85ae-0d36ccda8d84	chr6	55551058	170740469	3	2	1
df8c8a58-0035-4421-85ae-0d36ccda8d84	chr7	20608	33242131	4	2	2
df8c8a58-0035-4421-85ae-0d36ccda8d84	chr7	33243962	33484890	2	2	0
df8c8a58-0035-4421-85ae-0d36ccda8d84	chr7	33486339	111195492	4	2	2
df8c8a58-0035-4421-85ae-0d36ccda8d84	chr7	111198042	111326935	3	2	1
df8c8a58-0035-4421-85ae-0d36ccda8d84	chr7	111331002	159334386	4	2	2
df8c8a58-0035-4421-85ae-0d36ccda8d84	chr8	61774	7434383	3	2	1
df8c8a58-0035-4421-85ae-0d36ccda8d84	chr8	7451276	7495958	2	2	0
df8c8a58-0035-4421-85ae-0d36ccda8d84	chr8	7508453	7513686	0	0	0
df8c8a58-0035-4421-85ae-0d36ccda8d84	chr8	7514725	7711979	3	3	0
df8c8a58-0035-4421-85ae-0d36ccda8d84	chr8	7714487	7764869	1	1	0
df8c8a58-0035-4421-85ae-0d36ccda8d84	chr8	7768130	7869045	3	2	1
df8c8a58-0035-4421-85ae-0d36ccda8d84	chr8	7872179	7899347	1	1	0
df8c8a58-0035-4421-85ae-0d36ccda8d84	chr8	7906155	7910896	3	3	0
df8c8a58-0035-4421-85ae-0d36ccda8d84	chr8	7912748	7971546	2	2	0
df8c8a58-0035-4421-85ae-0d36ccda8d84	chr8	7972775	7982378	7	7	0
df8c8a58-0035-4421-85ae-0d36ccda8d84	chr8	7985665	8042671	2	2	0
df8c8a58-0035-4421-85ae-0d36ccda8d84	chr8	8049674	8076507	1	1	0
df8c8a58-0035-4421-85ae-0d36ccda8d84	chr8	8078592	8078592	11	11	0
df8c8a58-0035-4421-85ae-0d36ccda8d84	chr8	8079657	39367449	3	2	1
df8c8a58-0035-4421-85ae-0d36ccda8d84	chr8	39369612	39525481	2	2	0
df8c8a58-0035-4421-85ae-0d36ccda8d84	chr8	39526650	51388995	3	2	1
df8c8a58-0035-4421-85ae-0d36ccda8d84	chr8	51391229	51540086	2	1	1
df8c8a58-0035-4421-85ae-0d36ccda8d84	chr8	51541125	88996200	3	2	1
df8c8a58-0035-4421-85ae-0d36ccda8d84	chr8	88997618	89023301	2	2	0
df8c8a58-0035-4421-85ae-0d36ccda8d84	chr8	89025085	145078402	3	2	1
df8c8a58-0035-4421-85ae-0d36ccda8d84	chr9	10469	40916130	4	2	2
df8c8a58-0035-4421-85ae-0d36ccda8d84	chr9	40917482	41100463	4	3	1
df8c8a58-0035-4421-85ae-0d36ccda8d84	chr9	41102397	42698234	3	2	1
df8c8a58-0035-4421-85ae-0d36ccda8d84	chr9	42699633	64900890	4	2	2
df8c8a58-0035-4421-85ae-0d36ccda8d84	chr9	64902120	66703301	4	3	1
df8c8a58-0035-4421-85ae-0d36ccda8d84	chr9	66709960	78978922	4	2	2
df8c8a58-0035-4421-85ae-0d36ccda8d84	chr9	78980333	79357926	3	2	1
df8c8a58-0035-4421-85ae-0d36ccda8d84	chr9	79359002	96893723	4	2	2
df8c8a58-0035-4421-85ae-0d36ccda8d84	chr9	96894941	97031301	3	2	1
df8c8a58-0035-4421-85ae-0d36ccda8d84	chr9	97032387	138256233	4	2	2
df8c8a58-0035-4421-85ae-0d36ccda8d84	chr10	15029	65673	3	2	1
df8c8a58-0035-4421-85ae-0d36ccda8d84	chr10	67150	8536379	4	2	2
df8c8a58-0035-4421-85ae-0d36ccda8d84	chr10	8537876	9189563	3	2	1
df8c8a58-0035-4421-85ae-0d36ccda8d84	chr10	9191244	31989675	4	2	2
df8c8a58-0035-4421-85ae-0d36ccda8d84	chr10	31991422	32075298	6	4	2
df8c8a58-0035-4421-85ae-0d36ccda8d84	chr10	32076947	87216026	4	2	2
df8c8a58-0035-4421-85ae-0d36ccda8d84	chr10	87217152	87308301	5	3	2
df8c8a58-0035-4421-85ae-0d36ccda8d84	chr10	87309834	133787009	4	2	2
df8c8a58-0035-4421-85ae-0d36ccda8d84	chr11	87268	4647121	3	2	1
df8c8a58-0035-4421-85ae-0d36ccda8d84	chr11	4648478	4661034	5	3	2
df8c8a58-0035-4421-85ae-0d36ccda8d84	chr11	4662068	10794407	3	2	1
df8c8a58-0035-4421-85ae-0d36ccda8d84	chr11	10798317	48245184	4	2	2
df8c8a58-0035-4421-85ae-0d36ccda8d84	chr11	48246304	63881101	3	2	1
df8c8a58-0035-4421-85ae-0d36ccda8d84	chr11	63882570	79028326	4	2	2
df8c8a58-0035-4421-85ae-0d36ccda8d84	chr11	79029574	84692366	3	2	1
df8c8a58-0035-4421-85ae-0d36ccda8d84	chr11	84694406	84715171	2	2	0
df8c8a58-0035-4421-85ae-0d36ccda8d84	chr11	84717591	135076424	3	2	1
df8c8a58-0035-4421-85ae-0d36ccda8d84	chr12	11065	72100	4	3	1
df8c8a58-0035-4421-85ae-0d36ccda8d84	chr12	73673	9847648	4	2	2
df8c8a58-0035-4421-85ae-0d36ccda8d84	chr12	9848703	21229288	2	2	0
df8c8a58-0035-4421-85ae-0d36ccda8d84	chr12	21230419	21561966	5	3	2
df8c8a58-0035-4421-85ae-0d36ccda8d84	chr12	21563055	104094692	4	2	2
df8c8a58-0035-4421-85ae-0d36ccda8d84	chr12	104096875	105469651	3	2	1
df8c8a58-0035-4421-85ae-0d36ccda8d84	chr12	105473229	116171550	4	2	2
df8c8a58-0035-4421-85ae-0d36ccda8d84	chr12	116172959	117013790	3	2	1
df8c8a58-0035-4421-85ae-0d36ccda8d84	chr12	117015117	119234405	4	2	2
df8c8a58-0035-4421-85ae-0d36ccda8d84	chr12	119235698	120212167	3	2	1
df8c8a58-0035-4421-85ae-0d36ccda8d84	chr12	120216281	122631044	4	2	2
df8c8a58-0035-4421-85ae-0d36ccda8d84	chr12	122632131	123853520	3	2	1
df8c8a58-0035-4421-85ae-0d36ccda8d84	chr12	123855676	133264676	4	3	1
df8c8a58-0035-4421-85ae-0d36ccda8d84	chr13	18445955	18525188	3	2	1
df8c8a58-0035-4421-85ae-0d36ccda8d84	chr13	18528124	19193891	5	4	1
df8c8a58-0035-4421-85ae-0d36ccda8d84	chr13	19194993	52206238	7	6	1
df8c8a58-0035-4421-85ae-0d36ccda8d84	chr13	52207238	52276341	5	4	1
df8c8a58-0035-4421-85ae-0d36ccda8d84	chr13	52277609	63082908	7	6	1
df8c8a58-0035-4421-85ae-0d36ccda8d84	chr13	63084035	63954046	8	7	1
df8c8a58-0035-4421-85ae-0d36ccda8d84	chr13	63955689	65982983	7	6	1
df8c8a58-0035-4421-85ae-0d36ccda8d84	chr13	65984577	67137130	5	4	1
df8c8a58-0035-4421-85ae-0d36ccda8d84	chr13	67139073	79806510	7	6	1
df8c8a58-0035-4421-85ae-0d36ccda8d84	chr13	79808148	83587116	8	7	1
df8c8a58-0035-4421-85ae-0d36ccda8d84	chr13	83588119	83600980	6	6	0
df8c8a58-0035-4421-85ae-0d36ccda8d84	chr13	83603075	114343123	5	4	1
df8c8a58-0035-4421-85ae-0d36ccda8d84	chr14	18223583	19677760	3	2	1
df8c8a58-0035-4421-85ae-0d36ccda8d84	chr14	19680120	19955624	4	3	1
df8c8a58-0035-4421-85ae-0d36ccda8d84	chr14	19956767	20889183	3	3	0
df8c8a58-0035-4421-85ae-0d36ccda8d84	chr14	20891137	20945412	6	6	0
df8c8a58-0035-4421-85ae-0d36ccda8d84	chr14	20947090	41139858	3	3	0
df8c8a58-0035-4421-85ae-0d36ccda8d84	chr14	41140905	41200002	6	6	0
df8c8a58-0035-4421-85ae-0d36ccda8d84	chr14	41201450	106880670	3	3	0
df8c8a58-0035-4421-85ae-0d36ccda8d84	chr15	19795285	20013263	2	2	0
df8c8a58-0035-4421-85ae-0d36ccda8d84	chr15	20015459	20200936	1	1	0
df8c8a58-0035-4421-85ae-0d36ccda8d84	chr15	20202570	20931622	3	2	1
df8c8a58-0035-4421-85ae-0d36ccda8d84	chr15	20933058	21027439	0	0	0
df8c8a58-0035-4421-85ae-0d36ccda8d84	chr15	21029221	22113003	1	1	0
df8c8a58-0035-4421-85ae-0d36ccda8d84	chr15	22115609	22295502	3	2	1
df8c8a58-0035-4421-85ae-0d36ccda8d84	chr15	22299249	24357656	2	2	0
df8c8a58-0035-4421-85ae-0d36ccda8d84	chr15	24358797	24411611	0	0	0
df8c8a58-0035-4421-85ae-0d36ccda8d84	chr15	24412696	44712948	2	2	0
df8c8a58-0035-4421-85ae-0d36ccda8d84	chr15	44714420	45013591	1	1	0
df8c8a58-0035-4421-85ae-0d36ccda8d84	chr15	45015195	51552132	2	2	0
df8c8a58-0035-4421-85ae-0d36ccda8d84	chr15	51555245	51576859	3	3	0
df8c8a58-0035-4421-85ae-0d36ccda8d84	chr15	51578216	101980591	2	2	0
df8c8a58-0035-4421-85ae-0d36ccda8d84	chr16	10291	6370144	3	2	1
df8c8a58-0035-4421-85ae-0d36ccda8d84	chr16	6371145	6708921	1	1	0
df8c8a58-0035-4421-85ae-0d36ccda8d84	chr16	6710118	6829922	0	0	0
df8c8a58-0035-4421-85ae-0d36ccda8d84	chr16	6831018	7093814	1	1	0
df8c8a58-0035-4421-85ae-0d36ccda8d84	chr16	7094949	7229001	4	3	1
df8c8a58-0035-4421-85ae-0d36ccda8d84	chr16	7230032	7951847	5	3	2
df8c8a58-0035-4421-85ae-0d36ccda8d84	chr16	7953207	8218541	3	2	1
df8c8a58-0035-4421-85ae-0d36ccda8d84	chr16	8219582	8273494	5	3	2
df8c8a58-0035-4421-85ae-0d36ccda8d84	chr16	8274579	14679428	4	2	2
df8c8a58-0035-4421-85ae-0d36ccda8d84	chr16	14682932	15376987	4	3	1
df8c8a58-0035-4421-85ae-0d36ccda8d84	chr16	15379308	16199333	4	2	2
df8c8a58-0035-4421-85ae-0d36ccda8d84	chr16	16200360	16765176	3	2	1
df8c8a58-0035-4421-85ae-0d36ccda8d84	chr16	16766189	18074566	4	2	2
df8c8a58-0035-4421-85ae-0d36ccda8d84	chr16	18075748	18766409	4	3	1
df8c8a58-0035-4421-85ae-0d36ccda8d84	chr16	18767411	32019850	4	2	2
df8c8a58-0035-4421-85ae-0d36ccda8d84	chr16	32021531	36045725	4	3	1
df8c8a58-0035-4421-85ae-0d36ccda8d84	chr16	46380940	59782516	4	2	2
df8c8a58-0035-4421-85ae-0d36ccda8d84	chr16	59784010	60867510	3	2	1
df8c8a58-0035-4421-85ae-0d36ccda8d84	chr16	60868807	62110339	4	2	2
df8c8a58-0035-4421-85ae-0d36ccda8d84	chr16	62112646	64223510	3	2	1
df8c8a58-0035-4421-85ae-0d36ccda8d84	chr16	64225228	81505237	4	2	2
df8c8a58-0035-4421-85ae-0d36ccda8d84	chr16	81506990	90226358	2	2	0
df8c8a58-0035-4421-85ae-0d36ccda8d84	chr17	151035	4408771	4	4	0
df8c8a58-0035-4421-85ae-0d36ccda8d84	chr17	4410086	11848631	2	2	0
df8c8a58-0035-4421-85ae-0d36ccda8d84	chr17	11850729	12047061	0	0	0
df8c8a58-0035-4421-85ae-0d36ccda8d84	chr17	12048678	46290846	2	2	0
df8c8a58-0035-4421-85ae-0d36ccda8d84	chr17	46292054	46589426	3	3	0
df8c8a58-0035-4421-85ae-0d36ccda8d84	chr17	46610031	83237603	2	2	0
df8c8a58-0035-4421-85ae-0d36ccda8d84	chr18	16444	38448173	2	2	0
df8c8a58-0035-4421-85ae-0d36ccda8d84	chr18	38449200	41515604	1	1	0
df8c8a58-0035-4421-85ae-0d36ccda8d84	chr18	41516701	65886135	2	2	0
df8c8a58-0035-4421-85ae-0d36ccda8d84	chr18	65887338	65918636	0	0	0
df8c8a58-0035-4421-85ae-0d36ccda8d84	chr18	65920237	80259190	2	2	0
df8c8a58-0035-4421-85ae-0d36ccda8d84	chr19	157892	15668643	4	2	2
df8c8a58-0035-4421-85ae-0d36ccda8d84	chr19	15669643	15722946	4	3	1
df8c8a58-0035-4421-85ae-0d36ccda8d84	chr19	15724288	24332286	4	2	2
df8c8a58-0035-4421-85ae-0d36ccda8d84	chr19	24336760	27481645	3	2	1
df8c8a58-0035-4421-85ae-0d36ccda8d84	chr19	27482686	40055268	4	2	2
df8c8a58-0035-4421-85ae-0d36ccda8d84	chr19	40056479	40816678	3	2	1
df8c8a58-0035-4421-85ae-0d36ccda8d84	chr19	40817888	58607412	4	2	2
df8c8a58-0035-4421-85ae-0d36ccda8d84	chr20	80457	24693061	3	3	0
df8c8a58-0035-4421-85ae-0d36ccda8d84	chr20	24694076	39070111	5	3	2
df8c8a58-0035-4421-85ae-0d36ccda8d84	chr20	39071697	57924823	7	4	3
df8c8a58-0035-4421-85ae-0d36ccda8d84	chr20	57926076	58489222	9	5	4
df8c8a58-0035-4421-85ae-0d36ccda8d84	chr20	58490397	58506074	11	7	4
df8c8a58-0035-4421-85ae-0d36ccda8d84	chr20	58510584	64331516	5	4	1
df8c8a58-0035-4421-85ae-0d36ccda8d84	chr21	7762688	10155928	2	1	1
df8c8a58-0035-4421-85ae-0d36ccda8d84	chr21	10162679	13091034	3	2	1
df8c8a58-0035-4421-85ae-0d36ccda8d84	chr21	13095927	46699722	4	2	2
df8c8a58-0035-4421-85ae-0d36ccda8d84	chr22	15284540	27995169	2	2	0
df8c8a58-0035-4421-85ae-0d36ccda8d84	chr22	27997552	42069256	3	3	0
df8c8a58-0035-4421-85ae-0d36ccda8d84	chr22	42070505	50802392	2	2	0
df8c8a58-0035-4421-85ae-0d36ccda8d84	chrX	2781514	6673829	5	3	2
df8c8a58-0035-4421-85ae-0d36ccda8d84	chrX	6675559	7341851	4	2	2
df8c8a58-0035-4421-85ae-0d36ccda8d84	chrX	7348158	8478771	5	3	2
df8c8a58-0035-4421-85ae-0d36ccda8d84	chrX	8480046	11848813	6	4	2
df8c8a58-0035-4421-85ae-0d36ccda8d84	chrX	11851615	56410527	5	3	2
df8c8a58-0035-4421-85ae-0d36ccda8d84	chrX	56411534	63254123	4	2	2
df8c8a58-0035-4421-85ae-0d36ccda8d84	chrX	63257779	90741866	3	2	1
df8c8a58-0035-4421-85ae-0d36ccda8d84	chrX	90744101	155699751	4	2	2
