GDC_Aliquot	Chromosome	Start	End	Num_Probes	Segment_Mean
e739c710-8bf6-4ceb-86e2-08d88552f559	1	62920	98588	12	0.9302
e739c710-8bf6-4ceb-86e2-08d88552f559	1	98602	4831543	1840	0.0321
e739c710-8bf6-4ceb-86e2-08d88552f559	1	4834078	4834084	2	-2.9942
e739c710-8bf6-4ceb-86e2-08d88552f559	1	4834890	12779433	4635	0.0135
e739c710-8bf6-4ceb-86e2-08d88552f559	1	12792599	12853248	29	-0.8211
e739c710-8bf6-4ceb-86e2-08d88552f559	1	12855993	16542868	2128	0.0078
e739c710-8bf6-4ceb-86e2-08d88552f559	1	16544783	16955930	114	0.342
e739c710-8bf6-4ceb-86e2-08d88552f559	1	16956580	21991690	3338	0.002
e739c710-8bf6-4ceb-86e2-08d88552f559	1	21992508	22015896	8	-1.1451
e739c710-8bf6-4ceb-86e2-08d88552f559	1	22017709	25256850	1913	-0.0035
e739c710-8bf6-4ceb-86e2-08d88552f559	1	25266637	25320455	24	0.8468
e739c710-8bf6-4ceb-86e2-08d88552f559	1	25336819	72293826	28729	0.0104
e739c710-8bf6-4ceb-86e2-08d88552f559	1	72293841	72296993	3	-1.8045
e739c710-8bf6-4ceb-86e2-08d88552f559	1	72297687	103616762	20074	0.0107
e739c710-8bf6-4ceb-86e2-08d88552f559	1	103620877	103697067	3	1.7346
e739c710-8bf6-4ceb-86e2-08d88552f559	1	103697364	112147704	5538	0.0032
e739c710-8bf6-4ceb-86e2-08d88552f559	1	112153343	112163334	26	0.5711
e739c710-8bf6-4ceb-86e2-08d88552f559	1	112163438	121562506	5148	0.0026
e739c710-8bf6-4ceb-86e2-08d88552f559	1	121573287	144458153	148	0.2611
e739c710-8bf6-4ceb-86e2-08d88552f559	1	144462189	152583230	2307	-0.0067
e739c710-8bf6-4ceb-86e2-08d88552f559	1	152583291	152614118	34	-2.0161
e739c710-8bf6-4ceb-86e2-08d88552f559	1	152618018	152787202	167	0.0219
e739c710-8bf6-4ceb-86e2-08d88552f559	1	152789447	152796224	37	0.6184
e739c710-8bf6-4ceb-86e2-08d88552f559	1	152801429	158896783	3614	-0.01
e739c710-8bf6-4ceb-86e2-08d88552f559	1	158898711	158899969	2	2.548
e739c710-8bf6-4ceb-86e2-08d88552f559	1	158905028	165067758	4346	0.005
e739c710-8bf6-4ceb-86e2-08d88552f559	1	165076228	165076317	3	-1.4986
e739c710-8bf6-4ceb-86e2-08d88552f559	1	165077278	174827267	6839	0.0058
e739c710-8bf6-4ceb-86e2-08d88552f559	1	174827418	174832716	17	-0.8993
e739c710-8bf6-4ceb-86e2-08d88552f559	1	174832734	196761905	14644	0.006
e739c710-8bf6-4ceb-86e2-08d88552f559	1	196762480	196843377	57	0.3973
e739c710-8bf6-4ceb-86e2-08d88552f559	1	196843400	196846661	2	4.1801
e739c710-8bf6-4ceb-86e2-08d88552f559	1	196847600	214464465	11882	0.0088
e739c710-8bf6-4ceb-86e2-08d88552f559	1	214465093	214465114	2	-1.88
e739c710-8bf6-4ceb-86e2-08d88552f559	1	214465910	236068554	14693	0.0105
e739c710-8bf6-4ceb-86e2-08d88552f559	1	236070696	236101466	23	-1.2116
e739c710-8bf6-4ceb-86e2-08d88552f559	1	236105686	248930189	9217	0.013
e739c710-8bf6-4ceb-86e2-08d88552f559	2	12784	25301993	18413	0.0237
e739c710-8bf6-4ceb-86e2-08d88552f559	2	25305750	25306410	2	-2.1131
e739c710-8bf6-4ceb-86e2-08d88552f559	2	25306755	35750907	6590	0.0149
e739c710-8bf6-4ceb-86e2-08d88552f559	2	35752724	35762850	6	-1.4677
e739c710-8bf6-4ceb-86e2-08d88552f559	2	35762881	41011095	3925	0.0258
e739c710-8bf6-4ceb-86e2-08d88552f559	2	41011303	41018747	22	-0.4797
e739c710-8bf6-4ceb-86e2-08d88552f559	2	41024093	52527423	8176	0.0176
e739c710-8bf6-4ceb-86e2-08d88552f559	2	52527590	52527743	3	-3.5086
e739c710-8bf6-4ceb-86e2-08d88552f559	2	52531615	146106861	53293	0.0171
e739c710-8bf6-4ceb-86e2-08d88552f559	2	146106875	146120827	24	0.7386
e739c710-8bf6-4ceb-86e2-08d88552f559	2	146120842	163780342	10589	0.0222
e739c710-8bf6-4ceb-86e2-08d88552f559	2	163786978	163788616	5	-1.2961
e739c710-8bf6-4ceb-86e2-08d88552f559	2	163790132	183929073	12685	0.0115
e739c710-8bf6-4ceb-86e2-08d88552f559	2	183929124	183937714	18	-0.8507
e739c710-8bf6-4ceb-86e2-08d88552f559	2	183943862	242147305	35753	0.0188
e739c710-8bf6-4ceb-86e2-08d88552f559	3	20930	73330724	51282	0.0157
e739c710-8bf6-4ceb-86e2-08d88552f559	3	73337633	73339528	2	-2.3629
e739c710-8bf6-4ceb-86e2-08d88552f559	3	73343996	158632329	48870	0.0103
e739c710-8bf6-4ceb-86e2-08d88552f559	3	158633095	158633756	2	-2.196
e739c710-8bf6-4ceb-86e2-08d88552f559	3	158641083	162813082	2620	0.0215
e739c710-8bf6-4ceb-86e2-08d88552f559	3	162815162	162822702	7	-1.5106
e739c710-8bf6-4ceb-86e2-08d88552f559	3	162827928	189642965	16712	0.0104
e739c710-8bf6-4ceb-86e2-08d88552f559	3	189645889	189646849	11	-3.4412
e739c710-8bf6-4ceb-86e2-08d88552f559	3	189653199	193156958	2487	0.0104
e739c710-8bf6-4ceb-86e2-08d88552f559	3	193160113	193165114	20	0.5715
e739c710-8bf6-4ceb-86e2-08d88552f559	3	193168646	195559056	1481	0.0147
e739c710-8bf6-4ceb-86e2-08d88552f559	3	195656271	195691392	6	-1.1015
e739c710-8bf6-4ceb-86e2-08d88552f559	3	195695418	198169247	1204	-0.0156
e739c710-8bf6-4ceb-86e2-08d88552f559	4	68929	10221792	5701	0.0061
e739c710-8bf6-4ceb-86e2-08d88552f559	4	10222004	10232642	29	-1.9086
e739c710-8bf6-4ceb-86e2-08d88552f559	4	10232984	34784878	16975	0.0067
e739c710-8bf6-4ceb-86e2-08d88552f559	4	34785333	34819718	35	0.5729
e739c710-8bf6-4ceb-86e2-08d88552f559	4	34822561	61071220	15059	0.0054
e739c710-8bf6-4ceb-86e2-08d88552f559	4	61075217	61079968	3	-1.8262
e739c710-8bf6-4ceb-86e2-08d88552f559	4	61080494	63828222	1502	0.0053
e739c710-8bf6-4ceb-86e2-08d88552f559	4	63831751	63865087	39	0.4106
e739c710-8bf6-4ceb-86e2-08d88552f559	4	63866325	68418873	2848	-0.0022
e739c710-8bf6-4ceb-86e2-08d88552f559	4	68422420	68422424	3	-2.4606
e739c710-8bf6-4ceb-86e2-08d88552f559	4	68429081	68509237	14	0.1699
e739c710-8bf6-4ceb-86e2-08d88552f559	4	68509442	68615205	56	0.7197
e739c710-8bf6-4ceb-86e2-08d88552f559	4	68615219	114252544	27705	0.006
e739c710-8bf6-4ceb-86e2-08d88552f559	4	114254167	114261019	23	-1.4087
e739c710-8bf6-4ceb-86e2-08d88552f559	4	114263073	172504076	35306	0.0073
e739c710-8bf6-4ceb-86e2-08d88552f559	4	172507191	172507492	4	2.2781
e739c710-8bf6-4ceb-86e2-08d88552f559	4	172519981	188300104	10695	0.0157
e739c710-8bf6-4ceb-86e2-08d88552f559	4	188300206	188300270	3	1.9787
e739c710-8bf6-4ceb-86e2-08d88552f559	4	188300285	190106768	1143	0.0488
e739c710-8bf6-4ceb-86e2-08d88552f559	5	15532	58030453	35753	0.0076
e739c710-8bf6-4ceb-86e2-08d88552f559	5	58033288	58037706	29	-0.5926
e739c710-8bf6-4ceb-86e2-08d88552f559	5	58042530	104515520	26841	0.0104
e739c710-8bf6-4ceb-86e2-08d88552f559	5	104524672	104524903	4	2.4587
e739c710-8bf6-4ceb-86e2-08d88552f559	5	104525348	116199251	7936	0.0144
e739c710-8bf6-4ceb-86e2-08d88552f559	5	116201698	116201705	2	-1.854
e739c710-8bf6-4ceb-86e2-08d88552f559	5	116201735	150822643	21862	0.0138
e739c710-8bf6-4ceb-86e2-08d88552f559	5	150825938	150839042	8	-0.8985
e739c710-8bf6-4ceb-86e2-08d88552f559	5	150843825	156993692	4274	0.0174
e739c710-8bf6-4ceb-86e2-08d88552f559	5	156994920	156999228	5	-1.3558
e739c710-8bf6-4ceb-86e2-08d88552f559	5	157000282	165229943	5402	0.0041
e739c710-8bf6-4ceb-86e2-08d88552f559	5	165230856	165231389	2	-1.8291
e739c710-8bf6-4ceb-86e2-08d88552f559	5	165231416	166009078	531	0.0145
e739c710-8bf6-4ceb-86e2-08d88552f559	5	166009246	166012515	2	-1.5767
e739c710-8bf6-4ceb-86e2-08d88552f559	5	166016903	176033084	7516	0.0191
e739c710-8bf6-4ceb-86e2-08d88552f559	5	176038686	176050177	5	-2.345
e739c710-8bf6-4ceb-86e2-08d88552f559	5	176097194	181363319	2706	0.0041
e739c710-8bf6-4ceb-86e2-08d88552f559	6	149661	253861	98	0.0237
e739c710-8bf6-4ceb-86e2-08d88552f559	6	254267	318804	31	0.527
e739c710-8bf6-4ceb-86e2-08d88552f559	6	320872	10467200	8163	0.0184
e739c710-8bf6-4ceb-86e2-08d88552f559	6	10467462	10530771	76	-1.0742
e739c710-8bf6-4ceb-86e2-08d88552f559	6	10534810	22430271	8848	0.0094
e739c710-8bf6-4ceb-86e2-08d88552f559	6	22431392	22431639	2	1.6405
e739c710-8bf6-4ceb-86e2-08d88552f559	6	22431702	29869295	4436	0.0142
e739c710-8bf6-4ceb-86e2-08d88552f559	6	29869410	29946838	39	0.5848
e739c710-8bf6-4ceb-86e2-08d88552f559	6	29947692	31313046	641	0.0012
e739c710-8bf6-4ceb-86e2-08d88552f559	6	31318499	31319445	5	0.6222
e739c710-8bf6-4ceb-86e2-08d88552f559	6	31319724	31328176	3	2.0741
e739c710-8bf6-4ceb-86e2-08d88552f559	6	31328210	32486746	506	0.0222
e739c710-8bf6-4ceb-86e2-08d88552f559	6	32488906	32606604	33	1.1597
e739c710-8bf6-4ceb-86e2-08d88552f559	6	32610305	32722250	71	0.1441
e739c710-8bf6-4ceb-86e2-08d88552f559	6	32723020	32723053	3	1.8638
e739c710-8bf6-4ceb-86e2-08d88552f559	6	32732907	66328153	19026	0.0011
e739c710-8bf6-4ceb-86e2-08d88552f559	6	66331020	66333004	6	-2.1373
e739c710-8bf6-4ceb-86e2-08d88552f559	6	66333299	76603950	6697	0.0022
e739c710-8bf6-4ceb-86e2-08d88552f559	6	76606114	76617568	13	-1.119
e739c710-8bf6-4ceb-86e2-08d88552f559	6	76618975	78259388	1080	0.0197
e739c710-8bf6-4ceb-86e2-08d88552f559	6	78261980	78325468	111	0.409
e739c710-8bf6-4ceb-86e2-08d88552f559	6	78329517	103290101	15478	0.0102
e739c710-8bf6-4ceb-86e2-08d88552f559	6	103290164	103314186	45	-1.4592
e739c710-8bf6-4ceb-86e2-08d88552f559	6	103317795	168472373	42675	0.0117
e739c710-8bf6-4ceb-86e2-08d88552f559	6	168473769	168477140	3	-1.6242
e739c710-8bf6-4ceb-86e2-08d88552f559	6	168477203	170741917	1489	0.0471
e739c710-8bf6-4ceb-86e2-08d88552f559	7	43355	148300	90	0.0857
e739c710-8bf6-4ceb-86e2-08d88552f559	7	155066	158626	10	-1.0495
e739c710-8bf6-4ceb-86e2-08d88552f559	7	161442	38239282	27252	0.0141
e739c710-8bf6-4ceb-86e2-08d88552f559	7	38244142	38342370	123	0.378
e739c710-8bf6-4ceb-86e2-08d88552f559	7	38345240	101323817	34355	0.0054
e739c710-8bf6-4ceb-86e2-08d88552f559	7	101325082	101491943	73	0.6306
e739c710-8bf6-4ceb-86e2-08d88552f559	7	101492117	109797036	5017	0.004
e739c710-8bf6-4ceb-86e2-08d88552f559	7	109797037	109801187	23	0.4106
e739c710-8bf6-4ceb-86e2-08d88552f559	7	109801572	109813925	11	1.068
e739c710-8bf6-4ceb-86e2-08d88552f559	7	109814172	111128539	875	0.0235
e739c710-8bf6-4ceb-86e2-08d88552f559	7	111129024	111131505	2	-1.8258
e739c710-8bf6-4ceb-86e2-08d88552f559	7	111131776	111286668	116	0.1129
e739c710-8bf6-4ceb-86e2-08d88552f559	7	111292114	111511197	140	-1.025
e739c710-8bf6-4ceb-86e2-08d88552f559	7	111515049	142333157	19046	0.0068
e739c710-8bf6-4ceb-86e2-08d88552f559	7	142334575	142805092	277	0.2455
e739c710-8bf6-4ceb-86e2-08d88552f559	7	142805387	156599096	8785	0.0138
e739c710-8bf6-4ceb-86e2-08d88552f559	7	156600474	156601485	3	-1.4084
e739c710-8bf6-4ceb-86e2-08d88552f559	7	156602214	159334314	1624	0.039
e739c710-8bf6-4ceb-86e2-08d88552f559	8	81254	7336299	7729	0.0372
e739c710-8bf6-4ceb-86e2-08d88552f559	8	7357089	7380497	19	-1.1769
e739c710-8bf6-4ceb-86e2-08d88552f559	8	7396819	7886542	22	1.0114
e739c710-8bf6-4ceb-86e2-08d88552f559	8	7888457	8085660	14	0.3038
e739c710-8bf6-4ceb-86e2-08d88552f559	8	8101440	8104937	3	-1.671
e739c710-8bf6-4ceb-86e2-08d88552f559	8	8110806	8426157	190	-0.0091
e739c710-8bf6-4ceb-86e2-08d88552f559	8	8429535	8433847	6	-1.0978
e739c710-8bf6-4ceb-86e2-08d88552f559	8	8434235	12025748	3031	0.0303
e739c710-8bf6-4ceb-86e2-08d88552f559	8	12035719	12585546	59	0.5489
e739c710-8bf6-4ceb-86e2-08d88552f559	8	12616034	18548972	5441	0.0058
e739c710-8bf6-4ceb-86e2-08d88552f559	8	18549017	18554084	2	-2.1131
e739c710-8bf6-4ceb-86e2-08d88552f559	8	18555947	63936340	27700	0.0014
e739c710-8bf6-4ceb-86e2-08d88552f559	8	63936355	63936561	5	1.5293
e739c710-8bf6-4ceb-86e2-08d88552f559	8	63936953	68859782	2751	0.0015
e739c710-8bf6-4ceb-86e2-08d88552f559	8	68860500	68861227	2	-2.1086
e739c710-8bf6-4ceb-86e2-08d88552f559	8	68864485	128735944	37265	0.007
e739c710-8bf6-4ceb-86e2-08d88552f559	8	128739928	128744020	4	-1.3834
e739c710-8bf6-4ceb-86e2-08d88552f559	8	128750889	141364983	9694	0.007
e739c710-8bf6-4ceb-86e2-08d88552f559	8	141371052	142409225	608	0.1116
e739c710-8bf6-4ceb-86e2-08d88552f559	8	142409456	145072769	949	0.0189
e739c710-8bf6-4ceb-86e2-08d88552f559	9	46587	39547492	31174	0.0087
e739c710-8bf6-4ceb-86e2-08d88552f559	9	39588611	40952530	28	-0.4662
e739c710-8bf6-4ceb-86e2-08d88552f559	9	40977152	42073850	83	0.1124
e739c710-8bf6-4ceb-86e2-08d88552f559	9	42080170	42230926	19	-0.5903
e739c710-8bf6-4ceb-86e2-08d88552f559	9	42259927	61374282	67	0.1672
e739c710-8bf6-4ceb-86e2-08d88552f559	9	61378951	61647899	32	-1.3814
e739c710-8bf6-4ceb-86e2-08d88552f559	9	61665362	77154478	6675	0.0031
e739c710-8bf6-4ceb-86e2-08d88552f559	9	77155482	77161448	25	0.5515
e739c710-8bf6-4ceb-86e2-08d88552f559	9	77162152	138200944	41398	0.0027
e739c710-8bf6-4ceb-86e2-08d88552f559	10	45792	45817039	31438	0.0033
e739c710-8bf6-4ceb-86e2-08d88552f559	10	45936113	45999975	3	1.5107
e739c710-8bf6-4ceb-86e2-08d88552f559	10	46002113	46657149	278	-0.0033
e739c710-8bf6-4ceb-86e2-08d88552f559	10	46693480	46836986	10	-1.0708
e739c710-8bf6-4ceb-86e2-08d88552f559	10	46898735	65548951	12695	0.0176
e739c710-8bf6-4ceb-86e2-08d88552f559	10	65548979	65563037	22	-0.5818
e739c710-8bf6-4ceb-86e2-08d88552f559	10	65563168	127073939	41512	0.0087
e739c710-8bf6-4ceb-86e2-08d88552f559	10	127076152	133654968	4707	0.0458
e739c710-8bf6-4ceb-86e2-08d88552f559	11	198510	4254774	1752	0.0115
e739c710-8bf6-4ceb-86e2-08d88552f559	11	4274526	4325579	14	0.6629
e739c710-8bf6-4ceb-86e2-08d88552f559	11	4331751	4946420	654	0.0094
e739c710-8bf6-4ceb-86e2-08d88552f559	11	4947280	4955042	30	0.7715
e739c710-8bf6-4ceb-86e2-08d88552f559	11	4955781	5762693	782	0.0091
e739c710-8bf6-4ceb-86e2-08d88552f559	11	5766175	5787909	33	0.8343
e739c710-8bf6-4ceb-86e2-08d88552f559	11	5788108	55595864	31210	0.007
e739c710-8bf6-4ceb-86e2-08d88552f559	11	55606556	55686100	60	0.612
e739c710-8bf6-4ceb-86e2-08d88552f559	11	55693207	74313120	9533	0.0087
e739c710-8bf6-4ceb-86e2-08d88552f559	11	74313212	74314244	2	-1.8066
e739c710-8bf6-4ceb-86e2-08d88552f559	11	74315183	80256469	3720	0.0142
e739c710-8bf6-4ceb-86e2-08d88552f559	11	80256504	80256520	2	-4.3438
e739c710-8bf6-4ceb-86e2-08d88552f559	11	80256642	135074876	39031	0.0112
e739c710-8bf6-4ceb-86e2-08d88552f559	12	51460	756804	415	-0.0021
e739c710-8bf6-4ceb-86e2-08d88552f559	12	759943	764863	18	-1.0206
e739c710-8bf6-4ceb-86e2-08d88552f559	12	766188	6130819	4104	0.0147
e739c710-8bf6-4ceb-86e2-08d88552f559	12	6130834	6136426	5	-0.9864
e739c710-8bf6-4ceb-86e2-08d88552f559	12	6139799	8404097	1054	-0.0028
e739c710-8bf6-4ceb-86e2-08d88552f559	12	8405892	8423870	15	1.6886
e739c710-8bf6-4ceb-86e2-08d88552f559	12	8428232	9481274	561	0.0183
e739c710-8bf6-4ceb-86e2-08d88552f559	12	9485313	9561078	21	-1.7122
e739c710-8bf6-4ceb-86e2-08d88552f559	12	9562969	11062773	1037	0.008
e739c710-8bf6-4ceb-86e2-08d88552f559	12	11064250	11088933	12	1.1042
e739c710-8bf6-4ceb-86e2-08d88552f559	12	11099275	16266471	3690	0.0126
e739c710-8bf6-4ceb-86e2-08d88552f559	12	16268053	16268391	2	-1.8177
e739c710-8bf6-4ceb-86e2-08d88552f559	12	16275623	27942625	8018	0.0036
e739c710-8bf6-4ceb-86e2-08d88552f559	12	27944039	27944711	9	-0.9713
e739c710-8bf6-4ceb-86e2-08d88552f559	12	27950527	29006848	757	0.0052
e739c710-8bf6-4ceb-86e2-08d88552f559	12	29010695	29011589	3	-1.2026
e739c710-8bf6-4ceb-86e2-08d88552f559	12	29015050	31108764	1672	0.0173
e739c710-8bf6-4ceb-86e2-08d88552f559	12	31112123	31253875	86	0.656
e739c710-8bf6-4ceb-86e2-08d88552f559	12	31253938	45510655	6916	0.0089
e739c710-8bf6-4ceb-86e2-08d88552f559	12	45512057	45515754	3	-2.272
e739c710-8bf6-4ceb-86e2-08d88552f559	12	45519509	56540749	6276	0.0106
e739c710-8bf6-4ceb-86e2-08d88552f559	12	56541868	56566217	12	-0.6579
e739c710-8bf6-4ceb-86e2-08d88552f559	12	56569709	127737373	46158	0.0063
e739c710-8bf6-4ceb-86e2-08d88552f559	12	127737415	131289421	3090	0.0602
e739c710-8bf6-4ceb-86e2-08d88552f559	12	131290753	131290763	2	-2.1781
e739c710-8bf6-4ceb-86e2-08d88552f559	12	131291086	131324054	12	0.0198
e739c710-8bf6-4ceb-86e2-08d88552f559	12	131326303	131338175	10	0.5836
e739c710-8bf6-4ceb-86e2-08d88552f559	12	131339876	131413152	59	0.0583
e739c710-8bf6-4ceb-86e2-08d88552f559	12	131413400	131415578	6	0.9302
e739c710-8bf6-4ceb-86e2-08d88552f559	12	131418404	131636170	235	0.0492
e739c710-8bf6-4ceb-86e2-08d88552f559	12	131648039	131670109	21	0.4974
e739c710-8bf6-4ceb-86e2-08d88552f559	12	131670329	131833638	94	0.0602
e739c710-8bf6-4ceb-86e2-08d88552f559	12	131842636	133201603	457	-0.0015
e739c710-8bf6-4ceb-86e2-08d88552f559	13	18452809	23051234	2846	0.0196
e739c710-8bf6-4ceb-86e2-08d88552f559	13	23051568	23055038	10	-0.4966
e739c710-8bf6-4ceb-86e2-08d88552f559	13	23055048	23066724	22	0.659
e739c710-8bf6-4ceb-86e2-08d88552f559	13	23067029	37496998	10606	0.0054
e739c710-8bf6-4ceb-86e2-08d88552f559	13	37497899	37510620	16	0.8753
e739c710-8bf6-4ceb-86e2-08d88552f559	13	37514193	63658701	16365	0.0079
e739c710-8bf6-4ceb-86e2-08d88552f559	13	63660429	63662559	3	-1.4996
e739c710-8bf6-4ceb-86e2-08d88552f559	13	63665430	105139969	27707	0.0102
e739c710-8bf6-4ceb-86e2-08d88552f559	13	105140171	105809171	526	0.1081
e739c710-8bf6-4ceb-86e2-08d88552f559	13	105809404	114342922	6047	0.0134
e739c710-8bf6-4ceb-86e2-08d88552f559	14	18239283	19956767	168	0.1832
e739c710-8bf6-4ceb-86e2-08d88552f559	14	19957350	21823687	1242	0.0041
e739c710-8bf6-4ceb-86e2-08d88552f559	14	21831825	22067807	221	0.1492
e739c710-8bf6-4ceb-86e2-08d88552f559	14	22069113	22505306	392	0.4238
e739c710-8bf6-4ceb-86e2-08d88552f559	14	22506715	26314697	2486	-0.0013
e739c710-8bf6-4ceb-86e2-08d88552f559	14	26314707	26314712	6	-1.8575
e739c710-8bf6-4ceb-86e2-08d88552f559	14	26315707	35035384	5463	-0.0009
e739c710-8bf6-4ceb-86e2-08d88552f559	14	35040397	35040568	4	-2.623
e739c710-8bf6-4ceb-86e2-08d88552f559	14	35041591	69551330	21627	0.0049
e739c710-8bf6-4ceb-86e2-08d88552f559	14	69551651	69555750	8	-1.1699
e739c710-8bf6-4ceb-86e2-08d88552f559	14	69555996	72352976	1882	0.0082
e739c710-8bf6-4ceb-86e2-08d88552f559	14	72355936	72356133	2	-2.2984
e739c710-8bf6-4ceb-86e2-08d88552f559	14	72358023	106340102	21630	0.0132
e739c710-8bf6-4ceb-86e2-08d88552f559	14	106340305	106475361	87	0.3733
e739c710-8bf6-4ceb-86e2-08d88552f559	14	106487515	106877229	193	0.1222
e739c710-8bf6-4ceb-86e2-08d88552f559	15	19811075	19986916	42	0.0212
e739c710-8bf6-4ceb-86e2-08d88552f559	15	19989485	22590285	174	0.3793
e739c710-8bf6-4ceb-86e2-08d88552f559	15	22595648	25174845	1474	-0.005
e739c710-8bf6-4ceb-86e2-08d88552f559	15	25176460	25185096	7	-1.2287
e739c710-8bf6-4ceb-86e2-08d88552f559	15	25188158	30313650	3156	0.0146
e739c710-8bf6-4ceb-86e2-08d88552f559	15	30314058	30483791	4	-1.4296
e739c710-8bf6-4ceb-86e2-08d88552f559	15	30487388	101928837	46696	0.0044
e739c710-8bf6-4ceb-86e2-08d88552f559	16	10777	19934328	13466	-0.0011
e739c710-8bf6-4ceb-86e2-08d88552f559	16	19934486	19956040	28	-1.1193
e739c710-8bf6-4ceb-86e2-08d88552f559	16	19958932	35232200	6673	-0.0027
e739c710-8bf6-4ceb-86e2-08d88552f559	16	35236333	35530722	169	0.6141
e739c710-8bf6-4ceb-86e2-08d88552f559	16	35530845	55761136	6596	0.0066
e739c710-8bf6-4ceb-86e2-08d88552f559	16	55762477	55788532	22	-0.9646
e739c710-8bf6-4ceb-86e2-08d88552f559	16	55808442	70105639	8756	-0.0023
e739c710-8bf6-4ceb-86e2-08d88552f559	16	70117657	70164493	15	-0.7573
e739c710-8bf6-4ceb-86e2-08d88552f559	16	70177541	78337711	5509	-0.0059
e739c710-8bf6-4ceb-86e2-08d88552f559	16	78338543	78350868	16	1.1459
e739c710-8bf6-4ceb-86e2-08d88552f559	16	78351104	83856075	6232	0.0195
e739c710-8bf6-4ceb-86e2-08d88552f559	16	83857855	83858164	3	-1.5721
e739c710-8bf6-4ceb-86e2-08d88552f559	16	83858313	90096867	4385	0.03
e739c710-8bf6-4ceb-86e2-08d88552f559	17	150733	6197464	3356	-0.0076
e739c710-8bf6-4ceb-86e2-08d88552f559	17	6197476	6197491	2	-1.6774
e739c710-8bf6-4ceb-86e2-08d88552f559	17	6197723	6655343	394	0.0106
e739c710-8bf6-4ceb-86e2-08d88552f559	17	6655899	6659977	2	-2.8216
e739c710-8bf6-4ceb-86e2-08d88552f559	17	6660820	16750987	6716	0.0008
e739c710-8bf6-4ceb-86e2-08d88552f559	17	16754017	16819487	10	-0.7579
e739c710-8bf6-4ceb-86e2-08d88552f559	17	16834846	18414080	908	0.001
e739c710-8bf6-4ceb-86e2-08d88552f559	17	18452078	18537994	21	1.4027
e739c710-8bf6-4ceb-86e2-08d88552f559	17	18540308	36157718	6879	0.0127
e739c710-8bf6-4ceb-86e2-08d88552f559	17	36200725	36208249	2	2.0716
e739c710-8bf6-4ceb-86e2-08d88552f559	17	36460442	41265456	2523	0.0141
e739c710-8bf6-4ceb-86e2-08d88552f559	17	41266762	41274279	24	1.0204
e739c710-8bf6-4ceb-86e2-08d88552f559	17	41276472	46118359	2521	-0.0058
e739c710-8bf6-4ceb-86e2-08d88552f559	17	46120237	46571001	109	-0.6704
e739c710-8bf6-4ceb-86e2-08d88552f559	17	46664059	80655063	20618	-0.001
e739c710-8bf6-4ceb-86e2-08d88552f559	17	80655993	80660379	2	-2.1877
e739c710-8bf6-4ceb-86e2-08d88552f559	17	80660500	83091923	949	0.0272
e739c710-8bf6-4ceb-86e2-08d88552f559	18	48133	36048764	19648	0.0066
e739c710-8bf6-4ceb-86e2-08d88552f559	18	36049476	36053320	2	-3.8371
e739c710-8bf6-4ceb-86e2-08d88552f559	18	36055605	42471713	4373	0.0056
e739c710-8bf6-4ceb-86e2-08d88552f559	18	42476604	42477802	25	-0.8881
e739c710-8bf6-4ceb-86e2-08d88552f559	18	42478430	45322036	1775	0.0112
e739c710-8bf6-4ceb-86e2-08d88552f559	18	45322439	45328238	5	1.1509
e739c710-8bf6-4ceb-86e2-08d88552f559	18	45328426	49877077	3101	0.0032
e739c710-8bf6-4ceb-86e2-08d88552f559	18	49879433	49882262	2	-1.6193
e739c710-8bf6-4ceb-86e2-08d88552f559	18	49882671	53733739	2832	0.0058
e739c710-8bf6-4ceb-86e2-08d88552f559	18	53734095	53752235	30	0.4832
e739c710-8bf6-4ceb-86e2-08d88552f559	18	53752396	54019885	185	0.0063
e739c710-8bf6-4ceb-86e2-08d88552f559	18	54020585	54020881	2	-3.7707
e739c710-8bf6-4ceb-86e2-08d88552f559	18	54022085	71440505	12213	0.0083
e739c710-8bf6-4ceb-86e2-08d88552f559	18	71440741	73942208	2020	0.0754
e739c710-8bf6-4ceb-86e2-08d88552f559	18	73943450	78900693	3824	0.0163
e739c710-8bf6-4ceb-86e2-08d88552f559	18	78902714	78904863	5	-1.1298
e739c710-8bf6-4ceb-86e2-08d88552f559	18	78906449	80257174	704	0.057
e739c710-8bf6-4ceb-86e2-08d88552f559	19	90910	12422445	4968	-0.0119
e739c710-8bf6-4ceb-86e2-08d88552f559	19	12427951	12428068	2	-2.9951
e739c710-8bf6-4ceb-86e2-08d88552f559	19	12428785	21632117	4641	-0.0096
e739c710-8bf6-4ceb-86e2-08d88552f559	19	21632838	21637067	2	2.0594
e739c710-8bf6-4ceb-86e2-08d88552f559	19	21637309	35358420	7097	-0.0091
e739c710-8bf6-4ceb-86e2-08d88552f559	19	35364451	35370946	21	-0.5646
e739c710-8bf6-4ceb-86e2-08d88552f559	19	35375842	42751065	3671	-0.005
e739c710-8bf6-4ceb-86e2-08d88552f559	19	42758830	42850300	39	0.6611
e739c710-8bf6-4ceb-86e2-08d88552f559	19	42858500	55770704	6824	-0.0001
e739c710-8bf6-4ceb-86e2-08d88552f559	19	55771003	55771701	4	-1.5257
e739c710-8bf6-4ceb-86e2-08d88552f559	19	55774927	58586487	1838	-0.0012
e739c710-8bf6-4ceb-86e2-08d88552f559	20	80664	45719923	28975	0.001
e739c710-8bf6-4ceb-86e2-08d88552f559	20	45721734	45749572	26	-1.0902
e739c710-8bf6-4ceb-86e2-08d88552f559	20	45752208	64324800	13387	0.0082
e739c710-8bf6-4ceb-86e2-08d88552f559	21	10354168	46677045	23871	0.0036
e739c710-8bf6-4ceb-86e2-08d88552f559	22	15294547	18138194	1105	-0.0166
e739c710-8bf6-4ceb-86e2-08d88552f559	22	18141598	18146386	10	-1.6154
e739c710-8bf6-4ceb-86e2-08d88552f559	22	18147293	22398127	2339	0.0277
e739c710-8bf6-4ceb-86e2-08d88552f559	22	22398345	22398545	4	-1.4135
e739c710-8bf6-4ceb-86e2-08d88552f559	22	22402989	23987520	932	0.0528
e739c710-8bf6-4ceb-86e2-08d88552f559	22	23988078	23990739	4	1.4607
e739c710-8bf6-4ceb-86e2-08d88552f559	22	23995113	50796027	18880	-0.0027
e739c710-8bf6-4ceb-86e2-08d88552f559	X	251810	115684075	59967	0.006
e739c710-8bf6-4ceb-86e2-08d88552f559	X	115686981	115687125	2	-4.3278
e739c710-8bf6-4ceb-86e2-08d88552f559	X	115690491	155952689	23568	0.0169
e739c710-8bf6-4ceb-86e2-08d88552f559	Y	2782397	56872112	6637	-1.4215
