GDC_Aliquot	Chromosome	Start	End	Num_Probes	Segment_Mean
0bf7c542-cfb3-4b96-a8f9-457465e4f883	1	62920	3375193	783	-0.1555
0bf7c542-cfb3-4b96-a8f9-457465e4f883	1	3375476	11863925	5202	-0.0225
0bf7c542-cfb3-4b96-a8f9-457465e4f883	1	11863970	11866999	2	-4.4745
0bf7c542-cfb3-4b96-a8f9-457465e4f883	1	11868657	16679483	2671	-0.0209
0bf7c542-cfb3-4b96-a8f9-457465e4f883	1	16685961	16898730	37	-0.5597
0bf7c542-cfb3-4b96-a8f9-457465e4f883	1	16898872	16909203	5	0.1229
0bf7c542-cfb3-4b96-a8f9-457465e4f883	1	16909357	16949746	37	-0.6091
0bf7c542-cfb3-4b96-a8f9-457465e4f883	1	16951445	63061251	27677	-0.0115
0bf7c542-cfb3-4b96-a8f9-457465e4f883	1	63061867	72280884	6283	-0.0292
0bf7c542-cfb3-4b96-a8f9-457465e4f883	1	72280898	72362295	73	0.1684
0bf7c542-cfb3-4b96-a8f9-457465e4f883	1	72362629	83814102	7397	-0.0411
0bf7c542-cfb3-4b96-a8f9-457465e4f883	1	83814247	95640641	7727	-0.0173
0bf7c542-cfb3-4b96-a8f9-457465e4f883	1	95642918	103560608	4855	-0.0439
0bf7c542-cfb3-4b96-a8f9-457465e4f883	1	103566616	103616762	27	0.3974
0bf7c542-cfb3-4b96-a8f9-457465e4f883	1	103620877	107415535	2249	-0.0383
0bf7c542-cfb3-4b96-a8f9-457465e4f883	1	107415664	109690352	1323	-0.0054
0bf7c542-cfb3-4b96-a8f9-457465e4f883	1	109690415	109697556	12	-1.4062
0bf7c542-cfb3-4b96-a8f9-457465e4f883	1	109702376	110834943	837	-0.0052
0bf7c542-cfb3-4b96-a8f9-457465e4f883	1	110834946	110845604	37	-0.4452
0bf7c542-cfb3-4b96-a8f9-457465e4f883	1	110849445	112153465	1078	-0.0092
0bf7c542-cfb3-4b96-a8f9-457465e4f883	1	112153571	112154768	23	0.3541
0bf7c542-cfb3-4b96-a8f9-457465e4f883	1	112163334	143546558	5154	-0.0138
0bf7c542-cfb3-4b96-a8f9-457465e4f883	1	143546851	143796140	115	0.4415
0bf7c542-cfb3-4b96-a8f9-457465e4f883	1	143811517	152778194	2508	-0.0042
0bf7c542-cfb3-4b96-a8f9-457465e4f883	1	152778246	152806050	53	-0.332
0bf7c542-cfb3-4b96-a8f9-457465e4f883	1	152806082	153701198	620	-0.0033
0bf7c542-cfb3-4b96-a8f9-457465e4f883	1	153704086	153715580	5	-0.8791
0bf7c542-cfb3-4b96-a8f9-457465e4f883	1	153719014	158896783	2975	-0.0136
0bf7c542-cfb3-4b96-a8f9-457465e4f883	1	158898711	158899969	2	2.1241
0bf7c542-cfb3-4b96-a8f9-457465e4f883	1	158905028	162905048	2668	-0.0101
0bf7c542-cfb3-4b96-a8f9-457465e4f883	1	162905181	165866127	2405	-0.0499
0bf7c542-cfb3-4b96-a8f9-457465e4f883	1	165866311	174827128	6108	-0.0041
0bf7c542-cfb3-4b96-a8f9-457465e4f883	1	174827267	174832716	18	-0.5463
0bf7c542-cfb3-4b96-a8f9-457465e4f883	1	174832734	195330057	13710	-0.029
0bf7c542-cfb3-4b96-a8f9-457465e4f883	1	195333873	195394118	33	0.2841
0bf7c542-cfb3-4b96-a8f9-457465e4f883	1	195394988	196729184	876	-0.039
0bf7c542-cfb3-4b96-a8f9-457465e4f883	1	196735867	196832720	74	0.2086
0bf7c542-cfb3-4b96-a8f9-457465e4f883	1	196843377	209897717	8765	-0.0144
0bf7c542-cfb3-4b96-a8f9-457465e4f883	1	209908268	209910639	3	1.2843
0bf7c542-cfb3-4b96-a8f9-457465e4f883	1	209913207	220588265	7443	-0.0326
0bf7c542-cfb3-4b96-a8f9-457465e4f883	1	220589182	220589568	2	-1.6322
0bf7c542-cfb3-4b96-a8f9-457465e4f883	1	220592537	220776338	106	-0.0476
0bf7c542-cfb3-4b96-a8f9-457465e4f883	1	220777663	220777793	2	-1.6538
0bf7c542-cfb3-4b96-a8f9-457465e4f883	1	220779968	248585918	19263	-0.0328
0bf7c542-cfb3-4b96-a8f9-457465e4f883	1	248586259	248645563	31	0.3887
0bf7c542-cfb3-4b96-a8f9-457465e4f883	1	248645808	248930189	140	-0.0849
0bf7c542-cfb3-4b96-a8f9-457465e4f883	2	12784	3166763	2197	-0.0872
0bf7c542-cfb3-4b96-a8f9-457465e4f883	2	3167186	3293235	132	-0.257
0bf7c542-cfb3-4b96-a8f9-457465e4f883	2	3293722	7432299	3530	-0.0575
0bf7c542-cfb3-4b96-a8f9-457465e4f883	2	7435302	52514599	31232	-0.0269
0bf7c542-cfb3-4b96-a8f9-457465e4f883	2	52516787	52554384	40	0.3841
0bf7c542-cfb3-4b96-a8f9-457465e4f883	2	52554404	54001319	1121	-0.0412
0bf7c542-cfb3-4b96-a8f9-457465e4f883	2	54001792	54233345	136	-0.3902
0bf7c542-cfb3-4b96-a8f9-457465e4f883	2	54237235	86204498	20341	-0.0336
0bf7c542-cfb3-4b96-a8f9-457465e4f883	2	86204616	86210934	8	-0.8984
0bf7c542-cfb3-4b96-a8f9-457465e4f883	2	86211477	86710564	285	-0.0407
0bf7c542-cfb3-4b96-a8f9-457465e4f883	2	86725947	86726731	2	1.0261
0bf7c542-cfb3-4b96-a8f9-457465e4f883	2	86743283	86897011	62	-0.035
0bf7c542-cfb3-4b96-a8f9-457465e4f883	2	86901078	87082140	15	-0.6587
0bf7c542-cfb3-4b96-a8f9-457465e4f883	2	87082711	87487629	84	-0.1
0bf7c542-cfb3-4b96-a8f9-457465e4f883	2	87489160	87575894	19	-0.5335
0bf7c542-cfb3-4b96-a8f9-457465e4f883	2	87576101	106258266	7322	-0.0333
0bf7c542-cfb3-4b96-a8f9-457465e4f883	2	106263639	106268901	12	-2.0099
0bf7c542-cfb3-4b96-a8f9-457465e4f883	2	106270799	129597933	13956	-0.0291
0bf7c542-cfb3-4b96-a8f9-457465e4f883	2	129598357	129598954	3	-1.3465
0bf7c542-cfb3-4b96-a8f9-457465e4f883	2	129601358	130031187	296	-0.0583
0bf7c542-cfb3-4b96-a8f9-457465e4f883	2	130031201	130357275	91	-0.2531
0bf7c542-cfb3-4b96-a8f9-457465e4f883	2	130358636	131790948	485	-0.0358
0bf7c542-cfb3-4b96-a8f9-457465e4f883	2	131802699	131802808	2	-1.6604
0bf7c542-cfb3-4b96-a8f9-457465e4f883	2	131814020	138008280	3987	-0.039
0bf7c542-cfb3-4b96-a8f9-457465e4f883	2	138019027	138020296	2	-1.5846
0bf7c542-cfb3-4b96-a8f9-457465e4f883	2	138029485	146106875	4965	-0.0534
0bf7c542-cfb3-4b96-a8f9-457465e4f883	2	146106889	146109366	21	0.7529
0bf7c542-cfb3-4b96-a8f9-457465e4f883	2	146120238	179196928	20253	-0.0293
0bf7c542-cfb3-4b96-a8f9-457465e4f883	2	179202465	179214417	3	-2.1479
0bf7c542-cfb3-4b96-a8f9-457465e4f883	2	179218864	223204118	26830	-0.0257
0bf7c542-cfb3-4b96-a8f9-457465e4f883	2	223204782	223205890	3	-1.9841
0bf7c542-cfb3-4b96-a8f9-457465e4f883	2	223205964	232429529	5760	-0.023
0bf7c542-cfb3-4b96-a8f9-457465e4f883	2	232438125	232447215	5	-0.9481
0bf7c542-cfb3-4b96-a8f9-457465e4f883	2	232453368	242147305	6141	-0.0301
0bf7c542-cfb3-4b96-a8f9-457465e4f883	3	20930	5493206	4831	-0.0275
0bf7c542-cfb3-4b96-a8f9-457465e4f883	3	5493895	5497427	2	-3.6189
0bf7c542-cfb3-4b96-a8f9-457465e4f883	3	5497901	5840699	284	-0.0642
0bf7c542-cfb3-4b96-a8f9-457465e4f883	3	5841339	5846834	3	-1.318
0bf7c542-cfb3-4b96-a8f9-457465e4f883	3	5847323	52998022	30571	-0.0256
0bf7c542-cfb3-4b96-a8f9-457465e4f883	3	52999132	53004928	22	-0.477
0bf7c542-cfb3-4b96-a8f9-457465e4f883	3	53005084	59984506	4842	-0.0301
0bf7c542-cfb3-4b96-a8f9-457465e4f883	3	59985039	60011386	51	-0.6771
0bf7c542-cfb3-4b96-a8f9-457465e4f883	3	60015476	60255320	305	-0.0043
0bf7c542-cfb3-4b96-a8f9-457465e4f883	3	60255625	60471012	208	-0.3834
0bf7c542-cfb3-4b96-a8f9-457465e4f883	3	60471221	68697013	6616	-0.0342
0bf7c542-cfb3-4b96-a8f9-457465e4f883	3	68697108	68699607	15	0.7614
0bf7c542-cfb3-4b96-a8f9-457465e4f883	3	68699635	99225754	15892	-0.0457
0bf7c542-cfb3-4b96-a8f9-457465e4f883	3	99225775	99232120	34	-0.4405
0bf7c542-cfb3-4b96-a8f9-457465e4f883	3	99232539	128680378	18064	-0.0282
0bf7c542-cfb3-4b96-a8f9-457465e4f883	3	128686328	128692935	6	0.9373
0bf7c542-cfb3-4b96-a8f9-457465e4f883	3	128693488	129593367	409	-0.0261
0bf7c542-cfb3-4b96-a8f9-457465e4f883	3	129594146	129594646	2	-1.4222
0bf7c542-cfb3-4b96-a8f9-457465e4f883	3	129597751	150810915	13085	-0.0273
0bf7c542-cfb3-4b96-a8f9-457465e4f883	3	150812165	150812953	2	-1.6619
0bf7c542-cfb3-4b96-a8f9-457465e4f883	3	150813207	162815162	7418	-0.0341
0bf7c542-cfb3-4b96-a8f9-457465e4f883	3	162816942	162854823	19	-0.5583
0bf7c542-cfb3-4b96-a8f9-457465e4f883	3	162856980	162996729	107	-0.0115
0bf7c542-cfb3-4b96-a8f9-457465e4f883	3	162999939	163001774	2	1.179
0bf7c542-cfb3-4b96-a8f9-457465e4f883	3	163008371	165341586	1268	-0.0261
0bf7c542-cfb3-4b96-a8f9-457465e4f883	3	165341597	165344664	11	0.5942
0bf7c542-cfb3-4b96-a8f9-457465e4f883	3	165344686	173494583	4988	-0.015
0bf7c542-cfb3-4b96-a8f9-457465e4f883	3	173497944	173571809	37	-0.5166
0bf7c542-cfb3-4b96-a8f9-457465e4f883	3	173571890	176667609	2107	-0.0355
0bf7c542-cfb3-4b96-a8f9-457465e4f883	3	176673046	177565315	554	0.1236
0bf7c542-cfb3-4b96-a8f9-457465e4f883	3	177567399	180753918	1962	-0.0371
0bf7c542-cfb3-4b96-a8f9-457465e4f883	3	180755037	180759715	4	-1.613
0bf7c542-cfb3-4b96-a8f9-457465e4f883	3	180761369	183479934	1477	-0.036
0bf7c542-cfb3-4b96-a8f9-457465e4f883	3	183480035	183480749	2	-1.8228
0bf7c542-cfb3-4b96-a8f9-457465e4f883	3	183480900	193156018	6669	-0.0227
0bf7c542-cfb3-4b96-a8f9-457465e4f883	3	193156958	193165114	21	-0.5571
0bf7c542-cfb3-4b96-a8f9-457465e4f883	3	193168646	198169247	2690	-0.0176
0bf7c542-cfb3-4b96-a8f9-457465e4f883	4	68929	4108503	1619	-0.0403
0bf7c542-cfb3-4b96-a8f9-457465e4f883	4	4112194	4163608	11	-0.9706
0bf7c542-cfb3-4b96-a8f9-457465e4f883	4	4164791	9455251	3515	-0.0373
0bf7c542-cfb3-4b96-a8f9-457465e4f883	4	9459504	9477560	5	-1.2493
0bf7c542-cfb3-4b96-a8f9-457465e4f883	4	9477699	10208766	538	-0.0735
0bf7c542-cfb3-4b96-a8f9-457465e4f883	4	10221792	10233558	34	-1.2958
0bf7c542-cfb3-4b96-a8f9-457465e4f883	4	10233644	10397113	177	-0.0318
0bf7c542-cfb3-4b96-a8f9-457465e4f883	4	10397210	10399044	10	0.5335
0bf7c542-cfb3-4b96-a8f9-457465e4f883	4	10401094	34777432	16769	-0.0406
0bf7c542-cfb3-4b96-a8f9-457465e4f883	4	34784878	34823103	38	0.7277
0bf7c542-cfb3-4b96-a8f9-457465e4f883	4	34828250	59860027	14292	-0.0323
0bf7c542-cfb3-4b96-a8f9-457465e4f883	4	59860293	66863757	4207	-0.0666
0bf7c542-cfb3-4b96-a8f9-457465e4f883	4	66865697	68506285	941	-0.0343
0bf7c542-cfb3-4b96-a8f9-457465e4f883	4	68509223	68620261	65	0.418
0bf7c542-cfb3-4b96-a8f9-457465e4f883	4	68623617	69254604	310	0.0196
0bf7c542-cfb3-4b96-a8f9-457465e4f883	4	69254981	69366406	61	-0.5367
0bf7c542-cfb3-4b96-a8f9-457465e4f883	4	69370433	154881396	51344	-0.0318
0bf7c542-cfb3-4b96-a8f9-457465e4f883	4	154881853	154881926	3	-2.7622
0bf7c542-cfb3-4b96-a8f9-457465e4f883	4	154882047	190106768	23079	-0.0429
0bf7c542-cfb3-4b96-a8f9-457465e4f883	5	15532	5577312	4277	-0.0821
0bf7c542-cfb3-4b96-a8f9-457465e4f883	5	5578808	9356812	3239	-0.0444
0bf7c542-cfb3-4b96-a8f9-457465e4f883	5	9356882	9356991	4	-1.0885
0bf7c542-cfb3-4b96-a8f9-457465e4f883	5	9361678	20898302	7846	-0.032
0bf7c542-cfb3-4b96-a8f9-457465e4f883	5	20903084	31807836	6644	-0.0599
0bf7c542-cfb3-4b96-a8f9-457465e4f883	5	31808175	69533520	21012	-0.027
0bf7c542-cfb3-4b96-a8f9-457465e4f883	5	69550476	69822308	6	-1.0592
0bf7c542-cfb3-4b96-a8f9-457465e4f883	5	69937600	96460158	14790	-0.0336
0bf7c542-cfb3-4b96-a8f9-457465e4f883	5	96462146	100684281	2481	0.0117
0bf7c542-cfb3-4b96-a8f9-457465e4f883	5	100686574	156045123	35653	-0.0314
0bf7c542-cfb3-4b96-a8f9-457465e4f883	5	156048089	156055719	18	-0.5182
0bf7c542-cfb3-4b96-a8f9-457465e4f883	5	156068240	180947523	16578	-0.0363
0bf7c542-cfb3-4b96-a8f9-457465e4f883	5	180951710	181024894	30	0.3125
0bf7c542-cfb3-4b96-a8f9-457465e4f883	5	181025002	181176719	99	-0.0447
0bf7c542-cfb3-4b96-a8f9-457465e4f883	5	181179565	181363319	60	-0.1527
0bf7c542-cfb3-4b96-a8f9-457465e4f883	6	149661	253861	97	-0.0263
0bf7c542-cfb3-4b96-a8f9-457465e4f883	6	254267	384521	106	-0.4039
0bf7c542-cfb3-4b96-a8f9-457465e4f883	6	384546	502108	101	-0.1073
0bf7c542-cfb3-4b96-a8f9-457465e4f883	6	506231	32488906	22521	0.0241
0bf7c542-cfb3-4b96-a8f9-457465e4f883	6	32488965	32634330	47	-0.5844
0bf7c542-cfb3-4b96-a8f9-457465e4f883	6	32634492	32718419	48	0.061
0bf7c542-cfb3-4b96-a8f9-457465e4f883	6	32720838	32721076	3	-1.3264
0bf7c542-cfb3-4b96-a8f9-457465e4f883	6	32721547	43931310	7059	0.0418
0bf7c542-cfb3-4b96-a8f9-457465e4f883	6	43931515	66298393	11916	-0.0287
0bf7c542-cfb3-4b96-a8f9-457465e4f883	6	66299130	66338736	55	-0.5543
0bf7c542-cfb3-4b96-a8f9-457465e4f883	6	66339513	76881916	6909	-0.0412
0bf7c542-cfb3-4b96-a8f9-457465e4f883	6	76882223	76882545	2	-1.5099
0bf7c542-cfb3-4b96-a8f9-457465e4f883	6	76883475	78253172	861	-0.0406
0bf7c542-cfb3-4b96-a8f9-457465e4f883	6	78259348	78325223	110	-0.4864
0bf7c542-cfb3-4b96-a8f9-457465e4f883	6	78325310	103286954	15462	-0.0343
0bf7c542-cfb3-4b96-a8f9-457465e4f883	6	103290101	103314186	46	-1.1967
0bf7c542-cfb3-4b96-a8f9-457465e4f883	6	103317795	104732768	927	-0.0779
0bf7c542-cfb3-4b96-a8f9-457465e4f883	6	104747356	114684682	6198	-0.0178
0bf7c542-cfb3-4b96-a8f9-457465e4f883	6	114684989	115047731	176	-0.099
0bf7c542-cfb3-4b96-a8f9-457465e4f883	6	115057911	115086809	4	-1.3962
0bf7c542-cfb3-4b96-a8f9-457465e4f883	6	115087407	128504126	7994	-0.0348
0bf7c542-cfb3-4b96-a8f9-457465e4f883	6	128507123	128508254	6	-1.3079
0bf7c542-cfb3-4b96-a8f9-457465e4f883	6	128509158	133945130	3747	-0.0297
0bf7c542-cfb3-4b96-a8f9-457465e4f883	6	133947933	133948494	2	-1.8172
0bf7c542-cfb3-4b96-a8f9-457465e4f883	6	133950934	143709710	6301	-0.0206
0bf7c542-cfb3-4b96-a8f9-457465e4f883	6	143710056	143710271	2	-1.3826
0bf7c542-cfb3-4b96-a8f9-457465e4f883	6	143710870	148932888	3466	-0.0225
0bf7c542-cfb3-4b96-a8f9-457465e4f883	6	148933118	148933534	2	-1.2261
0bf7c542-cfb3-4b96-a8f9-457465e4f883	6	148936464	150994905	1429	-0.0225
0bf7c542-cfb3-4b96-a8f9-457465e4f883	6	150997402	150998691	3	-1.5194
0bf7c542-cfb3-4b96-a8f9-457465e4f883	6	150999490	162412183	8088	-0.04
0bf7c542-cfb3-4b96-a8f9-457465e4f883	6	162416490	162538711	116	-0.5272
0bf7c542-cfb3-4b96-a8f9-457465e4f883	6	162539169	170741917	5659	-0.068
0bf7c542-cfb3-4b96-a8f9-457465e4f883	7	43355	56717795	40033	0.3177
0bf7c542-cfb3-4b96-a8f9-457465e4f883	7	56717864	63824910	802	0.186
0bf7c542-cfb3-4b96-a8f9-457465e4f883	7	63835652	65108474	645	0.2889
0bf7c542-cfb3-4b96-a8f9-457465e4f883	7	65133963	65190971	5	-0.7766
0bf7c542-cfb3-4b96-a8f9-457465e4f883	7	65191262	88569943	12864	0.3099
0bf7c542-cfb3-4b96-a8f9-457465e4f883	7	88570013	90266549	1142	0.373
0bf7c542-cfb3-4b96-a8f9-457465e4f883	7	90267056	96533167	3998	0.3079
0bf7c542-cfb3-4b96-a8f9-457465e4f883	7	96533513	96804596	159	0.1085
0bf7c542-cfb3-4b96-a8f9-457465e4f883	7	96805649	96806579	3	-1.181
0bf7c542-cfb3-4b96-a8f9-457465e4f883	7	96808705	110635646	7842	0.1052
0bf7c542-cfb3-4b96-a8f9-457465e4f883	7	110636248	111042828	249	-0.0449
0bf7c542-cfb3-4b96-a8f9-457465e4f883	7	111047104	126404920	9198	0.0891
0bf7c542-cfb3-4b96-a8f9-457465e4f883	7	126405428	126406561	12	1.6553
0bf7c542-cfb3-4b96-a8f9-457465e4f883	7	126406822	134100424	4689	0.0892
0bf7c542-cfb3-4b96-a8f9-457465e4f883	7	134100442	134105690	24	0.5706
0bf7c542-cfb3-4b96-a8f9-457465e4f883	7	134110881	134689245	452	0.0945
0bf7c542-cfb3-4b96-a8f9-457465e4f883	7	134689312	135861779	803	0.3132
0bf7c542-cfb3-4b96-a8f9-457465e4f883	7	135865107	137810098	1316	0.2574
0bf7c542-cfb3-4b96-a8f9-457465e4f883	7	137813212	141266069	2114	0.3113
0bf7c542-cfb3-4b96-a8f9-457465e4f883	7	141269711	153623612	7471	-0.0767
0bf7c542-cfb3-4b96-a8f9-457465e4f883	7	153627507	153628622	3	-1.2205
0bf7c542-cfb3-4b96-a8f9-457465e4f883	7	153639357	154877295	937	-0.1138
0bf7c542-cfb3-4b96-a8f9-457465e4f883	7	154880936	154881099	2	-1.9954
0bf7c542-cfb3-4b96-a8f9-457465e4f883	7	154881487	156592980	1349	-0.0778
0bf7c542-cfb3-4b96-a8f9-457465e4f883	7	156599096	156601485	4	-1.9172
0bf7c542-cfb3-4b96-a8f9-457465e4f883	7	156602214	157712702	614	-0.0731
0bf7c542-cfb3-4b96-a8f9-457465e4f883	7	157712968	159254777	937	0.2572
0bf7c542-cfb3-4b96-a8f9-457465e4f883	7	159258044	159266713	11	-1.0565
0bf7c542-cfb3-4b96-a8f9-457465e4f883	7	159268356	159324709	44	0.1927
0bf7c542-cfb3-4b96-a8f9-457465e4f883	7	159324804	159334314	15	-0.6745
0bf7c542-cfb3-4b96-a8f9-457465e4f883	8	81254	25117062	21438	-0.0142
0bf7c542-cfb3-4b96-a8f9-457465e4f883	8	25117985	25122472	17	0.5941
0bf7c542-cfb3-4b96-a8f9-457465e4f883	8	25126554	25709379	445	-0.0167
0bf7c542-cfb3-4b96-a8f9-457465e4f883	8	25709572	25737716	12	0.4917
0bf7c542-cfb3-4b96-a8f9-457465e4f883	8	25738025	36365355	6951	-0.0057
0bf7c542-cfb3-4b96-a8f9-457465e4f883	8	36369125	40324598	2254	0.0454
0bf7c542-cfb3-4b96-a8f9-457465e4f883	8	40326278	40331992	34	-0.8417
0bf7c542-cfb3-4b96-a8f9-457465e4f883	8	40335391	41285507	682	0.0202
0bf7c542-cfb3-4b96-a8f9-457465e4f883	8	41287246	43565674	1217	0.0593
0bf7c542-cfb3-4b96-a8f9-457465e4f883	8	43565689	43566387	2	-1.2858
0bf7c542-cfb3-4b96-a8f9-457465e4f883	8	43583771	43907538	57	0.1217
0bf7c542-cfb3-4b96-a8f9-457465e4f883	8	43912083	111282441	39403	0.0055
0bf7c542-cfb3-4b96-a8f9-457465e4f883	8	111282809	111283016	4	-1.6483
0bf7c542-cfb3-4b96-a8f9-457465e4f883	8	111283031	114622478	1823	-0.007
0bf7c542-cfb3-4b96-a8f9-457465e4f883	8	114622678	114628759	19	-0.705
0bf7c542-cfb3-4b96-a8f9-457465e4f883	8	114628773	117296525	1697	0.0021
0bf7c542-cfb3-4b96-a8f9-457465e4f883	8	117297124	136023266	13714	0.0409
0bf7c542-cfb3-4b96-a8f9-457465e4f883	8	136023422	141427252	4100	-0.0082
0bf7c542-cfb3-4b96-a8f9-457465e4f883	8	141442125	142407252	585	-0.1573
0bf7c542-cfb3-4b96-a8f9-457465e4f883	8	142407360	145072769	952	-0.0306
0bf7c542-cfb3-4b96-a8f9-457465e4f883	9	46587	42585140	31293	-0.0255
0bf7c542-cfb3-4b96-a8f9-457465e4f883	9	42697878	64877074	206	-0.2776
0bf7c542-cfb3-4b96-a8f9-457465e4f883	9	64881149	76505925	5965	-0.0285
0bf7c542-cfb3-4b96-a8f9-457465e4f883	9	76505987	76508363	13	-0.8331
0bf7c542-cfb3-4b96-a8f9-457465e4f883	9	76510394	76786285	241	0.0092
0bf7c542-cfb3-4b96-a8f9-457465e4f883	9	76786739	76792137	10	-0.4251
0bf7c542-cfb3-4b96-a8f9-457465e4f883	9	76795309	78576539	1238	-0.0039
0bf7c542-cfb3-4b96-a8f9-457465e4f883	9	78577074	88116525	6881	-0.0498
0bf7c542-cfb3-4b96-a8f9-457465e4f883	9	88141515	131383392	29914	-0.0202
0bf7c542-cfb3-4b96-a8f9-457465e4f883	9	131385539	131390317	5	-1.1233
0bf7c542-cfb3-4b96-a8f9-457465e4f883	9	131396628	135322259	2511	-0.0328
0bf7c542-cfb3-4b96-a8f9-457465e4f883	9	135323776	135324566	2	-2.5744
0bf7c542-cfb3-4b96-a8f9-457465e4f883	9	135325951	138200944	1106	-0.0516
0bf7c542-cfb3-4b96-a8f9-457465e4f883	10	45792	22493438	18088	-0.0401
0bf7c542-cfb3-4b96-a8f9-457465e4f883	10	22494625	22507832	13	-0.8979
0bf7c542-cfb3-4b96-a8f9-457465e4f883	10	22507878	46116171	13343	-0.0362
0bf7c542-cfb3-4b96-a8f9-457465e4f883	10	46130381	46446817	175	-0.2507
0bf7c542-cfb3-4b96-a8f9-457465e4f883	10	46489651	130472578	56934	-0.026
0bf7c542-cfb3-4b96-a8f9-457465e4f883	10	130472631	130472908	3	-2.831
0bf7c542-cfb3-4b96-a8f9-457465e4f883	10	130474590	133654968	1988	-0.1064
0bf7c542-cfb3-4b96-a8f9-457465e4f883	11	198510	456012	104	-0.2209
0bf7c542-cfb3-4b96-a8f9-457465e4f883	11	456120	5766175	3128	-0.036
0bf7c542-cfb3-4b96-a8f9-457465e4f883	11	5766850	5788231	34	-0.6238
0bf7c542-cfb3-4b96-a8f9-457465e4f883	11	5791130	18928100	9397	-0.0194
0bf7c542-cfb3-4b96-a8f9-457465e4f883	11	18928121	18939855	34	-0.3629
0bf7c542-cfb3-4b96-a8f9-457465e4f883	11	18940050	25643255	5300	-0.0337
0bf7c542-cfb3-4b96-a8f9-457465e4f883	11	25644343	26317264	569	-0.5035
0bf7c542-cfb3-4b96-a8f9-457465e4f883	11	26324119	31208819	3151	-0.0338
0bf7c542-cfb3-4b96-a8f9-457465e4f883	11	31210422	31211077	4	-1.1051
0bf7c542-cfb3-4b96-a8f9-457465e4f883	11	31213425	37785682	4843	-0.019
0bf7c542-cfb3-4b96-a8f9-457465e4f883	11	37786769	42483509	3103	-0.0708
0bf7c542-cfb3-4b96-a8f9-457465e4f883	11	42484975	55646188	4802	-0.032
0bf7c542-cfb3-4b96-a8f9-457465e4f883	11	55646605	55677512	17	-0.5289
0bf7c542-cfb3-4b96-a8f9-457465e4f883	11	55677818	65020154	5179	-0.0191
0bf7c542-cfb3-4b96-a8f9-457465e4f883	11	65023875	65072225	14	-0.5226
0bf7c542-cfb3-4b96-a8f9-457465e4f883	11	65072447	67567455	968	-0.032
0bf7c542-cfb3-4b96-a8f9-457465e4f883	11	67571111	68003149	139	-0.1892
0bf7c542-cfb3-4b96-a8f9-457465e4f883	11	68007631	69179390	586	0.0064
0bf7c542-cfb3-4b96-a8f9-457465e4f883	11	69179860	69180225	2	-2.257
0bf7c542-cfb3-4b96-a8f9-457465e4f883	11	69180237	126109862	38393	-0.0301
0bf7c542-cfb3-4b96-a8f9-457465e4f883	11	126112184	126112270	2	-2.0671
0bf7c542-cfb3-4b96-a8f9-457465e4f883	11	126112810	134340968	6336	-0.0442
0bf7c542-cfb3-4b96-a8f9-457465e4f883	11	134346971	135074876	589	-0.1421
0bf7c542-cfb3-4b96-a8f9-457465e4f883	12	51460	275865	141	-0.1689
0bf7c542-cfb3-4b96-a8f9-457465e4f883	12	275926	8155372	5370	-0.0187
0bf7c542-cfb3-4b96-a8f9-457465e4f883	12	8156785	9481274	654	-0.1006
0bf7c542-cfb3-4b96-a8f9-457465e4f883	12	9485313	9582374	25	-1.2753
0bf7c542-cfb3-4b96-a8f9-457465e4f883	12	9583090	10142975	432	-0.0737
0bf7c542-cfb3-4b96-a8f9-457465e4f883	12	10145566	45510655	21729	-0.0267
0bf7c542-cfb3-4b96-a8f9-457465e4f883	12	45512057	45515754	3	1.5234
0bf7c542-cfb3-4b96-a8f9-457465e4f883	12	45519509	46780533	712	-0.0478
0bf7c542-cfb3-4b96-a8f9-457465e4f883	12	46781070	58162844	6374	-0.0043
0bf7c542-cfb3-4b96-a8f9-457465e4f883	12	58164521	128013817	45526	-0.0289
0bf7c542-cfb3-4b96-a8f9-457465e4f883	12	128014354	133201603	3759	-0.0791
0bf7c542-cfb3-4b96-a8f9-457465e4f883	13	18452809	18890033	115	0.4565
0bf7c542-cfb3-4b96-a8f9-457465e4f883	13	18892431	23055048	2740	0.6868
0bf7c542-cfb3-4b96-a8f9-457465e4f883	13	23055071	23059376	13	-0.5575
0bf7c542-cfb3-4b96-a8f9-457465e4f883	13	23064056	71211217	31773	0.6816
0bf7c542-cfb3-4b96-a8f9-457465e4f883	13	71223787	71789429	323	0.4532
0bf7c542-cfb3-4b96-a8f9-457465e4f883	13	71793020	71903417	77	0.6948
0bf7c542-cfb3-4b96-a8f9-457465e4f883	13	71905409	71906467	4	1.5949
0bf7c542-cfb3-4b96-a8f9-457465e4f883	13	71912345	74447760	1917	0.699
0bf7c542-cfb3-4b96-a8f9-457465e4f883	13	74447866	74448524	2	-1.1439
0bf7c542-cfb3-4b96-a8f9-457465e4f883	13	74450476	80615166	4197	0.6889
0bf7c542-cfb3-4b96-a8f9-457465e4f883	13	80615467	96421601	9923	0.6561
0bf7c542-cfb3-4b96-a8f9-457465e4f883	13	96421723	114342922	13054	0.6965
0bf7c542-cfb3-4b96-a8f9-457465e4f883	14	18239283	18646056	16	-0.2503
0bf7c542-cfb3-4b96-a8f9-457465e4f883	14	18656322	18950560	10	0.5348
0bf7c542-cfb3-4b96-a8f9-457465e4f883	14	18976793	19732024	39	-0.2519
0bf7c542-cfb3-4b96-a8f9-457465e4f883	14	19732222	19966799	118	0.3302
0bf7c542-cfb3-4b96-a8f9-457465e4f883	14	19966871	64035829	27977	-0.0306
0bf7c542-cfb3-4b96-a8f9-457465e4f883	14	64041522	64170456	91	-0.5612
0bf7c542-cfb3-4b96-a8f9-457465e4f883	14	64178371	106416146	26832	-0.0287
0bf7c542-cfb3-4b96-a8f9-457465e4f883	14	106418444	106475361	51	-0.4741
0bf7c542-cfb3-4b96-a8f9-457465e4f883	14	106487515	106877229	193	0.009
0bf7c542-cfb3-4b96-a8f9-457465e4f883	15	19811075	19967342	31	-0.2445
0bf7c542-cfb3-4b96-a8f9-457465e4f883	15	19970611	20235285	31	0.2067
0bf7c542-cfb3-4b96-a8f9-457465e4f883	15	20240885	21272760	111	-0.2316
0bf7c542-cfb3-4b96-a8f9-457465e4f883	15	21417107	22294951	29	-0.9217
0bf7c542-cfb3-4b96-a8f9-457465e4f883	15	22296480	23809640	614	-0.05
0bf7c542-cfb3-4b96-a8f9-457465e4f883	15	23810290	23814160	20	-0.935
0bf7c542-cfb3-4b96-a8f9-457465e4f883	15	23820546	24746797	548	-0.0391
0bf7c542-cfb3-4b96-a8f9-457465e4f883	15	24746951	29693161	3202	-0.0794
0bf7c542-cfb3-4b96-a8f9-457465e4f883	15	29693871	76586021	29290	-0.0144
0bf7c542-cfb3-4b96-a8f9-457465e4f883	15	76598900	76603434	22	-1.7635
0bf7c542-cfb3-4b96-a8f9-457465e4f883	15	76609838	101928837	17593	-0.0275
0bf7c542-cfb3-4b96-a8f9-457465e4f883	16	10777	1023552	390	-0.1019
0bf7c542-cfb3-4b96-a8f9-457465e4f883	16	1028763	1038797	2	-1.86
0bf7c542-cfb3-4b96-a8f9-457465e4f883	16	1039949	11535608	8281	-0.0301
0bf7c542-cfb3-4b96-a8f9-457465e4f883	16	11535928	11536077	2	-2.3884
0bf7c542-cfb3-4b96-a8f9-457465e4f883	16	11536092	19933041	4775	-0.0342
0bf7c542-cfb3-4b96-a8f9-457465e4f883	16	19934328	19956040	29	-0.7434
0bf7c542-cfb3-4b96-a8f9-457465e4f883	16	19958932	78357899	27740	-0.032
0bf7c542-cfb3-4b96-a8f9-457465e4f883	16	78357916	78587516	328	-0.1978
0bf7c542-cfb3-4b96-a8f9-457465e4f883	16	78587723	90096867	10259	-0.0514
0bf7c542-cfb3-4b96-a8f9-457465e4f883	17	150733	348711	115	-0.1419
0bf7c542-cfb3-4b96-a8f9-457465e4f883	17	350768	353102	3	-1.3245
0bf7c542-cfb3-4b96-a8f9-457465e4f883	17	354968	16834846	10350	-0.0272
0bf7c542-cfb3-4b96-a8f9-457465e4f883	17	16838201	16838214	2	-1.6173
0bf7c542-cfb3-4b96-a8f9-457465e4f883	17	16838470	29269029	3541	-0.0178
0bf7c542-cfb3-4b96-a8f9-457465e4f883	17	29276068	29276298	2	-1.4653
0bf7c542-cfb3-4b96-a8f9-457465e4f883	17	29277601	34113076	2787	-0.0144
0bf7c542-cfb3-4b96-a8f9-457465e4f883	17	34114950	34653440	547	-0.143
0bf7c542-cfb3-4b96-a8f9-457465e4f883	17	34660497	36109315	881	-0.0065
0bf7c542-cfb3-4b96-a8f9-457465e4f883	17	36109735	36157718	35	0.9569
0bf7c542-cfb3-4b96-a8f9-457465e4f883	17	36200725	41262120	2522	-0.0071
0bf7c542-cfb3-4b96-a8f9-457465e4f883	17	41265433	41274198	25	-0.8039
0bf7c542-cfb3-4b96-a8f9-457465e4f883	17	41274279	41302314	33	-0.0549
0bf7c542-cfb3-4b96-a8f9-457465e4f883	17	41302641	41304063	4	-1.4699
0bf7c542-cfb3-4b96-a8f9-457465e4f883	17	41304202	46084941	2457	-0.013
0bf7c542-cfb3-4b96-a8f9-457465e4f883	17	46085231	46284643	124	0.5214
0bf7c542-cfb3-4b96-a8f9-457465e4f883	17	46284997	73920576	16865	-0.0151
0bf7c542-cfb3-4b96-a8f9-457465e4f883	17	73921361	74715289	504	-0.1516
0bf7c542-cfb3-4b96-a8f9-457465e4f883	17	74716223	83091923	4173	-0.0388
0bf7c542-cfb3-4b96-a8f9-457465e4f883	18	48133	12005279	8752	-0.048
0bf7c542-cfb3-4b96-a8f9-457465e4f883	18	12005766	12006036	4	-1.275
0bf7c542-cfb3-4b96-a8f9-457465e4f883	18	12006060	40680456	13991	-0.0372
0bf7c542-cfb3-4b96-a8f9-457465e4f883	18	40680470	40685425	18	0.4688
0bf7c542-cfb3-4b96-a8f9-457465e4f883	18	40688060	40871647	119	-0.0891
0bf7c542-cfb3-4b96-a8f9-457465e4f883	18	40875170	40875183	2	-1.5151
0bf7c542-cfb3-4b96-a8f9-457465e4f883	18	40876925	45220183	2829	-0.049
0bf7c542-cfb3-4b96-a8f9-457465e4f883	18	45222045	45222435	3	-1.5785
0bf7c542-cfb3-4b96-a8f9-457465e4f883	18	45223864	51056937	4136	-0.0321
0bf7c542-cfb3-4b96-a8f9-457465e4f883	18	51066433	51106502	52	-1.0072
0bf7c542-cfb3-4b96-a8f9-457465e4f883	18	51123704	51150694	21	-0.1916
0bf7c542-cfb3-4b96-a8f9-457465e4f883	18	51150755	74432961	16620	-0.0291
0bf7c542-cfb3-4b96-a8f9-457465e4f883	18	74433246	80257174	4112	-0.0706
0bf7c542-cfb3-4b96-a8f9-457465e4f883	19	90910	58586487	29058	-0.0264
0bf7c542-cfb3-4b96-a8f9-457465e4f883	20	80664	1580353	1201	0.1167
0bf7c542-cfb3-4b96-a8f9-457465e4f883	20	1580934	1617300	42	-0.4628
0bf7c542-cfb3-4b96-a8f9-457465e4f883	20	1617460	26324943	18752	0.126
0bf7c542-cfb3-4b96-a8f9-457465e4f883	20	30185676	30295149	18	-1.4701
0bf7c542-cfb3-4b96-a8f9-457465e4f883	20	30295239	64240305	22282	0.1239
0bf7c542-cfb3-4b96-a8f9-457465e4f883	20	64240599	64240906	2	-2.0004
0bf7c542-cfb3-4b96-a8f9-457465e4f883	20	64242906	64324800	36	0.1336
0bf7c542-cfb3-4b96-a8f9-457465e4f883	21	10354168	10682775	84	-0.4221
0bf7c542-cfb3-4b96-a8f9-457465e4f883	21	10753316	23061463	6801	-0.0322
0bf7c542-cfb3-4b96-a8f9-457465e4f883	21	23061523	28882523	4495	-0.0561
0bf7c542-cfb3-4b96-a8f9-457465e4f883	21	28882804	41261138	9282	-0.0205
0bf7c542-cfb3-4b96-a8f9-457465e4f883	21	41261973	43195475	1430	0.046
0bf7c542-cfb3-4b96-a8f9-457465e4f883	21	43197000	46677045	1754	-0.0328
0bf7c542-cfb3-4b96-a8f9-457465e4f883	22	15294547	17063598	330	-0.1234
0bf7c542-cfb3-4b96-a8f9-457465e4f883	22	17063944	18190590	798	-0.0133
0bf7c542-cfb3-4b96-a8f9-457465e4f883	22	18392404	18783014	7	0.5286
0bf7c542-cfb3-4b96-a8f9-457465e4f883	22	18818348	23929558	3236	-0.1046
0bf7c542-cfb3-4b96-a8f9-457465e4f883	22	23940911	23995113	19	-0.8041
0bf7c542-cfb3-4b96-a8f9-457465e4f883	22	23995755	24020100	16	-0.1193
0bf7c542-cfb3-4b96-a8f9-457465e4f883	22	24022005	27709808	3301	-0.0246
0bf7c542-cfb3-4b96-a8f9-457465e4f883	22	27709853	27735718	25	-0.5049
0bf7c542-cfb3-4b96-a8f9-457465e4f883	22	27737986	39208391	7597	-0.0176
0bf7c542-cfb3-4b96-a8f9-457465e4f883	22	39212074	39369220	78	-0.224
0bf7c542-cfb3-4b96-a8f9-457465e4f883	22	39372803	41918409	1407	-0.0068
0bf7c542-cfb3-4b96-a8f9-457465e4f883	22	41921107	41954783	17	-0.5179
0bf7c542-cfb3-4b96-a8f9-457465e4f883	22	41955510	42510995	299	-0.0372
0bf7c542-cfb3-4b96-a8f9-457465e4f883	22	42511022	42579096	29	-0.4216
0bf7c542-cfb3-4b96-a8f9-457465e4f883	22	42581060	47669597	3673	-0.0192
0bf7c542-cfb3-4b96-a8f9-457465e4f883	22	47672367	50796027	2404	-0.1157
0bf7c542-cfb3-4b96-a8f9-457465e4f883	X	251810	83562183	42793	0.0031
0bf7c542-cfb3-4b96-a8f9-457465e4f883	X	83569011	85734946	1257	0.0578
0bf7c542-cfb3-4b96-a8f9-457465e4f883	X	85735041	85735312	2	-1.3772
0bf7c542-cfb3-4b96-a8f9-457465e4f883	X	85735529	112475224	14147	0.0379
0bf7c542-cfb3-4b96-a8f9-457465e4f883	X	112475460	112499549	14	-0.999
0bf7c542-cfb3-4b96-a8f9-457465e4f883	X	112508614	144561782	18579	0.0388
0bf7c542-cfb3-4b96-a8f9-457465e4f883	X	144563662	155952689	6801	0.0089
0bf7c542-cfb3-4b96-a8f9-457465e4f883	Y	2782397	3117554	150	-2.7735
0bf7c542-cfb3-4b96-a8f9-457465e4f883	Y	3137227	6075631	568	-2.368
0bf7c542-cfb3-4b96-a8f9-457465e4f883	Y	6076562	13478396	2546	-2.8245
0bf7c542-cfb3-4b96-a8f9-457465e4f883	Y	13478462	13482643	3	-7.598
0bf7c542-cfb3-4b96-a8f9-457465e4f883	Y	13483009	17056257	1753	-2.8022
0bf7c542-cfb3-4b96-a8f9-457465e4f883	Y	17056790	17067660	5	-6.6719
0bf7c542-cfb3-4b96-a8f9-457465e4f883	Y	17070391	56872112	1614	-2.814
