GDC_Aliquot	Chromosome	Start	End	Num_Probes	Segment_Mean
6699ce92-3c1c-4d2b-9106-5f71ad55b73d	1	3301765	3979380	358	-0.0109
6699ce92-3c1c-4d2b-9106-5f71ad55b73d	1	3979454	5619381	1284	-0.0601
6699ce92-3c1c-4d2b-9106-5f71ad55b73d	1	5620171	7862249	1315	0.0075
6699ce92-3c1c-4d2b-9106-5f71ad55b73d	1	7862949	8859635	519	-0.7269
6699ce92-3c1c-4d2b-9106-5f71ad55b73d	1	8865053	22898657	7568	0.0141
6699ce92-3c1c-4d2b-9106-5f71ad55b73d	1	22898829	29691418	3012	-0.7221
6699ce92-3c1c-4d2b-9106-5f71ad55b73d	1	29693860	30232555	408	-0.9251
6699ce92-3c1c-4d2b-9106-5f71ad55b73d	1	30233488	30296460	51	-0.7368
6699ce92-3c1c-4d2b-9106-5f71ad55b73d	1	30300250	36645939	3323	0.0158
6699ce92-3c1c-4d2b-9106-5f71ad55b73d	1	36648936	42443671	3282	-0.0285
6699ce92-3c1c-4d2b-9106-5f71ad55b73d	1	42443872	48610261	3306	0.0166
6699ce92-3c1c-4d2b-9106-5f71ad55b73d	1	48616351	50158309	759	-0.073
6699ce92-3c1c-4d2b-9106-5f71ad55b73d	1	50161166	55437153	2830	-0.0009
6699ce92-3c1c-4d2b-9106-5f71ad55b73d	1	55437175	56802605	1072	-0.046
6699ce92-3c1c-4d2b-9106-5f71ad55b73d	1	56802764	57713614	794	-0.0943
6699ce92-3c1c-4d2b-9106-5f71ad55b73d	1	57725715	59788000	1524	-0.0084
6699ce92-3c1c-4d2b-9106-5f71ad55b73d	1	59796682	59802690	4	0.7183
6699ce92-3c1c-4d2b-9106-5f71ad55b73d	1	59803274	63003832	2179	-0.0077
6699ce92-3c1c-4d2b-9106-5f71ad55b73d	1	63005821	63006432	3	-1.1633
6699ce92-3c1c-4d2b-9106-5f71ad55b73d	1	63007197	66738610	2792	-0.0384
6699ce92-3c1c-4d2b-9106-5f71ad55b73d	1	66739644	68084538	913	0.0328
6699ce92-3c1c-4d2b-9106-5f71ad55b73d	1	68087889	68751382	460	-0.0233
6699ce92-3c1c-4d2b-9106-5f71ad55b73d	1	68751526	76640538	4379	-0.0906
6699ce92-3c1c-4d2b-9106-5f71ad55b73d	1	76640740	78832281	1216	-0.02
6699ce92-3c1c-4d2b-9106-5f71ad55b73d	1	78833402	79385923	197	-0.0557
6699ce92-3c1c-4d2b-9106-5f71ad55b73d	1	79390370	80801224	878	-0.1511
6699ce92-3c1c-4d2b-9106-5f71ad55b73d	1	80802895	82170287	872	-0.0683
6699ce92-3c1c-4d2b-9106-5f71ad55b73d	1	82172009	83069611	608	-0.1402
6699ce92-3c1c-4d2b-9106-5f71ad55b73d	1	83069798	96741866	8563	-0.0731
6699ce92-3c1c-4d2b-9106-5f71ad55b73d	1	96753799	98491998	932	-0.1722
6699ce92-3c1c-4d2b-9106-5f71ad55b73d	1	98492039	98943733	256	-0.0744
6699ce92-3c1c-4d2b-9106-5f71ad55b73d	1	98944480	101607310	1788	-0.0235
6699ce92-3c1c-4d2b-9106-5f71ad55b73d	1	101608546	119550155	10477	-0.0667
6699ce92-3c1c-4d2b-9106-5f71ad55b73d	1	119551502	119984772	245	-0.0247
6699ce92-3c1c-4d2b-9106-5f71ad55b73d	1	146716041	157643547	3766	0.0665
6699ce92-3c1c-4d2b-9106-5f71ad55b73d	1	157645471	158357604	487	0.0075
6699ce92-3c1c-4d2b-9106-5f71ad55b73d	1	158358467	159110005	492	-0.0685
6699ce92-3c1c-4d2b-9106-5f71ad55b73d	1	159112153	175074831	10901	0.0402
6699ce92-3c1c-4d2b-9106-5f71ad55b73d	1	175083254	177328851	1188	-0.0179
6699ce92-3c1c-4d2b-9106-5f71ad55b73d	1	177329312	185917453	5641	0.0303
6699ce92-3c1c-4d2b-9106-5f71ad55b73d	1	185921610	185921921	2	-0.9527
6699ce92-3c1c-4d2b-9106-5f71ad55b73d	1	185922253	186235811	212	0.0217
6699ce92-3c1c-4d2b-9106-5f71ad55b73d	1	186236037	187289221	627	-0.0288
6699ce92-3c1c-4d2b-9106-5f71ad55b73d	1	187294725	189753012	1383	-0.1085
6699ce92-3c1c-4d2b-9106-5f71ad55b73d	1	189753390	192153379	1379	-0.0581
6699ce92-3c1c-4d2b-9106-5f71ad55b73d	1	192160343	198098906	3445	-0.014
6699ce92-3c1c-4d2b-9106-5f71ad55b73d	1	198099205	199868751	1097	-0.0639
6699ce92-3c1c-4d2b-9106-5f71ad55b73d	1	199869374	200446971	420	-0.0024
6699ce92-3c1c-4d2b-9106-5f71ad55b73d	1	200447045	214978939	9726	0.0419
6699ce92-3c1c-4d2b-9106-5f71ad55b73d	1	214979149	216477860	934	-0.0044
6699ce92-3c1c-4d2b-9106-5f71ad55b73d	1	216478462	219053389	1834	-0.0546
6699ce92-3c1c-4d2b-9106-5f71ad55b73d	1	219054473	223736534	2986	0.0078
6699ce92-3c1c-4d2b-9106-5f71ad55b73d	1	223736637	226449282	1469	0.0703
6699ce92-3c1c-4d2b-9106-5f71ad55b73d	1	226449394	234021669	5003	0.0227
6699ce92-3c1c-4d2b-9106-5f71ad55b73d	1	234022021	235584340	988	0.0706
6699ce92-3c1c-4d2b-9106-5f71ad55b73d	1	235587817	235898866	144	0.0032
6699ce92-3c1c-4d2b-9106-5f71ad55b73d	1	235899347	235901939	2	-0.9259
6699ce92-3c1c-4d2b-9106-5f71ad55b73d	1	235903172	236736803	628	0.0249
6699ce92-3c1c-4d2b-9106-5f71ad55b73d	1	236736917	244008206	5273	-0.014
6699ce92-3c1c-4d2b-9106-5f71ad55b73d	1	244013735	247650984	1641	0.0343
6699ce92-3c1c-4d2b-9106-5f71ad55b73d	2	480597	2947512	975	-0.1001
6699ce92-3c1c-4d2b-9106-5f71ad55b73d	2	2948015	3803868	491	-0.0257
6699ce92-3c1c-4d2b-9106-5f71ad55b73d	2	3804012	8090355	3156	-0.1058
6699ce92-3c1c-4d2b-9106-5f71ad55b73d	2	8095109	11798820	2524	-0.0067
6699ce92-3c1c-4d2b-9106-5f71ad55b73d	2	11799030	19505674	5330	-0.0694
6699ce92-3c1c-4d2b-9106-5f71ad55b73d	2	19506198	21262761	1180	-0.0111
6699ce92-3c1c-4d2b-9106-5f71ad55b73d	2	21263786	23640687	1531	-0.0848
6699ce92-3c1c-4d2b-9106-5f71ad55b73d	2	23640943	29354636	2722	-0.0272
6699ce92-3c1c-4d2b-9106-5f71ad55b73d	2	29355150	36219531	3680	-0.0703
6699ce92-3c1c-4d2b-9106-5f71ad55b73d	2	36220338	38874067	1416	-0.0211
6699ce92-3c1c-4d2b-9106-5f71ad55b73d	2	38877418	41777039	1717	-0.0634
6699ce92-3c1c-4d2b-9106-5f71ad55b73d	2	41777277	43410650	1044	0.0076
6699ce92-3c1c-4d2b-9106-5f71ad55b73d	2	43411046	49413536	3898	-0.04
6699ce92-3c1c-4d2b-9106-5f71ad55b73d	2	49413663	53119963	1938	-0.1123
6699ce92-3c1c-4d2b-9106-5f71ad55b73d	2	53125409	56179865	1599	-0.0253
6699ce92-3c1c-4d2b-9106-5f71ad55b73d	2	56181044	59550230	1920	-0.0997
6699ce92-3c1c-4d2b-9106-5f71ad55b73d	2	59552204	65801896	3415	-0.033
6699ce92-3c1c-4d2b-9106-5f71ad55b73d	2	65802432	68869191	2070	-0.0963
6699ce92-3c1c-4d2b-9106-5f71ad55b73d	2	68869334	76298800	4256	-0.0388
6699ce92-3c1c-4d2b-9106-5f71ad55b73d	2	76298958	83535966	3783	-0.0954
6699ce92-3c1c-4d2b-9106-5f71ad55b73d	2	83536179	84294678	447	-0.0391
6699ce92-3c1c-4d2b-9106-5f71ad55b73d	2	84297031	85741024	806	0.0156
6699ce92-3c1c-4d2b-9106-5f71ad55b73d	2	85741456	103352193	4989	-0.0486
6699ce92-3c1c-4d2b-9106-5f71ad55b73d	2	103357351	104590648	756	-0.1063
6699ce92-3c1c-4d2b-9106-5f71ad55b73d	2	104598558	115128221	5373	-0.0386
6699ce92-3c1c-4d2b-9106-5f71ad55b73d	2	115130687	119274122	2165	-0.0901
6699ce92-3c1c-4d2b-9106-5f71ad55b73d	2	119274600	122474800	1840	-0.0326
6699ce92-3c1c-4d2b-9106-5f71ad55b73d	2	122475763	125740700	1231	-0.1118
6699ce92-3c1c-4d2b-9106-5f71ad55b73d	2	125742796	126877103	683	-0.0577
6699ce92-3c1c-4d2b-9106-5f71ad55b73d	2	126881088	128489572	857	-0.0072
6699ce92-3c1c-4d2b-9106-5f71ad55b73d	2	128494463	139027097	5130	-0.0847
6699ce92-3c1c-4d2b-9106-5f71ad55b73d	2	139028367	145120288	3626	-0.1314
6699ce92-3c1c-4d2b-9106-5f71ad55b73d	2	145129017	145130010	2	-1.6781
6699ce92-3c1c-4d2b-9106-5f71ad55b73d	2	145130666	147249819	1075	-0.1448
6699ce92-3c1c-4d2b-9106-5f71ad55b73d	2	147254629	167239296	11614	-0.069
6699ce92-3c1c-4d2b-9106-5f71ad55b73d	2	167241552	168985828	1187	-0.0135
6699ce92-3c1c-4d2b-9106-5f71ad55b73d	2	168986236	172024260	1823	-0.0592
6699ce92-3c1c-4d2b-9106-5f71ad55b73d	2	172024708	173348489	931	-0.0118
6699ce92-3c1c-4d2b-9106-5f71ad55b73d	2	173348656	188559348	8260	-0.076
6699ce92-3c1c-4d2b-9106-5f71ad55b73d	2	188560552	191620033	1820	-0.0368
6699ce92-3c1c-4d2b-9106-5f71ad55b73d	2	191621040	197249643	2469	-0.0819
6699ce92-3c1c-4d2b-9106-5f71ad55b73d	2	197254667	208918443	6688	-0.0434
6699ce92-3c1c-4d2b-9106-5f71ad55b73d	2	208919169	215590180	3968	-0.1094
6699ce92-3c1c-4d2b-9106-5f71ad55b73d	2	215590434	217735363	1548	-0.0672
6699ce92-3c1c-4d2b-9106-5f71ad55b73d	2	217735856	219702258	973	-0.0176
6699ce92-3c1c-4d2b-9106-5f71ad55b73d	2	219702670	221606293	1384	-0.0941
6699ce92-3c1c-4d2b-9106-5f71ad55b73d	2	221606740	221606796	2	1.2702
6699ce92-3c1c-4d2b-9106-5f71ad55b73d	2	221607842	236366637	8976	-0.0501
6699ce92-3c1c-4d2b-9106-5f71ad55b73d	2	236369524	240427467	2501	-0.0904
6699ce92-3c1c-4d2b-9106-5f71ad55b73d	2	240427882	241537572	532	-0.0354
6699ce92-3c1c-4d2b-9106-5f71ad55b73d	3	2170634	16421864	8831	0.3937
6699ce92-3c1c-4d2b-9106-5f71ad55b73d	3	16425512	22439855	3051	0.3471
6699ce92-3c1c-4d2b-9106-5f71ad55b73d	3	22440598	22440614	2	-1.2952
6699ce92-3c1c-4d2b-9106-5f71ad55b73d	3	22441277	23731593	681	0.3443
6699ce92-3c1c-4d2b-9106-5f71ad55b73d	3	23732684	25056245	942	0.4049
6699ce92-3c1c-4d2b-9106-5f71ad55b73d	3	25056347	29637988	2828	0.364
6699ce92-3c1c-4d2b-9106-5f71ad55b73d	3	29638527	32194255	1776	0.424
6699ce92-3c1c-4d2b-9106-5f71ad55b73d	3	32196572	44765735	7324	0.3922
6699ce92-3c1c-4d2b-9106-5f71ad55b73d	3	44766291	49823465	2404	0.4262
6699ce92-3c1c-4d2b-9106-5f71ad55b73d	3	49825071	49826049	2	-0.5656
6699ce92-3c1c-4d2b-9106-5f71ad55b73d	3	49834734	54391307	2263	0.4129
6699ce92-3c1c-4d2b-9106-5f71ad55b73d	3	54394082	56371141	1579	0.3344
6699ce92-3c1c-4d2b-9106-5f71ad55b73d	3	56371482	59330699	1584	0.4199
6699ce92-3c1c-4d2b-9106-5f71ad55b73d	3	59330855	62461471	1399	0.3693
6699ce92-3c1c-4d2b-9106-5f71ad55b73d	3	62463280	64288801	1413	0.4119
6699ce92-3c1c-4d2b-9106-5f71ad55b73d	3	64288898	65700998	1273	0.3664
6699ce92-3c1c-4d2b-9106-5f71ad55b73d	3	65701120	67364906	1105	0.4178
6699ce92-3c1c-4d2b-9106-5f71ad55b73d	3	67365439	72532086	3649	0.3679
6699ce92-3c1c-4d2b-9106-5f71ad55b73d	3	72535953	74027789	1093	0.4317
6699ce92-3c1c-4d2b-9106-5f71ad55b73d	3	74031122	98678664	10511	0.3531
6699ce92-3c1c-4d2b-9106-5f71ad55b73d	3	98688460	98688470	2	-1.012
6699ce92-3c1c-4d2b-9106-5f71ad55b73d	3	98688542	102810760	2125	0.389
6699ce92-3c1c-4d2b-9106-5f71ad55b73d	3	102814910	105806266	1807	0.3282
6699ce92-3c1c-4d2b-9106-5f71ad55b73d	3	105807015	106883365	661	0.3673
6699ce92-3c1c-4d2b-9106-5f71ad55b73d	3	106887239	109315528	1227	0.4215
6699ce92-3c1c-4d2b-9106-5f71ad55b73d	3	109317180	114459577	2973	0.3865
6699ce92-3c1c-4d2b-9106-5f71ad55b73d	3	114459632	118706699	2857	0.3517
6699ce92-3c1c-4d2b-9106-5f71ad55b73d	3	118713800	124335988	3045	0.3843
6699ce92-3c1c-4d2b-9106-5f71ad55b73d	3	124336117	125688845	924	0.4448
6699ce92-3c1c-4d2b-9106-5f71ad55b73d	3	125705628	143819882	10048	0.3758
6699ce92-3c1c-4d2b-9106-5f71ad55b73d	3	143820006	145150027	714	0.3186
6699ce92-3c1c-4d2b-9106-5f71ad55b73d	3	145150504	148467080	1348	0.3722
6699ce92-3c1c-4d2b-9106-5f71ad55b73d	3	148469537	150908502	1456	0.4162
6699ce92-3c1c-4d2b-9106-5f71ad55b73d	3	150911471	152045991	772	0.3687
6699ce92-3c1c-4d2b-9106-5f71ad55b73d	3	152046252	152051283	2	-0.6601
6699ce92-3c1c-4d2b-9106-5f71ad55b73d	3	152051700	161924756	5386	0.3759
6699ce92-3c1c-4d2b-9106-5f71ad55b73d	3	161924784	167184279	2130	0.3374
6699ce92-3c1c-4d2b-9106-5f71ad55b73d	3	167189778	169287031	1166	0.3833
6699ce92-3c1c-4d2b-9106-5f71ad55b73d	3	169287725	173924825	2432	0.4182
6699ce92-3c1c-4d2b-9106-5f71ad55b73d	3	173926695	179154194	2578	0.3729
6699ce92-3c1c-4d2b-9106-5f71ad55b73d	3	179154246	181404262	1326	0.3192
6699ce92-3c1c-4d2b-9106-5f71ad55b73d	3	181404435	182264734	439	0.3685
6699ce92-3c1c-4d2b-9106-5f71ad55b73d	3	182265111	183407876	660	0.4405
6699ce92-3c1c-4d2b-9106-5f71ad55b73d	3	183409000	193383872	5823	0.3865
6699ce92-3c1c-4d2b-9106-5f71ad55b73d	3	193386717	197812401	1643	0.4449
6699ce92-3c1c-4d2b-9106-5f71ad55b73d	4	1059384	3649099	1030	-0.0305
6699ce92-3c1c-4d2b-9106-5f71ad55b73d	4	3649374	6139010	1645	-0.0978
6699ce92-3c1c-4d2b-9106-5f71ad55b73d	4	6143679	12263839	3729	-0.0398
6699ce92-3c1c-4d2b-9106-5f71ad55b73d	4	12269654	17589389	3938	-0.0833
6699ce92-3c1c-4d2b-9106-5f71ad55b73d	4	17589845	17590276	3	-1.0927
6699ce92-3c1c-4d2b-9106-5f71ad55b73d	4	17596934	22013687	2810	-0.1015
6699ce92-3c1c-4d2b-9106-5f71ad55b73d	4	22014121	27524182	3509	-0.052
6699ce92-3c1c-4d2b-9106-5f71ad55b73d	4	27524325	35578127	4722	-0.1237
6699ce92-3c1c-4d2b-9106-5f71ad55b73d	4	35582077	36563902	626	-0.0717
6699ce92-3c1c-4d2b-9106-5f71ad55b73d	4	36569190	41304991	2918	-0.0161
6699ce92-3c1c-4d2b-9106-5f71ad55b73d	4	41310073	42876259	1036	-0.083
6699ce92-3c1c-4d2b-9106-5f71ad55b73d	4	42876423	46579157	1607	-0.1183
6699ce92-3c1c-4d2b-9106-5f71ad55b73d	4	46583840	57646189	4619	-0.0656
6699ce92-3c1c-4d2b-9106-5f71ad55b73d	4	57646220	62042870	2494	-0.1267
6699ce92-3c1c-4d2b-9106-5f71ad55b73d	4	62044141	62044147	2	-1.3907
6699ce92-3c1c-4d2b-9106-5f71ad55b73d	4	62044311	67489930	2900	-0.1172
6699ce92-3c1c-4d2b-9106-5f71ad55b73d	4	67494976	72770488	2238	-0.0806
6699ce92-3c1c-4d2b-9106-5f71ad55b73d	4	72771520	79257250	4067	-0.0328
6699ce92-3c1c-4d2b-9106-5f71ad55b73d	4	79258019	80754050	782	-0.1061
6699ce92-3c1c-4d2b-9106-5f71ad55b73d	4	80755223	84204677	2134	-0.0303
6699ce92-3c1c-4d2b-9106-5f71ad55b73d	4	84206109	86775509	1520	-0.0866
6699ce92-3c1c-4d2b-9106-5f71ad55b73d	4	86779527	89795026	1858	-0.0422
6699ce92-3c1c-4d2b-9106-5f71ad55b73d	4	89797108	95129576	2696	-0.084
6699ce92-3c1c-4d2b-9106-5f71ad55b73d	4	95131035	97077673	1278	-0.1369
6699ce92-3c1c-4d2b-9106-5f71ad55b73d	4	97082461	100953733	2094	-0.0737
6699ce92-3c1c-4d2b-9106-5f71ad55b73d	4	100954761	101362741	275	-0.1657
6699ce92-3c1c-4d2b-9106-5f71ad55b73d	4	101364893	115454623	8028	-0.0695
6699ce92-3c1c-4d2b-9106-5f71ad55b73d	4	115455399	117730588	1237	-0.1352
6699ce92-3c1c-4d2b-9106-5f71ad55b73d	4	117730758	124575999	3830	-0.0677
6699ce92-3c1c-4d2b-9106-5f71ad55b73d	4	124576882	127176068	1481	-0.118
6699ce92-3c1c-4d2b-9106-5f71ad55b73d	4	127177214	130153364	1473	-0.0723
6699ce92-3c1c-4d2b-9106-5f71ad55b73d	4	130153572	137243631	3187	-0.1417
6699ce92-3c1c-4d2b-9106-5f71ad55b73d	4	137243704	154075237	9672	-0.0634
6699ce92-3c1c-4d2b-9106-5f71ad55b73d	4	154133758	157620535	2178	-0.1184
6699ce92-3c1c-4d2b-9106-5f71ad55b73d	4	157620625	160255547	1498	-0.0305
6699ce92-3c1c-4d2b-9106-5f71ad55b73d	4	160260485	167400290	3868	-0.1076
6699ce92-3c1c-4d2b-9106-5f71ad55b73d	4	167400365	175209647	4335	-0.0746
6699ce92-3c1c-4d2b-9106-5f71ad55b73d	4	175210484	182576610	4148	-0.124
6699ce92-3c1c-4d2b-9106-5f71ad55b73d	4	182576623	187842528	2108	-0.0331
6699ce92-3c1c-4d2b-9106-5f71ad55b73d	5	913983	2955634	1034	-0.0691
6699ce92-3c1c-4d2b-9106-5f71ad55b73d	5	2956122	4586719	1326	-0.1427
6699ce92-3c1c-4d2b-9106-5f71ad55b73d	5	4589251	8478748	3109	-0.0873
6699ce92-3c1c-4d2b-9106-5f71ad55b73d	5	8482808	11077111	1811	-0.0171
6699ce92-3c1c-4d2b-9106-5f71ad55b73d	5	11077165	13443013	1266	-0.0859
6699ce92-3c1c-4d2b-9106-5f71ad55b73d	5	13443534	17836788	2434	-0.002
6699ce92-3c1c-4d2b-9106-5f71ad55b73d	5	17841289	31276292	7175	-0.098
6699ce92-3c1c-4d2b-9106-5f71ad55b73d	5	31278657	31877602	509	-0.0307
6699ce92-3c1c-4d2b-9106-5f71ad55b73d	5	31879841	33318950	918	0.0116
6699ce92-3c1c-4d2b-9106-5f71ad55b73d	5	33320348	57638199	10830	-0.0497
6699ce92-3c1c-4d2b-9106-5f71ad55b73d	5	57639194	57641018	2	-1.1813
6699ce92-3c1c-4d2b-9106-5f71ad55b73d	5	57641454	81558776	13169	-0.0458
6699ce92-3c1c-4d2b-9106-5f71ad55b73d	5	81563631	90079788	4451	-0.0936
6699ce92-3c1c-4d2b-9106-5f71ad55b73d	5	90080254	92187440	1132	-0.0247
6699ce92-3c1c-4d2b-9106-5f71ad55b73d	5	92187610	95649996	1746	-0.0847
6699ce92-3c1c-4d2b-9106-5f71ad55b73d	5	95655809	100245820	1980	-0.0232
6699ce92-3c1c-4d2b-9106-5f71ad55b73d	5	100248294	105630464	2505	-0.0917
6699ce92-3c1c-4d2b-9106-5f71ad55b73d	5	105630891	107017013	553	-0.1475
6699ce92-3c1c-4d2b-9106-5f71ad55b73d	5	107017899	114515680	4996	-0.0826
6699ce92-3c1c-4d2b-9106-5f71ad55b73d	5	114518854	116211719	908	-0.0097
6699ce92-3c1c-4d2b-9106-5f71ad55b73d	5	116211874	125935696	5815	-0.0694
6699ce92-3c1c-4d2b-9106-5f71ad55b73d	5	125974214	142664445	9416	-0.0224
6699ce92-3c1c-4d2b-9106-5f71ad55b73d	5	142664704	143489971	585	-0.0522
6699ce92-3c1c-4d2b-9106-5f71ad55b73d	5	143491896	143494628	7	-0.6068
6699ce92-3c1c-4d2b-9106-5f71ad55b73d	5	143494652	148913076	3483	-0.0496
6699ce92-3c1c-4d2b-9106-5f71ad55b73d	5	148913359	151440278	1686	-0.004
6699ce92-3c1c-4d2b-9106-5f71ad55b73d	5	151440672	153860401	1660	-0.0731
6699ce92-3c1c-4d2b-9106-5f71ad55b73d	5	153864013	155167469	815	-0.0257
6699ce92-3c1c-4d2b-9106-5f71ad55b73d	5	155168010	156515735	900	-0.0981
6699ce92-3c1c-4d2b-9106-5f71ad55b73d	5	156521682	156523279	2	1.0345
6699ce92-3c1c-4d2b-9106-5f71ad55b73d	5	156523686	158307332	1193	-0.0563
6699ce92-3c1c-4d2b-9106-5f71ad55b73d	5	158307754	159104703	535	-0.1078
6699ce92-3c1c-4d2b-9106-5f71ad55b73d	5	159109504	161467625	1603	-0.0303
6699ce92-3c1c-4d2b-9106-5f71ad55b73d	5	161471322	167734022	3851	-0.0992
6699ce92-3c1c-4d2b-9106-5f71ad55b73d	5	167735158	168017360	223	-0.055
6699ce92-3c1c-4d2b-9106-5f71ad55b73d	5	168017663	168603235	461	0.0128
6699ce92-3c1c-4d2b-9106-5f71ad55b73d	5	168603401	169540775	721	-0.0609
6699ce92-3c1c-4d2b-9106-5f71ad55b73d	5	169543932	170822178	992	-0.1206
6699ce92-3c1c-4d2b-9106-5f71ad55b73d	5	170823775	174623803	2422	-0.0234
6699ce92-3c1c-4d2b-9106-5f71ad55b73d	5	174624114	175897494	896	-0.0732
6699ce92-3c1c-4d2b-9106-5f71ad55b73d	5	175898879	178184647	609	-0.0151
6699ce92-3c1c-4d2b-9106-5f71ad55b73d	5	178189111	179240983	626	-0.0895
6699ce92-3c1c-4d2b-9106-5f71ad55b73d	5	179241713	180934240	831	-0.0263
6699ce92-3c1c-4d2b-9106-5f71ad55b73d	6	1011760	22186665	14976	-0.0558
6699ce92-3c1c-4d2b-9106-5f71ad55b73d	6	22186815	23891646	1307	-0.1021
6699ce92-3c1c-4d2b-9106-5f71ad55b73d	6	23893150	26027205	1283	-0.0539
6699ce92-3c1c-4d2b-9106-5f71ad55b73d	6	26030264	26031583	3	-1.1365
6699ce92-3c1c-4d2b-9106-5f71ad55b73d	6	26033278	29258018	1092	-0.0968
6699ce92-3c1c-4d2b-9106-5f71ad55b73d	6	29258209	37545477	3248	-0.0249
6699ce92-3c1c-4d2b-9106-5f71ad55b73d	6	37546722	42463257	3463	-0.0595
6699ce92-3c1c-4d2b-9106-5f71ad55b73d	6	42463808	44718531	1247	-0.0112
6699ce92-3c1c-4d2b-9106-5f71ad55b73d	6	44718567	45903319	611	-0.0859
6699ce92-3c1c-4d2b-9106-5f71ad55b73d	6	45911327	48380767	1579	-0.0081
6699ce92-3c1c-4d2b-9106-5f71ad55b73d	6	48381145	51842768	1916	-0.0788
6699ce92-3c1c-4d2b-9106-5f71ad55b73d	6	51846523	52986992	757	0.0004
6699ce92-3c1c-4d2b-9106-5f71ad55b73d	6	52987138	64389211	4005	-0.0577
6699ce92-3c1c-4d2b-9106-5f71ad55b73d	6	64389243	69421481	2908	-0.1083
6699ce92-3c1c-4d2b-9106-5f71ad55b73d	6	69422104	76768781	4281	-0.0729
6699ce92-3c1c-4d2b-9106-5f71ad55b73d	6	76768995	79241027	1321	-0.102
6699ce92-3c1c-4d2b-9106-5f71ad55b73d	6	79241360	89377883	5736	-0.0609
6699ce92-3c1c-4d2b-9106-5f71ad55b73d	6	89378513	98978335	4915	-0.1208
6699ce92-3c1c-4d2b-9106-5f71ad55b73d	6	98978565	101410845	1466	-0.0726
6699ce92-3c1c-4d2b-9106-5f71ad55b73d	6	101411016	104498094	1673	-0.123
6699ce92-3c1c-4d2b-9106-5f71ad55b73d	6	104498470	111401824	4195	-0.0481
6699ce92-3c1c-4d2b-9106-5f71ad55b73d	6	111403519	124997233	7528	-0.0863
6699ce92-3c1c-4d2b-9106-5f71ad55b73d	6	124997547	135014291	6430	-0.0618
6699ce92-3c1c-4d2b-9106-5f71ad55b73d	6	135021116	135022100	2	1.5782
6699ce92-3c1c-4d2b-9106-5f71ad55b73d	6	135028432	139156513	2768	-0.0417
6699ce92-3c1c-4d2b-9106-5f71ad55b73d	6	139157471	149493435	6181	-0.0763
6699ce92-3c1c-4d2b-9106-5f71ad55b73d	6	149493448	151949969	1647	-0.0416
6699ce92-3c1c-4d2b-9106-5f71ad55b73d	6	151954580	153418585	1109	-0.1237
6699ce92-3c1c-4d2b-9106-5f71ad55b73d	6	153420941	161522987	5279	-0.0544
6699ce92-3c1c-4d2b-9106-5f71ad55b73d	6	161523003	165091349	1957	-0.133
6699ce92-3c1c-4d2b-9106-5f71ad55b73d	6	165091639	165777075	516	-0.0876
6699ce92-3c1c-4d2b-9106-5f71ad55b73d	6	165778934	169103881	1128	-0.0421
6699ce92-3c1c-4d2b-9106-5f71ad55b73d	6	169103895	170596889	705	-0.1076
6699ce92-3c1c-4d2b-9106-5f71ad55b73d	7	664936	3155995	897	0.4796
6699ce92-3c1c-4d2b-9106-5f71ad55b73d	7	3156175	5170936	863	0.4098
6699ce92-3c1c-4d2b-9106-5f71ad55b73d	7	5173061	9198097	1607	0.4859
6699ce92-3c1c-4d2b-9106-5f71ad55b73d	7	9198284	16575165	4823	0.4448
6699ce92-3c1c-4d2b-9106-5f71ad55b73d	7	16578167	16946144	261	0.5461
6699ce92-3c1c-4d2b-9106-5f71ad55b73d	7	16946466	36931230	12503	0.4546
6699ce92-3c1c-4d2b-9106-5f71ad55b73d	7	36931861	39248674	1598	0.4177
6699ce92-3c1c-4d2b-9106-5f71ad55b73d	7	39249787	41135821	1096	0.4743
6699ce92-3c1c-4d2b-9106-5f71ad55b73d	7	41136354	43472514	1281	0.3892
6699ce92-3c1c-4d2b-9106-5f71ad55b73d	7	43473111	46932135	2087	0.442
6699ce92-3c1c-4d2b-9106-5f71ad55b73d	7	46932607	48592516	1150	0.4888
6699ce92-3c1c-4d2b-9106-5f71ad55b73d	7	48597563	49853485	872	0.4006
6699ce92-3c1c-4d2b-9106-5f71ad55b73d	7	49859007	52031044	1599	0.4699
6699ce92-3c1c-4d2b-9106-5f71ad55b73d	7	52033253	54026803	1316	0.4039
6699ce92-3c1c-4d2b-9106-5f71ad55b73d	7	54027735	56411548	1509	0.4629
6699ce92-3c1c-4d2b-9106-5f71ad55b73d	7	56413551	63984700	215	0.3816
6699ce92-3c1c-4d2b-9106-5f71ad55b73d	7	63985054	63992595	2	1.2711
6699ce92-3c1c-4d2b-9106-5f71ad55b73d	7	63993150	64627050	199	0.3892
6699ce92-3c1c-4d2b-9106-5f71ad55b73d	7	64627176	67782647	952	0.4515
6699ce92-3c1c-4d2b-9106-5f71ad55b73d	7	67782703	70343297	1553	0.3805
6699ce92-3c1c-4d2b-9106-5f71ad55b73d	7	70346744	73439787	1376	0.4269
6699ce92-3c1c-4d2b-9106-5f71ad55b73d	7	73444153	78409480	1717	0.4877
6699ce92-3c1c-4d2b-9106-5f71ad55b73d	7	78410122	98476548	10844	0.4358
6699ce92-3c1c-4d2b-9106-5f71ad55b73d	7	98479159	101851627	1223	0.4965
6699ce92-3c1c-4d2b-9106-5f71ad55b73d	7	101853252	109786834	4426	0.4536
6699ce92-3c1c-4d2b-9106-5f71ad55b73d	7	109787314	116382451	3154	0.4173
6699ce92-3c1c-4d2b-9106-5f71ad55b73d	7	116382469	118745636	1417	0.4994
6699ce92-3c1c-4d2b-9106-5f71ad55b73d	7	118745916	126688676	4324	0.4323
6699ce92-3c1c-4d2b-9106-5f71ad55b73d	7	126691114	131734010	2606	0.4639
6699ce92-3c1c-4d2b-9106-5f71ad55b73d	7	131735510	138485768	4238	0.4283
6699ce92-3c1c-4d2b-9106-5f71ad55b73d	7	138489769	141224761	1540	0.4837
6699ce92-3c1c-4d2b-9106-5f71ad55b73d	7	141228619	146976306	2532	0.425
6699ce92-3c1c-4d2b-9106-5f71ad55b73d	7	146977759	146977854	2	-0.9216
6699ce92-3c1c-4d2b-9106-5f71ad55b73d	7	146981416	148235048	933	0.4288
6699ce92-3c1c-4d2b-9106-5f71ad55b73d	7	148237547	148237685	2	-0.76
6699ce92-3c1c-4d2b-9106-5f71ad55b73d	7	148239471	153076019	2356	0.4666
6699ce92-3c1c-4d2b-9106-5f71ad55b73d	7	153076139	155248498	1104	0.4035
6699ce92-3c1c-4d2b-9106-5f71ad55b73d	7	155254351	155916319	413	0.4575
6699ce92-3c1c-4d2b-9106-5f71ad55b73d	7	155916503	157286892	814	0.503
6699ce92-3c1c-4d2b-9106-5f71ad55b73d	7	157288706	158592540	601	0.4374
6699ce92-3c1c-4d2b-9106-5f71ad55b73d	8	667625	2866784	799	-0.5826
6699ce92-3c1c-4d2b-9106-5f71ad55b73d	8	2867375	6357163	1861	-0.6577
6699ce92-3c1c-4d2b-9106-5f71ad55b73d	8	6357232	13252352	3030	-0.563
6699ce92-3c1c-4d2b-9106-5f71ad55b73d	8	13252687	16862700	2612	-0.6475
6699ce92-3c1c-4d2b-9106-5f71ad55b73d	8	16864777	19572061	2227	-0.54
6699ce92-3c1c-4d2b-9106-5f71ad55b73d	8	19572808	21691185	1795	-0.6058
6699ce92-3c1c-4d2b-9106-5f71ad55b73d	8	21691506	22614311	352	-0.4794
6699ce92-3c1c-4d2b-9106-5f71ad55b73d	8	22614538	22615437	2	-2.2495
6699ce92-3c1c-4d2b-9106-5f71ad55b73d	8	22617153	28372519	4081	-0.5588
6699ce92-3c1c-4d2b-9106-5f71ad55b73d	8	28373113	31465544	1813	0.4528
6699ce92-3c1c-4d2b-9106-5f71ad55b73d	8	31469300	36098596	2717	0.3896
6699ce92-3c1c-4d2b-9106-5f71ad55b73d	8	36098638	48583815	4647	0.4529
6699ce92-3c1c-4d2b-9106-5f71ad55b73d	8	48588119	51978545	1873	0.3866
6699ce92-3c1c-4d2b-9106-5f71ad55b73d	8	51978562	52540154	427	0.4803
6699ce92-3c1c-4d2b-9106-5f71ad55b73d	8	52543331	60109445	4535	0.3964
6699ce92-3c1c-4d2b-9106-5f71ad55b73d	8	60111085	62008577	1245	0.452
6699ce92-3c1c-4d2b-9106-5f71ad55b73d	8	62009096	79343771	10015	0.4029
6699ce92-3c1c-4d2b-9106-5f71ad55b73d	8	79346954	81782161	1390	0.4566
6699ce92-3c1c-4d2b-9106-5f71ad55b73d	8	81783508	93380041	6212	0.3861
6699ce92-3c1c-4d2b-9106-5f71ad55b73d	8	93383045	95895863	1633	0.4623
6699ce92-3c1c-4d2b-9106-5f71ad55b73d	8	95896119	97676780	1090	0.39
6699ce92-3c1c-4d2b-9106-5f71ad55b73d	8	97679798	104229952	3707	0.4482
6699ce92-3c1c-4d2b-9106-5f71ad55b73d	8	104231525	116850015	6671	0.3804
6699ce92-3c1c-4d2b-9106-5f71ad55b73d	8	116857574	124628723	5229	0.4289
6699ce92-3c1c-4d2b-9106-5f71ad55b73d	8	124631541	124646661	10	-0.0828
6699ce92-3c1c-4d2b-9106-5f71ad55b73d	8	124647245	126463518	1290	0.4363
6699ce92-3c1c-4d2b-9106-5f71ad55b73d	8	126466080	127846306	1032	0.4803
6699ce92-3c1c-4d2b-9106-5f71ad55b73d	8	127846443	133686458	4225	0.4192
6699ce92-3c1c-4d2b-9106-5f71ad55b73d	8	133689806	139235217	4172	0.3878
6699ce92-3c1c-4d2b-9106-5f71ad55b73d	8	139235252	144182542	1588	0.445
6699ce92-3c1c-4d2b-9106-5f71ad55b73d	9	789794	22607811	14062	-0.0437
6699ce92-3c1c-4d2b-9106-5f71ad55b73d	9	22607895	32054970	5402	-0.077
6699ce92-3c1c-4d2b-9106-5f71ad55b73d	9	32055129	78817886	11408	-0.0298
6699ce92-3c1c-4d2b-9106-5f71ad55b73d	9	78817936	81106600	1749	-0.1111
6699ce92-3c1c-4d2b-9106-5f71ad55b73d	9	81106885	81110558	5	-1.0462
6699ce92-3c1c-4d2b-9106-5f71ad55b73d	9	81110821	81117339	12	-0.3515
6699ce92-3c1c-4d2b-9106-5f71ad55b73d	9	81118178	81207289	55	-0.1131
6699ce92-3c1c-4d2b-9106-5f71ad55b73d	9	81207353	84683510	2293	-0.0495
6699ce92-3c1c-4d2b-9106-5f71ad55b73d	9	84685744	85755948	788	-0.1017
6699ce92-3c1c-4d2b-9106-5f71ad55b73d	9	85762520	86563820	425	-0.0354
6699ce92-3c1c-4d2b-9106-5f71ad55b73d	9	86566146	88281514	1329	-0.1104
6699ce92-3c1c-4d2b-9106-5f71ad55b73d	9	88283112	115953951	18047	-0.0281
6699ce92-3c1c-4d2b-9106-5f71ad55b73d	9	115954207	119840972	3042	-0.069
6699ce92-3c1c-4d2b-9106-5f71ad55b73d	9	119842701	138044505	9906	-0.0171
6699ce92-3c1c-4d2b-9106-5f71ad55b73d	10	366509	1579485	488	0.6968
6699ce92-3c1c-4d2b-9106-5f71ad55b73d	10	1579605	2606607	796	0.6117
6699ce92-3c1c-4d2b-9106-5f71ad55b73d	10	2606923	5405255	2012	0.6849
6699ce92-3c1c-4d2b-9106-5f71ad55b73d	10	5412214	6272007	582	0.0131
6699ce92-3c1c-4d2b-9106-5f71ad55b73d	10	6272258	9934761	2759	-0.1095
6699ce92-3c1c-4d2b-9106-5f71ad55b73d	10	9937330	9965423	24	-0.9105
6699ce92-3c1c-4d2b-9106-5f71ad55b73d	10	9977003	11322882	1208	-0.0902
6699ce92-3c1c-4d2b-9106-5f71ad55b73d	10	11325484	16156731	3687	-0.0432
6699ce92-3c1c-4d2b-9106-5f71ad55b73d	10	16161430	22035350	4095	-0.0745
6699ce92-3c1c-4d2b-9106-5f71ad55b73d	10	22036211	23830289	1089	-0.1163
6699ce92-3c1c-4d2b-9106-5f71ad55b73d	10	23830347	32097457	5665	-0.0628
6699ce92-3c1c-4d2b-9106-5f71ad55b73d	10	32098660	32738819	372	0.0225
6699ce92-3c1c-4d2b-9106-5f71ad55b73d	10	32742985	36110653	2082	-0.0595
6699ce92-3c1c-4d2b-9106-5f71ad55b73d	10	36110736	49633978	4778	-0.0992
6699ce92-3c1c-4d2b-9106-5f71ad55b73d	10	49637748	51231750	425	-0.0257
6699ce92-3c1c-4d2b-9106-5f71ad55b73d	10	51232873	58012428	4023	-0.1071
6699ce92-3c1c-4d2b-9106-5f71ad55b73d	10	58012686	64286557	4190	-0.0541
6699ce92-3c1c-4d2b-9106-5f71ad55b73d	10	64288928	67299982	1563	-0.095
6699ce92-3c1c-4d2b-9106-5f71ad55b73d	10	67301438	76695888	5425	-0.0545
6699ce92-3c1c-4d2b-9106-5f71ad55b73d	10	76698017	76707453	6	-0.722
6699ce92-3c1c-4d2b-9106-5f71ad55b73d	10	76714389	81286795	2940	-0.0707
6699ce92-3c1c-4d2b-9106-5f71ad55b73d	10	81287182	83022218	1264	-0.1248
6699ce92-3c1c-4d2b-9106-5f71ad55b73d	10	83022523	90196619	4742	-0.0584
6699ce92-3c1c-4d2b-9106-5f71ad55b73d	10	90197048	91650390	979	-0.1051
6699ce92-3c1c-4d2b-9106-5f71ad55b73d	10	91650642	105290814	7695	-0.0431
6699ce92-3c1c-4d2b-9106-5f71ad55b73d	10	105303579	108831199	2392	-0.1386
6699ce92-3c1c-4d2b-9106-5f71ad55b73d	10	108831357	108967952	83	-0.0974
6699ce92-3c1c-4d2b-9106-5f71ad55b73d	10	108968419	115198508	4179	-0.0291
6699ce92-3c1c-4d2b-9106-5f71ad55b73d	10	115208588	116371521	825	-0.0933
6699ce92-3c1c-4d2b-9106-5f71ad55b73d	10	116371870	117490700	708	-0.0427
6699ce92-3c1c-4d2b-9106-5f71ad55b73d	10	117492252	118870414	997	-0.1054
6699ce92-3c1c-4d2b-9106-5f71ad55b73d	10	118871273	120037184	693	-0.0268
6699ce92-3c1c-4d2b-9106-5f71ad55b73d	10	120037230	121855275	1672	-0.0804
6699ce92-3c1c-4d2b-9106-5f71ad55b73d	10	121855340	122725143	575	-0.0111
6699ce92-3c1c-4d2b-9106-5f71ad55b73d	10	122726333	126434342	2566	-0.0953
6699ce92-3c1c-4d2b-9106-5f71ad55b73d	10	126438594	126439011	2	-1.1743
6699ce92-3c1c-4d2b-9106-5f71ad55b73d	10	126440217	128481469	1579	-0.0977
6699ce92-3c1c-4d2b-9106-5f71ad55b73d	10	128484467	131318894	1674	-0.165
6699ce92-3c1c-4d2b-9106-5f71ad55b73d	10	131319278	133411599	515	-0.0604
6699ce92-3c1c-4d2b-9106-5f71ad55b73d	11	456012	20781207	13078	-0.022
6699ce92-3c1c-4d2b-9106-5f71ad55b73d	11	20782344	26568579	3854	-0.0743
6699ce92-3c1c-4d2b-9106-5f71ad55b73d	11	26568757	28104536	999	-0.0069
6699ce92-3c1c-4d2b-9106-5f71ad55b73d	11	28104870	32114824	2387	-0.089
6699ce92-3c1c-4d2b-9106-5f71ad55b73d	11	32114890	37662999	3449	-0.0084
6699ce92-3c1c-4d2b-9106-5f71ad55b73d	11	37665033	42251048	2869	-0.0947
6699ce92-3c1c-4d2b-9106-5f71ad55b73d	11	42252076	42915236	484	-0.0343
6699ce92-3c1c-4d2b-9106-5f71ad55b73d	11	42918627	42919713	2	-1.1588
6699ce92-3c1c-4d2b-9106-5f71ad55b73d	11	42920057	43174439	166	-0.0536
6699ce92-3c1c-4d2b-9106-5f71ad55b73d	11	43174802	48976261	2969	-0.007
6699ce92-3c1c-4d2b-9106-5f71ad55b73d	11	48976483	56369852	502	-0.1031
6699ce92-3c1c-4d2b-9106-5f71ad55b73d	11	56371991	78807853	10706	-0.0028
6699ce92-3c1c-4d2b-9106-5f71ad55b73d	11	78807867	79827765	861	-0.0587
6699ce92-3c1c-4d2b-9106-5f71ad55b73d	11	79828442	82010135	1509	-0.0983
6699ce92-3c1c-4d2b-9106-5f71ad55b73d	11	82010915	85147187	1752	-0.0447
6699ce92-3c1c-4d2b-9106-5f71ad55b73d	11	85147988	87251463	1316	0.009
6699ce92-3c1c-4d2b-9106-5f71ad55b73d	11	87251809	88733193	1010	-0.0723
6699ce92-3c1c-4d2b-9106-5f71ad55b73d	11	88733645	88734790	2	-1.2338
6699ce92-3c1c-4d2b-9106-5f71ad55b73d	11	88736016	93691478	2578	-0.0797
6699ce92-3c1c-4d2b-9106-5f71ad55b73d	11	93697876	97220672	2466	-0.0321
6699ce92-3c1c-4d2b-9106-5f71ad55b73d	11	97222507	101211189	2838	-0.0704
6699ce92-3c1c-4d2b-9106-5f71ad55b73d	11	101211765	103334010	1253	-0.0103
6699ce92-3c1c-4d2b-9106-5f71ad55b73d	11	103334036	106734084	1943	-0.0942
6699ce92-3c1c-4d2b-9106-5f71ad55b73d	11	106734352	111171281	2637	-0.0508
6699ce92-3c1c-4d2b-9106-5f71ad55b73d	11	111171433	112272076	647	0.0046
6699ce92-3c1c-4d2b-9106-5f71ad55b73d	11	112272186	115085369	2015	-0.0544
6699ce92-3c1c-4d2b-9106-5f71ad55b73d	11	115087023	116189775	789	-0.0764
6699ce92-3c1c-4d2b-9106-5f71ad55b73d	11	116196924	121861784	3990	-0.0081
6699ce92-3c1c-4d2b-9106-5f71ad55b73d	11	121862295	128919478	5275	-0.0697
6699ce92-3c1c-4d2b-9106-5f71ad55b73d	11	128920720	130484458	924	0.0227
6699ce92-3c1c-4d2b-9106-5f71ad55b73d	11	130485021	131333146	551	-0.0513
6699ce92-3c1c-4d2b-9106-5f71ad55b73d	11	131333920	133694897	1577	-0.1223
6699ce92-3c1c-4d2b-9106-5f71ad55b73d	11	133695260	134272740	240	-0.0038
6699ce92-3c1c-4d2b-9106-5f71ad55b73d	12	780472	6143206	3458	-0.0529
6699ce92-3c1c-4d2b-9106-5f71ad55b73d	12	6167367	6786889	293	0.0339
6699ce92-3c1c-4d2b-9106-5f71ad55b73d	12	6787152	8481837	583	-0.0448
6699ce92-3c1c-4d2b-9106-5f71ad55b73d	12	8482933	10448069	957	-0.1086
6699ce92-3c1c-4d2b-9106-5f71ad55b73d	12	10454626	10967186	291	-0.0598
6699ce92-3c1c-4d2b-9106-5f71ad55b73d	12	10967540	16560611	3488	-0.0113
6699ce92-3c1c-4d2b-9106-5f71ad55b73d	12	16561799	22923583	3900	-0.069
6699ce92-3c1c-4d2b-9106-5f71ad55b73d	12	22925198	25056830	1229	-0.1219
6699ce92-3c1c-4d2b-9106-5f71ad55b73d	12	25056936	39957123	6137	-0.0529
6699ce92-3c1c-4d2b-9106-5f71ad55b73d	12	39957284	44538466	2521	-0.0926
6699ce92-3c1c-4d2b-9106-5f71ad55b73d	12	44539639	46664263	1205	-0.0492
6699ce92-3c1c-4d2b-9106-5f71ad55b73d	12	46671940	53602257	3639	-0.0077
6699ce92-3c1c-4d2b-9106-5f71ad55b73d	12	53602750	55503570	1088	-0.0571
6699ce92-3c1c-4d2b-9106-5f71ad55b73d	12	55503755	58595268	1634	-0.0048
6699ce92-3c1c-4d2b-9106-5f71ad55b73d	12	58595286	59439070	575	-0.0509
6699ce92-3c1c-4d2b-9106-5f71ad55b73d	12	59441770	61940873	1457	-0.1149
6699ce92-3c1c-4d2b-9106-5f71ad55b73d	12	61947589	72402982	6651	-0.0585
6699ce92-3c1c-4d2b-9106-5f71ad55b73d	12	72413025	74796888	1207	-0.123
6699ce92-3c1c-4d2b-9106-5f71ad55b73d	12	74797434	80472186	3656	-0.0756
6699ce92-3c1c-4d2b-9106-5f71ad55b73d	12	80472987	88388475	4459	-0.1098
6699ce92-3c1c-4d2b-9106-5f71ad55b73d	12	88388873	96917443	5531	-0.0589
6699ce92-3c1c-4d2b-9106-5f71ad55b73d	12	96917731	96923314	3	-0.9607
6699ce92-3c1c-4d2b-9106-5f71ad55b73d	12	96923402	119518401	14283	-0.0681
6699ce92-3c1c-4d2b-9106-5f71ad55b73d	12	119519136	125304956	2836	-0.0239
6699ce92-3c1c-4d2b-9106-5f71ad55b73d	12	125306917	126309552	837	-0.0679
6699ce92-3c1c-4d2b-9106-5f71ad55b73d	12	126310617	129223309	1498	-0.1288
6699ce92-3c1c-4d2b-9106-5f71ad55b73d	12	129223969	132605822	986	-0.0809
6699ce92-3c1c-4d2b-9106-5f71ad55b73d	13	18874255	28552890	5552	0.7099
6699ce92-3c1c-4d2b-9106-5f71ad55b73d	13	28555274	28555294	2	-0.5511
6699ce92-3c1c-4d2b-9106-5f71ad55b73d	13	28559087	30534590	1437	0.7315
6699ce92-3c1c-4d2b-9106-5f71ad55b73d	13	30545589	32655168	1433	0.6773
6699ce92-3c1c-4d2b-9106-5f71ad55b73d	13	32664185	33971186	938	0.7391
6699ce92-3c1c-4d2b-9106-5f71ad55b73d	13	33976349	40587633	4596	0.6857
6699ce92-3c1c-4d2b-9106-5f71ad55b73d	13	40589186	53713475	7151	0.7308
6699ce92-3c1c-4d2b-9106-5f71ad55b73d	13	53713843	58771907	2225	0.6775
6699ce92-3c1c-4d2b-9106-5f71ad55b73d	13	58779482	58779572	2	-0.7286
6699ce92-3c1c-4d2b-9106-5f71ad55b73d	13	58780199	70564213	5974	0.6753
6699ce92-3c1c-4d2b-9106-5f71ad55b73d	13	70564266	71793315	701	0.7152
6699ce92-3c1c-4d2b-9106-5f71ad55b73d	13	71796066	73961412	1521	0.7733
6699ce92-3c1c-4d2b-9106-5f71ad55b73d	13	73961987	81017532	4675	0.7164
6699ce92-3c1c-4d2b-9106-5f71ad55b73d	13	81019613	94380113	7898	0.6775
6699ce92-3c1c-4d2b-9106-5f71ad55b73d	13	94380157	97522993	1854	0.7172
6699ce92-3c1c-4d2b-9106-5f71ad55b73d	13	97525197	97525244	3	-0.1275
6699ce92-3c1c-4d2b-9106-5f71ad55b73d	13	97525247	101097403	2371	0.7425
6699ce92-3c1c-4d2b-9106-5f71ad55b73d	13	101100205	105779479	3203	0.6928
6699ce92-3c1c-4d2b-9106-5f71ad55b73d	13	105787017	114226675	5509	0.7288
6699ce92-3c1c-4d2b-9106-5f71ad55b73d	14	20033191	20561606	338	-0.7296
6699ce92-3c1c-4d2b-9106-5f71ad55b73d	14	20566825	20657879	76	-4.074
6699ce92-3c1c-4d2b-9106-5f71ad55b73d	14	20661933	23523087	820	-0.713
6699ce92-3c1c-4d2b-9106-5f71ad55b73d	14	23527607	23536026	5	-1.937
6699ce92-3c1c-4d2b-9106-5f71ad55b73d	14	23536796	25230877	1028	-0.7242
6699ce92-3c1c-4d2b-9106-5f71ad55b73d	14	25231278	26294421	716	-0.8011
6699ce92-3c1c-4d2b-9106-5f71ad55b73d	14	26300516	26300519	3	0.7883
6699ce92-3c1c-4d2b-9106-5f71ad55b73d	14	26300708	29930218	1917	-0.8263
6699ce92-3c1c-4d2b-9106-5f71ad55b73d	14	29936627	32547413	1479	-0.734
6699ce92-3c1c-4d2b-9106-5f71ad55b73d	14	32548039	34380917	1531	-0.8179
6699ce92-3c1c-4d2b-9106-5f71ad55b73d	14	34380935	34502916	56	-0.6227
6699ce92-3c1c-4d2b-9106-5f71ad55b73d	14	34505580	34591792	29	-0.2861
6699ce92-3c1c-4d2b-9106-5f71ad55b73d	14	34594055	35358806	271	-0.6552
6699ce92-3c1c-4d2b-9106-5f71ad55b73d	14	35359535	35359565	2	-2.0722
6699ce92-3c1c-4d2b-9106-5f71ad55b73d	14	35362892	35376385	11	-0.7931
6699ce92-3c1c-4d2b-9106-5f71ad55b73d	14	35380264	35385840	3	0.0931
6699ce92-3c1c-4d2b-9106-5f71ad55b73d	14	35387457	35566961	90	-0.6616
6699ce92-3c1c-4d2b-9106-5f71ad55b73d	14	35569920	36404535	502	-0.7334
6699ce92-3c1c-4d2b-9106-5f71ad55b73d	14	36404990	48251443	5679	-0.796
6699ce92-3c1c-4d2b-9106-5f71ad55b73d	14	48253548	50489748	1140	-0.7183
6699ce92-3c1c-4d2b-9106-5f71ad55b73d	14	50490266	50491166	2	-2.8759
6699ce92-3c1c-4d2b-9106-5f71ad55b73d	14	50494748	63050983	8170	-0.792
6699ce92-3c1c-4d2b-9106-5f71ad55b73d	14	63051335	67526250	2478	-0.7111
6699ce92-3c1c-4d2b-9106-5f71ad55b73d	14	67526308	67526325	2	-3.0634
6699ce92-3c1c-4d2b-9106-5f71ad55b73d	14	67527666	67613824	68	-0.7485
6699ce92-3c1c-4d2b-9106-5f71ad55b73d	14	67615081	67618336	2	-2.44
6699ce92-3c1c-4d2b-9106-5f71ad55b73d	14	67619023	70883487	2004	-0.7386
6699ce92-3c1c-4d2b-9106-5f71ad55b73d	14	70885781	70888232	4	-2.2186
6699ce92-3c1c-4d2b-9106-5f71ad55b73d	14	70890907	72188081	774	-0.7602
6699ce92-3c1c-4d2b-9106-5f71ad55b73d	14	72188600	72189925	3	-2.4005
6699ce92-3c1c-4d2b-9106-5f71ad55b73d	14	72190961	72606253	390	-0.8512
6699ce92-3c1c-4d2b-9106-5f71ad55b73d	14	72607797	76031979	1912	-0.7232
6699ce92-3c1c-4d2b-9106-5f71ad55b73d	14	76033159	76101875	46	-0.8741
6699ce92-3c1c-4d2b-9106-5f71ad55b73d	14	76102572	76102587	2	-2.6961
6699ce92-3c1c-4d2b-9106-5f71ad55b73d	14	76103178	78060401	1325	-0.7307
6699ce92-3c1c-4d2b-9106-5f71ad55b73d	14	78062379	82475561	2914	-0.8058
6699ce92-3c1c-4d2b-9106-5f71ad55b73d	14	82475647	83413070	668	-0.8662
6699ce92-3c1c-4d2b-9106-5f71ad55b73d	14	83413185	83413321	2	-3.2864
6699ce92-3c1c-4d2b-9106-5f71ad55b73d	14	83414084	86557787	1997	-0.8637
6699ce92-3c1c-4d2b-9106-5f71ad55b73d	14	86558201	95417372	5494	-0.763
6699ce92-3c1c-4d2b-9106-5f71ad55b73d	14	95417377	95420228	2	-2.9523
6699ce92-3c1c-4d2b-9106-5f71ad55b73d	14	95421574	97365391	1440	-0.8017
6699ce92-3c1c-4d2b-9106-5f71ad55b73d	14	97367341	97367644	2	-3.1831
6699ce92-3c1c-4d2b-9106-5f71ad55b73d	14	97369307	99068497	1263	-0.8556
6699ce92-3c1c-4d2b-9106-5f71ad55b73d	14	99069767	101004515	1164	-0.7331
6699ce92-3c1c-4d2b-9106-5f71ad55b73d	14	101006279	101092461	69	-0.8784
6699ce92-3c1c-4d2b-9106-5f71ad55b73d	14	101092906	101094172	4	-2.9254
6699ce92-3c1c-4d2b-9106-5f71ad55b73d	14	101101387	105533894	1798	-0.7253
6699ce92-3c1c-4d2b-9106-5f71ad55b73d	15	23437561	25677184	1163	-0.0969
6699ce92-3c1c-4d2b-9106-5f71ad55b73d	15	25677338	26729418	764	-0.1703
6699ce92-3c1c-4d2b-9106-5f71ad55b73d	15	26733600	31011298	906	-0.1117
6699ce92-3c1c-4d2b-9106-5f71ad55b73d	15	31014026	34709725	1905	-0.0664
6699ce92-3c1c-4d2b-9106-5f71ad55b73d	15	34710734	37854355	2161	-0.1131
6699ce92-3c1c-4d2b-9106-5f71ad55b73d	15	37854926	46629478	4610	-0.0468
6699ce92-3c1c-4d2b-9106-5f71ad55b73d	15	46629619	48782342	1463	-0.1062
6699ce92-3c1c-4d2b-9106-5f71ad55b73d	15	48782505	53920639	3198	-0.0649
6699ce92-3c1c-4d2b-9106-5f71ad55b73d	15	53921515	55323669	1030	-0.1222
6699ce92-3c1c-4d2b-9106-5f71ad55b73d	15	55324294	60679336	3330	-0.0617
6699ce92-3c1c-4d2b-9106-5f71ad55b73d	15	60689951	61931177	1149	-0.1074
6699ce92-3c1c-4d2b-9106-5f71ad55b73d	15	61947708	78499804	9359	-0.0496
6699ce92-3c1c-4d2b-9106-5f71ad55b73d	15	78504104	83737362	3172	-0.0794
6699ce92-3c1c-4d2b-9106-5f71ad55b73d	15	83739706	86515134	1303	-0.0355
6699ce92-3c1c-4d2b-9106-5f71ad55b73d	15	86515167	88340617	1322	-0.1171
6699ce92-3c1c-4d2b-9106-5f71ad55b73d	15	88341605	94534225	3675	-0.057
6699ce92-3c1c-4d2b-9106-5f71ad55b73d	15	94538605	95263902	567	-0.1009
6699ce92-3c1c-4d2b-9106-5f71ad55b73d	15	95264258	96821356	1136	-0.1448
6699ce92-3c1c-4d2b-9106-5f71ad55b73d	15	96825152	101344124	2606	-0.0794
6699ce92-3c1c-4d2b-9106-5f71ad55b73d	16	603333	5779550	2166	0.0064
6699ce92-3c1c-4d2b-9106-5f71ad55b73d	16	5780104	7739609	1100	-0.0695
6699ce92-3c1c-4d2b-9106-5f71ad55b73d	16	7741217	25871356	8380	0.0011
6699ce92-3c1c-4d2b-9106-5f71ad55b73d	16	25871875	27894365	1399	-0.0484
6699ce92-3c1c-4d2b-9106-5f71ad55b73d	16	27894873	48828967	2056	0.0131
6699ce92-3c1c-4d2b-9106-5f71ad55b73d	16	48830412	51926044	2235	-0.0281
6699ce92-3c1c-4d2b-9106-5f71ad55b73d	16	51929044	53627871	1285	0.0091
6699ce92-3c1c-4d2b-9106-5f71ad55b73d	16	53630310	56110012	1929	-0.0548
6699ce92-3c1c-4d2b-9106-5f71ad55b73d	16	56110391	59746880	2221	0.009
6699ce92-3c1c-4d2b-9106-5f71ad55b73d	16	59747108	65631055	3756	-0.0904
6699ce92-3c1c-4d2b-9106-5f71ad55b73d	16	65631541	67550756	1156	0.01
6699ce92-3c1c-4d2b-9106-5f71ad55b73d	16	67553193	67560924	8	-0.6662
6699ce92-3c1c-4d2b-9106-5f71ad55b73d	16	67571785	76799233	4640	0.0109
6699ce92-3c1c-4d2b-9106-5f71ad55b73d	16	76806289	78246750	1306	-0.0324
6699ce92-3c1c-4d2b-9106-5f71ad55b73d	16	78249791	80178884	1892	-0.0748
6699ce92-3c1c-4d2b-9106-5f71ad55b73d	16	80179094	82188275	1433	-0.0019
6699ce92-3c1c-4d2b-9106-5f71ad55b73d	16	82188802	83181240	872	-0.0673
6699ce92-3c1c-4d2b-9106-5f71ad55b73d	16	83183654	85296967	1168	-0.0197
6699ce92-3c1c-4d2b-9106-5f71ad55b73d	16	85298301	86023615	446	0.0557
6699ce92-3c1c-4d2b-9106-5f71ad55b73d	16	86026006	89317317	1790	-0.0288
6699ce92-3c1c-4d2b-9106-5f71ad55b73d	17	1074619	5200513	1793	-0.71
6699ce92-3c1c-4d2b-9106-5f71ad55b73d	17	5200635	13885950	5487	-0.8007
6699ce92-3c1c-4d2b-9106-5f71ad55b73d	17	13888069	13923515	27	-3.1818
6699ce92-3c1c-4d2b-9106-5f71ad55b73d	17	13927776	21774057	2415	-0.7343
6699ce92-3c1c-4d2b-9106-5f71ad55b73d	17	26943491	27009727	23	-0.149
6699ce92-3c1c-4d2b-9106-5f71ad55b73d	17	27014516	33408638	3110	-0.0151
6699ce92-3c1c-4d2b-9106-5f71ad55b73d	17	33409638	37276086	1545	-0.0842
6699ce92-3c1c-4d2b-9106-5f71ad55b73d	17	37276563	51857537	6191	-0.0072
6699ce92-3c1c-4d2b-9106-5f71ad55b73d	17	51857619	54245105	1345	-0.0918
6699ce92-3c1c-4d2b-9106-5f71ad55b73d	17	54246631	54313667	34	-0.7782
6699ce92-3c1c-4d2b-9106-5f71ad55b73d	17	54329566	65064355	5945	-0.0441
6699ce92-3c1c-4d2b-9106-5f71ad55b73d	17	65064774	65957752	575	0.0318
6699ce92-3c1c-4d2b-9106-5f71ad55b73d	17	65958822	66914186	624	-0.0233
6699ce92-3c1c-4d2b-9106-5f71ad55b73d	17	66916156	71256684	2787	-0.0633
6699ce92-3c1c-4d2b-9106-5f71ad55b73d	17	71257160	82959812	5385	-0.0269
6699ce92-3c1c-4d2b-9106-5f71ad55b73d	18	326691	4206536	1878	-0.7633
6699ce92-3c1c-4d2b-9106-5f71ad55b73d	18	4206595	11706504	4889	-0.8125
6699ce92-3c1c-4d2b-9106-5f71ad55b73d	18	11708074	13562984	1092	-0.7657
6699ce92-3c1c-4d2b-9106-5f71ad55b73d	18	13564168	13565099	2	-2.6529
6699ce92-3c1c-4d2b-9106-5f71ad55b73d	18	13567392	24647582	2340	-0.7365
6699ce92-3c1c-4d2b-9106-5f71ad55b73d	18	24648604	29874462	3252	-0.8578
6699ce92-3c1c-4d2b-9106-5f71ad55b73d	18	29875722	37325148	4585	-0.7547
6699ce92-3c1c-4d2b-9106-5f71ad55b73d	18	37327050	45622439	5035	-0.8558
6699ce92-3c1c-4d2b-9106-5f71ad55b73d	18	45625540	64219445	12311	-0.7904
6699ce92-3c1c-4d2b-9106-5f71ad55b73d	18	64222630	64224441	2	-3.0231
6699ce92-3c1c-4d2b-9106-5f71ad55b73d	18	64226262	69289638	2473	-0.829
6699ce92-3c1c-4d2b-9106-5f71ad55b73d	18	69289750	69290203	2	-3.218
6699ce92-3c1c-4d2b-9106-5f71ad55b73d	18	69290766	79349796	5007	-0.835
6699ce92-3c1c-4d2b-9106-5f71ad55b73d	19	283868	21135992	7783	-0.0128
6699ce92-3c1c-4d2b-9106-5f71ad55b73d	19	21136970	30052802	3064	-0.0763
6699ce92-3c1c-4d2b-9106-5f71ad55b73d	19	30055277	31773079	1195	-0.1315
6699ce92-3c1c-4d2b-9106-5f71ad55b73d	19	31773348	31961685	153	-0.0572
6699ce92-3c1c-4d2b-9106-5f71ad55b73d	19	31963288	37373477	3122	-0.0313
6699ce92-3c1c-4d2b-9106-5f71ad55b73d	19	37374402	50824837	5595	0.0039
6699ce92-3c1c-4d2b-9106-5f71ad55b73d	19	50835951	53529474	1089	-0.0767
6699ce92-3c1c-4d2b-9106-5f71ad55b73d	19	53529475	56423153	1072	-0.0211
6699ce92-3c1c-4d2b-9106-5f71ad55b73d	19	56425782	58370362	1099	-0.0745
6699ce92-3c1c-4d2b-9106-5f71ad55b73d	20	472817	1962052	905	0.4009
6699ce92-3c1c-4d2b-9106-5f71ad55b73d	20	1965378	1966023	3	1.1289
6699ce92-3c1c-4d2b-9106-5f71ad55b73d	20	1966633	5149139	2018	0.4035
6699ce92-3c1c-4d2b-9106-5f71ad55b73d	20	5150851	6641070	879	0.468
6699ce92-3c1c-4d2b-9106-5f71ad55b73d	20	6648145	14418727	5137	0.4088
6699ce92-3c1c-4d2b-9106-5f71ad55b73d	20	14427081	16194857	1077	0.6982
6699ce92-3c1c-4d2b-9106-5f71ad55b73d	20	16195558	18720129	2045	0.7537
6699ce92-3c1c-4d2b-9106-5f71ad55b73d	20	18720296	19680581	828	0.6999
6699ce92-3c1c-4d2b-9106-5f71ad55b73d	20	19681848	21004681	1032	1.0876
6699ce92-3c1c-4d2b-9106-5f71ad55b73d	20	21006428	21553296	301	0.7018
6699ce92-3c1c-4d2b-9106-5f71ad55b73d	20	21554332	22688144	783	1.08
6699ce92-3c1c-4d2b-9106-5f71ad55b73d	20	22688932	24875906	1414	1.0303
6699ce92-3c1c-4d2b-9106-5f71ad55b73d	20	24875979	37003756	3228	1.0964
6699ce92-3c1c-4d2b-9106-5f71ad55b73d	20	37003824	37094427	148	0.8294
6699ce92-3c1c-4d2b-9106-5f71ad55b73d	20	37097999	41730880	2963	1.0437
6699ce92-3c1c-4d2b-9106-5f71ad55b73d	20	41731384	41731388	5	0.0926
6699ce92-3c1c-4d2b-9106-5f71ad55b73d	20	41732145	44250193	1856	1.037
6699ce92-3c1c-4d2b-9106-5f71ad55b73d	20	44250865	45649864	836	1.1113
6699ce92-3c1c-4d2b-9106-5f71ad55b73d	20	45651103	48813791	2209	1.0425
6699ce92-3c1c-4d2b-9106-5f71ad55b73d	20	48816262	58780493	6909	1.0891
6699ce92-3c1c-4d2b-9106-5f71ad55b73d	20	58780730	60072632	895	1.0543
6699ce92-3c1c-4d2b-9106-5f71ad55b73d	20	60073043	61221161	1015	0.9897
6699ce92-3c1c-4d2b-9106-5f71ad55b73d	20	61222272	63588502	1099	1.0746
6699ce92-3c1c-4d2b-9106-5f71ad55b73d	21	13974127	16692828	1678	-0.0657
6699ce92-3c1c-4d2b-9106-5f71ad55b73d	21	16693449	17691143	588	0.0068
6699ce92-3c1c-4d2b-9106-5f71ad55b73d	21	17693138	18919135	792	-0.0441
6699ce92-3c1c-4d2b-9106-5f71ad55b73d	21	18919173	19248276	256	-0.0991
6699ce92-3c1c-4d2b-9106-5f71ad55b73d	21	19255030	25128312	3596	-0.1376
6699ce92-3c1c-4d2b-9106-5f71ad55b73d	21	25128853	30215064	3612	-0.0892
6699ce92-3c1c-4d2b-9106-5f71ad55b73d	21	30220748	30221515	3	-2.3823
6699ce92-3c1c-4d2b-9106-5f71ad55b73d	21	30225516	31535487	764	-0.1125
6699ce92-3c1c-4d2b-9106-5f71ad55b73d	21	31536280	32250774	450	-0.024
6699ce92-3c1c-4d2b-9106-5f71ad55b73d	21	32251133	32251807	4	-0.9539
6699ce92-3c1c-4d2b-9106-5f71ad55b73d	21	32252979	41107645	6260	-0.0531
6699ce92-3c1c-4d2b-9106-5f71ad55b73d	21	41108014	44553818	1890	0.0064
6699ce92-3c1c-4d2b-9106-5f71ad55b73d	21	44553995	46262057	716	-0.0803
6699ce92-3c1c-4d2b-9106-5f71ad55b73d	22	16934932	25836203	1911	-0.0036
6699ce92-3c1c-4d2b-9106-5f71ad55b73d	22	25836649	27510725	1711	-0.0679
6699ce92-3c1c-4d2b-9106-5f71ad55b73d	22	27513145	33457815	3667	-0.0086
6699ce92-3c1c-4d2b-9106-5f71ad55b73d	22	33459526	34866049	1295	-0.0608
6699ce92-3c1c-4d2b-9106-5f71ad55b73d	22	34866120	43452506	4455	-0.0105
6699ce92-3c1c-4d2b-9106-5f71ad55b73d	22	43455585	44512798	846	-0.0767
6699ce92-3c1c-4d2b-9106-5f71ad55b73d	22	44514194	47736839	2162	-0.0201
6699ce92-3c1c-4d2b-9106-5f71ad55b73d	22	47748198	48940621	1054	-0.1298
6699ce92-3c1c-4d2b-9106-5f71ad55b73d	X	3236359	25420466	9599	0.0392
6699ce92-3c1c-4d2b-9106-5f71ad55b73d	X	25421334	37602889	5718	0.0058
6699ce92-3c1c-4d2b-9106-5f71ad55b73d	X	37602915	81715277	15726	0.028
6699ce92-3c1c-4d2b-9106-5f71ad55b73d	X	81715382	81715418	2	1.3535
6699ce92-3c1c-4d2b-9106-5f71ad55b73d	X	81717349	86775393	2314	0.024
6699ce92-3c1c-4d2b-9106-5f71ad55b73d	X	86776002	99508270	4846	-0.0049
6699ce92-3c1c-4d2b-9106-5f71ad55b73d	X	99509648	132763797	15635	0.0166
6699ce92-3c1c-4d2b-9106-5f71ad55b73d	X	132764081	150851218	8766	-0.0028
6699ce92-3c1c-4d2b-9106-5f71ad55b73d	X	150851533	155677414	1400	0.0258
