GDC_Aliquot	Chromosome	Start	End	Copy_Number	Major_Copy_Number	Minor_Copy_Number
3b5d90bb-1d8a-4812-8ac2-43d648d693ed	chr1	62920	70842277	4	2	2
3b5d90bb-1d8a-4812-8ac2-43d648d693ed	chr1	70843439	72245386	2	1	1
3b5d90bb-1d8a-4812-8ac2-43d648d693ed	chr1	72245505	72346757	7	4	3
3b5d90bb-1d8a-4812-8ac2-43d648d693ed	chr1	72351072	114710749	2	2	0
3b5d90bb-1d8a-4812-8ac2-43d648d693ed	chr1	114710839	152583051	4	2	2
3b5d90bb-1d8a-4812-8ac2-43d648d693ed	chr1	152583230	152614064	0	0	0
3b5d90bb-1d8a-4812-8ac2-43d648d693ed	chr1	152614100	179091973	4	2	2
3b5d90bb-1d8a-4812-8ac2-43d648d693ed	chr1	179092292	179111209	6	5	1
3b5d90bb-1d8a-4812-8ac2-43d648d693ed	chr1	179111503	180831238	2	2	0
3b5d90bb-1d8a-4812-8ac2-43d648d693ed	chr1	180832615	182289572	3	2	1
3b5d90bb-1d8a-4812-8ac2-43d648d693ed	chr1	182289738	230561061	4	2	2
3b5d90bb-1d8a-4812-8ac2-43d648d693ed	chr1	230561176	231604951	2	2	0
3b5d90bb-1d8a-4812-8ac2-43d648d693ed	chr1	231607315	248930189	3	2	1
3b5d90bb-1d8a-4812-8ac2-43d648d693ed	chr2	12784	76698773	4	2	2
3b5d90bb-1d8a-4812-8ac2-43d648d693ed	chr2	76701007	76722438	10	5	5
3b5d90bb-1d8a-4812-8ac2-43d648d693ed	chr2	76729368	88834118	4	2	2
3b5d90bb-1d8a-4812-8ac2-43d648d693ed	chr2	88836539	89118119	14	14	0
3b5d90bb-1d8a-4812-8ac2-43d648d693ed	chr2	89119438	242147305	4	2	2
3b5d90bb-1d8a-4812-8ac2-43d648d693ed	chr3	20930	59898725	4	2	2
3b5d90bb-1d8a-4812-8ac2-43d648d693ed	chr3	59898785	59934267	1	1	0
3b5d90bb-1d8a-4812-8ac2-43d648d693ed	chr3	59934278	98052724	4	2	2
3b5d90bb-1d8a-4812-8ac2-43d648d693ed	chr3	98052759	98067580	2	1	1
3b5d90bb-1d8a-4812-8ac2-43d648d693ed	chr3	98067715	98067882	0	0	0
3b5d90bb-1d8a-4812-8ac2-43d648d693ed	chr3	98068101	198169247	4	2	2
3b5d90bb-1d8a-4812-8ac2-43d648d693ed	chr4	68929	31679013	2	2	0
3b5d90bb-1d8a-4812-8ac2-43d648d693ed	chr4	31680740	34354574	1	1	0
3b5d90bb-1d8a-4812-8ac2-43d648d693ed	chr4	34354613	34784878	2	2	0
3b5d90bb-1d8a-4812-8ac2-43d648d693ed	chr4	34785333	34823103	0	0	0
3b5d90bb-1d8a-4812-8ac2-43d648d693ed	chr4	34828250	47697178	2	2	0
3b5d90bb-1d8a-4812-8ac2-43d648d693ed	chr4	47703561	49055895	6	4	2
3b5d90bb-1d8a-4812-8ac2-43d648d693ed	chr4	49059124	80312925	4	2	2
3b5d90bb-1d8a-4812-8ac2-43d648d693ed	chr4	80313072	82871885	2	2	0
3b5d90bb-1d8a-4812-8ac2-43d648d693ed	chr4	82874480	87843798	4	2	2
3b5d90bb-1d8a-4812-8ac2-43d648d693ed	chr4	87843817	93752868	2	2	0
3b5d90bb-1d8a-4812-8ac2-43d648d693ed	chr4	93753290	96844569	4	2	2
3b5d90bb-1d8a-4812-8ac2-43d648d693ed	chr4	96845394	97650375	2	2	0
3b5d90bb-1d8a-4812-8ac2-43d648d693ed	chr4	97654168	133347699	4	2	2
3b5d90bb-1d8a-4812-8ac2-43d648d693ed	chr4	133349581	134076916	2	2	0
3b5d90bb-1d8a-4812-8ac2-43d648d693ed	chr4	134077184	134490146	5	3	2
3b5d90bb-1d8a-4812-8ac2-43d648d693ed	chr4	134490378	134506627	2	1	1
3b5d90bb-1d8a-4812-8ac2-43d648d693ed	chr4	134511629	136317104	4	2	2
3b5d90bb-1d8a-4812-8ac2-43d648d693ed	chr4	136318862	137623446	2	2	0
3b5d90bb-1d8a-4812-8ac2-43d648d693ed	chr4	137623461	145714982	4	2	2
3b5d90bb-1d8a-4812-8ac2-43d648d693ed	chr4	145718056	168095771	2	2	0
3b5d90bb-1d8a-4812-8ac2-43d648d693ed	chr4	168096245	177220157	4	2	2
3b5d90bb-1d8a-4812-8ac2-43d648d693ed	chr4	177221236	190106768	2	2	0
3b5d90bb-1d8a-4812-8ac2-43d648d693ed	chr5	15532	38780202	4	2	2
3b5d90bb-1d8a-4812-8ac2-43d648d693ed	chr5	38780676	43910402	2	2	0
3b5d90bb-1d8a-4812-8ac2-43d648d693ed	chr5	43910646	44381794	5	3	2
3b5d90bb-1d8a-4812-8ac2-43d648d693ed	chr5	44381959	46251204	2	2	0
3b5d90bb-1d8a-4812-8ac2-43d648d693ed	chr5	46270906	50225758	0	0	0
3b5d90bb-1d8a-4812-8ac2-43d648d693ed	chr5	50230193	68807378	2	2	0
3b5d90bb-1d8a-4812-8ac2-43d648d693ed	chr5	68808789	79527813	4	2	2
3b5d90bb-1d8a-4812-8ac2-43d648d693ed	chr5	79528401	105265728	2	2	0
3b5d90bb-1d8a-4812-8ac2-43d648d693ed	chr5	105274946	105966175	4	2	2
3b5d90bb-1d8a-4812-8ac2-43d648d693ed	chr5	105974691	137478395	2	2	0
3b5d90bb-1d8a-4812-8ac2-43d648d693ed	chr5	137479521	144104749	4	2	2
3b5d90bb-1d8a-4812-8ac2-43d648d693ed	chr5	144105262	163542340	2	2	0
3b5d90bb-1d8a-4812-8ac2-43d648d693ed	chr5	163542750	167013430	4	2	2
3b5d90bb-1d8a-4812-8ac2-43d648d693ed	chr5	167016851	167085995	5	4	1
3b5d90bb-1d8a-4812-8ac2-43d648d693ed	chr5	167087259	169525243	2	2	0
3b5d90bb-1d8a-4812-8ac2-43d648d693ed	chr5	169525653	181363319	4	2	2
3b5d90bb-1d8a-4812-8ac2-43d648d693ed	chr6	149661	328357	3	2	1
3b5d90bb-1d8a-4812-8ac2-43d648d693ed	chr6	329869	379015	1	1	0
3b5d90bb-1d8a-4812-8ac2-43d648d693ed	chr6	380821	18722244	3	2	1
3b5d90bb-1d8a-4812-8ac2-43d648d693ed	chr6	18724062	103160165	4	2	2
3b5d90bb-1d8a-4812-8ac2-43d648d693ed	chr6	103164179	103286954	3	2	1
3b5d90bb-1d8a-4812-8ac2-43d648d693ed	chr6	103290101	103323069	0	0	0
3b5d90bb-1d8a-4812-8ac2-43d648d693ed	chr6	103326915	170741917	3	2	1
3b5d90bb-1d8a-4812-8ac2-43d648d693ed	chr7	43259	50475181	6	4	2
3b5d90bb-1d8a-4812-8ac2-43d648d693ed	chr7	50475229	50479066	1	1	0
3b5d90bb-1d8a-4812-8ac2-43d648d693ed	chr7	50479193	70892075	6	4	2
3b5d90bb-1d8a-4812-8ac2-43d648d693ed	chr7	70893093	134100981	5	3	2
3b5d90bb-1d8a-4812-8ac2-43d648d693ed	chr7	134100986	134110881	0	0	0
3b5d90bb-1d8a-4812-8ac2-43d648d693ed	chr7	134110912	159334314	5	3	2
3b5d90bb-1d8a-4812-8ac2-43d648d693ed	chr8	81254	89530983	4	2	2
3b5d90bb-1d8a-4812-8ac2-43d648d693ed	chr8	89534576	89686412	1	1	0
3b5d90bb-1d8a-4812-8ac2-43d648d693ed	chr8	89687303	145072769	4	2	2
3b5d90bb-1d8a-4812-8ac2-43d648d693ed	chr9	46587	41741113	3	2	1
3b5d90bb-1d8a-4812-8ac2-43d648d693ed	chr9	60863881	61557822	4	4	0
3b5d90bb-1d8a-4812-8ac2-43d648d693ed	chr9	61561095	64845973	6	6	0
3b5d90bb-1d8a-4812-8ac2-43d648d693ed	chr9	64846581	110837142	2	1	1
3b5d90bb-1d8a-4812-8ac2-43d648d693ed	chr9	110843591	111001027	1	1	0
3b5d90bb-1d8a-4812-8ac2-43d648d693ed	chr9	111001760	117562435	2	1	1
3b5d90bb-1d8a-4812-8ac2-43d648d693ed	chr9	117562485	117580886	1	1	0
3b5d90bb-1d8a-4812-8ac2-43d648d693ed	chr9	117581506	138200944	2	1	1
3b5d90bb-1d8a-4812-8ac2-43d648d693ed	chr10	45792	59013850	4	2	2
3b5d90bb-1d8a-4812-8ac2-43d648d693ed	chr10	59014483	64166668	6	4	2
3b5d90bb-1d8a-4812-8ac2-43d648d693ed	chr10	64167188	65548272	2	2	0
3b5d90bb-1d8a-4812-8ac2-43d648d693ed	chr10	65548833	65554688	0	0	0
3b5d90bb-1d8a-4812-8ac2-43d648d693ed	chr10	65563037	133654968	2	2	0
3b5d90bb-1d8a-4812-8ac2-43d648d693ed	chr11	198510	69981800	4	2	2
3b5d90bb-1d8a-4812-8ac2-43d648d693ed	chr11	69982488	70003258	2	1	1
3b5d90bb-1d8a-4812-8ac2-43d648d693ed	chr11	70003328	91870529	4	2	2
3b5d90bb-1d8a-4812-8ac2-43d648d693ed	chr11	91870882	91880091	9	5	4
3b5d90bb-1d8a-4812-8ac2-43d648d693ed	chr11	91880441	131143730	4	2	2
3b5d90bb-1d8a-4812-8ac2-43d648d693ed	chr11	131144852	131180999	7	4	3
3b5d90bb-1d8a-4812-8ac2-43d648d693ed	chr11	131181399	135074876	4	2	2
3b5d90bb-1d8a-4812-8ac2-43d648d693ed	chr12	51460	756804	4	2	2
3b5d90bb-1d8a-4812-8ac2-43d648d693ed	chr12	759943	764863	0	0	0
3b5d90bb-1d8a-4812-8ac2-43d648d693ed	chr12	766188	21459249	4	2	2
3b5d90bb-1d8a-4812-8ac2-43d648d693ed	chr12	21459403	21496226	8	4	4
3b5d90bb-1d8a-4812-8ac2-43d648d693ed	chr12	21496605	52476196	4	2	2
3b5d90bb-1d8a-4812-8ac2-43d648d693ed	chr12	52476602	52532185	5	3	2
3b5d90bb-1d8a-4812-8ac2-43d648d693ed	chr12	52534131	133201603	4	2	2
3b5d90bb-1d8a-4812-8ac2-43d648d693ed	chr13	18452809	52954068	5	4	1
3b5d90bb-1d8a-4812-8ac2-43d648d693ed	chr13	52956136	52965019	13	9	4
3b5d90bb-1d8a-4812-8ac2-43d648d693ed	chr13	52966387	57476563	6	5	1
3b5d90bb-1d8a-4812-8ac2-43d648d693ed	chr13	57477107	57552400	3	2	1
3b5d90bb-1d8a-4812-8ac2-43d648d693ed	chr13	57554048	79846107	6	5	1
3b5d90bb-1d8a-4812-8ac2-43d648d693ed	chr13	79848548	79874503	3	2	1
3b5d90bb-1d8a-4812-8ac2-43d648d693ed	chr13	79876318	108704165	5	4	1
3b5d90bb-1d8a-4812-8ac2-43d648d693ed	chr13	108705157	108706264	1	1	0
3b5d90bb-1d8a-4812-8ac2-43d648d693ed	chr13	108706342	114342922	5	4	1
3b5d90bb-1d8a-4812-8ac2-43d648d693ed	chr14	18239283	105733039	3	3	0
3b5d90bb-1d8a-4812-8ac2-43d648d693ed	chr14	105752248	106314594	9	9	0
3b5d90bb-1d8a-4812-8ac2-43d648d693ed	chr14	106320716	106433474	4	4	0
3b5d90bb-1d8a-4812-8ac2-43d648d693ed	chr14	106434898	106456712	0	0	0
3b5d90bb-1d8a-4812-8ac2-43d648d693ed	chr14	106456727	106877229	3	3	0
3b5d90bb-1d8a-4812-8ac2-43d648d693ed	chr15	19811075	20373168	4	4	0
3b5d90bb-1d8a-4812-8ac2-43d648d693ed	chr15	20376198	20376311	0	0	0
3b5d90bb-1d8a-4812-8ac2-43d648d693ed	chr15	20380735	93942818	3	3	0
3b5d90bb-1d8a-4812-8ac2-43d648d693ed	chr15	93944685	101928837	5	3	2
3b5d90bb-1d8a-4812-8ac2-43d648d693ed	chr16	10777	6559562	4	2	2
3b5d90bb-1d8a-4812-8ac2-43d648d693ed	chr16	6560702	6708433	2	2	0
3b5d90bb-1d8a-4812-8ac2-43d648d693ed	chr16	6708623	78998652	4	2	2
3b5d90bb-1d8a-4812-8ac2-43d648d693ed	chr16	78999095	79186783	3	2	1
3b5d90bb-1d8a-4812-8ac2-43d648d693ed	chr16	79188390	90096867	4	2	2
3b5d90bb-1d8a-4812-8ac2-43d648d693ed	chr17	150733	19261769	2	2	0
3b5d90bb-1d8a-4812-8ac2-43d648d693ed	chr17	19261855	19324022	3	3	0
3b5d90bb-1d8a-4812-8ac2-43d648d693ed	chr17	19324287	41266762	4	2	2
3b5d90bb-1d8a-4812-8ac2-43d648d693ed	chr17	41266774	41274279	0	0	0
3b5d90bb-1d8a-4812-8ac2-43d648d693ed	chr17	41276472	66415296	4	2	2
3b5d90bb-1d8a-4812-8ac2-43d648d693ed	chr17	66415846	66432620	0	0	0
3b5d90bb-1d8a-4812-8ac2-43d648d693ed	chr17	66434729	66485241	1	1	0
3b5d90bb-1d8a-4812-8ac2-43d648d693ed	chr17	66485406	83091923	4	2	2
3b5d90bb-1d8a-4812-8ac2-43d648d693ed	chr18	48133	15402409	2	2	0
3b5d90bb-1d8a-4812-8ac2-43d648d693ed	chr18	20949392	41996270	4	2	2
3b5d90bb-1d8a-4812-8ac2-43d648d693ed	chr18	41998313	43567172	2	2	0
3b5d90bb-1d8a-4812-8ac2-43d648d693ed	chr18	43567879	44107195	3	2	1
3b5d90bb-1d8a-4812-8ac2-43d648d693ed	chr18	44109181	80257174	2	2	0
3b5d90bb-1d8a-4812-8ac2-43d648d693ed	chr19	90910	58586487	3	2	1
3b5d90bb-1d8a-4812-8ac2-43d648d693ed	chr20	80664	14709539	3	2	1
3b5d90bb-1d8a-4812-8ac2-43d648d693ed	chr20	14709646	15163148	1	1	0
3b5d90bb-1d8a-4812-8ac2-43d648d693ed	chr20	15163160	15510183	0	0	0
3b5d90bb-1d8a-4812-8ac2-43d648d693ed	chr20	15510749	19614129	1	1	0
3b5d90bb-1d8a-4812-8ac2-43d648d693ed	chr20	19616819	64324800	11	10	1
3b5d90bb-1d8a-4812-8ac2-43d648d693ed	chr21	12973348	17859623	4	2	2
3b5d90bb-1d8a-4812-8ac2-43d648d693ed	chr21	17860284	46677045	3	2	1
3b5d90bb-1d8a-4812-8ac2-43d648d693ed	chr22	16392123	50237002	4	2	2
3b5d90bb-1d8a-4812-8ac2-43d648d693ed	chr22	50237533	50796027	4	3	1
3b5d90bb-1d8a-4812-8ac2-43d648d693ed	chrX	251810	79982959	5	4	1
3b5d90bb-1d8a-4812-8ac2-43d648d693ed	chrX	79984980	156004181	6	4	2
3b5d90bb-1d8a-4812-8ac2-43d648d693ed	chrY	2782397	26653788	0	0	0
3b5d90bb-1d8a-4812-8ac2-43d648d693ed	chrY	56872112	56872112	4	4	0
