GDC_Aliquot	Chromosome	Start	End	Num_Probes	Segment_Mean
dde4ddbf-306d-4bc2-9d53-6312e127e9e7	1	62920	15823420	8343	-0.0171
dde4ddbf-306d-4bc2-9d53-6312e127e9e7	1	15827002	15828515	10	0.5029
dde4ddbf-306d-4bc2-9d53-6312e127e9e7	1	15839166	16863509	355	-0.0313
dde4ddbf-306d-4bc2-9d53-6312e127e9e7	1	16864367	16898730	13	0.3306
dde4ddbf-306d-4bc2-9d53-6312e127e9e7	1	16898872	16909357	6	-0.1936
dde4ddbf-306d-4bc2-9d53-6312e127e9e7	1	16909373	16934716	28	0.443
dde4ddbf-306d-4bc2-9d53-6312e127e9e7	1	16934753	21967332	3342	-0.0275
dde4ddbf-306d-4bc2-9d53-6312e127e9e7	1	21969814	22062995	41	-0.2612
dde4ddbf-306d-4bc2-9d53-6312e127e9e7	1	22065274	25256850	1890	-0.0244
dde4ddbf-306d-4bc2-9d53-6312e127e9e7	1	25266637	25320455	24	0.4121
dde4ddbf-306d-4bc2-9d53-6312e127e9e7	1	25336819	28503390	1339	-0.0117
dde4ddbf-306d-4bc2-9d53-6312e127e9e7	1	28504353	28509875	5	-0.7205
dde4ddbf-306d-4bc2-9d53-6312e127e9e7	1	28513637	34626073	3609	-0.0184
dde4ddbf-306d-4bc2-9d53-6312e127e9e7	1	34637053	34638890	20	-0.6601
dde4ddbf-306d-4bc2-9d53-6312e127e9e7	1	34648667	40555364	3184	-0.0213
dde4ddbf-306d-4bc2-9d53-6312e127e9e7	1	40556404	40562538	4	-1.0902
dde4ddbf-306d-4bc2-9d53-6312e127e9e7	1	40563254	72302815	20589	-0.0004
dde4ddbf-306d-4bc2-9d53-6312e127e9e7	1	72303233	72345465	46	-1.5541
dde4ddbf-306d-4bc2-9d53-6312e127e9e7	1	72346221	74725098	1448	0.0124
dde4ddbf-306d-4bc2-9d53-6312e127e9e7	1	74727351	74733606	3	-1.1111
dde4ddbf-306d-4bc2-9d53-6312e127e9e7	1	74734100	81087604	4072	0.0144
dde4ddbf-306d-4bc2-9d53-6312e127e9e7	1	81089527	81231138	107	0.1598
dde4ddbf-306d-4bc2-9d53-6312e127e9e7	1	81232448	109684893	17991	0.0071
dde4ddbf-306d-4bc2-9d53-6312e127e9e7	1	109690352	109697556	13	1.3418
dde4ddbf-306d-4bc2-9d53-6312e127e9e7	1	109702376	112147704	1951	0.0081
dde4ddbf-306d-4bc2-9d53-6312e127e9e7	1	112153343	112154591	22	0.3896
dde4ddbf-306d-4bc2-9d53-6312e127e9e7	1	112154619	114289343	1330	-0.0012
dde4ddbf-306d-4bc2-9d53-6312e127e9e7	1	114291004	114291088	2	-1.3465
dde4ddbf-306d-4bc2-9d53-6312e127e9e7	1	114291180	149844633	4855	0.0012
dde4ddbf-306d-4bc2-9d53-6312e127e9e7	1	149844715	151675530	869	-0.0546
dde4ddbf-306d-4bc2-9d53-6312e127e9e7	1	151682193	152583051	555	0.0187
dde4ddbf-306d-4bc2-9d53-6312e127e9e7	1	152583230	152614118	35	-1.9849
dde4ddbf-306d-4bc2-9d53-6312e127e9e7	1	152618018	152787202	167	-0.031
dde4ddbf-306d-4bc2-9d53-6312e127e9e7	1	152789447	152796224	37	-1.6221
dde4ddbf-306d-4bc2-9d53-6312e127e9e7	1	152801429	158896783	3615	-0.0206
dde4ddbf-306d-4bc2-9d53-6312e127e9e7	1	158898711	158899969	2	-2.0281
dde4ddbf-306d-4bc2-9d53-6312e127e9e7	1	158905028	159275184	241	-0.0279
dde4ddbf-306d-4bc2-9d53-6312e127e9e7	1	159276545	159276733	2	-1.2352
dde4ddbf-306d-4bc2-9d53-6312e127e9e7	1	159279025	167795598	6312	-0.0016
dde4ddbf-306d-4bc2-9d53-6312e127e9e7	1	167796946	167797682	4	-1.1846
dde4ddbf-306d-4bc2-9d53-6312e127e9e7	1	167799276	179354603	7731	0.0039
dde4ddbf-306d-4bc2-9d53-6312e127e9e7	1	179361393	179364180	4	-1.0233
dde4ddbf-306d-4bc2-9d53-6312e127e9e7	1	179370071	194461702	10105	0.0122
dde4ddbf-306d-4bc2-9d53-6312e127e9e7	1	194465137	194485888	15	0.4143
dde4ddbf-306d-4bc2-9d53-6312e127e9e7	1	194487886	196745743	1451	0.0143
dde4ddbf-306d-4bc2-9d53-6312e127e9e7	1	196758720	196854586	65	0.3251
dde4ddbf-306d-4bc2-9d53-6312e127e9e7	1	196854706	248930189	35829	0.0119
dde4ddbf-306d-4bc2-9d53-6312e127e9e7	2	12784	4158097	2988	0.0273
dde4ddbf-306d-4bc2-9d53-6312e127e9e7	2	4166274	4176429	42	-0.5663
dde4ddbf-306d-4bc2-9d53-6312e127e9e7	2	4182472	15659982	8810	0.0131
dde4ddbf-306d-4bc2-9d53-6312e127e9e7	2	15660519	15660633	3	-1.0734
dde4ddbf-306d-4bc2-9d53-6312e127e9e7	2	15664270	24376380	6096	0.015
dde4ddbf-306d-4bc2-9d53-6312e127e9e7	2	24378642	24388858	20	-0.8101
dde4ddbf-306d-4bc2-9d53-6312e127e9e7	2	24390690	34466002	6141	-0.0032
dde4ddbf-306d-4bc2-9d53-6312e127e9e7	2	34474248	34511990	46	0.7157
dde4ddbf-306d-4bc2-9d53-6312e127e9e7	2	34512096	35750907	872	0.0209
dde4ddbf-306d-4bc2-9d53-6312e127e9e7	2	35752724	35762850	6	-1.9548
dde4ddbf-306d-4bc2-9d53-6312e127e9e7	2	35762881	36446412	609	0.0484
dde4ddbf-306d-4bc2-9d53-6312e127e9e7	2	36447853	36447868	2	-1.2921
dde4ddbf-306d-4bc2-9d53-6312e127e9e7	2	36448387	41154182	3437	0.0164
dde4ddbf-306d-4bc2-9d53-6312e127e9e7	2	41154236	41319767	130	0.1488
dde4ddbf-306d-4bc2-9d53-6312e127e9e7	2	41320202	50643474	6666	0.009
dde4ddbf-306d-4bc2-9d53-6312e127e9e7	2	50644280	51130564	344	0.1475
dde4ddbf-306d-4bc2-9d53-6312e127e9e7	2	51133337	78756907	17896	0.0086
dde4ddbf-306d-4bc2-9d53-6312e127e9e7	2	78756922	79472456	581	0.0808
dde4ddbf-306d-4bc2-9d53-6312e127e9e7	2	79472679	86710564	4438	0.0077
dde4ddbf-306d-4bc2-9d53-6312e127e9e7	2	86725947	86726731	2	-1.5915
dde4ddbf-306d-4bc2-9d53-6312e127e9e7	2	86743283	86901078	63	-0.0337
dde4ddbf-306d-4bc2-9d53-6312e127e9e7	2	86902080	86910262	2	-2.0491
dde4ddbf-306d-4bc2-9d53-6312e127e9e7	2	86934730	89305244	790	-0.0202
dde4ddbf-306d-4bc2-9d53-6312e127e9e7	2	89896149	90309328	135	-0.7641
dde4ddbf-306d-4bc2-9d53-6312e127e9e7	2	91670923	97537802	945	-0.0062
dde4ddbf-306d-4bc2-9d53-6312e127e9e7	2	97540809	97545247	3	-1.2645
dde4ddbf-306d-4bc2-9d53-6312e127e9e7	2	97545726	124265289	16180	0.0106
dde4ddbf-306d-4bc2-9d53-6312e127e9e7	2	124270393	125293317	629	0.6263
dde4ddbf-306d-4bc2-9d53-6312e127e9e7	2	125299641	128880504	2170	0.0179
dde4ddbf-306d-4bc2-9d53-6312e127e9e7	2	128880904	128882723	14	-0.7322
dde4ddbf-306d-4bc2-9d53-6312e127e9e7	2	128882741	129977148	853	0.0225
dde4ddbf-306d-4bc2-9d53-6312e127e9e7	2	129979730	129979747	2	1.0919
dde4ddbf-306d-4bc2-9d53-6312e127e9e7	2	129987388	137616891	4334	0.0182
dde4ddbf-306d-4bc2-9d53-6312e127e9e7	2	137620245	138307433	428	0.0975
dde4ddbf-306d-4bc2-9d53-6312e127e9e7	2	138307553	146104517	4805	0.018
dde4ddbf-306d-4bc2-9d53-6312e127e9e7	2	146106836	146109366	24	0.8625
dde4ddbf-306d-4bc2-9d53-6312e127e9e7	2	146120238	152930971	4204	0.0132
dde4ddbf-306d-4bc2-9d53-6312e127e9e7	2	152939554	152940270	3	-1.6361
dde4ddbf-306d-4bc2-9d53-6312e127e9e7	2	152944055	159102108	3587	0.0187
dde4ddbf-306d-4bc2-9d53-6312e127e9e7	2	159103831	159104461	2	-1.4143
dde4ddbf-306d-4bc2-9d53-6312e127e9e7	2	159106775	179196928	12491	0.015
dde4ddbf-306d-4bc2-9d53-6312e127e9e7	2	179202465	179211936	2	-1.8935
dde4ddbf-306d-4bc2-9d53-6312e127e9e7	2	179214417	179548635	218	0.0018
dde4ddbf-306d-4bc2-9d53-6312e127e9e7	2	179548644	179557410	31	-0.6737
dde4ddbf-306d-4bc2-9d53-6312e127e9e7	2	179560916	230393900	31341	0.0159
dde4ddbf-306d-4bc2-9d53-6312e127e9e7	2	230400636	230401563	2	-1.6294
dde4ddbf-306d-4bc2-9d53-6312e127e9e7	2	230402928	242147305	7215	0.0015
dde4ddbf-306d-4bc2-9d53-6312e127e9e7	3	20930	807119	652	0.0993
dde4ddbf-306d-4bc2-9d53-6312e127e9e7	3	815775	817841	4	-1.052
dde4ddbf-306d-4bc2-9d53-6312e127e9e7	3	819470	2926956	1885	0.0898
dde4ddbf-306d-4bc2-9d53-6312e127e9e7	3	2927375	5258084	2090	0.0196
dde4ddbf-306d-4bc2-9d53-6312e127e9e7	3	5258654	6728026	1312	0.0701
dde4ddbf-306d-4bc2-9d53-6312e127e9e7	3	6729988	21052254	9830	0.0118
dde4ddbf-306d-4bc2-9d53-6312e127e9e7	3	21053677	21313746	184	0.123
dde4ddbf-306d-4bc2-9d53-6312e127e9e7	3	21314011	21735667	332	0.0141
dde4ddbf-306d-4bc2-9d53-6312e127e9e7	3	21735875	22262333	528	0.1235
dde4ddbf-306d-4bc2-9d53-6312e127e9e7	3	22262402	25948283	2800	0.0137
dde4ddbf-306d-4bc2-9d53-6312e127e9e7	3	25951171	26405349	289	0.1128
dde4ddbf-306d-4bc2-9d53-6312e127e9e7	3	26407354	37935926	7736	0.0102
dde4ddbf-306d-4bc2-9d53-6312e127e9e7	3	37940617	37945437	18	-0.8116
dde4ddbf-306d-4bc2-9d53-6312e127e9e7	3	37945615	52989195	8078	-0.0052
dde4ddbf-306d-4bc2-9d53-6312e127e9e7	3	52994359	53005247	39	-0.6651
dde4ddbf-306d-4bc2-9d53-6312e127e9e7	3	53005263	59719409	4541	-0.0006
dde4ddbf-306d-4bc2-9d53-6312e127e9e7	3	59720118	60792199	1247	0.0889
dde4ddbf-306d-4bc2-9d53-6312e127e9e7	3	60794907	60795294	4	-0.8583
dde4ddbf-306d-4bc2-9d53-6312e127e9e7	3	60798502	61042185	230	0.0653
dde4ddbf-306d-4bc2-9d53-6312e127e9e7	3	61044936	65203560	3539	0.0144
dde4ddbf-306d-4bc2-9d53-6312e127e9e7	3	65203644	65214027	30	-0.7804
dde4ddbf-306d-4bc2-9d53-6312e127e9e7	3	65214192	65217857	5	-0.0923
dde4ddbf-306d-4bc2-9d53-6312e127e9e7	3	65217863	65224777	16	-0.7647
dde4ddbf-306d-4bc2-9d53-6312e127e9e7	3	65230674	68697013	2425	0.0025
dde4ddbf-306d-4bc2-9d53-6312e127e9e7	3	68697108	68698262	14	1.1089
dde4ddbf-306d-4bc2-9d53-6312e127e9e7	3	68699607	73979614	4031	0.0102
dde4ddbf-306d-4bc2-9d53-6312e127e9e7	3	73979658	73980111	2	-1.0949
dde4ddbf-306d-4bc2-9d53-6312e127e9e7	3	73986607	82815398	5011	0.0104
dde4ddbf-306d-4bc2-9d53-6312e127e9e7	3	82823628	82823892	6	-0.6849
dde4ddbf-306d-4bc2-9d53-6312e127e9e7	3	82831894	89211176	3421	0.0059
dde4ddbf-306d-4bc2-9d53-6312e127e9e7	3	89211498	89211511	2	-1.6797
dde4ddbf-306d-4bc2-9d53-6312e127e9e7	3	89211843	99225632	3445	0.0072
dde4ddbf-306d-4bc2-9d53-6312e127e9e7	3	99225667	99230212	25	-0.6015
dde4ddbf-306d-4bc2-9d53-6312e127e9e7	3	99230225	130044016	18728	0.0124
dde4ddbf-306d-4bc2-9d53-6312e127e9e7	3	130044855	130089968	42	-0.2062
dde4ddbf-306d-4bc2-9d53-6312e127e9e7	3	130092370	132273893	1435	0.0081
dde4ddbf-306d-4bc2-9d53-6312e127e9e7	3	132273929	132276840	3	-1.9577
dde4ddbf-306d-4bc2-9d53-6312e127e9e7	3	132281633	146658754	8952	0.0146
dde4ddbf-306d-4bc2-9d53-6312e127e9e7	3	146660742	147750170	577	0.085
dde4ddbf-306d-4bc2-9d53-6312e127e9e7	3	147750214	150610845	1789	0.0189
dde4ddbf-306d-4bc2-9d53-6312e127e9e7	3	150613774	150613801	2	-1.0552
dde4ddbf-306d-4bc2-9d53-6312e127e9e7	3	150614208	151792254	823	0.021
dde4ddbf-306d-4bc2-9d53-6312e127e9e7	3	151793297	151828091	29	-0.9522
dde4ddbf-306d-4bc2-9d53-6312e127e9e7	3	151830703	152895514	692	0.0188
dde4ddbf-306d-4bc2-9d53-6312e127e9e7	3	152903158	152903492	2	-1.1535
dde4ddbf-306d-4bc2-9d53-6312e127e9e7	3	152904107	162790480	5967	0.0145
dde4ddbf-306d-4bc2-9d53-6312e127e9e7	3	162794869	162898127	64	-1.5977
dde4ddbf-306d-4bc2-9d53-6312e127e9e7	3	162906054	162908207	6	-0.6447
dde4ddbf-306d-4bc2-9d53-6312e127e9e7	3	162908784	167941968	2804	0.0195
dde4ddbf-306d-4bc2-9d53-6312e127e9e7	3	167942969	167943348	2	-2.014
dde4ddbf-306d-4bc2-9d53-6312e127e9e7	3	167948129	173583247	3582	0.0178
dde4ddbf-306d-4bc2-9d53-6312e127e9e7	3	173585525	173600320	17	0.8048
dde4ddbf-306d-4bc2-9d53-6312e127e9e7	3	173600649	195747311	14321	0.019
dde4ddbf-306d-4bc2-9d53-6312e127e9e7	3	195747892	198169247	1167	-0.0474
dde4ddbf-306d-4bc2-9d53-6312e127e9e7	4	68929	3418113	1376	-0.0164
dde4ddbf-306d-4bc2-9d53-6312e127e9e7	4	3427347	3428785	2	-1.3231
dde4ddbf-306d-4bc2-9d53-6312e127e9e7	4	3429468	3785421	161	0.033
dde4ddbf-306d-4bc2-9d53-6312e127e9e7	4	3787300	3791966	3	-0.8916
dde4ddbf-306d-4bc2-9d53-6312e127e9e7	4	3794869	5309029	987	-0.0113
dde4ddbf-306d-4bc2-9d53-6312e127e9e7	4	5313707	5319207	4	-0.8488
dde4ddbf-306d-4bc2-9d53-6312e127e9e7	4	5321568	10208766	3175	0.0166
dde4ddbf-306d-4bc2-9d53-6312e127e9e7	4	10221792	10233644	35	1.4488
dde4ddbf-306d-4bc2-9d53-6312e127e9e7	4	10234518	10390730	172	-0.0177
dde4ddbf-306d-4bc2-9d53-6312e127e9e7	4	10391530	10399044	15	-2.6082
dde4ddbf-306d-4bc2-9d53-6312e127e9e7	4	10401094	34777432	16795	0.011
dde4ddbf-306d-4bc2-9d53-6312e127e9e7	4	34784878	34828250	39	0.4307
dde4ddbf-306d-4bc2-9d53-6312e127e9e7	4	34828291	42901543	5355	0.0143
dde4ddbf-306d-4bc2-9d53-6312e127e9e7	4	42901689	43331580	320	0.1223
dde4ddbf-306d-4bc2-9d53-6312e127e9e7	4	43331593	48202282	2867	0.0212
dde4ddbf-306d-4bc2-9d53-6312e127e9e7	4	48202619	48202631	2	-1.4764
dde4ddbf-306d-4bc2-9d53-6312e127e9e7	4	48203925	49214614	434	0.0286
dde4ddbf-306d-4bc2-9d53-6312e127e9e7	4	49289175	49289338	2	-1.8539
dde4ddbf-306d-4bc2-9d53-6312e127e9e7	4	49295203	68354665	10467	0.0066
dde4ddbf-306d-4bc2-9d53-6312e127e9e7	4	68361130	68418873	9	0.6657
dde4ddbf-306d-4bc2-9d53-6312e127e9e7	4	68422420	68422424	3	-2.5589
dde4ddbf-306d-4bc2-9d53-6312e127e9e7	4	68429081	68773444	112	-0.0535
dde4ddbf-306d-4bc2-9d53-6312e127e9e7	4	68774516	69395640	349	0.1274
dde4ddbf-306d-4bc2-9d53-6312e127e9e7	4	69397964	69523998	95	-0.0047
dde4ddbf-306d-4bc2-9d53-6312e127e9e7	4	69524143	69525061	2	-2.5861
dde4ddbf-306d-4bc2-9d53-6312e127e9e7	4	69526170	114252544	27228	0.0149
dde4ddbf-306d-4bc2-9d53-6312e127e9e7	4	114254167	114261019	23	-1.6045
dde4ddbf-306d-4bc2-9d53-6312e127e9e7	4	114263073	190106768	47179	0.0206
dde4ddbf-306d-4bc2-9d53-6312e127e9e7	5	15532	69550476	43097	0.0123
dde4ddbf-306d-4bc2-9d53-6312e127e9e7	5	69571467	69822308	5	1.4434
dde4ddbf-306d-4bc2-9d53-6312e127e9e7	5	69937600	70959079	12	-0.0337
dde4ddbf-306d-4bc2-9d53-6312e127e9e7	5	71010832	71011717	5	-0.9665
dde4ddbf-306d-4bc2-9d53-6312e127e9e7	5	71053366	99257506	16471	0.0139
dde4ddbf-306d-4bc2-9d53-6312e127e9e7	5	99257749	100209465	578	0.1073
dde4ddbf-306d-4bc2-9d53-6312e127e9e7	5	100212486	115940739	10191	0.0234
dde4ddbf-306d-4bc2-9d53-6312e127e9e7	5	115941637	116285906	330	0.0975
dde4ddbf-306d-4bc2-9d53-6312e127e9e7	5	116289489	139024863	14419	0.0194
dde4ddbf-306d-4bc2-9d53-6312e127e9e7	5	139025351	139025446	2	-1.1189
dde4ddbf-306d-4bc2-9d53-6312e127e9e7	5	139027407	140838745	772	0.03
dde4ddbf-306d-4bc2-9d53-6312e127e9e7	5	140839137	140852254	11	-0.7388
dde4ddbf-306d-4bc2-9d53-6312e127e9e7	5	140861442	180947523	26846	0.0141
dde4ddbf-306d-4bc2-9d53-6312e127e9e7	5	180951710	180991103	19	-2.2762
dde4ddbf-306d-4bc2-9d53-6312e127e9e7	5	181006225	181363319	170	-0.0025
dde4ddbf-306d-4bc2-9d53-6312e127e9e7	6	149661	294837	124	-0.0316
dde4ddbf-306d-4bc2-9d53-6312e127e9e7	6	302306	381149	78	-0.3045
dde4ddbf-306d-4bc2-9d53-6312e127e9e7	6	382559	23057409	17518	0.0073
dde4ddbf-306d-4bc2-9d53-6312e127e9e7	6	23060763	23060771	3	-1.3291
dde4ddbf-306d-4bc2-9d53-6312e127e9e7	6	23064026	29869295	3944	-0.0011
dde4ddbf-306d-4bc2-9d53-6312e127e9e7	6	29869410	29909182	25	-1.0021
dde4ddbf-306d-4bc2-9d53-6312e127e9e7	6	29913249	31313046	655	-0.0314
dde4ddbf-306d-4bc2-9d53-6312e127e9e7	6	31318499	31328674	11	0.9997
dde4ddbf-306d-4bc2-9d53-6312e127e9e7	6	31342147	31380423	47	0.0059
dde4ddbf-306d-4bc2-9d53-6312e127e9e7	6	31380693	31380871	3	1.2646
dde4ddbf-306d-4bc2-9d53-6312e127e9e7	6	31383258	32463515	447	-0.0265
dde4ddbf-306d-4bc2-9d53-6312e127e9e7	6	32463775	32602588	34	1.0485
dde4ddbf-306d-4bc2-9d53-6312e127e9e7	6	32605994	32783837	125	0.191
dde4ddbf-306d-4bc2-9d53-6312e127e9e7	6	32784185	58096364	15698	-0.0074
dde4ddbf-306d-4bc2-9d53-6312e127e9e7	6	58099774	58100791	4	-0.8984
dde4ddbf-306d-4bc2-9d53-6312e127e9e7	6	58106296	64627049	2146	0.0116
dde4ddbf-306d-4bc2-9d53-6312e127e9e7	6	64637651	64639099	2	1.508
dde4ddbf-306d-4bc2-9d53-6312e127e9e7	6	64640883	66321656	1129	0.0223
dde4ddbf-306d-4bc2-9d53-6312e127e9e7	6	66321672	66350388	45	0.2358
dde4ddbf-306d-4bc2-9d53-6312e127e9e7	6	66350456	73878292	4981	0.0085
dde4ddbf-306d-4bc2-9d53-6312e127e9e7	6	73878589	73882142	6	0.2237
dde4ddbf-306d-4bc2-9d53-6312e127e9e7	6	73882509	73887625	9	1.0086
dde4ddbf-306d-4bc2-9d53-6312e127e9e7	6	73891694	76305231	1473	0.0078
dde4ddbf-306d-4bc2-9d53-6312e127e9e7	6	76307183	76307209	3	-1.1936
dde4ddbf-306d-4bc2-9d53-6312e127e9e7	6	76307276	76726815	296	0.0036
dde4ddbf-306d-4bc2-9d53-6312e127e9e7	6	76730151	76742665	15	-4.0081
dde4ddbf-306d-4bc2-9d53-6312e127e9e7	6	76742675	76743040	6	-1.6286
dde4ddbf-306d-4bc2-9d53-6312e127e9e7	6	76751356	77319910	353	0.0032
dde4ddbf-306d-4bc2-9d53-6312e127e9e7	6	77321320	77321416	3	0.7772
dde4ddbf-306d-4bc2-9d53-6312e127e9e7	6	77322441	78151327	538	0.0082
dde4ddbf-306d-4bc2-9d53-6312e127e9e7	6	78154623	78253157	82	0.1105
dde4ddbf-306d-4bc2-9d53-6312e127e9e7	6	78253172	78325457	113	-0.3711
dde4ddbf-306d-4bc2-9d53-6312e127e9e7	6	78325468	93765426	9911	0.0181
dde4ddbf-306d-4bc2-9d53-6312e127e9e7	6	93768888	94934189	771	0.1159
dde4ddbf-306d-4bc2-9d53-6312e127e9e7	6	94939321	103286954	4802	0.0127
dde4ddbf-306d-4bc2-9d53-6312e127e9e7	6	103290101	103317795	47	0.666
dde4ddbf-306d-4bc2-9d53-6312e127e9e7	6	103317836	117407363	8638	0.0076
dde4ddbf-306d-4bc2-9d53-6312e127e9e7	6	117409429	117420332	21	0.7293
dde4ddbf-306d-4bc2-9d53-6312e127e9e7	6	117423482	168221692	33875	0.0178
dde4ddbf-306d-4bc2-9d53-6312e127e9e7	6	168225036	168238232	11	-0.9765
dde4ddbf-306d-4bc2-9d53-6312e127e9e7	6	168243338	168870185	469	0.0751
dde4ddbf-306d-4bc2-9d53-6312e127e9e7	6	168870862	168871190	4	-1.0829
dde4ddbf-306d-4bc2-9d53-6312e127e9e7	6	168875233	170741917	1172	0.0181
dde4ddbf-306d-4bc2-9d53-6312e127e9e7	7	43355	6858609	3439	-0.0057
dde4ddbf-306d-4bc2-9d53-6312e127e9e7	7	6860976	6928556	26	-0.3663
dde4ddbf-306d-4bc2-9d53-6312e127e9e7	7	6928997	8256731	1160	0.0073
dde4ddbf-306d-4bc2-9d53-6312e127e9e7	7	8256965	10599271	1887	0.0742
dde4ddbf-306d-4bc2-9d53-6312e127e9e7	7	10605335	18867273	6622	0.0205
dde4ddbf-306d-4bc2-9d53-6312e127e9e7	7	18867407	19723571	896	0.0838
dde4ddbf-306d-4bc2-9d53-6312e127e9e7	7	19723696	38248326	13348	0.0138
dde4ddbf-306d-4bc2-9d53-6312e127e9e7	7	38251092	38339129	118	0.3642
dde4ddbf-306d-4bc2-9d53-6312e127e9e7	7	38342370	54318812	11004	0.0101
dde4ddbf-306d-4bc2-9d53-6312e127e9e7	7	54318816	54318824	5	3.4271
dde4ddbf-306d-4bc2-9d53-6312e127e9e7	7	54325795	88509034	15879	0.0005
dde4ddbf-306d-4bc2-9d53-6312e127e9e7	7	88511864	89209432	498	0.1142
dde4ddbf-306d-4bc2-9d53-6312e127e9e7	7	89210466	89214538	3	-0.5302
dde4ddbf-306d-4bc2-9d53-6312e127e9e7	7	89218873	90266549	667	0.1005
dde4ddbf-306d-4bc2-9d53-6312e127e9e7	7	90267056	90376432	59	-0.0079
dde4ddbf-306d-4bc2-9d53-6312e127e9e7	7	90379760	90379899	3	-1.0127
dde4ddbf-306d-4bc2-9d53-6312e127e9e7	7	90382772	91562349	837	0.0335
dde4ddbf-306d-4bc2-9d53-6312e127e9e7	7	91562597	91562613	2	-1.1509
dde4ddbf-306d-4bc2-9d53-6312e127e9e7	7	91562977	91728554	131	0.0134
dde4ddbf-306d-4bc2-9d53-6312e127e9e7	7	91728979	91729225	3	0.9511
dde4ddbf-306d-4bc2-9d53-6312e127e9e7	7	91729456	97766148	3752	0.018
dde4ddbf-306d-4bc2-9d53-6312e127e9e7	7	97766150	97766159	5	0.7354
dde4ddbf-306d-4bc2-9d53-6312e127e9e7	7	97766194	101294727	1511	-0.0115
dde4ddbf-306d-4bc2-9d53-6312e127e9e7	7	101295256	101473053	77	-0.2696
dde4ddbf-306d-4bc2-9d53-6312e127e9e7	7	101473876	105946407	2522	-0.005
dde4ddbf-306d-4bc2-9d53-6312e127e9e7	7	105946471	105946995	5	-1.67
dde4ddbf-306d-4bc2-9d53-6312e127e9e7	7	105947907	109801572	2525	0.017
dde4ddbf-306d-4bc2-9d53-6312e127e9e7	7	109801722	109813853	9	0.6955
dde4ddbf-306d-4bc2-9d53-6312e127e9e7	7	109813925	112300407	1658	0.0268
dde4ddbf-306d-4bc2-9d53-6312e127e9e7	7	112304327	112320045	11	-0.9891
dde4ddbf-306d-4bc2-9d53-6312e127e9e7	7	112323774	123167863	6373	0.02
dde4ddbf-306d-4bc2-9d53-6312e127e9e7	7	123167990	123255722	74	0.2033
dde4ddbf-306d-4bc2-9d53-6312e127e9e7	7	123256234	128459984	3312	0.0129
dde4ddbf-306d-4bc2-9d53-6312e127e9e7	7	128464233	128701016	68	-0.1649
dde4ddbf-306d-4bc2-9d53-6312e127e9e7	7	128707820	134100424	3252	0.014
dde4ddbf-306d-4bc2-9d53-6312e127e9e7	7	134100442	134113805	33	0.45
dde4ddbf-306d-4bc2-9d53-6312e127e9e7	7	134114093	142032413	5175	0.0097
dde4ddbf-306d-4bc2-9d53-6312e127e9e7	7	142032430	142063324	23	0.1641
dde4ddbf-306d-4bc2-9d53-6312e127e9e7	7	142069843	142108086	38	0.5026
dde4ddbf-306d-4bc2-9d53-6312e127e9e7	7	142108773	142376543	217	0.0398
dde4ddbf-306d-4bc2-9d53-6312e127e9e7	7	142377184	142804120	228	0.2204
dde4ddbf-306d-4bc2-9d53-6312e127e9e7	7	142804157	144012591	607	0.0127
dde4ddbf-306d-4bc2-9d53-6312e127e9e7	7	144012606	144014058	8	0.5807
dde4ddbf-306d-4bc2-9d53-6312e127e9e7	7	144014076	144111084	98	-0.0163
dde4ddbf-306d-4bc2-9d53-6312e127e9e7	7	144111442	144118714	3	-0.5733
dde4ddbf-306d-4bc2-9d53-6312e127e9e7	7	144118992	144199159	37	0.0476
dde4ddbf-306d-4bc2-9d53-6312e127e9e7	7	144207186	144352208	15	-0.6158
dde4ddbf-306d-4bc2-9d53-6312e127e9e7	7	144377836	152678387	5028	-0.0002
dde4ddbf-306d-4bc2-9d53-6312e127e9e7	7	152684065	152684170	2	-1.4046
dde4ddbf-306d-4bc2-9d53-6312e127e9e7	7	152688020	153253527	362	0.0176
dde4ddbf-306d-4bc2-9d53-6312e127e9e7	7	153254281	154182822	640	0.091
dde4ddbf-306d-4bc2-9d53-6312e127e9e7	7	154183070	155671335	1300	0.0181
dde4ddbf-306d-4bc2-9d53-6312e127e9e7	7	155673169	155674244	2	1.4084
dde4ddbf-306d-4bc2-9d53-6312e127e9e7	7	155676942	156592980	689	0.0128
dde4ddbf-306d-4bc2-9d53-6312e127e9e7	7	156599096	156601485	4	-0.6765
dde4ddbf-306d-4bc2-9d53-6312e127e9e7	7	156602214	159334314	1625	0.0177
dde4ddbf-306d-4bc2-9d53-6312e127e9e7	8	81254	3690505	2994	0.0214
dde4ddbf-306d-4bc2-9d53-6312e127e9e7	8	3690712	4144670	706	0.0652
dde4ddbf-306d-4bc2-9d53-6312e127e9e7	8	4144685	4144794	3	1.1628
dde4ddbf-306d-4bc2-9d53-6312e127e9e7	8	4145131	4310980	393	0.0785
dde4ddbf-306d-4bc2-9d53-6312e127e9e7	8	4311094	4311141	2	-1.5341
dde4ddbf-306d-4bc2-9d53-6312e127e9e7	8	4311442	4940046	881	0.0779
dde4ddbf-306d-4bc2-9d53-6312e127e9e7	8	4940284	5371729	545	0.0214
dde4ddbf-306d-4bc2-9d53-6312e127e9e7	8	5372826	6095251	953	0.1011
dde4ddbf-306d-4bc2-9d53-6312e127e9e7	8	6095283	7329110	1257	-0.0018
dde4ddbf-306d-4bc2-9d53-6312e127e9e7	8	7329124	7890177	47	0.3291
dde4ddbf-306d-4bc2-9d53-6312e127e9e7	8	7919608	8196822	19	0.0206
dde4ddbf-306d-4bc2-9d53-6312e127e9e7	8	8197738	8214781	3	-1.3
dde4ddbf-306d-4bc2-9d53-6312e127e9e7	8	8234503	10156645	1701	-0.0038
dde4ddbf-306d-4bc2-9d53-6312e127e9e7	8	10158408	10481744	328	0.0773
dde4ddbf-306d-4bc2-9d53-6312e127e9e7	8	10485446	12025748	1186	-0.0046
dde4ddbf-306d-4bc2-9d53-6312e127e9e7	8	12035719	12382326	23	0.3862
dde4ddbf-306d-4bc2-9d53-6312e127e9e7	8	12382653	25114672	10444	0.012
dde4ddbf-306d-4bc2-9d53-6312e127e9e7	8	25116928	25117062	4	-0.9657
dde4ddbf-306d-4bc2-9d53-6312e127e9e7	8	25117985	25126818	23	-2.507
dde4ddbf-306d-4bc2-9d53-6312e127e9e7	8	25133589	105986542	47880	0.0109
dde4ddbf-306d-4bc2-9d53-6312e127e9e7	8	105989036	106483012	355	0.1041
dde4ddbf-306d-4bc2-9d53-6312e127e9e7	8	106483031	111279265	2868	0.0143
dde4ddbf-306d-4bc2-9d53-6312e127e9e7	8	111282050	111282852	7	-0.7907
dde4ddbf-306d-4bc2-9d53-6312e127e9e7	8	111282973	111283031	3	-3.2763
dde4ddbf-306d-4bc2-9d53-6312e127e9e7	8	111288052	114156657	1563	0.008
dde4ddbf-306d-4bc2-9d53-6312e127e9e7	8	114156672	114859222	439	0.085
dde4ddbf-306d-4bc2-9d53-6312e127e9e7	8	114859606	136665382	15748	0.0088
dde4ddbf-306d-4bc2-9d53-6312e127e9e7	8	136665432	136851164	180	0.1328
dde4ddbf-306d-4bc2-9d53-6312e127e9e7	8	136851637	139591259	2336	0.0113
dde4ddbf-306d-4bc2-9d53-6312e127e9e7	8	139592093	139592400	4	0.8891
dde4ddbf-306d-4bc2-9d53-6312e127e9e7	8	139592959	140965191	821	-0.0085
dde4ddbf-306d-4bc2-9d53-6312e127e9e7	8	140965990	140966662	2	-1.1057
dde4ddbf-306d-4bc2-9d53-6312e127e9e7	8	140973828	141241454	213	-0.0529
dde4ddbf-306d-4bc2-9d53-6312e127e9e7	8	141243382	142684467	765	0.058
dde4ddbf-306d-4bc2-9d53-6312e127e9e7	8	142693435	143616987	343	-0.0129
dde4ddbf-306d-4bc2-9d53-6312e127e9e7	8	143622987	143623027	2	-1.2885
dde4ddbf-306d-4bc2-9d53-6312e127e9e7	8	143623105	143645848	13	-0.3872
dde4ddbf-306d-4bc2-9d53-6312e127e9e7	8	143646828	145072769	498	-0.0724
dde4ddbf-306d-4bc2-9d53-6312e127e9e7	9	46587	1105864	1071	-0.0115
dde4ddbf-306d-4bc2-9d53-6312e127e9e7	9	1107835	1537942	575	0.0689
dde4ddbf-306d-4bc2-9d53-6312e127e9e7	9	1539590	1738753	250	-0.0233
dde4ddbf-306d-4bc2-9d53-6312e127e9e7	9	1740278	1740718	4	-0.8576
dde4ddbf-306d-4bc2-9d53-6312e127e9e7	9	1742582	6867741	4599	0.0097
dde4ddbf-306d-4bc2-9d53-6312e127e9e7	9	6867986	7372144	574	0.0751
dde4ddbf-306d-4bc2-9d53-6312e127e9e7	9	7372393	11368964	3698	0.028
dde4ddbf-306d-4bc2-9d53-6312e127e9e7	9	11369154	12666562	1020	0.0776
dde4ddbf-306d-4bc2-9d53-6312e127e9e7	9	12666686	23361807	8647	0.0051
dde4ddbf-306d-4bc2-9d53-6312e127e9e7	9	23363117	23373486	8	0.7907
dde4ddbf-306d-4bc2-9d53-6312e127e9e7	9	23378490	30682541	5435	0.023
dde4ddbf-306d-4bc2-9d53-6312e127e9e7	9	30687649	37706569	4447	-0.0127
dde4ddbf-306d-4bc2-9d53-6312e127e9e7	9	37706603	39484262	864	0.0124
dde4ddbf-306d-4bc2-9d53-6312e127e9e7	9	39484471	41473331	82	-0.4118
dde4ddbf-306d-4bc2-9d53-6312e127e9e7	9	41473518	42585140	70	0.0241
dde4ddbf-306d-4bc2-9d53-6312e127e9e7	9	42697878	42715632	9	-0.8492
dde4ddbf-306d-4bc2-9d53-6312e127e9e7	9	42719891	61405110	45	-0.1305
dde4ddbf-306d-4bc2-9d53-6312e127e9e7	9	61520021	61629689	28	0.5434
dde4ddbf-306d-4bc2-9d53-6312e127e9e7	9	61633080	63763088	91	-0.1143
dde4ddbf-306d-4bc2-9d53-6312e127e9e7	9	64462508	66018944	43	-0.4642
dde4ddbf-306d-4bc2-9d53-6312e127e9e7	9	66084268	84982912	12078	0.0048
dde4ddbf-306d-4bc2-9d53-6312e127e9e7	9	84985882	84986356	2	-1.7001
dde4ddbf-306d-4bc2-9d53-6312e127e9e7	9	84987110	97561920	8495	-0.0091
dde4ddbf-306d-4bc2-9d53-6312e127e9e7	9	97562278	102945165	3676	0.0074
dde4ddbf-306d-4bc2-9d53-6312e127e9e7	9	102946664	103110453	127	0.1373
dde4ddbf-306d-4bc2-9d53-6312e127e9e7	9	103111036	120829038	13774	0.0077
dde4ddbf-306d-4bc2-9d53-6312e127e9e7	9	120830683	135319522	8718	-0.0163
dde4ddbf-306d-4bc2-9d53-6312e127e9e7	9	135322259	135323776	2	-2.1218
dde4ddbf-306d-4bc2-9d53-6312e127e9e7	9	135324566	138200944	1110	-0.0171
dde4ddbf-306d-4bc2-9d53-6312e127e9e7	10	45792	2030221	1465	0.0116
dde4ddbf-306d-4bc2-9d53-6312e127e9e7	10	2030387	2030559	3	-1.5856
dde4ddbf-306d-4bc2-9d53-6312e127e9e7	10	2031213	24088745	17739	0.0047
dde4ddbf-306d-4bc2-9d53-6312e127e9e7	10	24088746	24088753	6	-2.1293
dde4ddbf-306d-4bc2-9d53-6312e127e9e7	10	24088989	30539878	4703	0.0044
dde4ddbf-306d-4bc2-9d53-6312e127e9e7	10	30541291	30542076	7	-0.5993
dde4ddbf-306d-4bc2-9d53-6312e127e9e7	10	30542525	46836986	7824	0.0036
dde4ddbf-306d-4bc2-9d53-6312e127e9e7	10	46898735	46901552	2	2.4974
dde4ddbf-306d-4bc2-9d53-6312e127e9e7	10	46967412	55188448	5479	0.0111
dde4ddbf-306d-4bc2-9d53-6312e127e9e7	10	55196175	56035909	590	0.0958
dde4ddbf-306d-4bc2-9d53-6312e127e9e7	10	56037638	65548178	6627	0.0094
dde4ddbf-306d-4bc2-9d53-6312e127e9e7	10	65548193	65554688	26	-0.5716
dde4ddbf-306d-4bc2-9d53-6312e127e9e7	10	65563037	66258284	574	0.0229
dde4ddbf-306d-4bc2-9d53-6312e127e9e7	10	66258838	66792631	389	0.1276
dde4ddbf-306d-4bc2-9d53-6312e127e9e7	10	66796599	66967221	138	0.0043
dde4ddbf-306d-4bc2-9d53-6312e127e9e7	10	66975510	67150261	123	0.1238
dde4ddbf-306d-4bc2-9d53-6312e127e9e7	10	67152260	115690040	31834	0.0032
dde4ddbf-306d-4bc2-9d53-6312e127e9e7	10	115697775	115698846	8	-0.6755
dde4ddbf-306d-4bc2-9d53-6312e127e9e7	10	115703908	127276258	8610	0.0084
dde4ddbf-306d-4bc2-9d53-6312e127e9e7	10	127276780	127278061	2	-1.621
dde4ddbf-306d-4bc2-9d53-6312e127e9e7	10	127279708	133561696	4530	0.0254
dde4ddbf-306d-4bc2-9d53-6312e127e9e7	10	133562190	133574371	6	-0.761
dde4ddbf-306d-4bc2-9d53-6312e127e9e7	10	133576350	133621047	29	0.0444
dde4ddbf-306d-4bc2-9d53-6312e127e9e7	10	133635853	133654968	3	-1.0116
dde4ddbf-306d-4bc2-9d53-6312e127e9e7	11	198510	4251232	1750	-0.0096
dde4ddbf-306d-4bc2-9d53-6312e127e9e7	11	4251928	4286769	9	-0.6621
dde4ddbf-306d-4bc2-9d53-6312e127e9e7	11	4298482	4694967	383	0.0001
dde4ddbf-306d-4bc2-9d53-6312e127e9e7	11	4695546	4708871	23	0.201
dde4ddbf-306d-4bc2-9d53-6312e127e9e7	11	4708887	4710871	15	-0.0063
dde4ddbf-306d-4bc2-9d53-6312e127e9e7	11	4710918	4710933	2	-0.9993
dde4ddbf-306d-4bc2-9d53-6312e127e9e7	11	4711016	4946420	238	-0.0094
dde4ddbf-306d-4bc2-9d53-6312e127e9e7	11	4947280	4955042	30	0.6748
dde4ddbf-306d-4bc2-9d53-6312e127e9e7	11	4955781	5500921	540	0.0072
dde4ddbf-306d-4bc2-9d53-6312e127e9e7	11	5500945	5501334	5	-0.8437
dde4ddbf-306d-4bc2-9d53-6312e127e9e7	11	5502363	5762693	239	0.0136
dde4ddbf-306d-4bc2-9d53-6312e127e9e7	11	5766175	5795002	38	0.3772
dde4ddbf-306d-4bc2-9d53-6312e127e9e7	11	5795055	6096746	241	0.0454
dde4ddbf-306d-4bc2-9d53-6312e127e9e7	11	6099417	6100864	2	1.0708
dde4ddbf-306d-4bc2-9d53-6312e127e9e7	11	6101273	9180252	2218	0.0084
dde4ddbf-306d-4bc2-9d53-6312e127e9e7	11	9181317	9568842	169	-0.0995
dde4ddbf-306d-4bc2-9d53-6312e127e9e7	11	9570905	20843285	8517	0.0081
dde4ddbf-306d-4bc2-9d53-6312e127e9e7	11	20843941	20845012	5	-0.7262
dde4ddbf-306d-4bc2-9d53-6312e127e9e7	11	20848008	22834307	1601	0.0167
dde4ddbf-306d-4bc2-9d53-6312e127e9e7	11	22841980	22842360	6	-1.1606
dde4ddbf-306d-4bc2-9d53-6312e127e9e7	11	22844309	36915506	9994	0.0087
dde4ddbf-306d-4bc2-9d53-6312e127e9e7	11	36915648	37851355	632	0.0712
dde4ddbf-306d-4bc2-9d53-6312e127e9e7	11	37851571	48576870	6668	0.0012
dde4ddbf-306d-4bc2-9d53-6312e127e9e7	11	48579882	48581124	2	-1.5239
dde4ddbf-306d-4bc2-9d53-6312e127e9e7	11	48584766	54762035	891	-0.0241
dde4ddbf-306d-4bc2-9d53-6312e127e9e7	11	54765950	54766290	2	-1.0764
dde4ddbf-306d-4bc2-9d53-6312e127e9e7	11	54782119	55563817	258	0.0113
dde4ddbf-306d-4bc2-9d53-6312e127e9e7	11	55564789	55844310	203	0.1444
dde4ddbf-306d-4bc2-9d53-6312e127e9e7	11	55844351	60654223	2938	0.0132
dde4ddbf-306d-4bc2-9d53-6312e127e9e7	11	60654823	78875534	9076	-0.023
dde4ddbf-306d-4bc2-9d53-6312e127e9e7	11	78883702	131134515	37042	0.0133
dde4ddbf-306d-4bc2-9d53-6312e127e9e7	11	131134802	131134973	3	-1.1256
dde4ddbf-306d-4bc2-9d53-6312e127e9e7	11	131135921	132956189	1544	0.0166
dde4ddbf-306d-4bc2-9d53-6312e127e9e7	11	132958100	133376646	336	0.0987
dde4ddbf-306d-4bc2-9d53-6312e127e9e7	11	133377780	135074876	1259	0.0335
dde4ddbf-306d-4bc2-9d53-6312e127e9e7	12	51460	11066824	7239	-0.0106
dde4ddbf-306d-4bc2-9d53-6312e127e9e7	12	11068125	11088933	10	0.6596
dde4ddbf-306d-4bc2-9d53-6312e127e9e7	12	11099275	27493059	11361	0.0085
dde4ddbf-306d-4bc2-9d53-6312e127e9e7	12	27494808	27504228	29	-0.8079
dde4ddbf-306d-4bc2-9d53-6312e127e9e7	12	27506581	27941830	320	0.0079
dde4ddbf-306d-4bc2-9d53-6312e127e9e7	12	27941988	27944711	12	-0.7536
dde4ddbf-306d-4bc2-9d53-6312e127e9e7	12	27950527	133201603	65912	0.0046
dde4ddbf-306d-4bc2-9d53-6312e127e9e7	13	18452809	29455681	7695	0.0101
dde4ddbf-306d-4bc2-9d53-6312e127e9e7	13	29457425	29459091	2	-1.14
dde4ddbf-306d-4bc2-9d53-6312e127e9e7	13	29462056	31957984	1875	0.0148
dde4ddbf-306d-4bc2-9d53-6312e127e9e7	13	31958485	31964286	18	-0.8214
dde4ddbf-306d-4bc2-9d53-6312e127e9e7	13	31965910	37501828	3906	0.0131
dde4ddbf-306d-4bc2-9d53-6312e127e9e7	13	37502130	37510620	12	0.7785
dde4ddbf-306d-4bc2-9d53-6312e127e9e7	13	37514193	38478674	701	0.0101
dde4ddbf-306d-4bc2-9d53-6312e127e9e7	13	38483435	38483919	2	3.0289
dde4ddbf-306d-4bc2-9d53-6312e127e9e7	13	38490920	50054250	7820	0.0032
dde4ddbf-306d-4bc2-9d53-6312e127e9e7	13	50056170	57661466	4291	0.0309
dde4ddbf-306d-4bc2-9d53-6312e127e9e7	13	57661812	63544137	3486	0.0056
dde4ddbf-306d-4bc2-9d53-6312e127e9e7	13	63545014	64372566	483	0.1017
dde4ddbf-306d-4bc2-9d53-6312e127e9e7	13	64373621	66370585	1224	0.0007
dde4ddbf-306d-4bc2-9d53-6312e127e9e7	13	66374965	66825235	355	0.1176
dde4ddbf-306d-4bc2-9d53-6312e127e9e7	13	66828207	74447760	5121	0.0174
dde4ddbf-306d-4bc2-9d53-6312e127e9e7	13	74447866	74448524	2	-1.4467
dde4ddbf-306d-4bc2-9d53-6312e127e9e7	13	74450476	105158266	20644	0.0119
dde4ddbf-306d-4bc2-9d53-6312e127e9e7	13	105158442	105663858	384	0.1249
dde4ddbf-306d-4bc2-9d53-6312e127e9e7	13	105664476	105664629	4	-0.6188
dde4ddbf-306d-4bc2-9d53-6312e127e9e7	13	105667023	105734698	51	0.1368
dde4ddbf-306d-4bc2-9d53-6312e127e9e7	13	105736481	114342922	6109	0.0202
dde4ddbf-306d-4bc2-9d53-6312e127e9e7	14	18239283	19185165	38	-0.0198
dde4ddbf-306d-4bc2-9d53-6312e127e9e7	14	19185951	19955213	128	-0.2816
dde4ddbf-306d-4bc2-9d53-6312e127e9e7	14	19956767	21855405	1257	-0.013
dde4ddbf-306d-4bc2-9d53-6312e127e9e7	14	21856896	21860397	11	0.4239
dde4ddbf-306d-4bc2-9d53-6312e127e9e7	14	21860829	22066233	194	0.1799
dde4ddbf-306d-4bc2-9d53-6312e127e9e7	14	22066726	22360970	266	0.3517
dde4ddbf-306d-4bc2-9d53-6312e127e9e7	14	22366964	22474238	76	0.5028
dde4ddbf-306d-4bc2-9d53-6312e127e9e7	14	22474392	22506798	55	0.2802
dde4ddbf-306d-4bc2-9d53-6312e127e9e7	14	22506810	39615328	10732	-0.001
dde4ddbf-306d-4bc2-9d53-6312e127e9e7	14	39618944	41139155	1015	0.0463
dde4ddbf-306d-4bc2-9d53-6312e127e9e7	14	41141293	41188046	14	-0.3942
dde4ddbf-306d-4bc2-9d53-6312e127e9e7	14	41188146	46398286	3015	0.0293
dde4ddbf-306d-4bc2-9d53-6312e127e9e7	14	46402212	71721133	16121	0.0028
dde4ddbf-306d-4bc2-9d53-6312e127e9e7	14	71726850	76893028	3409	-0.0235
dde4ddbf-306d-4bc2-9d53-6312e127e9e7	14	76893966	106321086	18827	0.0035
dde4ddbf-306d-4bc2-9d53-6312e127e9e7	14	106340102	106346129	7	-1.1965
dde4ddbf-306d-4bc2-9d53-6312e127e9e7	14	106360014	106877229	274	0.0385
dde4ddbf-306d-4bc2-9d53-6312e127e9e7	15	19811075	20001686	45	-0.0625
dde4ddbf-306d-4bc2-9d53-6312e127e9e7	15	20011702	20041902	4	0.6527
dde4ddbf-306d-4bc2-9d53-6312e127e9e7	15	20056983	20376311	46	0.0508
dde4ddbf-306d-4bc2-9d53-6312e127e9e7	15	20380735	20384789	12	0.4623
dde4ddbf-306d-4bc2-9d53-6312e127e9e7	15	20384907	20986997	48	0.227
dde4ddbf-306d-4bc2-9d53-6312e127e9e7	15	20988347	30152073	4677	-0.0093
dde4ddbf-306d-4bc2-9d53-6312e127e9e7	15	30156392	30608675	35	-0.7978
dde4ddbf-306d-4bc2-9d53-6312e127e9e7	15	30621384	31191709	344	-0.0226
dde4ddbf-306d-4bc2-9d53-6312e127e9e7	15	31202910	31203618	2	-1.0076
dde4ddbf-306d-4bc2-9d53-6312e127e9e7	15	31203664	32504134	726	0.0168
dde4ddbf-306d-4bc2-9d53-6312e127e9e7	15	32507144	32584630	6	-0.8479
dde4ddbf-306d-4bc2-9d53-6312e127e9e7	15	32584783	34453518	1502	0.0015
dde4ddbf-306d-4bc2-9d53-6312e127e9e7	15	34453577	34454261	2	-1.5237
dde4ddbf-306d-4bc2-9d53-6312e127e9e7	15	34455142	65521764	19935	-0.0087
dde4ddbf-306d-4bc2-9d53-6312e127e9e7	15	65524604	65526049	3	-1.1198
dde4ddbf-306d-4bc2-9d53-6312e127e9e7	15	65530196	76586021	6546	-0.0159
dde4ddbf-306d-4bc2-9d53-6312e127e9e7	15	76598900	76603434	22	0.7586
dde4ddbf-306d-4bc2-9d53-6312e127e9e7	15	76609838	81328380	3043	-0.0126
dde4ddbf-306d-4bc2-9d53-6312e127e9e7	15	81329362	81334384	2	-1.007
dde4ddbf-306d-4bc2-9d53-6312e127e9e7	15	81335489	82889131	853	-0.0162
dde4ddbf-306d-4bc2-9d53-6312e127e9e7	15	82889302	82889319	2	-1.248
dde4ddbf-306d-4bc2-9d53-6312e127e9e7	15	82890669	88697547	3820	-0.0133
dde4ddbf-306d-4bc2-9d53-6312e127e9e7	15	88701941	88703528	2	-1.9462
dde4ddbf-306d-4bc2-9d53-6312e127e9e7	15	88704123	101928837	9901	0.0011
dde4ddbf-306d-4bc2-9d53-6312e127e9e7	16	10777	15084085	11200	-0.0159
dde4ddbf-306d-4bc2-9d53-6312e127e9e7	16	15086778	16269368	558	-0.1365
dde4ddbf-306d-4bc2-9d53-6312e127e9e7	16	16419234	19933041	1716	-0.0336
dde4ddbf-306d-4bc2-9d53-6312e127e9e7	16	19934328	19956040	29	-0.9379
dde4ddbf-306d-4bc2-9d53-6312e127e9e7	16	19958932	28736213	5408	-0.0301
dde4ddbf-306d-4bc2-9d53-6312e127e9e7	16	28742130	28813550	5	-1.1111
dde4ddbf-306d-4bc2-9d53-6312e127e9e7	16	28814284	30452505	438	-0.0886
dde4ddbf-306d-4bc2-9d53-6312e127e9e7	16	30452713	64457782	13149	-0.0049
dde4ddbf-306d-4bc2-9d53-6312e127e9e7	16	64458342	64465338	8	-0.9981
dde4ddbf-306d-4bc2-9d53-6312e127e9e7	16	64474720	69943532	3179	-0.0282
dde4ddbf-306d-4bc2-9d53-6312e127e9e7	16	69954483	70006481	5	-0.733
dde4ddbf-306d-4bc2-9d53-6312e127e9e7	16	70015893	78337711	5556	-0.0122
dde4ddbf-306d-4bc2-9d53-6312e127e9e7	16	78338543	78350841	16	-2.3764
dde4ddbf-306d-4bc2-9d53-6312e127e9e7	16	78350868	82638776	4683	-0.0018
dde4ddbf-306d-4bc2-9d53-6312e127e9e7	16	82638878	82761961	154	0.1261
dde4ddbf-306d-4bc2-9d53-6312e127e9e7	16	82762038	89769113	5611	-0.0121
dde4ddbf-306d-4bc2-9d53-6312e127e9e7	16	89769877	89899864	67	-0.2233
dde4ddbf-306d-4bc2-9d53-6312e127e9e7	16	89899949	90096867	112	-0.0509
dde4ddbf-306d-4bc2-9d53-6312e127e9e7	17	150733	323061	101	-0.0155
dde4ddbf-306d-4bc2-9d53-6312e127e9e7	17	324115	1297910	462	-0.1471
dde4ddbf-306d-4bc2-9d53-6312e127e9e7	17	1298672	8339592	3976	-0.039
dde4ddbf-306d-4bc2-9d53-6312e127e9e7	17	8344229	8344415	2	-2.6092
dde4ddbf-306d-4bc2-9d53-6312e127e9e7	17	8346140	18523147	6875	-0.0153
dde4ddbf-306d-4bc2-9d53-6312e127e9e7	17	18529764	18561272	8	-1.3012
dde4ddbf-306d-4bc2-9d53-6312e127e9e7	17	18561907	30625011	3205	-0.019
dde4ddbf-306d-4bc2-9d53-6312e127e9e7	17	30625268	30865031	73	-0.2267
dde4ddbf-306d-4bc2-9d53-6312e127e9e7	17	30865709	33508774	1600	-0.034
dde4ddbf-306d-4bc2-9d53-6312e127e9e7	17	33508790	34701671	1122	0.0333
dde4ddbf-306d-4bc2-9d53-6312e127e9e7	17	34702551	41265456	3401	-0.0305
dde4ddbf-306d-4bc2-9d53-6312e127e9e7	17	41266762	41274198	23	1.2167
dde4ddbf-306d-4bc2-9d53-6312e127e9e7	17	41274279	46085732	2501	-0.0249
dde4ddbf-306d-4bc2-9d53-6312e127e9e7	17	46088437	46446360	128	0.603
dde4ddbf-306d-4bc2-9d53-6312e127e9e7	17	46569894	76781365	18360	-0.0158
dde4ddbf-306d-4bc2-9d53-6312e127e9e7	17	76782023	76857286	37	-0.2608
dde4ddbf-306d-4bc2-9d53-6312e127e9e7	17	76859323	83091923	3185	-0.0272
dde4ddbf-306d-4bc2-9d53-6312e127e9e7	18	48133	40680516	22806	0.0055
dde4ddbf-306d-4bc2-9d53-6312e127e9e7	18	40680526	40685425	14	-2.5092
dde4ddbf-306d-4bc2-9d53-6312e127e9e7	18	40688060	42471713	1216	0.0199
dde4ddbf-306d-4bc2-9d53-6312e127e9e7	18	42476604	42477802	25	-0.7563
dde4ddbf-306d-4bc2-9d53-6312e127e9e7	18	42478430	53997831	7903	0.0105
dde4ddbf-306d-4bc2-9d53-6312e127e9e7	18	53998472	53998782	3	-1.5856
dde4ddbf-306d-4bc2-9d53-6312e127e9e7	18	54001998	65540196	8001	0.0085
dde4ddbf-306d-4bc2-9d53-6312e127e9e7	18	65540274	66054343	354	0.1101
dde4ddbf-306d-4bc2-9d53-6312e127e9e7	18	66060256	66061104	12	-0.4733
dde4ddbf-306d-4bc2-9d53-6312e127e9e7	18	66065502	66094851	46	0.0914
dde4ddbf-306d-4bc2-9d53-6312e127e9e7	18	66095064	66108359	5	0.6463
dde4ddbf-306d-4bc2-9d53-6312e127e9e7	18	66109894	66239629	97	0.0027
dde4ddbf-306d-4bc2-9d53-6312e127e9e7	18	66240197	66244352	10	-0.8194
dde4ddbf-306d-4bc2-9d53-6312e127e9e7	18	66244639	67950830	1165	0.0217
dde4ddbf-306d-4bc2-9d53-6312e127e9e7	18	67951210	68109768	137	0.1435
dde4ddbf-306d-4bc2-9d53-6312e127e9e7	18	68112931	71377038	2364	0.016
dde4ddbf-306d-4bc2-9d53-6312e127e9e7	18	71377495	73940851	2069	0.0923
dde4ddbf-306d-4bc2-9d53-6312e127e9e7	18	73940973	77385138	2710	0.0206
dde4ddbf-306d-4bc2-9d53-6312e127e9e7	18	77388048	77469843	74	0.5747
dde4ddbf-306d-4bc2-9d53-6312e127e9e7	18	77471030	80257174	1757	0.0174
dde4ddbf-306d-4bc2-9d53-6312e127e9e7	19	90910	5506648	1593	-0.0327
dde4ddbf-306d-4bc2-9d53-6312e127e9e7	19	5510228	5510642	3	-1.4775
dde4ddbf-306d-4bc2-9d53-6312e127e9e7	19	5510689	12433378	3382	-0.0481
dde4ddbf-306d-4bc2-9d53-6312e127e9e7	19	12433568	12447631	5	-0.8453
dde4ddbf-306d-4bc2-9d53-6312e127e9e7	19	12448318	21124110	4340	-0.0412
dde4ddbf-306d-4bc2-9d53-6312e127e9e7	19	21125654	33433065	6078	-0.0133
dde4ddbf-306d-4bc2-9d53-6312e127e9e7	19	33433642	35358420	1316	-0.0367
dde4ddbf-306d-4bc2-9d53-6312e127e9e7	19	35364451	35370946	21	-2.0359
dde4ddbf-306d-4bc2-9d53-6312e127e9e7	19	35375842	53427064	9298	-0.0432
dde4ddbf-306d-4bc2-9d53-6312e127e9e7	19	53435080	53887334	316	-0.1854
dde4ddbf-306d-4bc2-9d53-6312e127e9e7	19	53887867	54215136	168	-0.0301
dde4ddbf-306d-4bc2-9d53-6312e127e9e7	19	54226329	54237443	16	0.4132
dde4ddbf-306d-4bc2-9d53-6312e127e9e7	19	54249482	54801157	280	-0.0532
dde4ddbf-306d-4bc2-9d53-6312e127e9e7	19	54801545	54802362	2	-1.6868
dde4ddbf-306d-4bc2-9d53-6312e127e9e7	19	54802832	55766684	462	-0.0219
dde4ddbf-306d-4bc2-9d53-6312e127e9e7	19	55770704	55771701	5	0.8619
dde4ddbf-306d-4bc2-9d53-6312e127e9e7	19	55774927	58586487	1839	-0.0532
dde4ddbf-306d-4bc2-9d53-6312e127e9e7	20	80664	249875	137	-0.0488
dde4ddbf-306d-4bc2-9d53-6312e127e9e7	20	249900	249915	2	-1.1212
dde4ddbf-306d-4bc2-9d53-6312e127e9e7	20	250119	1571811	1044	-0.0287
dde4ddbf-306d-4bc2-9d53-6312e127e9e7	20	1576544	1580353	21	-0.8716
dde4ddbf-306d-4bc2-9d53-6312e127e9e7	20	1580934	1601561	36	-0.3405
dde4ddbf-306d-4bc2-9d53-6312e127e9e7	20	1609611	6185988	3338	-0.0143
dde4ddbf-306d-4bc2-9d53-6312e127e9e7	20	6188725	8130460	1514	0.0149
dde4ddbf-306d-4bc2-9d53-6312e127e9e7	20	8130637	8432335	247	0.1181
dde4ddbf-306d-4bc2-9d53-6312e127e9e7	20	8434202	14748419	4786	0.0044
dde4ddbf-306d-4bc2-9d53-6312e127e9e7	20	14749223	15180519	415	0.0928
dde4ddbf-306d-4bc2-9d53-6312e127e9e7	20	15181024	18257605	2738	0.0125
dde4ddbf-306d-4bc2-9d53-6312e127e9e7	20	18257769	22622527	3276	-0.0069
dde4ddbf-306d-4bc2-9d53-6312e127e9e7	20	22623210	22627685	2	-1.3686
dde4ddbf-306d-4bc2-9d53-6312e127e9e7	20	22627855	50165997	14472	-0.0197
dde4ddbf-306d-4bc2-9d53-6312e127e9e7	20	50175182	50176256	2	-1.963
dde4ddbf-306d-4bc2-9d53-6312e127e9e7	20	50178380	63591871	10061	-0.0079
dde4ddbf-306d-4bc2-9d53-6312e127e9e7	20	63594735	64148182	210	-0.1239
dde4ddbf-306d-4bc2-9d53-6312e127e9e7	20	64149270	64209428	38	0.0073
dde4ddbf-306d-4bc2-9d53-6312e127e9e7	20	64209664	64213964	3	0.5869
dde4ddbf-306d-4bc2-9d53-6312e127e9e7	20	64214560	64284715	52	0.0201
dde4ddbf-306d-4bc2-9d53-6312e127e9e7	20	64323342	64324800	5	-0.6604
dde4ddbf-306d-4bc2-9d53-6312e127e9e7	21	10354168	22169683	6236	0.0016
dde4ddbf-306d-4bc2-9d53-6312e127e9e7	21	22170124	23334248	888	0.0536
dde4ddbf-306d-4bc2-9d53-6312e127e9e7	21	23336644	26908194	2741	-0.0042
dde4ddbf-306d-4bc2-9d53-6312e127e9e7	21	26910341	26911285	4	-1.5839
dde4ddbf-306d-4bc2-9d53-6312e127e9e7	21	26911831	46677045	14006	-0.0071
dde4ddbf-306d-4bc2-9d53-6312e127e9e7	22	15294547	23987520	4396	-0.0549
dde4ddbf-306d-4bc2-9d53-6312e127e9e7	22	23988078	23989773	2	-3.4194
dde4ddbf-306d-4bc2-9d53-6312e127e9e7	22	23990431	50796027	18884	-0.0292
dde4ddbf-306d-4bc2-9d53-6312e127e9e7	X	251810	4740931	1462	-0.0303
dde4ddbf-306d-4bc2-9d53-6312e127e9e7	X	4742775	4744085	2	-2.9419
dde4ddbf-306d-4bc2-9d53-6312e127e9e7	X	4744836	114877424	58119	0.0018
dde4ddbf-306d-4bc2-9d53-6312e127e9e7	X	114881734	115469624	346	1.0148
dde4ddbf-306d-4bc2-9d53-6312e127e9e7	X	115470033	155952689	23699	0.0078
dde4ddbf-306d-4bc2-9d53-6312e127e9e7	Y	2782397	56872112	6640	-0.9321
