GDC_Aliquot	Chromosome	Start	End	Copy_Number	Major_Copy_Number	Minor_Copy_Number
244d1f90-e962-4428-9981-b57b10fe9d05	chr1	62920	196737547	1	1	0
244d1f90-e962-4428-9981-b57b10fe9d05	chr1	196737736	196832312	5	5	0
244d1f90-e962-4428-9981-b57b10fe9d05	chr1	196832525	212896221	1	1	0
244d1f90-e962-4428-9981-b57b10fe9d05	chr1	212899671	212935754	0	0	0
244d1f90-e962-4428-9981-b57b10fe9d05	chr1	212938617	237857685	1	1	0
244d1f90-e962-4428-9981-b57b10fe9d05	chr1	237859733	241781419	2	1	1
244d1f90-e962-4428-9981-b57b10fe9d05	chr1	241781453	248930189	1	1	0
244d1f90-e962-4428-9981-b57b10fe9d05	chr2	12784	52527330	2	1	1
244d1f90-e962-4428-9981-b57b10fe9d05	chr2	52527342	52554404	0	0	0
244d1f90-e962-4428-9981-b57b10fe9d05	chr2	52560811	88834118	2	1	1
244d1f90-e962-4428-9981-b57b10fe9d05	chr2	88836539	89161562	8	8	0
244d1f90-e962-4428-9981-b57b10fe9d05	chr2	89169192	162489622	2	1	1
244d1f90-e962-4428-9981-b57b10fe9d05	chr2	162490053	164972990	1	1	0
244d1f90-e962-4428-9981-b57b10fe9d05	chr2	164976098	203016284	2	1	1
244d1f90-e962-4428-9981-b57b10fe9d05	chr2	203016885	205877077	1	1	0
244d1f90-e962-4428-9981-b57b10fe9d05	chr2	205878716	242147305	2	1	1
244d1f90-e962-4428-9981-b57b10fe9d05	chr3	20930	128914195	2	1	1
244d1f90-e962-4428-9981-b57b10fe9d05	chr3	128918118	144055898	1	1	0
244d1f90-e962-4428-9981-b57b10fe9d05	chr3	144056516	198169247	2	1	1
244d1f90-e962-4428-9981-b57b10fe9d05	chr4	68929	81350280	2	1	1
244d1f90-e962-4428-9981-b57b10fe9d05	chr4	81350669	87888490	1	1	0
244d1f90-e962-4428-9981-b57b10fe9d05	chr4	87888524	100224202	2	1	1
244d1f90-e962-4428-9981-b57b10fe9d05	chr4	100224458	103982380	1	1	0
244d1f90-e962-4428-9981-b57b10fe9d05	chr4	103982722	109878941	2	1	1
244d1f90-e962-4428-9981-b57b10fe9d05	chr4	109879276	114250213	1	1	0
244d1f90-e962-4428-9981-b57b10fe9d05	chr4	114250423	114267651	5	5	0
244d1f90-e962-4428-9981-b57b10fe9d05	chr4	114268665	123268912	1	1	0
244d1f90-e962-4428-9981-b57b10fe9d05	chr4	123274641	160346316	2	1	1
244d1f90-e962-4428-9981-b57b10fe9d05	chr4	160346816	190106768	1	1	0
244d1f90-e962-4428-9981-b57b10fe9d05	chr5	15532	741924	1	1	0
244d1f90-e962-4428-9981-b57b10fe9d05	chr5	742574	823655	0	0	0
244d1f90-e962-4428-9981-b57b10fe9d05	chr5	823951	74273072	1	1	0
244d1f90-e962-4428-9981-b57b10fe9d05	chr5	74273585	74282774	0	0	0
244d1f90-e962-4428-9981-b57b10fe9d05	chr5	74282999	181363319	1	1	0
244d1f90-e962-4428-9981-b57b10fe9d05	chr6	149661	162152310	2	1	1
244d1f90-e962-4428-9981-b57b10fe9d05	chr6	162152389	162315304	0	0	0
244d1f90-e962-4428-9981-b57b10fe9d05	chr6	162315468	162799055	1	1	0
244d1f90-e962-4428-9981-b57b10fe9d05	chr6	162799397	170741917	2	1	1
244d1f90-e962-4428-9981-b57b10fe9d05	chr7	43259	109793741	3	2	1
244d1f90-e962-4428-9981-b57b10fe9d05	chr7	109797035	109813853	0	0	0
244d1f90-e962-4428-9981-b57b10fe9d05	chr7	109813925	110466108	3	2	1
244d1f90-e962-4428-9981-b57b10fe9d05	chr7	110466450	110502297	1	1	0
244d1f90-e962-4428-9981-b57b10fe9d05	chr7	110502372	112469668	2	1	1
244d1f90-e962-4428-9981-b57b10fe9d05	chr7	112470941	112502412	5	3	2
244d1f90-e962-4428-9981-b57b10fe9d05	chr7	112502923	122885275	3	2	1
244d1f90-e962-4428-9981-b57b10fe9d05	chr7	122887144	122931044	1	1	0
244d1f90-e962-4428-9981-b57b10fe9d05	chr7	122933245	159334314	3	2	1
244d1f90-e962-4428-9981-b57b10fe9d05	chr8	81254	39368524	1	1	0
244d1f90-e962-4428-9981-b57b10fe9d05	chr8	39368830	39531260	0	0	0
244d1f90-e962-4428-9981-b57b10fe9d05	chr8	39531496	39698189	1	1	0
244d1f90-e962-4428-9981-b57b10fe9d05	chr8	39707562	39756902	0	0	0
244d1f90-e962-4428-9981-b57b10fe9d05	chr8	39757777	41108162	1	1	0
244d1f90-e962-4428-9981-b57b10fe9d05	chr8	41109645	145072769	3	3	0
244d1f90-e962-4428-9981-b57b10fe9d05	chr9	46587	904233	2	1	1
244d1f90-e962-4428-9981-b57b10fe9d05	chr9	905068	23361807	1	1	0
244d1f90-e962-4428-9981-b57b10fe9d05	chr9	23363117	23373486	0	0	0
244d1f90-e962-4428-9981-b57b10fe9d05	chr9	23378490	138200944	1	1	0
244d1f90-e962-4428-9981-b57b10fe9d05	chr10	45792	45716251	2	1	1
244d1f90-e962-4428-9981-b57b10fe9d05	chr10	45719983	46522571	4	3	1
244d1f90-e962-4428-9981-b57b10fe9d05	chr10	46525652	95105336	2	1	1
244d1f90-e962-4428-9981-b57b10fe9d05	chr10	95105427	95115957	13	13	0
244d1f90-e962-4428-9981-b57b10fe9d05	chr10	95116202	133654968	2	1	1
244d1f90-e962-4428-9981-b57b10fe9d05	chr11	198510	135074876	2	1	1
244d1f90-e962-4428-9981-b57b10fe9d05	chr12	51460	31072776	2	1	1
244d1f90-e962-4428-9981-b57b10fe9d05	chr12	31080036	31256945	4	3	1
244d1f90-e962-4428-9981-b57b10fe9d05	chr12	31257350	133201603	2	1	1
244d1f90-e962-4428-9981-b57b10fe9d05	chr13	18452809	25205939	3	2	1
244d1f90-e962-4428-9981-b57b10fe9d05	chr13	25207960	30047509	4	3	1
244d1f90-e962-4428-9981-b57b10fe9d05	chr13	30047832	34397456	3	2	1
244d1f90-e962-4428-9981-b57b10fe9d05	chr13	34403440	34852534	4	3	1
244d1f90-e962-4428-9981-b57b10fe9d05	chr13	34852645	40661829	3	2	1
244d1f90-e962-4428-9981-b57b10fe9d05	chr13	40672621	50486706	4	3	1
244d1f90-e962-4428-9981-b57b10fe9d05	chr13	50486908	57370062	3	2	1
244d1f90-e962-4428-9981-b57b10fe9d05	chr13	57370167	58526247	4	3	1
244d1f90-e962-4428-9981-b57b10fe9d05	chr13	58529950	61028389	3	2	1
244d1f90-e962-4428-9981-b57b10fe9d05	chr13	61029247	62121908	4	3	1
244d1f90-e962-4428-9981-b57b10fe9d05	chr13	62122049	72018204	3	2	1
244d1f90-e962-4428-9981-b57b10fe9d05	chr13	72018668	74052104	4	3	1
244d1f90-e962-4428-9981-b57b10fe9d05	chr13	74052920	74086581	2	2	0
244d1f90-e962-4428-9981-b57b10fe9d05	chr13	74087304	75516162	4	3	1
244d1f90-e962-4428-9981-b57b10fe9d05	chr13	75516226	81654009	3	2	1
244d1f90-e962-4428-9981-b57b10fe9d05	chr13	81657950	83497904	4	3	1
244d1f90-e962-4428-9981-b57b10fe9d05	chr13	83497981	91722118	3	2	1
244d1f90-e962-4428-9981-b57b10fe9d05	chr13	91723749	94087605	4	3	1
244d1f90-e962-4428-9981-b57b10fe9d05	chr13	94087679	101993823	3	2	1
244d1f90-e962-4428-9981-b57b10fe9d05	chr13	101994463	102979907	4	3	1
244d1f90-e962-4428-9981-b57b10fe9d05	chr13	102980039	107851521	3	2	1
244d1f90-e962-4428-9981-b57b10fe9d05	chr13	107851600	109446051	4	3	1
244d1f90-e962-4428-9981-b57b10fe9d05	chr13	109448584	112727346	16	15	1
244d1f90-e962-4428-9981-b57b10fe9d05	chr13	112727792	114342922	4	3	1
244d1f90-e962-4428-9981-b57b10fe9d05	chr14	18239283	106877229	1	1	0
244d1f90-e962-4428-9981-b57b10fe9d05	chr15	19811075	101928837	1	1	0
244d1f90-e962-4428-9981-b57b10fe9d05	chr16	10777	4675360	2	1	1
244d1f90-e962-4428-9981-b57b10fe9d05	chr16	4675449	6228504	3	2	1
244d1f90-e962-4428-9981-b57b10fe9d05	chr16	6228880	6899790	1	1	0
244d1f90-e962-4428-9981-b57b10fe9d05	chr16	6900042	7405754	2	1	1
244d1f90-e962-4428-9981-b57b10fe9d05	chr16	7405905	54253218	3	2	1
244d1f90-e962-4428-9981-b57b10fe9d05	chr16	54255193	54334659	2	1	1
244d1f90-e962-4428-9981-b57b10fe9d05	chr16	54334762	65923916	3	2	1
244d1f90-e962-4428-9981-b57b10fe9d05	chr16	65923967	65936597	1	1	0
244d1f90-e962-4428-9981-b57b10fe9d05	chr16	65936825	80250750	3	2	1
244d1f90-e962-4428-9981-b57b10fe9d05	chr16	80251525	80273858	7	4	3
244d1f90-e962-4428-9981-b57b10fe9d05	chr16	80274587	87612172	3	2	1
244d1f90-e962-4428-9981-b57b10fe9d05	chr16	87619372	87652739	1	1	0
244d1f90-e962-4428-9981-b57b10fe9d05	chr16	87652856	90096867	2	1	1
244d1f90-e962-4428-9981-b57b10fe9d05	chr17	150733	18944743	1	1	0
244d1f90-e962-4428-9981-b57b10fe9d05	chr17	18945185	83091923	2	1	1
244d1f90-e962-4428-9981-b57b10fe9d05	chr18	48133	50174998	1	1	0
244d1f90-e962-4428-9981-b57b10fe9d05	chr18	50175395	50265625	0	0	0
244d1f90-e962-4428-9981-b57b10fe9d05	chr18	50269259	80257174	1	1	0
244d1f90-e962-4428-9981-b57b10fe9d05	chr19	90910	33271351	2	1	1
244d1f90-e962-4428-9981-b57b10fe9d05	chr19	33271395	33290910	3	2	1
244d1f90-e962-4428-9981-b57b10fe9d05	chr19	33292005	42724021	2	1	1
244d1f90-e962-4428-9981-b57b10fe9d05	chr19	42733459	43230258	4	3	1
244d1f90-e962-4428-9981-b57b10fe9d05	chr19	43231593	58586487	2	1	1
244d1f90-e962-4428-9981-b57b10fe9d05	chr20	80664	14779398	1	1	0
244d1f90-e962-4428-9981-b57b10fe9d05	chr20	14780815	15258851	0	0	0
244d1f90-e962-4428-9981-b57b10fe9d05	chr20	15261803	31256075	1	1	0
244d1f90-e962-4428-9981-b57b10fe9d05	chr20	31256170	43318113	5	5	0
244d1f90-e962-4428-9981-b57b10fe9d05	chr20	43318536	62816407	7	7	0
244d1f90-e962-4428-9981-b57b10fe9d05	chr20	62831045	64324800	2	2	0
244d1f90-e962-4428-9981-b57b10fe9d05	chr21	12973348	46603422	1	1	0
244d1f90-e962-4428-9981-b57b10fe9d05	chr21	46605881	46677045	2	1	1
244d1f90-e962-4428-9981-b57b10fe9d05	chr22	16392123	50796027	1	1	0
244d1f90-e962-4428-9981-b57b10fe9d05	chrX	251810	507629	1	1	0
244d1f90-e962-4428-9981-b57b10fe9d05	chrX	509057	689797	2	1	1
244d1f90-e962-4428-9981-b57b10fe9d05	chrX	689999	1428177	1	1	0
244d1f90-e962-4428-9981-b57b10fe9d05	chrX	1456048	1540050	2	2	0
244d1f90-e962-4428-9981-b57b10fe9d05	chrX	1541201	1938120	2	1	1
244d1f90-e962-4428-9981-b57b10fe9d05	chrX	1939670	2450101	1	1	0
244d1f90-e962-4428-9981-b57b10fe9d05	chrX	2452743	2467531	2	1	1
244d1f90-e962-4428-9981-b57b10fe9d05	chrX	2467555	2476642	1	1	0
244d1f90-e962-4428-9981-b57b10fe9d05	chrX	2479863	2644012	2	1	1
244d1f90-e962-4428-9981-b57b10fe9d05	chrX	2645360	2775134	2	2	0
244d1f90-e962-4428-9981-b57b10fe9d05	chrX	2775583	155747786	0	0	0
244d1f90-e962-4428-9981-b57b10fe9d05	chrX	155750015	156004181	2	1	1
244d1f90-e962-4428-9981-b57b10fe9d05	chrY	2782397	56872112	0	0	0
