GDC_Aliquot	Chromosome	Start	End	Copy_Number	Major_Copy_Number	Minor_Copy_Number
49f316da-adb4-49ba-b8df-462e3b02662f	chr1	62920	17220095	4	2	2
49f316da-adb4-49ba-b8df-462e3b02662f	chr1	17223626	17245727	3	3	0
49f316da-adb4-49ba-b8df-462e3b02662f	chr1	17247493	17517604	2	2	0
49f316da-adb4-49ba-b8df-462e3b02662f	chr1	17519128	29429245	4	2	2
49f316da-adb4-49ba-b8df-462e3b02662f	chr1	29429554	29437011	9	5	4
49f316da-adb4-49ba-b8df-462e3b02662f	chr1	29437822	66256419	4	2	2
49f316da-adb4-49ba-b8df-462e3b02662f	chr1	66256649	82474538	3	2	1
49f316da-adb4-49ba-b8df-462e3b02662f	chr1	82476330	86256675	4	2	2
49f316da-adb4-49ba-b8df-462e3b02662f	chr1	86257138	94999385	3	2	1
49f316da-adb4-49ba-b8df-462e3b02662f	chr1	95000046	119619529	4	2	2
49f316da-adb4-49ba-b8df-462e3b02662f	chr1	119619819	121705338	3	2	1
49f316da-adb4-49ba-b8df-462e3b02662f	chr1	143541857	210628219	4	2	2
49f316da-adb4-49ba-b8df-462e3b02662f	chr1	210628535	212140006	3	2	1
49f316da-adb4-49ba-b8df-462e3b02662f	chr1	212140620	214378800	5	3	2
49f316da-adb4-49ba-b8df-462e3b02662f	chr1	214379081	218380580	6	3	3
49f316da-adb4-49ba-b8df-462e3b02662f	chr1	218382860	248930189	3	2	1
49f316da-adb4-49ba-b8df-462e3b02662f	chr2	12784	33421179	4	2	2
49f316da-adb4-49ba-b8df-462e3b02662f	chr2	33421237	34226108	5	3	2
49f316da-adb4-49ba-b8df-462e3b02662f	chr2	34226324	34230036	9	5	4
49f316da-adb4-49ba-b8df-462e3b02662f	chr2	34233165	242147305	4	2	2
49f316da-adb4-49ba-b8df-462e3b02662f	chr3	20930	8904642	4	2	2
49f316da-adb4-49ba-b8df-462e3b02662f	chr3	8907067	8914734	1	1	0
49f316da-adb4-49ba-b8df-462e3b02662f	chr3	8918634	98223339	4	2	2
49f316da-adb4-49ba-b8df-462e3b02662f	chr3	98223489	101204339	3	2	1
49f316da-adb4-49ba-b8df-462e3b02662f	chr3	101204386	105805799	4	2	2
49f316da-adb4-49ba-b8df-462e3b02662f	chr3	105806266	107079571	3	2	1
49f316da-adb4-49ba-b8df-462e3b02662f	chr3	107081723	147873145	4	2	2
49f316da-adb4-49ba-b8df-462e3b02662f	chr3	147873294	147892751	11	7	4
49f316da-adb4-49ba-b8df-462e3b02662f	chr3	147893654	198169247	4	2	2
49f316da-adb4-49ba-b8df-462e3b02662f	chr4	68929	34777418	3	2	1
49f316da-adb4-49ba-b8df-462e3b02662f	chr4	34777432	34819718	0	0	0
49f316da-adb4-49ba-b8df-462e3b02662f	chr4	34822561	190106768	3	2	1
49f316da-adb4-49ba-b8df-462e3b02662f	chr5	15532	46334235	3	2	1
49f316da-adb4-49ba-b8df-462e3b02662f	chr5	46334777	78054132	2	1	1
49f316da-adb4-49ba-b8df-462e3b02662f	chr5	78054500	79030325	1	1	0
49f316da-adb4-49ba-b8df-462e3b02662f	chr5	79031936	181363319	2	1	1
49f316da-adb4-49ba-b8df-462e3b02662f	chr6	149661	54295692	5	3	2
49f316da-adb4-49ba-b8df-462e3b02662f	chr6	54296053	170741917	4	2	2
49f316da-adb4-49ba-b8df-462e3b02662f	chr7	43259	38792051	6	4	2
49f316da-adb4-49ba-b8df-462e3b02662f	chr7	38792750	40852085	7	5	2
49f316da-adb4-49ba-b8df-462e3b02662f	chr7	40852213	63292323	6	4	2
49f316da-adb4-49ba-b8df-462e3b02662f	chr7	63310229	159334314	4	2	2
49f316da-adb4-49ba-b8df-462e3b02662f	chr8	81254	31864786	2	2	0
49f316da-adb4-49ba-b8df-462e3b02662f	chr8	31867132	33506102	4	2	2
49f316da-adb4-49ba-b8df-462e3b02662f	chr8	33506317	38179909	2	2	0
49f316da-adb4-49ba-b8df-462e3b02662f	chr8	38186240	38553039	6	5	1
49f316da-adb4-49ba-b8df-462e3b02662f	chr8	38560919	39726649	1	1	0
49f316da-adb4-49ba-b8df-462e3b02662f	chr8	39728050	41587486	10	8	2
49f316da-adb4-49ba-b8df-462e3b02662f	chr8	41587990	55493325	6	3	3
49f316da-adb4-49ba-b8df-462e3b02662f	chr8	55494718	139950981	8	6	2
49f316da-adb4-49ba-b8df-462e3b02662f	chr8	139951286	145072769	7	5	2
49f316da-adb4-49ba-b8df-462e3b02662f	chr9	46587	122429761	4	3	1
49f316da-adb4-49ba-b8df-462e3b02662f	chr9	122429880	122555382	5	3	2
49f316da-adb4-49ba-b8df-462e3b02662f	chr9	122555447	138200944	4	3	1
49f316da-adb4-49ba-b8df-462e3b02662f	chr10	45792	133654968	3	2	1
49f316da-adb4-49ba-b8df-462e3b02662f	chr11	198510	56693375	3	3	0
49f316da-adb4-49ba-b8df-462e3b02662f	chr11	56694955	57932858	4	3	1
49f316da-adb4-49ba-b8df-462e3b02662f	chr11	57935316	58166475	3	3	0
49f316da-adb4-49ba-b8df-462e3b02662f	chr11	58166618	135074876	4	3	1
49f316da-adb4-49ba-b8df-462e3b02662f	chr12	51460	8036367	4	3	1
49f316da-adb4-49ba-b8df-462e3b02662f	chr12	8036432	27504228	3	2	1
49f316da-adb4-49ba-b8df-462e3b02662f	chr12	27506581	57840479	5	4	1
49f316da-adb4-49ba-b8df-462e3b02662f	chr12	57842827	96568651	3	2	1
49f316da-adb4-49ba-b8df-462e3b02662f	chr12	96572330	99011988	5	4	1
49f316da-adb4-49ba-b8df-462e3b02662f	chr12	99018549	99767798	3	2	1
49f316da-adb4-49ba-b8df-462e3b02662f	chr12	99773157	133201603	5	4	1
49f316da-adb4-49ba-b8df-462e3b02662f	chr13	18452809	21439590	8	4	4
49f316da-adb4-49ba-b8df-462e3b02662f	chr13	21444326	26819632	9	6	3
49f316da-adb4-49ba-b8df-462e3b02662f	chr13	26822475	27600204	19	16	3
49f316da-adb4-49ba-b8df-462e3b02662f	chr13	27600497	27906219	16	12	4
49f316da-adb4-49ba-b8df-462e3b02662f	chr13	27906259	28817740	17	15	2
49f316da-adb4-49ba-b8df-462e3b02662f	chr13	28818099	30226428	11	8	3
49f316da-adb4-49ba-b8df-462e3b02662f	chr13	30228433	38458445	8	4	4
49f316da-adb4-49ba-b8df-462e3b02662f	chr13	38458462	46972735	6	4	2
49f316da-adb4-49ba-b8df-462e3b02662f	chr13	46973833	52910913	8	4	4
49f316da-adb4-49ba-b8df-462e3b02662f	chr13	52910938	73782440	7	5	2
49f316da-adb4-49ba-b8df-462e3b02662f	chr13	73782981	109591078	6	3	3
49f316da-adb4-49ba-b8df-462e3b02662f	chr13	109591474	114342922	5	3	2
49f316da-adb4-49ba-b8df-462e3b02662f	chr14	18239283	106877229	4	2	2
49f316da-adb4-49ba-b8df-462e3b02662f	chr15	19811075	101928837	3	2	1
49f316da-adb4-49ba-b8df-462e3b02662f	chr16	10777	6147314	4	2	2
49f316da-adb4-49ba-b8df-462e3b02662f	chr16	6147798	6527944	2	2	0
49f316da-adb4-49ba-b8df-462e3b02662f	chr16	6528009	6618587	0	0	0
49f316da-adb4-49ba-b8df-462e3b02662f	chr16	6620612	6755912	3	2	1
49f316da-adb4-49ba-b8df-462e3b02662f	chr16	6755942	90096867	4	2	2
49f316da-adb4-49ba-b8df-462e3b02662f	chr17	150733	26943491	2	2	0
49f316da-adb4-49ba-b8df-462e3b02662f	chr17	26943774	83091923	4	2	2
49f316da-adb4-49ba-b8df-462e3b02662f	chr18	48133	15402409	3	2	1
49f316da-adb4-49ba-b8df-462e3b02662f	chr18	20949392	80257174	2	2	0
49f316da-adb4-49ba-b8df-462e3b02662f	chr19	90910	58586487	4	2	2
49f316da-adb4-49ba-b8df-462e3b02662f	chr20	80664	15470922	6	5	1
49f316da-adb4-49ba-b8df-462e3b02662f	chr20	15471193	61844200	10	9	1
49f316da-adb4-49ba-b8df-462e3b02662f	chr20	61846113	64324800	8	8	0
49f316da-adb4-49ba-b8df-462e3b02662f	chr21	12973348	33242233	2	1	1
49f316da-adb4-49ba-b8df-462e3b02662f	chr21	33244908	34269568	3	2	1
49f316da-adb4-49ba-b8df-462e3b02662f	chr21	34271717	35321053	2	1	1
49f316da-adb4-49ba-b8df-462e3b02662f	chr21	35321492	41664668	4	3	1
49f316da-adb4-49ba-b8df-462e3b02662f	chr21	41665066	44095664	3	2	1
49f316da-adb4-49ba-b8df-462e3b02662f	chr21	44253766	46677045	2	1	1
49f316da-adb4-49ba-b8df-462e3b02662f	chr22	16392123	50796027	4	2	2
49f316da-adb4-49ba-b8df-462e3b02662f	chrX	251810	1029445	3	3	0
49f316da-adb4-49ba-b8df-462e3b02662f	chrX	1035084	1480942	2	2	0
49f316da-adb4-49ba-b8df-462e3b02662f	chrX	1482489	1938120	4	4	0
49f316da-adb4-49ba-b8df-462e3b02662f	chrX	1939670	2446094	2	2	0
49f316da-adb4-49ba-b8df-462e3b02662f	chrX	2450101	2469828	4	4	0
49f316da-adb4-49ba-b8df-462e3b02662f	chrX	2470313	2663629	3	3	0
49f316da-adb4-49ba-b8df-462e3b02662f	chrX	2665720	2748343	4	4	0
49f316da-adb4-49ba-b8df-462e3b02662f	chrX	2759819	156004181	2	1	1
49f316da-adb4-49ba-b8df-462e3b02662f	chrY	2782397	26653788	0	0	0
49f316da-adb4-49ba-b8df-462e3b02662f	chrY	56872112	56872112	3	3	0
