GDC_Aliquot	Chromosome	Start	End	Copy_Number	Major_Copy_Number	Minor_Copy_Number
0a445fd7-dc03-4b8c-907a-720bf4ca791d	chr1	13116	16532414	4	2	2
0a445fd7-dc03-4b8c-907a-720bf4ca791d	chr1	16534613	16949400	4	3	1
0a445fd7-dc03-4b8c-907a-720bf4ca791d	chr1	16953527	248945703	4	2	2
0a445fd7-dc03-4b8c-907a-720bf4ca791d	chr2	10587	87309456	4	2	2
0a445fd7-dc03-4b8c-907a-720bf4ca791d	chr2	87310793	87563331	5	4	1
0a445fd7-dc03-4b8c-907a-720bf4ca791d	chr2	87565296	137524051	4	2	2
0a445fd7-dc03-4b8c-907a-720bf4ca791d	chr2	137525382	163205924	2	2	0
0a445fd7-dc03-4b8c-907a-720bf4ca791d	chr2	163211139	170521204	4	2	2
0a445fd7-dc03-4b8c-907a-720bf4ca791d	chr2	170522501	199433590	6	4	2
0a445fd7-dc03-4b8c-907a-720bf4ca791d	chr2	199435619	242066784	4	2	2
0a445fd7-dc03-4b8c-907a-720bf4ca791d	chr2	242068202	242183243	5	4	1
0a445fd7-dc03-4b8c-907a-720bf4ca791d	chr3	18519	60730304	4	2	2
0a445fd7-dc03-4b8c-907a-720bf4ca791d	chr3	60731414	60984714	2	2	0
0a445fd7-dc03-4b8c-907a-720bf4ca791d	chr3	60986024	60994084	3	2	1
0a445fd7-dc03-4b8c-907a-720bf4ca791d	chr3	60995153	198181744	4	2	2
0a445fd7-dc03-4b8c-907a-720bf4ca791d	chr4	11961	49111375	4	2	2
0a445fd7-dc03-4b8c-907a-720bf4ca791d	chr4	49113001	49637506	4	3	1
0a445fd7-dc03-4b8c-907a-720bf4ca791d	chr4	49638700	164945461	4	2	2
0a445fd7-dc03-4b8c-907a-720bf4ca791d	chr4	164946683	164965160	4	3	1
0a445fd7-dc03-4b8c-907a-720bf4ca791d	chr4	164967275	190122722	4	2	2
0a445fd7-dc03-4b8c-907a-720bf4ca791d	chr5	11882	34116724	4	2	2
0a445fd7-dc03-4b8c-907a-720bf4ca791d	chr5	34118375	34257185	3	2	1
0a445fd7-dc03-4b8c-907a-720bf4ca791d	chr5	34258360	58079007	4	2	2
0a445fd7-dc03-4b8c-907a-720bf4ca791d	chr5	58080988	59982232	6	4	2
0a445fd7-dc03-4b8c-907a-720bf4ca791d	chr5	59984040	181363900	4	2	2
0a445fd7-dc03-4b8c-907a-720bf4ca791d	chr6	100116	170740469	4	2	2
0a445fd7-dc03-4b8c-907a-720bf4ca791d	chr7	20608	159334386	6	3	3
0a445fd7-dc03-4b8c-907a-720bf4ca791d	chr8	61774	12322157	4	4	0
0a445fd7-dc03-4b8c-907a-720bf4ca791d	chr8	12323934	12571828	3	2	1
0a445fd7-dc03-4b8c-907a-720bf4ca791d	chr8	12573179	18219801	4	4	0
0a445fd7-dc03-4b8c-907a-720bf4ca791d	chr8	18221119	21884796	2	2	0
0a445fd7-dc03-4b8c-907a-720bf4ca791d	chr8	21886353	57202010	4	4	0
0a445fd7-dc03-4b8c-907a-720bf4ca791d	chr8	57203027	57213557	1	1	0
0a445fd7-dc03-4b8c-907a-720bf4ca791d	chr8	57214565	145078402	4	4	0
0a445fd7-dc03-4b8c-907a-720bf4ca791d	chr9	10469	77051	4	4	0
0a445fd7-dc03-4b8c-907a-720bf4ca791d	chr9	78378	198364	4	3	1
0a445fd7-dc03-4b8c-907a-720bf4ca791d	chr9	199399	38923352	4	2	2
0a445fd7-dc03-4b8c-907a-720bf4ca791d	chr9	38925303	64973188	4	3	1
0a445fd7-dc03-4b8c-907a-720bf4ca791d	chr9	64974785	138138863	4	2	2
0a445fd7-dc03-4b8c-907a-720bf4ca791d	chr9	138139978	138256233	4	3	1
0a445fd7-dc03-4b8c-907a-720bf4ca791d	chr10	15029	38489678	4	2	2
0a445fd7-dc03-4b8c-907a-720bf4ca791d	chr10	38490703	38824155	3	2	1
0a445fd7-dc03-4b8c-907a-720bf4ca791d	chr10	38825184	133610081	4	2	2
0a445fd7-dc03-4b8c-907a-720bf4ca791d	chr10	133611686	133787009	4	3	1
0a445fd7-dc03-4b8c-907a-720bf4ca791d	chr11	87268	1211074	4	2	2
0a445fd7-dc03-4b8c-907a-720bf4ca791d	chr11	1213040	1685708	4	4	0
0a445fd7-dc03-4b8c-907a-720bf4ca791d	chr11	1686942	135076424	4	2	2
0a445fd7-dc03-4b8c-907a-720bf4ca791d	chr12	11065	123792362	6	3	3
0a445fd7-dc03-4b8c-907a-720bf4ca791d	chr12	123793716	124019736	5	3	2
0a445fd7-dc03-4b8c-907a-720bf4ca791d	chr12	124020897	133264676	6	3	3
0a445fd7-dc03-4b8c-907a-720bf4ca791d	chr13	18445955	114343123	4	2	2
0a445fd7-dc03-4b8c-907a-720bf4ca791d	chr14	18223583	19910248	4	3	1
0a445fd7-dc03-4b8c-907a-720bf4ca791d	chr14	19911361	106880670	4	2	2
0a445fd7-dc03-4b8c-907a-720bf4ca791d	chr15	19795285	20013263	4	2	2
0a445fd7-dc03-4b8c-907a-720bf4ca791d	chr15	20015459	22222368	3	3	0
0a445fd7-dc03-4b8c-907a-720bf4ca791d	chr15	22223559	57045413	4	2	2
0a445fd7-dc03-4b8c-907a-720bf4ca791d	chr15	57046736	57222070	2	2	0
0a445fd7-dc03-4b8c-907a-720bf4ca791d	chr15	57223839	101878221	4	2	2
0a445fd7-dc03-4b8c-907a-720bf4ca791d	chr15	101879982	101980591	4	4	0
0a445fd7-dc03-4b8c-907a-720bf4ca791d	chr16	10291	14775055	4	2	2
0a445fd7-dc03-4b8c-907a-720bf4ca791d	chr16	14777520	14975051	4	3	1
0a445fd7-dc03-4b8c-907a-720bf4ca791d	chr16	14976781	68714124	4	2	2
0a445fd7-dc03-4b8c-907a-720bf4ca791d	chr16	68715626	69062067	2	2	0
0a445fd7-dc03-4b8c-907a-720bf4ca791d	chr16	69065095	70099324	4	2	2
0a445fd7-dc03-4b8c-907a-720bf4ca791d	chr16	70100391	70267240	4	3	1
0a445fd7-dc03-4b8c-907a-720bf4ca791d	chr16	70268430	90226358	4	2	2
0a445fd7-dc03-4b8c-907a-720bf4ca791d	chr17	151035	83237603	4	2	2
0a445fd7-dc03-4b8c-907a-720bf4ca791d	chr18	16444	80259190	4	2	2
0a445fd7-dc03-4b8c-907a-720bf4ca791d	chr19	157892	24190281	4	2	2
0a445fd7-dc03-4b8c-907a-720bf4ca791d	chr19	24191617	24399883	5	3	2
0a445fd7-dc03-4b8c-907a-720bf4ca791d	chr19	24402003	27580739	5	4	1
0a445fd7-dc03-4b8c-907a-720bf4ca791d	chr19	27581903	58607412	4	2	2
0a445fd7-dc03-4b8c-907a-720bf4ca791d	chr20	80457	64331516	4	2	2
0a445fd7-dc03-4b8c-907a-720bf4ca791d	chr21	7762688	13893715	4	3	1
0a445fd7-dc03-4b8c-907a-720bf4ca791d	chr21	13894934	46699722	4	2	2
0a445fd7-dc03-4b8c-907a-720bf4ca791d	chr22	15284540	50137591	4	2	2
0a445fd7-dc03-4b8c-907a-720bf4ca791d	chr22	50139092	50147013	2	2	0
0a445fd7-dc03-4b8c-907a-720bf4ca791d	chr22	50148244	50802392	4	2	2
0a445fd7-dc03-4b8c-907a-720bf4ca791d	chrX	2781514	64473483	4	2	2
0a445fd7-dc03-4b8c-907a-720bf4ca791d	chrX	64474766	64539807	5	3	2
0a445fd7-dc03-4b8c-907a-720bf4ca791d	chrX	64541407	89034348	4	2	2
0a445fd7-dc03-4b8c-907a-720bf4ca791d	chrX	89035517	92972546	4	3	1
0a445fd7-dc03-4b8c-907a-720bf4ca791d	chrX	92975460	155699751	4	2	2
