GDC_Aliquot	Chromosome	Start	End	Num_Probes	Segment_Mean
7979fa97-57f8-4b1d-81f5-b7af84aeaaae	1	62920	2065208	345	-0.0238
7979fa97-57f8-4b1d-81f5-b7af84aeaaae	1	2065483	3280916	382	-0.097
7979fa97-57f8-4b1d-81f5-b7af84aeaaae	1	3281183	10610834	4625	-0.0008
7979fa97-57f8-4b1d-81f5-b7af84aeaaae	1	10611363	10619664	3	-1.3219
7979fa97-57f8-4b1d-81f5-b7af84aeaaae	1	10621749	12775725	1125	-0.0059
7979fa97-57f8-4b1d-81f5-b7af84aeaaae	1	12777697	13114062	39	0.3949
7979fa97-57f8-4b1d-81f5-b7af84aeaaae	1	13118266	15823420	1810	-0.003
7979fa97-57f8-4b1d-81f5-b7af84aeaaae	1	15827002	15827430	6	-1.6286
7979fa97-57f8-4b1d-81f5-b7af84aeaaae	1	15827706	16685961	336	0.0186
7979fa97-57f8-4b1d-81f5-b7af84aeaaae	1	16686246	16935302	74	0.2922
7979fa97-57f8-4b1d-81f5-b7af84aeaaae	1	16935393	25256850	5259	-0.0033
7979fa97-57f8-4b1d-81f5-b7af84aeaaae	1	25266637	25336819	25	0.3418
7979fa97-57f8-4b1d-81f5-b7af84aeaaae	1	25336853	75585159	30698	0.0029
7979fa97-57f8-4b1d-81f5-b7af84aeaaae	1	75589078	75589169	2	-3.0373
7979fa97-57f8-4b1d-81f5-b7af84aeaaae	1	75593824	105459522	19010	0.004
7979fa97-57f8-4b1d-81f5-b7af84aeaaae	1	105459540	105481448	21	0.4365
7979fa97-57f8-4b1d-81f5-b7af84aeaaae	1	105481468	110833598	3479	0.007
7979fa97-57f8-4b1d-81f5-b7af84aeaaae	1	110834746	110845604	39	0.4325
7979fa97-57f8-4b1d-81f5-b7af84aeaaae	1	110849445	112153651	1080	0.0146
7979fa97-57f8-4b1d-81f5-b7af84aeaaae	1	112153686	112166639	37	0.2586
7979fa97-57f8-4b1d-81f5-b7af84aeaaae	1	112166663	120885464	5044	-0.0034
7979fa97-57f8-4b1d-81f5-b7af84aeaaae	1	120885477	120954128	2	1.169
7979fa97-57f8-4b1d-81f5-b7af84aeaaae	1	120954165	147205320	530	0.0224
7979fa97-57f8-4b1d-81f5-b7af84aeaaae	1	147205357	148335153	530	0.0867
7979fa97-57f8-4b1d-81f5-b7af84aeaaae	1	148335506	152575425	1460	-0.0022
7979fa97-57f8-4b1d-81f5-b7af84aeaaae	1	152575461	152613641	46	0.2439
7979fa97-57f8-4b1d-81f5-b7af84aeaaae	1	152613762	152783832	166	-0.0088
7979fa97-57f8-4b1d-81f5-b7af84aeaaae	1	152783934	152796224	43	0.356
7979fa97-57f8-4b1d-81f5-b7af84aeaaae	1	152801429	158896783	3611	0.0062
7979fa97-57f8-4b1d-81f5-b7af84aeaaae	1	158898711	158899969	2	-1.4549
7979fa97-57f8-4b1d-81f5-b7af84aeaaae	1	158905028	189053842	20682	0.0012
7979fa97-57f8-4b1d-81f5-b7af84aeaaae	1	189058092	189062230	7	-0.7366
7979fa97-57f8-4b1d-81f5-b7af84aeaaae	1	189063349	195861806	4571	0.0027
7979fa97-57f8-4b1d-81f5-b7af84aeaaae	1	195863534	195905777	38	-0.9507
7979fa97-57f8-4b1d-81f5-b7af84aeaaae	1	195906930	196758720	543	0.0196
7979fa97-57f8-4b1d-81f5-b7af84aeaaae	1	196761905	196843400	59	0.3267
7979fa97-57f8-4b1d-81f5-b7af84aeaaae	1	196846661	209897717	8782	0.0033
7979fa97-57f8-4b1d-81f5-b7af84aeaaae	1	209908268	209910639	3	1.1164
7979fa97-57f8-4b1d-81f5-b7af84aeaaae	1	209913207	247664666	26309	0.0009
7979fa97-57f8-4b1d-81f5-b7af84aeaaae	1	247665179	248661962	567	0.088
7979fa97-57f8-4b1d-81f5-b7af84aeaaae	1	248662519	248930189	136	0.0043
7979fa97-57f8-4b1d-81f5-b7af84aeaaae	2	12784	139574	69	-0.0103
7979fa97-57f8-4b1d-81f5-b7af84aeaaae	2	139654	433274	193	0.1152
7979fa97-57f8-4b1d-81f5-b7af84aeaaae	2	438676	20623459	15293	-0.0002
7979fa97-57f8-4b1d-81f5-b7af84aeaaae	2	20623492	20623852	2	-1.5566
7979fa97-57f8-4b1d-81f5-b7af84aeaaae	2	20624931	28873941	4604	-0.0018
7979fa97-57f8-4b1d-81f5-b7af84aeaaae	2	28874771	28878353	6	-1.41
7979fa97-57f8-4b1d-81f5-b7af84aeaaae	2	28880941	34466002	3901	0.0034
7979fa97-57f8-4b1d-81f5-b7af84aeaaae	2	34474248	34511990	46	-2.2001
7979fa97-57f8-4b1d-81f5-b7af84aeaaae	2	34512096	52512079	12988	0.0084
7979fa97-57f8-4b1d-81f5-b7af84aeaaae	2	52514599	52554404	42	0.3937
7979fa97-57f8-4b1d-81f5-b7af84aeaaae	2	52560811	59445820	4801	0.0075
7979fa97-57f8-4b1d-81f5-b7af84aeaaae	2	59446395	59446980	2	-1.1865
7979fa97-57f8-4b1d-81f5-b7af84aeaaae	2	59449494	86710564	17086	0.0041
7979fa97-57f8-4b1d-81f5-b7af84aeaaae	2	86725947	86726731	2	-1.3562
7979fa97-57f8-4b1d-81f5-b7af84aeaaae	2	86743283	87074984	75	0.0271
7979fa97-57f8-4b1d-81f5-b7af84aeaaae	2	87079825	87082140	2	-1.614
7979fa97-57f8-4b1d-81f5-b7af84aeaaae	2	87082711	97359885	1853	0.0024
7979fa97-57f8-4b1d-81f5-b7af84aeaaae	2	97524284	97562741	16	0.4589
7979fa97-57f8-4b1d-81f5-b7af84aeaaae	2	97563117	106258266	5556	-0.0054
7979fa97-57f8-4b1d-81f5-b7af84aeaaae	2	106263639	106268901	12	0.6343
7979fa97-57f8-4b1d-81f5-b7af84aeaaae	2	106270799	146104517	23802	0.0063
7979fa97-57f8-4b1d-81f5-b7af84aeaaae	2	146106836	146109366	24	-1.8305
7979fa97-57f8-4b1d-81f5-b7af84aeaaae	2	146120238	207490231	36943	0.0027
7979fa97-57f8-4b1d-81f5-b7af84aeaaae	2	207490454	207494752	16	-0.61
7979fa97-57f8-4b1d-81f5-b7af84aeaaae	2	207494795	217639043	6654	0.0056
7979fa97-57f8-4b1d-81f5-b7af84aeaaae	2	217639413	217641689	3	-1.2274
7979fa97-57f8-4b1d-81f5-b7af84aeaaae	2	217641862	235038830	11087	-0.0026
7979fa97-57f8-4b1d-81f5-b7af84aeaaae	2	235041276	235063327	12	-0.4352
7979fa97-57f8-4b1d-81f5-b7af84aeaaae	2	235063509	242147305	4316	-0.0081
7979fa97-57f8-4b1d-81f5-b7af84aeaaae	3	20930	2761620	2397	0.0779
7979fa97-57f8-4b1d-81f5-b7af84aeaaae	3	2761735	21750326	13892	0.0104
7979fa97-57f8-4b1d-81f5-b7af84aeaaae	3	21750438	22263264	504	0.1067
7979fa97-57f8-4b1d-81f5-b7af84aeaaae	3	22264276	46760374	16375	0.0103
7979fa97-57f8-4b1d-81f5-b7af84aeaaae	3	46760471	46808099	38	0.2554
7979fa97-57f8-4b1d-81f5-b7af84aeaaae	3	46817989	47358421	240	0.0019
7979fa97-57f8-4b1d-81f5-b7af84aeaaae	3	47358841	47363961	3	-1.3649
7979fa97-57f8-4b1d-81f5-b7af84aeaaae	3	47367722	52989195	2250	0.003
7979fa97-57f8-4b1d-81f5-b7af84aeaaae	3	52994359	53007328	44	-0.4671
7979fa97-57f8-4b1d-81f5-b7af84aeaaae	3	53007467	55751769	2083	0.0045
7979fa97-57f8-4b1d-81f5-b7af84aeaaae	3	55752512	55756736	3	-1.11
7979fa97-57f8-4b1d-81f5-b7af84aeaaae	3	55761498	59770115	2496	0.008
7979fa97-57f8-4b1d-81f5-b7af84aeaaae	3	59770638	61015627	1402	0.0831
7979fa97-57f8-4b1d-81f5-b7af84aeaaae	3	61016190	68697013	6035	0.0058
7979fa97-57f8-4b1d-81f5-b7af84aeaaae	3	68697108	68698262	14	0.9302
7979fa97-57f8-4b1d-81f5-b7af84aeaaae	3	68699607	99225632	15896	0.0104
7979fa97-57f8-4b1d-81f5-b7af84aeaaae	3	99225667	99230577	36	-0.3723
7979fa97-57f8-4b1d-81f5-b7af84aeaaae	3	99232120	146758696	29170	0.0059
7979fa97-57f8-4b1d-81f5-b7af84aeaaae	3	146759265	147453565	358	0.0724
7979fa97-57f8-4b1d-81f5-b7af84aeaaae	3	147455134	147460026	4	0.7027
7979fa97-57f8-4b1d-81f5-b7af84aeaaae	3	147461515	147984723	294	0.0974
7979fa97-57f8-4b1d-81f5-b7af84aeaaae	3	147985025	150791644	1736	0.0031
7979fa97-57f8-4b1d-81f5-b7af84aeaaae	3	150791817	150792302	3	-0.8499
7979fa97-57f8-4b1d-81f5-b7af84aeaaae	3	150792440	162813082	7430	0.0082
7979fa97-57f8-4b1d-81f5-b7af84aeaaae	3	162815162	162827928	8	-0.9151
7979fa97-57f8-4b1d-81f5-b7af84aeaaae	3	162828441	162908784	48	-0.225
7979fa97-57f8-4b1d-81f5-b7af84aeaaae	3	162908815	169678282	3930	0.0204
7979fa97-57f8-4b1d-81f5-b7af84aeaaae	3	169678593	169689241	5	-0.7692
7979fa97-57f8-4b1d-81f5-b7af84aeaaae	3	169689436	173614990	2475	0.0198
7979fa97-57f8-4b1d-81f5-b7af84aeaaae	3	173622729	173624597	4	-0.3305
7979fa97-57f8-4b1d-81f5-b7af84aeaaae	3	173625394	173689788	50	0.2706
7979fa97-57f8-4b1d-81f5-b7af84aeaaae	3	173691740	175353337	1166	0.0175
7979fa97-57f8-4b1d-81f5-b7af84aeaaae	3	175353506	176236324	586	0.0956
7979fa97-57f8-4b1d-81f5-b7af84aeaaae	3	176236398	193160113	10938	0.0081
7979fa97-57f8-4b1d-81f5-b7af84aeaaae	3	193160173	193165114	19	-0.8065
7979fa97-57f8-4b1d-81f5-b7af84aeaaae	3	193168646	195707243	1501	0.0073
7979fa97-57f8-4b1d-81f5-b7af84aeaaae	3	195707392	195747892	27	-0.4505
7979fa97-57f8-4b1d-81f5-b7af84aeaaae	3	195751823	198169247	1164	0.0156
7979fa97-57f8-4b1d-81f5-b7af84aeaaae	4	68929	3711279	1499	-0.018
7979fa97-57f8-4b1d-81f5-b7af84aeaaae	4	3711538	3712714	5	-1.4587
7979fa97-57f8-4b1d-81f5-b7af84aeaaae	4	3713876	10208766	4191	0.0025
7979fa97-57f8-4b1d-81f5-b7af84aeaaae	4	10212536	10232642	31	0.536
7979fa97-57f8-4b1d-81f5-b7af84aeaaae	4	10232984	10389091	175	-0.0086
7979fa97-57f8-4b1d-81f5-b7af84aeaaae	4	10390730	10399044	16	-0.6874
7979fa97-57f8-4b1d-81f5-b7af84aeaaae	4	10401094	26287196	11538	0.0066
7979fa97-57f8-4b1d-81f5-b7af84aeaaae	4	26290363	26293154	3	-0.9445
7979fa97-57f8-4b1d-81f5-b7af84aeaaae	4	26293552	32960408	4206	0.0068
7979fa97-57f8-4b1d-81f5-b7af84aeaaae	4	32962842	33033347	48	0.2257
7979fa97-57f8-4b1d-81f5-b7af84aeaaae	4	33033776	34777353	980	-0.0032
7979fa97-57f8-4b1d-81f5-b7af84aeaaae	4	34777382	34823103	42	0.7728
7979fa97-57f8-4b1d-81f5-b7af84aeaaae	4	34828250	45003738	6631	0.0078
7979fa97-57f8-4b1d-81f5-b7af84aeaaae	4	45003835	45004318	4	-0.8916
7979fa97-57f8-4b1d-81f5-b7af84aeaaae	4	45008952	48088118	1684	0.0077
7979fa97-57f8-4b1d-81f5-b7af84aeaaae	4	48088584	49501768	650	0.0849
7979fa97-57f8-4b1d-81f5-b7af84aeaaae	4	49508382	63828222	7575	0.0059
7979fa97-57f8-4b1d-81f5-b7af84aeaaae	4	63831751	63842540	28	-0.436
7979fa97-57f8-4b1d-81f5-b7af84aeaaae	4	63850713	68389352	2849	0.009
7979fa97-57f8-4b1d-81f5-b7af84aeaaae	4	68391041	68429081	10	-0.98
7979fa97-57f8-4b1d-81f5-b7af84aeaaae	4	68439221	68478894	8	-0.0303
7979fa97-57f8-4b1d-81f5-b7af84aeaaae	4	68494770	68639397	70	0.549
7979fa97-57f8-4b1d-81f5-b7af84aeaaae	4	68640616	69523998	477	0.0723
7979fa97-57f8-4b1d-81f5-b7af84aeaaae	4	69524143	69525061	2	-2.7971
7979fa97-57f8-4b1d-81f5-b7af84aeaaae	4	69526170	114252544	27202	0.0053
7979fa97-57f8-4b1d-81f5-b7af84aeaaae	4	114254167	114261019	23	0.7339
7979fa97-57f8-4b1d-81f5-b7af84aeaaae	4	114263073	137159607	13216	0.0076
7979fa97-57f8-4b1d-81f5-b7af84aeaaae	4	137161484	137212336	47	0.2269
7979fa97-57f8-4b1d-81f5-b7af84aeaaae	4	137212848	160959045	14679	0.0064
7979fa97-57f8-4b1d-81f5-b7af84aeaaae	4	160959151	160963448	16	-0.8984
7979fa97-57f8-4b1d-81f5-b7af84aeaaae	4	160963756	161130063	139	0.1023
7979fa97-57f8-4b1d-81f5-b7af84aeaaae	4	161135340	161138477	2	-1.5763
7979fa97-57f8-4b1d-81f5-b7af84aeaaae	4	161145333	171448195	6522	0.0129
7979fa97-57f8-4b1d-81f5-b7af84aeaaae	4	171453733	171456625	12	-0.6699
7979fa97-57f8-4b1d-81f5-b7af84aeaaae	4	171459220	172501171	635	0.0125
7979fa97-57f8-4b1d-81f5-b7af84aeaaae	4	172501178	172546616	22	0.3627
7979fa97-57f8-4b1d-81f5-b7af84aeaaae	4	172550000	178365592	3560	-0.0006
7979fa97-57f8-4b1d-81f5-b7af84aeaaae	4	178366001	178739190	284	0.1339
7979fa97-57f8-4b1d-81f5-b7af84aeaaae	4	178739270	190106768	7973	0.023
7979fa97-57f8-4b1d-81f5-b7af84aeaaae	5	15532	685633	306	-0.0068
7979fa97-57f8-4b1d-81f5-b7af84aeaaae	5	698256	779766	28	-1.094
7979fa97-57f8-4b1d-81f5-b7af84aeaaae	5	800724	15361869	11626	-0.0007
7979fa97-57f8-4b1d-81f5-b7af84aeaaae	5	15362431	16058180	414	0.0951
7979fa97-57f8-4b1d-81f5-b7af84aeaaae	5	16058218	17515692	991	-0.001
7979fa97-57f8-4b1d-81f5-b7af84aeaaae	5	17601444	17607658	8	-0.9587
7979fa97-57f8-4b1d-81f5-b7af84aeaaae	5	17608130	25077162	4422	0.008
7979fa97-57f8-4b1d-81f5-b7af84aeaaae	5	25085528	25345647	146	0.1515
7979fa97-57f8-4b1d-81f5-b7af84aeaaae	5	25345700	36445558	7178	0.0115
7979fa97-57f8-4b1d-81f5-b7af84aeaaae	5	36445700	36464272	30	-0.9591
7979fa97-57f8-4b1d-81f5-b7af84aeaaae	5	36467928	37554862	540	0.0092
7979fa97-57f8-4b1d-81f5-b7af84aeaaae	5	37555131	37616583	42	0.2063
7979fa97-57f8-4b1d-81f5-b7af84aeaaae	5	37616774	41600914	2824	0.0006
7979fa97-57f8-4b1d-81f5-b7af84aeaaae	5	41601594	41602016	3	-1.3104
7979fa97-57f8-4b1d-81f5-b7af84aeaaae	5	41603772	45162580	1716	0.0001
7979fa97-57f8-4b1d-81f5-b7af84aeaaae	5	45164864	50829022	668	0.0968
7979fa97-57f8-4b1d-81f5-b7af84aeaaae	5	50837510	63347926	8294	0.0065
7979fa97-57f8-4b1d-81f5-b7af84aeaaae	5	63352700	63884019	315	0.1186
7979fa97-57f8-4b1d-81f5-b7af84aeaaae	5	63885700	69779164	3501	-0.0021
7979fa97-57f8-4b1d-81f5-b7af84aeaaae	5	69822096	69822308	2	1.2161
7979fa97-57f8-4b1d-81f5-b7af84aeaaae	5	69937600	99156020	16428	0.0023
7979fa97-57f8-4b1d-81f5-b7af84aeaaae	5	99156198	102186533	1810	0.0655
7979fa97-57f8-4b1d-81f5-b7af84aeaaae	5	102195625	104515520	1286	0.0073
7979fa97-57f8-4b1d-81f5-b7af84aeaaae	5	104524672	104524903	4	-1.1512
7979fa97-57f8-4b1d-81f5-b7af84aeaaae	5	104525348	118050922	9384	0.0099
7979fa97-57f8-4b1d-81f5-b7af84aeaaae	5	118052727	118053390	11	-0.838
7979fa97-57f8-4b1d-81f5-b7af84aeaaae	5	118068645	140851936	13816	0.0098
7979fa97-57f8-4b1d-81f5-b7af84aeaaae	5	140851951	140872578	12	-0.4226
7979fa97-57f8-4b1d-81f5-b7af84aeaaae	5	140874202	156049910	10210	0.008
7979fa97-57f8-4b1d-81f5-b7af84aeaaae	5	156049988	156068249	15	-0.6655
7979fa97-57f8-4b1d-81f5-b7af84aeaaae	5	156073982	180947523	16584	0.0015
7979fa97-57f8-4b1d-81f5-b7af84aeaaae	5	180951710	180990614	16	0.5204
7979fa97-57f8-4b1d-81f5-b7af84aeaaae	5	180990660	181363319	173	-0.0221
7979fa97-57f8-4b1d-81f5-b7af84aeaaae	6	149661	254283	100	-0.0268
7979fa97-57f8-4b1d-81f5-b7af84aeaaae	6	257353	291082	17	-0.6215
7979fa97-57f8-4b1d-81f5-b7af84aeaaae	6	294286	380821	82	-0.1987
7979fa97-57f8-4b1d-81f5-b7af84aeaaae	6	381149	457748	67	0.0048
7979fa97-57f8-4b1d-81f5-b7af84aeaaae	6	460051	534856	57	0.2119
7979fa97-57f8-4b1d-81f5-b7af84aeaaae	6	534989	6025978	4513	0.0026
7979fa97-57f8-4b1d-81f5-b7af84aeaaae	6	6033698	6034203	3	-2.1688
7979fa97-57f8-4b1d-81f5-b7af84aeaaae	6	6036812	29869295	16791	0.0035
7979fa97-57f8-4b1d-81f5-b7af84aeaaae	6	29869410	29906865	22	0.5549
7979fa97-57f8-4b1d-81f5-b7af84aeaaae	6	29906932	31385103	726	0.0024
7979fa97-57f8-4b1d-81f5-b7af84aeaaae	6	31385552	31385862	4	-1.0084
7979fa97-57f8-4b1d-81f5-b7af84aeaaae	6	31385912	32486746	441	0.0114
7979fa97-57f8-4b1d-81f5-b7af84aeaaae	6	32488906	32540699	14	1.256
7979fa97-57f8-4b1d-81f5-b7af84aeaaae	6	32541506	32634492	34	0.301
7979fa97-57f8-4b1d-81f5-b7af84aeaaae	6	32636595	57226082	15611	0.0008
7979fa97-57f8-4b1d-81f5-b7af84aeaaae	6	57226368	61831021	865	0.0746
7979fa97-57f8-4b1d-81f5-b7af84aeaaae	6	61831144	76726815	9390	0.007
7979fa97-57f8-4b1d-81f5-b7af84aeaaae	6	76730151	76758749	24	-0.558
7979fa97-57f8-4b1d-81f5-b7af84aeaaae	6	76758871	77319910	350	-0.0109
7979fa97-57f8-4b1d-81f5-b7af84aeaaae	6	77321320	77321416	3	0.843
7979fa97-57f8-4b1d-81f5-b7af84aeaaae	6	77322441	78261995	625	0.0129
7979fa97-57f8-4b1d-81f5-b7af84aeaaae	6	78262064	78329517	110	0.2968
7979fa97-57f8-4b1d-81f5-b7af84aeaaae	6	78331916	93794464	9912	0.0086
7979fa97-57f8-4b1d-81f5-b7af84aeaaae	6	93795530	94953011	758	0.1161
7979fa97-57f8-4b1d-81f5-b7af84aeaaae	6	94953395	118207396	13959	0.0033
7979fa97-57f8-4b1d-81f5-b7af84aeaaae	6	118208277	118790806	361	0.0931
7979fa97-57f8-4b1d-81f5-b7af84aeaaae	6	118790906	125861617	4393	0.0021
7979fa97-57f8-4b1d-81f5-b7af84aeaaae	6	125862546	125865630	3	-2.0829
7979fa97-57f8-4b1d-81f5-b7af84aeaaae	6	125867747	170741917	30259	0.0031
7979fa97-57f8-4b1d-81f5-b7af84aeaaae	7	43355	126405597	76938	0.0121
7979fa97-57f8-4b1d-81f5-b7af84aeaaae	7	126405632	126406822	10	1.4583
7979fa97-57f8-4b1d-81f5-b7af84aeaaae	7	126406823	159334314	20807	0.0062
7979fa97-57f8-4b1d-81f5-b7af84aeaaae	8	81254	6843611	7440	0.0213
7979fa97-57f8-4b1d-81f5-b7af84aeaaae	8	6852226	6856287	11	-1.5562
7979fa97-57f8-4b1d-81f5-b7af84aeaaae	8	6856432	7357323	275	-0.0192
7979fa97-57f8-4b1d-81f5-b7af84aeaaae	8	7357997	7537162	32	0.3717
7979fa97-57f8-4b1d-81f5-b7af84aeaaae	8	7598502	12374772	3260	0.0071
7979fa97-57f8-4b1d-81f5-b7af84aeaaae	8	12374907	12389977	25	-0.3145
7979fa97-57f8-4b1d-81f5-b7af84aeaaae	8	12418301	18151858	5131	0.0188
7979fa97-57f8-4b1d-81f5-b7af84aeaaae	8	18152046	18155810	3	-1.3392
7979fa97-57f8-4b1d-81f5-b7af84aeaaae	8	18155848	23544795	4134	0.004
7979fa97-57f8-4b1d-81f5-b7af84aeaaae	8	23550227	23550298	4	-4.1707
7979fa97-57f8-4b1d-81f5-b7af84aeaaae	8	23550358	25117007	1140	-0.003
7979fa97-57f8-4b1d-81f5-b7af84aeaaae	8	25117062	25126818	24	0.4344
7979fa97-57f8-4b1d-81f5-b7af84aeaaae	8	25133589	39373140	9010	0.0051
7979fa97-57f8-4b1d-81f5-b7af84aeaaae	8	39378084	39531496	62	0.6815
7979fa97-57f8-4b1d-81f5-b7af84aeaaae	8	39531510	40914477	1070	0.0107
7979fa97-57f8-4b1d-81f5-b7af84aeaaae	8	40920333	40920952	2	-2.2512
7979fa97-57f8-4b1d-81f5-b7af84aeaaae	8	40926161	50119451	3502	0.0092
7979fa97-57f8-4b1d-81f5-b7af84aeaaae	8	50119464	50120863	8	0.6921
7979fa97-57f8-4b1d-81f5-b7af84aeaaae	8	50126018	105911266	34152	0.0039
7979fa97-57f8-4b1d-81f5-b7af84aeaaae	8	105911691	106511473	401	0.0863
7979fa97-57f8-4b1d-81f5-b7af84aeaaae	8	106511849	111279265	2847	0.0047
7979fa97-57f8-4b1d-81f5-b7af84aeaaae	8	111282050	111282441	5	-0.6602
7979fa97-57f8-4b1d-81f5-b7af84aeaaae	8	111282809	111283016	4	-1.9061
7979fa97-57f8-4b1d-81f5-b7af84aeaaae	8	111283031	114551594	1775	-0.0001
7979fa97-57f8-4b1d-81f5-b7af84aeaaae	8	114553284	114619814	43	0.237
7979fa97-57f8-4b1d-81f5-b7af84aeaaae	8	114622258	114623472	13	-0.848
7979fa97-57f8-4b1d-81f5-b7af84aeaaae	8	114626121	114628759	11	-0.0612
7979fa97-57f8-4b1d-81f5-b7af84aeaaae	8	114628773	114629502	11	-0.5947
7979fa97-57f8-4b1d-81f5-b7af84aeaaae	8	114638468	114871047	153	0.1147
7979fa97-57f8-4b1d-81f5-b7af84aeaaae	8	114874003	136675987	15728	0.0006
7979fa97-57f8-4b1d-81f5-b7af84aeaaae	8	136676674	136851637	172	0.1426
7979fa97-57f8-4b1d-81f5-b7af84aeaaae	8	136851683	145072769	4988	-0.0043
7979fa97-57f8-4b1d-81f5-b7af84aeaaae	9	46587	11371745	10760	0.0231
7979fa97-57f8-4b1d-81f5-b7af84aeaaae	9	11375251	12333266	774	0.1193
7979fa97-57f8-4b1d-81f5-b7af84aeaaae	9	12340219	28165278	12529	0.008
7979fa97-57f8-4b1d-81f5-b7af84aeaaae	9	28166402	28944279	606	0.0865
7979fa97-57f8-4b1d-81f5-b7af84aeaaae	9	28953303	32079198	2151	0.0062
7979fa97-57f8-4b1d-81f5-b7af84aeaaae	9	32082228	32088490	9	0.5579
7979fa97-57f8-4b1d-81f5-b7af84aeaaae	9	32088787	32736717	479	0.0166
7979fa97-57f8-4b1d-81f5-b7af84aeaaae	9	32737094	32738789	3	-1.7238
7979fa97-57f8-4b1d-81f5-b7af84aeaaae	9	32739939	42697878	3997	0.0018
7979fa97-57f8-4b1d-81f5-b7af84aeaaae	9	42698168	42715632	8	-0.7834
7979fa97-57f8-4b1d-81f5-b7af84aeaaae	9	42719891	102753540	24295	0.0038
7979fa97-57f8-4b1d-81f5-b7af84aeaaae	9	102753569	102766605	11	-0.569
7979fa97-57f8-4b1d-81f5-b7af84aeaaae	9	102766691	131383392	20195	0.0035
7979fa97-57f8-4b1d-81f5-b7af84aeaaae	9	131385539	131390317	5	-1.0525
7979fa97-57f8-4b1d-81f5-b7af84aeaaae	9	131396628	135262424	2477	-0.0086
7979fa97-57f8-4b1d-81f5-b7af84aeaaae	9	135262532	135337918	67	-0.2692
7979fa97-57f8-4b1d-81f5-b7af84aeaaae	9	135338150	137361190	673	-0.0144
7979fa97-57f8-4b1d-81f5-b7af84aeaaae	9	137361266	137361381	2	1.4495
7979fa97-57f8-4b1d-81f5-b7af84aeaaae	9	137378551	138177075	401	-0.0264
7979fa97-57f8-4b1d-81f5-b7af84aeaaae	9	138177488	138200944	6	0.6349
7979fa97-57f8-4b1d-81f5-b7af84aeaaae	10	45792	24086334	19174	0
7979fa97-57f8-4b1d-81f5-b7af84aeaaae	10	24088745	24089125	11	-1.9934
7979fa97-57f8-4b1d-81f5-b7af84aeaaae	10	24089979	30957581	5009	0.004
7979fa97-57f8-4b1d-81f5-b7af84aeaaae	10	30962405	30962797	9	0.6119
7979fa97-57f8-4b1d-81f5-b7af84aeaaae	10	30962809	55123984	12937	0.0056
7979fa97-57f8-4b1d-81f5-b7af84aeaaae	10	55130596	56076239	650	0.0831
7979fa97-57f8-4b1d-81f5-b7af84aeaaae	10	56079997	64303775	5733	0.0046
7979fa97-57f8-4b1d-81f5-b7af84aeaaae	10	64305752	64327767	12	-0.8775
7979fa97-57f8-4b1d-81f5-b7af84aeaaae	10	64336014	65546518	840	-0.0045
7979fa97-57f8-4b1d-81f5-b7af84aeaaae	10	65548165	65554688	28	-0.5638
7979fa97-57f8-4b1d-81f5-b7af84aeaaae	10	65563037	66256938	571	0.0154
7979fa97-57f8-4b1d-81f5-b7af84aeaaae	10	66257041	66767727	374	0.1131
7979fa97-57f8-4b1d-81f5-b7af84aeaaae	10	66771932	79593012	8276	0.0005
7979fa97-57f8-4b1d-81f5-b7af84aeaaae	10	79595316	79837384	36	-0.2595
7979fa97-57f8-4b1d-81f5-b7af84aeaaae	10	79838023	80234421	213	0.0245
7979fa97-57f8-4b1d-81f5-b7af84aeaaae	10	80234562	80237322	2	-2.1341
7979fa97-57f8-4b1d-81f5-b7af84aeaaae	10	80237692	133654968	36718	-0.0006
7979fa97-57f8-4b1d-81f5-b7af84aeaaae	11	198510	55609022	34460	0.0055
7979fa97-57f8-4b1d-81f5-b7af84aeaaae	11	55609035	55685533	50	0.5085
7979fa97-57f8-4b1d-81f5-b7af84aeaaae	11	55686100	56200301	367	0.0842
7979fa97-57f8-4b1d-81f5-b7af84aeaaae	11	56200722	64647178	4692	-0.0024
7979fa97-57f8-4b1d-81f5-b7af84aeaaae	11	64647574	65925596	485	-0.0682
7979fa97-57f8-4b1d-81f5-b7af84aeaaae	11	65927337	89711807	14282	0.0071
7979fa97-57f8-4b1d-81f5-b7af84aeaaae	11	89715319	89810584	27	0.1346
7979fa97-57f8-4b1d-81f5-b7af84aeaaae	11	89813759	89834373	5	-1.1994
7979fa97-57f8-4b1d-81f5-b7af84aeaaae	11	89847184	124906091	24631	0.0041
7979fa97-57f8-4b1d-81f5-b7af84aeaaae	11	124906888	124907522	2	-1.2435
7979fa97-57f8-4b1d-81f5-b7af84aeaaae	11	124918772	128461728	2640	-0.0056
7979fa97-57f8-4b1d-81f5-b7af84aeaaae	11	128463161	128463624	5	-0.7359
7979fa97-57f8-4b1d-81f5-b7af84aeaaae	11	128464871	135074876	5118	0.0065
7979fa97-57f8-4b1d-81f5-b7af84aeaaae	12	51460	760032	419	0.0004
7979fa97-57f8-4b1d-81f5-b7af84aeaaae	12	760097	764863	16	-0.8322
7979fa97-57f8-4b1d-81f5-b7af84aeaaae	12	766188	119546020	75297	0.0048
7979fa97-57f8-4b1d-81f5-b7af84aeaaae	12	119551082	119552956	16	-0.8598
7979fa97-57f8-4b1d-81f5-b7af84aeaaae	12	119556236	133201603	9037	0.0049
7979fa97-57f8-4b1d-81f5-b7af84aeaaae	13	18452809	37501828	13477	0.0052
7979fa97-57f8-4b1d-81f5-b7af84aeaaae	13	37502130	37510620	12	-0.6031
7979fa97-57f8-4b1d-81f5-b7af84aeaaae	13	37514193	57090977	12478	0.005
7979fa97-57f8-4b1d-81f5-b7af84aeaaae	13	57093519	57620276	305	0.1076
7979fa97-57f8-4b1d-81f5-b7af84aeaaae	13	57625612	63520453	3488	0.0046
7979fa97-57f8-4b1d-81f5-b7af84aeaaae	13	63520689	64240701	420	0.0994
7979fa97-57f8-4b1d-81f5-b7af84aeaaae	13	64245761	66280321	1244	0.0017
7979fa97-57f8-4b1d-81f5-b7af84aeaaae	13	66280960	66805336	396	0.1031
7979fa97-57f8-4b1d-81f5-b7af84aeaaae	13	66812541	105272953	25831	0.0071
7979fa97-57f8-4b1d-81f5-b7af84aeaaae	13	105273203	105807906	417	0.1034
7979fa97-57f8-4b1d-81f5-b7af84aeaaae	13	105809091	114342922	6044	0.0001
7979fa97-57f8-4b1d-81f5-b7af84aeaaae	14	18239283	19138115	35	-0.1478
7979fa97-57f8-4b1d-81f5-b7af84aeaaae	14	19140829	19955213	132	0.4357
7979fa97-57f8-4b1d-81f5-b7af84aeaaae	14	19956767	21808575	1228	0.002
7979fa97-57f8-4b1d-81f5-b7af84aeaaae	14	21808964	22536839	658	0.1565
7979fa97-57f8-4b1d-81f5-b7af84aeaaae	14	22537282	47238133	15238	0.0128
7979fa97-57f8-4b1d-81f5-b7af84aeaaae	14	47239083	47247780	7	-0.8904
7979fa97-57f8-4b1d-81f5-b7af84aeaaae	14	47248244	73534419	16915	0.0052
7979fa97-57f8-4b1d-81f5-b7af84aeaaae	14	73540003	73554275	8	0.8857
7979fa97-57f8-4b1d-81f5-b7af84aeaaae	14	73563196	105983580	20736	0.0034
7979fa97-57f8-4b1d-81f5-b7af84aeaaae	14	105984954	106340102	123	0.1516
7979fa97-57f8-4b1d-81f5-b7af84aeaaae	14	106340305	106346129	6	0.792
7979fa97-57f8-4b1d-81f5-b7af84aeaaae	14	106360014	106416146	30	0.1548
7979fa97-57f8-4b1d-81f5-b7af84aeaaae	14	106418444	106462144	47	-0.5634
7979fa97-57f8-4b1d-81f5-b7af84aeaaae	14	106462169	106877229	197	0.0761
7979fa97-57f8-4b1d-81f5-b7af84aeaaae	15	19811075	20376311	95	0.1163
7979fa97-57f8-4b1d-81f5-b7af84aeaaae	15	20380735	20384789	12	-0.7788
7979fa97-57f8-4b1d-81f5-b7af84aeaaae	15	20384907	24424598	1092	0.0186
7979fa97-57f8-4b1d-81f5-b7af84aeaaae	15	24429604	24473449	34	-0.6264
7979fa97-57f8-4b1d-81f5-b7af84aeaaae	15	24480146	101928837	50280	0.0057
7979fa97-57f8-4b1d-81f5-b7af84aeaaae	16	10777	90096867	51844	0.0047
7979fa97-57f8-4b1d-81f5-b7af84aeaaae	17	150733	16669462	10449	0.0057
7979fa97-57f8-4b1d-81f5-b7af84aeaaae	17	16672146	16678487	7	-0.8207
7979fa97-57f8-4b1d-81f5-b7af84aeaaae	17	16678690	28452035	3211	0.0039
7979fa97-57f8-4b1d-81f5-b7af84aeaaae	17	28454323	28455301	2	-1.5187
7979fa97-57f8-4b1d-81f5-b7af84aeaaae	17	28462253	36109315	4574	0.0084
7979fa97-57f8-4b1d-81f5-b7af84aeaaae	17	36109735	36157718	35	0.3874
7979fa97-57f8-4b1d-81f5-b7af84aeaaae	17	36200725	41265456	2524	0.005
7979fa97-57f8-4b1d-81f5-b7af84aeaaae	17	41266762	41274198	23	-0.9581
7979fa97-57f8-4b1d-81f5-b7af84aeaaae	17	41274279	46136800	2534	-0.0004
7979fa97-57f8-4b1d-81f5-b7af84aeaaae	17	46137998	46687628	95	0.197
7979fa97-57f8-4b1d-81f5-b7af84aeaaae	17	46707286	52846150	3556	0.0081
7979fa97-57f8-4b1d-81f5-b7af84aeaaae	17	52850890	53236604	240	0.1271
7979fa97-57f8-4b1d-81f5-b7af84aeaaae	17	53236645	74580007	13478	0.0035
7979fa97-57f8-4b1d-81f5-b7af84aeaaae	17	74581796	74586296	2	-1.7273
7979fa97-57f8-4b1d-81f5-b7af84aeaaae	17	74586908	83091923	4273	-0.0115
7979fa97-57f8-4b1d-81f5-b7af84aeaaae	18	48133	505903	333	0.0501
7979fa97-57f8-4b1d-81f5-b7af84aeaaae	18	517116	518222	2	-1.3228
7979fa97-57f8-4b1d-81f5-b7af84aeaaae	18	521947	40680456	22428	0.0045
7979fa97-57f8-4b1d-81f5-b7af84aeaaae	18	40680470	40685425	18	-0.419
7979fa97-57f8-4b1d-81f5-b7af84aeaaae	18	40688060	53677765	8906	0
7979fa97-57f8-4b1d-81f5-b7af84aeaaae	18	53680839	53681706	3	-1.2172
7979fa97-57f8-4b1d-81f5-b7af84aeaaae	18	53684270	65536707	8208	0.0054
7979fa97-57f8-4b1d-81f5-b7af84aeaaae	18	65537087	66054343	366	0.0877
7979fa97-57f8-4b1d-81f5-b7af84aeaaae	18	66060256	66061104	12	-1.6922
7979fa97-57f8-4b1d-81f5-b7af84aeaaae	18	66065502	66095064	47	0.0699
7979fa97-57f8-4b1d-81f5-b7af84aeaaae	18	66099904	66100686	3	0.7266
7979fa97-57f8-4b1d-81f5-b7af84aeaaae	18	66108359	66239629	98	-0.024
7979fa97-57f8-4b1d-81f5-b7af84aeaaae	18	66240197	66244124	9	-0.8275
7979fa97-57f8-4b1d-81f5-b7af84aeaaae	18	66244352	69076108	2058	0.0225
7979fa97-57f8-4b1d-81f5-b7af84aeaaae	18	69078869	69086089	38	-0.6701
7979fa97-57f8-4b1d-81f5-b7af84aeaaae	18	69090459	71378886	1566	0.0002
7979fa97-57f8-4b1d-81f5-b7af84aeaaae	18	71380423	71695300	257	0.0828
7979fa97-57f8-4b1d-81f5-b7af84aeaaae	18	71695447	71696367	4	-1.1245
7979fa97-57f8-4b1d-81f5-b7af84aeaaae	18	71696509	73818329	1701	0.0715
7979fa97-57f8-4b1d-81f5-b7af84aeaaae	18	73828262	80257174	4632	-0.0047
7979fa97-57f8-4b1d-81f5-b7af84aeaaae	19	90910	5506446	1590	-0.015
7979fa97-57f8-4b1d-81f5-b7af84aeaaae	19	5506648	5510642	4	-1.0286
7979fa97-57f8-4b1d-81f5-b7af84aeaaae	19	5510689	51628560	23156	0.0051
7979fa97-57f8-4b1d-81f5-b7af84aeaaae	19	51639099	51644944	11	-0.5538
7979fa97-57f8-4b1d-81f5-b7af84aeaaae	19	51651652	52768529	751	0.0244
7979fa97-57f8-4b1d-81f5-b7af84aeaaae	19	52770482	52774134	5	-0.8438
7979fa97-57f8-4b1d-81f5-b7af84aeaaae	19	52775684	55771003	1739	-0.0009
7979fa97-57f8-4b1d-81f5-b7af84aeaaae	19	55771169	55771701	3	-2.6688
7979fa97-57f8-4b1d-81f5-b7af84aeaaae	19	55774927	56963538	844	-0.0035
7979fa97-57f8-4b1d-81f5-b7af84aeaaae	19	56965903	56968114	5	-0.8637
7979fa97-57f8-4b1d-81f5-b7af84aeaaae	19	56970224	58586487	988	-0.0109
7979fa97-57f8-4b1d-81f5-b7af84aeaaae	20	80664	1580353	1202	-0.0003
7979fa97-57f8-4b1d-81f5-b7af84aeaaae	20	1580934	1617300	42	0.984
7979fa97-57f8-4b1d-81f5-b7af84aeaaae	20	1617460	63583002	40789	0.0045
7979fa97-57f8-4b1d-81f5-b7af84aeaaae	20	63583186	64324800	320	-0.0972
7979fa97-57f8-4b1d-81f5-b7af84aeaaae	21	10354168	10388383	5	-0.1465
7979fa97-57f8-4b1d-81f5-b7af84aeaaae	21	10388521	13008398	88	0.2636
7979fa97-57f8-4b1d-81f5-b7af84aeaaae	21	13013344	22169683	6137	0.0064
7979fa97-57f8-4b1d-81f5-b7af84aeaaae	21	22170124	23272834	832	0.0741
7979fa97-57f8-4b1d-81f5-b7af84aeaaae	21	23275002	38536193	11227	0.0085
7979fa97-57f8-4b1d-81f5-b7af84aeaaae	21	38536271	38536597	3	-1.2589
7979fa97-57f8-4b1d-81f5-b7af84aeaaae	21	38538756	46677045	5565	-0.0035
7979fa97-57f8-4b1d-81f5-b7af84aeaaae	22	15294547	50796027	23255	-0.0014
7979fa97-57f8-4b1d-81f5-b7af84aeaaae	X	251810	48608678	29164	0.0056
7979fa97-57f8-4b1d-81f5-b7af84aeaaae	X	48608798	48611282	3	-3.3989
7979fa97-57f8-4b1d-81f5-b7af84aeaaae	X	48612345	58048445	4022	0.0167
7979fa97-57f8-4b1d-81f5-b7af84aeaaae	X	58054154	58054580	2	-4.3942
7979fa97-57f8-4b1d-81f5-b7af84aeaaae	X	58054721	140720572	40978	0.009
7979fa97-57f8-4b1d-81f5-b7af84aeaaae	X	140722046	140722503	2	-3.8831
7979fa97-57f8-4b1d-81f5-b7af84aeaaae	X	140726391	155952689	9253	0.0006
7979fa97-57f8-4b1d-81f5-b7af84aeaaae	Y	2782397	22737592	6433	-1.0273
7979fa97-57f8-4b1d-81f5-b7af84aeaaae	Y	22743060	22804854	4	0.1361
7979fa97-57f8-4b1d-81f5-b7af84aeaaae	Y	22913244	25535507	25	-0.9277
7979fa97-57f8-4b1d-81f5-b7af84aeaaae	Y	25614692	26077669	6	-2.0102
7979fa97-57f8-4b1d-81f5-b7af84aeaaae	Y	26312501	56872112	171	-1.0019
