GDC_Aliquot	Chromosome	Start	End	Copy_Number	Major_Copy_Number	Minor_Copy_Number
cab7ede5-c75a-46d8-b53d-a087e99b656e	chr1	62920	193710855	3	2	1
cab7ede5-c75a-46d8-b53d-a087e99b656e	chr1	193711060	193742092	6	4	2
cab7ede5-c75a-46d8-b53d-a087e99b656e	chr1	193742520	248930189	3	2	1
cab7ede5-c75a-46d8-b53d-a087e99b656e	chr2	12784	52527330	4	2	2
cab7ede5-c75a-46d8-b53d-a087e99b656e	chr2	52527342	52554404	0	0	0
cab7ede5-c75a-46d8-b53d-a087e99b656e	chr2	52560811	205864483	4	2	2
cab7ede5-c75a-46d8-b53d-a087e99b656e	chr2	205864582	205881981	2	1	1
cab7ede5-c75a-46d8-b53d-a087e99b656e	chr2	205883174	242147305	4	2	2
cab7ede5-c75a-46d8-b53d-a087e99b656e	chr3	20930	22678829	4	2	2
cab7ede5-c75a-46d8-b53d-a087e99b656e	chr3	22679137	22682504	2	1	1
cab7ede5-c75a-46d8-b53d-a087e99b656e	chr3	22682659	28105450	4	2	2
cab7ede5-c75a-46d8-b53d-a087e99b656e	chr3	28105795	28118304	3	2	1
cab7ede5-c75a-46d8-b53d-a087e99b656e	chr3	28118744	198169247	4	2	2
cab7ede5-c75a-46d8-b53d-a087e99b656e	chr4	68929	10208766	3	2	1
cab7ede5-c75a-46d8-b53d-a087e99b656e	chr4	10212536	10229625	0	0	0
cab7ede5-c75a-46d8-b53d-a087e99b656e	chr4	10229874	68478894	3	2	1
cab7ede5-c75a-46d8-b53d-a087e99b656e	chr4	68494770	68623617	7	7	0
cab7ede5-c75a-46d8-b53d-a087e99b656e	chr4	68639397	190106768	3	2	1
cab7ede5-c75a-46d8-b53d-a087e99b656e	chr5	15532	133277905	3	2	1
cab7ede5-c75a-46d8-b53d-a087e99b656e	chr5	133279125	134889198	4	2	2
cab7ede5-c75a-46d8-b53d-a087e99b656e	chr5	134890304	137268066	3	2	1
cab7ede5-c75a-46d8-b53d-a087e99b656e	chr5	137268561	137273031	1	1	0
cab7ede5-c75a-46d8-b53d-a087e99b656e	chr5	137274303	181363319	3	2	1
cab7ede5-c75a-46d8-b53d-a087e99b656e	chr6	149661	157565486	4	2	2
cab7ede5-c75a-46d8-b53d-a087e99b656e	chr6	157565527	157620251	6	3	3
cab7ede5-c75a-46d8-b53d-a087e99b656e	chr6	157620479	170741917	4	2	2
cab7ede5-c75a-46d8-b53d-a087e99b656e	chr7	43259	39186547	4	2	2
cab7ede5-c75a-46d8-b53d-a087e99b656e	chr7	39186992	39211860	7	4	3
cab7ede5-c75a-46d8-b53d-a087e99b656e	chr7	39224145	159334314	4	2	2
cab7ede5-c75a-46d8-b53d-a087e99b656e	chr8	81254	43931659	2	2	0
cab7ede5-c75a-46d8-b53d-a087e99b656e	chr8	45951913	115584965	6	4	2
cab7ede5-c75a-46d8-b53d-a087e99b656e	chr8	115585182	115598970	4	3	1
cab7ede5-c75a-46d8-b53d-a087e99b656e	chr8	115599675	145072769	6	4	2
cab7ede5-c75a-46d8-b53d-a087e99b656e	chr9	46587	41741113	2	2	0
cab7ede5-c75a-46d8-b53d-a087e99b656e	chr9	60863881	75156168	4	2	2
cab7ede5-c75a-46d8-b53d-a087e99b656e	chr9	75156591	78675328	3	2	1
cab7ede5-c75a-46d8-b53d-a087e99b656e	chr9	78675627	99037180	4	2	2
cab7ede5-c75a-46d8-b53d-a087e99b656e	chr9	99037824	101172527	3	2	1
cab7ede5-c75a-46d8-b53d-a087e99b656e	chr9	101173511	110423284	4	2	2
cab7ede5-c75a-46d8-b53d-a087e99b656e	chr9	110423521	115229158	3	2	1
cab7ede5-c75a-46d8-b53d-a087e99b656e	chr9	115234346	116710457	4	2	2
cab7ede5-c75a-46d8-b53d-a087e99b656e	chr9	116710821	125887837	3	2	1
cab7ede5-c75a-46d8-b53d-a087e99b656e	chr9	125890736	138200944	4	2	2
cab7ede5-c75a-46d8-b53d-a087e99b656e	chr10	45792	65548272	4	2	2
cab7ede5-c75a-46d8-b53d-a087e99b656e	chr10	65548833	65554688	0	0	0
cab7ede5-c75a-46d8-b53d-a087e99b656e	chr10	65563037	112503321	4	2	2
cab7ede5-c75a-46d8-b53d-a087e99b656e	chr10	112505027	113123395	2	2	0
cab7ede5-c75a-46d8-b53d-a087e99b656e	chr10	113127022	121136678	4	2	2
cab7ede5-c75a-46d8-b53d-a087e99b656e	chr10	121138470	121167653	3	2	1
cab7ede5-c75a-46d8-b53d-a087e99b656e	chr10	121168134	133654968	4	2	2
cab7ede5-c75a-46d8-b53d-a087e99b656e	chr11	198510	135074876	4	2	2
cab7ede5-c75a-46d8-b53d-a087e99b656e	chr12	51460	3680286	10	10	0
cab7ede5-c75a-46d8-b53d-a087e99b656e	chr12	3680342	4566871	18	18	0
cab7ede5-c75a-46d8-b53d-a087e99b656e	chr12	4568045	4852570	23	23	0
cab7ede5-c75a-46d8-b53d-a087e99b656e	chr12	4854632	6087148	20	20	0
cab7ede5-c75a-46d8-b53d-a087e99b656e	chr12	6087247	7502541	4	4	0
cab7ede5-c75a-46d8-b53d-a087e99b656e	chr12	7502682	10368408	3	3	0
cab7ede5-c75a-46d8-b53d-a087e99b656e	chr12	10372225	27208230	4	4	0
cab7ede5-c75a-46d8-b53d-a087e99b656e	chr12	27217934	27382464	3	3	0
cab7ede5-c75a-46d8-b53d-a087e99b656e	chr12	27385722	133201603	4	4	0
cab7ede5-c75a-46d8-b53d-a087e99b656e	chr13	18452809	72045387	6	4	2
cab7ede5-c75a-46d8-b53d-a087e99b656e	chr13	72045509	73416459	7	5	2
cab7ede5-c75a-46d8-b53d-a087e99b656e	chr13	73416476	108704165	6	4	2
cab7ede5-c75a-46d8-b53d-a087e99b656e	chr13	108705157	108706264	3	2	1
cab7ede5-c75a-46d8-b53d-a087e99b656e	chr13	108706342	114342922	6	4	2
cab7ede5-c75a-46d8-b53d-a087e99b656e	chr14	18239283	99555861	4	2	2
cab7ede5-c75a-46d8-b53d-a087e99b656e	chr14	99556011	99560380	2	1	1
cab7ede5-c75a-46d8-b53d-a087e99b656e	chr14	99561643	105733039	4	2	2
cab7ede5-c75a-46d8-b53d-a087e99b656e	chr14	105752248	106447137	8	8	0
cab7ede5-c75a-46d8-b53d-a087e99b656e	chr14	106447162	106877229	5	3	2
cab7ede5-c75a-46d8-b53d-a087e99b656e	chr15	19811075	23482183	4	3	1
cab7ede5-c75a-46d8-b53d-a087e99b656e	chr15	23482508	101928837	4	2	2
cab7ede5-c75a-46d8-b53d-a087e99b656e	chr16	10777	90096867	4	2	2
cab7ede5-c75a-46d8-b53d-a087e99b656e	chr17	150733	20652954	2	2	0
cab7ede5-c75a-46d8-b53d-a087e99b656e	chr17	20663490	55289862	3	2	1
cab7ede5-c75a-46d8-b53d-a087e99b656e	chr17	55290280	55305124	1	1	0
cab7ede5-c75a-46d8-b53d-a087e99b656e	chr17	55305468	79782961	3	2	1
cab7ede5-c75a-46d8-b53d-a087e99b656e	chr17	79786965	83091923	4	2	2
cab7ede5-c75a-46d8-b53d-a087e99b656e	chr18	48133	4978906	2	2	0
cab7ede5-c75a-46d8-b53d-a087e99b656e	chr18	4979613	5000510	1	1	0
cab7ede5-c75a-46d8-b53d-a087e99b656e	chr18	5003200	14181354	2	2	0
cab7ede5-c75a-46d8-b53d-a087e99b656e	chr18	14181799	15402409	3	3	0
cab7ede5-c75a-46d8-b53d-a087e99b656e	chr18	20949392	80257174	2	2	0
cab7ede5-c75a-46d8-b53d-a087e99b656e	chr19	90910	24413948	3	2	1
cab7ede5-c75a-46d8-b53d-a087e99b656e	chr19	27257085	30100073	5	4	1
cab7ede5-c75a-46d8-b53d-a087e99b656e	chr19	30100338	33378073	4	4	0
cab7ede5-c75a-46d8-b53d-a087e99b656e	chr19	33378269	33478137	2	2	0
cab7ede5-c75a-46d8-b53d-a087e99b656e	chr19	33479505	47898254	4	4	0
cab7ede5-c75a-46d8-b53d-a087e99b656e	chr19	47898605	58586487	5	4	1
cab7ede5-c75a-46d8-b53d-a087e99b656e	chr20	80664	12596535	2	2	0
cab7ede5-c75a-46d8-b53d-a087e99b656e	chr20	12598563	14952250	3	3	0
cab7ede5-c75a-46d8-b53d-a087e99b656e	chr20	14958974	15156471	1	1	0
cab7ede5-c75a-46d8-b53d-a087e99b656e	chr20	15156508	17308311	2	2	0
cab7ede5-c75a-46d8-b53d-a087e99b656e	chr20	17308405	18004604	3	3	0
cab7ede5-c75a-46d8-b53d-a087e99b656e	chr20	18005336	32427008	6	4	2
cab7ede5-c75a-46d8-b53d-a087e99b656e	chr20	32431221	41080615	5	3	2
cab7ede5-c75a-46d8-b53d-a087e99b656e	chr20	41085588	43739652	6	4	2
cab7ede5-c75a-46d8-b53d-a087e99b656e	chr20	43739863	51442609	7	5	2
cab7ede5-c75a-46d8-b53d-a087e99b656e	chr20	51443611	52712246	8	6	2
cab7ede5-c75a-46d8-b53d-a087e99b656e	chr20	52713328	53903292	6	4	2
cab7ede5-c75a-46d8-b53d-a087e99b656e	chr20	53906413	57337703	3	3	0
cab7ede5-c75a-46d8-b53d-a087e99b656e	chr20	57343636	59382911	8	4	4
cab7ede5-c75a-46d8-b53d-a087e99b656e	chr20	59383108	64324800	6	4	2
cab7ede5-c75a-46d8-b53d-a087e99b656e	chr21	12973348	46677045	3	2	1
cab7ede5-c75a-46d8-b53d-a087e99b656e	chr22	16392123	19180502	2	2	0
cab7ede5-c75a-46d8-b53d-a087e99b656e	chr22	19180574	27513645	3	3	0
cab7ede5-c75a-46d8-b53d-a087e99b656e	chr22	27514177	27593893	5	5	0
cab7ede5-c75a-46d8-b53d-a087e99b656e	chr22	27593929	27893710	2	2	0
cab7ede5-c75a-46d8-b53d-a087e99b656e	chr22	27895210	27953880	0	0	0
cab7ede5-c75a-46d8-b53d-a087e99b656e	chr22	27958906	39857583	3	3	0
cab7ede5-c75a-46d8-b53d-a087e99b656e	chr22	39859662	46523248	2	2	0
cab7ede5-c75a-46d8-b53d-a087e99b656e	chr22	46523864	46530585	1	1	0
cab7ede5-c75a-46d8-b53d-a087e99b656e	chr22	46532369	50796027	2	2	0
cab7ede5-c75a-46d8-b53d-a087e99b656e	chrX	251810	490407	2	2	0
cab7ede5-c75a-46d8-b53d-a087e99b656e	chrX	507629	702474	3	3	0
cab7ede5-c75a-46d8-b53d-a087e99b656e	chrX	702544	1479705	2	2	0
cab7ede5-c75a-46d8-b53d-a087e99b656e	chrX	1480942	1731860	3	3	0
cab7ede5-c75a-46d8-b53d-a087e99b656e	chrX	1737252	2432545	2	2	0
cab7ede5-c75a-46d8-b53d-a087e99b656e	chrX	2440099	2530871	3	3	0
cab7ede5-c75a-46d8-b53d-a087e99b656e	chrX	2543324	2701613	2	2	0
cab7ede5-c75a-46d8-b53d-a087e99b656e	chrX	2703417	2775134	3	3	0
cab7ede5-c75a-46d8-b53d-a087e99b656e	chrX	2775583	6218556	2	2	0
cab7ede5-c75a-46d8-b53d-a087e99b656e	chrX	6218927	6405450	2	1	1
cab7ede5-c75a-46d8-b53d-a087e99b656e	chrX	6406985	6656667	2	2	0
cab7ede5-c75a-46d8-b53d-a087e99b656e	chrX	6657197	7369417	1	1	0
cab7ede5-c75a-46d8-b53d-a087e99b656e	chrX	7372521	101289002	2	2	0
cab7ede5-c75a-46d8-b53d-a087e99b656e	chrX	101292608	115076638	5	4	1
cab7ede5-c75a-46d8-b53d-a087e99b656e	chrX	115091734	115174943	1	1	0
cab7ede5-c75a-46d8-b53d-a087e99b656e	chrX	115178194	156004181	5	4	1
cab7ede5-c75a-46d8-b53d-a087e99b656e	chrY	2782397	26653788	0	0	0
cab7ede5-c75a-46d8-b53d-a087e99b656e	chrY	56872112	56872112	1	1	0
