GDC_Aliquot	Chromosome	Start	End	Copy_Number	Major_Copy_Number	Minor_Copy_Number
81ace5b7-c0ae-4d19-b6ff-ce3f0090a81b	chr1	62920	121705338	2	1	1
81ace5b7-c0ae-4d19-b6ff-ce3f0090a81b	chr1	143541857	197275607	4	3	1
81ace5b7-c0ae-4d19-b6ff-ce3f0090a81b	chr1	197276010	248930189	3	2	1
81ace5b7-c0ae-4d19-b6ff-ce3f0090a81b	chr2	12784	4270136	4	2	2
81ace5b7-c0ae-4d19-b6ff-ce3f0090a81b	chr2	4270811	77520409	3	2	1
81ace5b7-c0ae-4d19-b6ff-ce3f0090a81b	chr2	77520543	77799289	2	1	1
81ace5b7-c0ae-4d19-b6ff-ce3f0090a81b	chr2	77799489	88833611	3	2	1
81ace5b7-c0ae-4d19-b6ff-ce3f0090a81b	chr2	88834118	89265460	10	10	0
81ace5b7-c0ae-4d19-b6ff-ce3f0090a81b	chr2	89268711	120595010	3	2	1
81ace5b7-c0ae-4d19-b6ff-ce3f0090a81b	chr2	120596082	182680663	2	2	0
81ace5b7-c0ae-4d19-b6ff-ce3f0090a81b	chr2	182682520	242147305	3	3	0
81ace5b7-c0ae-4d19-b6ff-ce3f0090a81b	chr3	20930	2829270	2	2	0
81ace5b7-c0ae-4d19-b6ff-ce3f0090a81b	chr3	2833163	2926430	3	3	0
81ace5b7-c0ae-4d19-b6ff-ce3f0090a81b	chr3	2926834	6918750	2	2	0
81ace5b7-c0ae-4d19-b6ff-ce3f0090a81b	chr3	6920663	7080405	1	1	0
81ace5b7-c0ae-4d19-b6ff-ce3f0090a81b	chr3	7080951	60117681	2	2	0
81ace5b7-c0ae-4d19-b6ff-ce3f0090a81b	chr3	60124782	60455722	0	0	0
81ace5b7-c0ae-4d19-b6ff-ce3f0090a81b	chr3	60455754	61151201	2	2	0
81ace5b7-c0ae-4d19-b6ff-ce3f0090a81b	chr3	61151221	61288887	0	0	0
81ace5b7-c0ae-4d19-b6ff-ce3f0090a81b	chr3	61289388	61934863	2	2	0
81ace5b7-c0ae-4d19-b6ff-ce3f0090a81b	chr3	61934989	61977615	1	1	0
81ace5b7-c0ae-4d19-b6ff-ce3f0090a81b	chr3	61978894	81541059	2	2	0
81ace5b7-c0ae-4d19-b6ff-ce3f0090a81b	chr3	81541145	81768657	1	1	0
81ace5b7-c0ae-4d19-b6ff-ce3f0090a81b	chr3	81769375	130067097	2	2	0
81ace5b7-c0ae-4d19-b6ff-ce3f0090a81b	chr3	130067366	130079892	0	0	0
81ace5b7-c0ae-4d19-b6ff-ce3f0090a81b	chr3	130079938	132953824	2	2	0
81ace5b7-c0ae-4d19-b6ff-ce3f0090a81b	chr3	132954137	133018165	1	1	0
81ace5b7-c0ae-4d19-b6ff-ce3f0090a81b	chr3	133019472	198169247	2	2	0
81ace5b7-c0ae-4d19-b6ff-ce3f0090a81b	chr4	68929	2249527	2	1	1
81ace5b7-c0ae-4d19-b6ff-ce3f0090a81b	chr4	2250474	2453544	1	1	0
81ace5b7-c0ae-4d19-b6ff-ce3f0090a81b	chr4	2456351	56276675	2	1	1
81ace5b7-c0ae-4d19-b6ff-ce3f0090a81b	chr4	56276871	60594108	1	1	0
81ace5b7-c0ae-4d19-b6ff-ce3f0090a81b	chr4	60598300	141095260	2	2	0
81ace5b7-c0ae-4d19-b6ff-ce3f0090a81b	chr4	141095273	141276763	1	1	0
81ace5b7-c0ae-4d19-b6ff-ce3f0090a81b	chr4	141277343	143737968	2	2	0
81ace5b7-c0ae-4d19-b6ff-ce3f0090a81b	chr4	143738144	143738642	0	0	0
81ace5b7-c0ae-4d19-b6ff-ce3f0090a81b	chr4	143744282	151834974	2	2	0
81ace5b7-c0ae-4d19-b6ff-ce3f0090a81b	chr4	151835757	151933106	0	0	0
81ace5b7-c0ae-4d19-b6ff-ce3f0090a81b	chr4	151934255	153730876	2	2	0
81ace5b7-c0ae-4d19-b6ff-ce3f0090a81b	chr4	153732712	153744127	0	0	0
81ace5b7-c0ae-4d19-b6ff-ce3f0090a81b	chr4	153745747	175359879	2	2	0
81ace5b7-c0ae-4d19-b6ff-ce3f0090a81b	chr4	175367085	175441278	0	0	0
81ace5b7-c0ae-4d19-b6ff-ce3f0090a81b	chr4	175443327	190106768	2	2	0
81ace5b7-c0ae-4d19-b6ff-ce3f0090a81b	chr5	15532	67650816	2	2	0
81ace5b7-c0ae-4d19-b6ff-ce3f0090a81b	chr5	67658259	67684145	0	0	0
81ace5b7-c0ae-4d19-b6ff-ce3f0090a81b	chr5	67684428	160920605	2	2	0
81ace5b7-c0ae-4d19-b6ff-ce3f0090a81b	chr5	160920647	160933376	1	1	0
81ace5b7-c0ae-4d19-b6ff-ce3f0090a81b	chr5	160933742	174540523	2	2	0
81ace5b7-c0ae-4d19-b6ff-ce3f0090a81b	chr5	174540810	174550321	1	1	0
81ace5b7-c0ae-4d19-b6ff-ce3f0090a81b	chr5	174550612	181363319	2	2	0
81ace5b7-c0ae-4d19-b6ff-ce3f0090a81b	chr6	149661	1874965	2	1	1
81ace5b7-c0ae-4d19-b6ff-ce3f0090a81b	chr6	1875649	1909874	1	1	0
81ace5b7-c0ae-4d19-b6ff-ce3f0090a81b	chr6	1909938	8294557	2	1	1
81ace5b7-c0ae-4d19-b6ff-ce3f0090a81b	chr6	8295069	17116403	1	1	0
81ace5b7-c0ae-4d19-b6ff-ce3f0090a81b	chr6	17117372	24037273	2	2	0
81ace5b7-c0ae-4d19-b6ff-ce3f0090a81b	chr6	24045186	24779729	4	4	0
81ace5b7-c0ae-4d19-b6ff-ce3f0090a81b	chr6	24780035	31372381	3	3	0
81ace5b7-c0ae-4d19-b6ff-ce3f0090a81b	chr6	31372656	46540404	2	2	0
81ace5b7-c0ae-4d19-b6ff-ce3f0090a81b	chr6	46540417	46617389	3	3	0
81ace5b7-c0ae-4d19-b6ff-ce3f0090a81b	chr6	46618873	48314485	3	2	1
81ace5b7-c0ae-4d19-b6ff-ce3f0090a81b	chr6	48314616	48319040	1	1	0
81ace5b7-c0ae-4d19-b6ff-ce3f0090a81b	chr6	48320066	151627038	3	2	1
81ace5b7-c0ae-4d19-b6ff-ce3f0090a81b	chr6	151627149	170741917	2	2	0
81ace5b7-c0ae-4d19-b6ff-ce3f0090a81b	chr7	43259	18579656	4	2	2
81ace5b7-c0ae-4d19-b6ff-ce3f0090a81b	chr7	18580381	18585987	8	4	4
81ace5b7-c0ae-4d19-b6ff-ce3f0090a81b	chr7	18587863	25589574	4	2	2
81ace5b7-c0ae-4d19-b6ff-ce3f0090a81b	chr7	25590077	25844482	3	2	1
81ace5b7-c0ae-4d19-b6ff-ce3f0090a81b	chr7	25845076	39389437	4	2	2
81ace5b7-c0ae-4d19-b6ff-ce3f0090a81b	chr7	39389734	46106462	5	3	2
81ace5b7-c0ae-4d19-b6ff-ce3f0090a81b	chr7	46106512	47066439	4	2	2
81ace5b7-c0ae-4d19-b6ff-ce3f0090a81b	chr7	47067217	52177745	5	3	2
81ace5b7-c0ae-4d19-b6ff-ce3f0090a81b	chr7	52178146	52485931	3	2	1
81ace5b7-c0ae-4d19-b6ff-ce3f0090a81b	chr7	52486519	54629481	6	4	2
81ace5b7-c0ae-4d19-b6ff-ce3f0090a81b	chr7	54630731	57891225	7	5	2
81ace5b7-c0ae-4d19-b6ff-ce3f0090a81b	chr7	57900929	100568425	3	2	1
81ace5b7-c0ae-4d19-b6ff-ce3f0090a81b	chr7	100579855	157630660	2	1	1
81ace5b7-c0ae-4d19-b6ff-ce3f0090a81b	chr7	157634298	159334314	3	2	1
81ace5b7-c0ae-4d19-b6ff-ce3f0090a81b	chr8	81254	39789593	1	1	0
81ace5b7-c0ae-4d19-b6ff-ce3f0090a81b	chr8	39790133	40843980	0	0	0
81ace5b7-c0ae-4d19-b6ff-ce3f0090a81b	chr8	40844247	40952803	2	2	0
81ace5b7-c0ae-4d19-b6ff-ce3f0090a81b	chr8	40953411	42199726	4	4	0
81ace5b7-c0ae-4d19-b6ff-ce3f0090a81b	chr8	42199783	76987813	4	2	2
81ace5b7-c0ae-4d19-b6ff-ce3f0090a81b	chr8	76987840	97475552	6	3	3
81ace5b7-c0ae-4d19-b6ff-ce3f0090a81b	chr8	97481853	103774877	3	3	0
81ace5b7-c0ae-4d19-b6ff-ce3f0090a81b	chr8	103776840	104851662	6	3	3
81ace5b7-c0ae-4d19-b6ff-ce3f0090a81b	chr8	104852122	116069171	4	3	1
81ace5b7-c0ae-4d19-b6ff-ce3f0090a81b	chr8	116070567	117840235	7	6	1
81ace5b7-c0ae-4d19-b6ff-ce3f0090a81b	chr8	117840957	119584386	4	3	1
81ace5b7-c0ae-4d19-b6ff-ce3f0090a81b	chr8	119585177	120614789	7	6	1
81ace5b7-c0ae-4d19-b6ff-ce3f0090a81b	chr8	120615599	121204600	6	6	0
81ace5b7-c0ae-4d19-b6ff-ce3f0090a81b	chr8	121214878	121228596	3	3	0
81ace5b7-c0ae-4d19-b6ff-ce3f0090a81b	chr8	121229746	123934316	6	6	0
81ace5b7-c0ae-4d19-b6ff-ce3f0090a81b	chr8	123934345	126300172	5	5	0
81ace5b7-c0ae-4d19-b6ff-ce3f0090a81b	chr8	126300409	131483933	8	6	2
81ace5b7-c0ae-4d19-b6ff-ce3f0090a81b	chr8	131484902	145072769	3	2	1
81ace5b7-c0ae-4d19-b6ff-ce3f0090a81b	chr9	46587	5348437	3	3	0
81ace5b7-c0ae-4d19-b6ff-ce3f0090a81b	chr9	5350548	11090589	2	2	0
81ace5b7-c0ae-4d19-b6ff-ce3f0090a81b	chr9	11092632	11098891	0	0	0
81ace5b7-c0ae-4d19-b6ff-ce3f0090a81b	chr9	11100680	25969362	2	2	0
81ace5b7-c0ae-4d19-b6ff-ce3f0090a81b	chr9	25970123	32886641	3	3	0
81ace5b7-c0ae-4d19-b6ff-ce3f0090a81b	chr9	32888522	32903444	2	2	0
81ace5b7-c0ae-4d19-b6ff-ce3f0090a81b	chr9	32905801	35473718	3	3	0
81ace5b7-c0ae-4d19-b6ff-ce3f0090a81b	chr9	35473740	37097653	5	3	2
81ace5b7-c0ae-4d19-b6ff-ce3f0090a81b	chr9	37097673	41741113	4	2	2
81ace5b7-c0ae-4d19-b6ff-ce3f0090a81b	chr9	60863881	118761969	2	1	1
81ace5b7-c0ae-4d19-b6ff-ce3f0090a81b	chr9	118762007	119695614	1	1	0
81ace5b7-c0ae-4d19-b6ff-ce3f0090a81b	chr9	119696981	138200944	2	1	1
81ace5b7-c0ae-4d19-b6ff-ce3f0090a81b	chr10	45792	45712353	3	2	1
81ace5b7-c0ae-4d19-b6ff-ce3f0090a81b	chr10	45715180	48204819	6	4	2
81ace5b7-c0ae-4d19-b6ff-ce3f0090a81b	chr10	48205223	61193529	3	2	1
81ace5b7-c0ae-4d19-b6ff-ce3f0090a81b	chr10	61196456	65546518	4	2	2
81ace5b7-c0ae-4d19-b6ff-ce3f0090a81b	chr10	65548165	65554688	0	0	0
81ace5b7-c0ae-4d19-b6ff-ce3f0090a81b	chr10	65563037	67744850	4	2	2
81ace5b7-c0ae-4d19-b6ff-ce3f0090a81b	chr10	67746159	72264768	6	4	2
81ace5b7-c0ae-4d19-b6ff-ce3f0090a81b	chr10	72265609	72503566	6	5	1
81ace5b7-c0ae-4d19-b6ff-ce3f0090a81b	chr10	72503916	76680835	2	2	0
81ace5b7-c0ae-4d19-b6ff-ce3f0090a81b	chr10	76681674	93834258	4	2	2
81ace5b7-c0ae-4d19-b6ff-ce3f0090a81b	chr10	93835407	95126880	5	3	2
81ace5b7-c0ae-4d19-b6ff-ce3f0090a81b	chr10	95131443	105303579	4	2	2
81ace5b7-c0ae-4d19-b6ff-ce3f0090a81b	chr10	105303868	105336618	7	4	3
81ace5b7-c0ae-4d19-b6ff-ce3f0090a81b	chr10	105340164	115709447	4	2	2
81ace5b7-c0ae-4d19-b6ff-ce3f0090a81b	chr10	115709505	115812895	7	5	2
81ace5b7-c0ae-4d19-b6ff-ce3f0090a81b	chr10	115813408	115950784	4	2	2
81ace5b7-c0ae-4d19-b6ff-ce3f0090a81b	chr10	115952423	133654968	2	2	0
81ace5b7-c0ae-4d19-b6ff-ce3f0090a81b	chr11	198510	32209513	3	2	1
81ace5b7-c0ae-4d19-b6ff-ce3f0090a81b	chr11	32213336	48333580	2	2	0
81ace5b7-c0ae-4d19-b6ff-ce3f0090a81b	chr11	48340431	56105548	4	2	2
81ace5b7-c0ae-4d19-b6ff-ce3f0090a81b	chr11	56108917	100431702	3	2	1
81ace5b7-c0ae-4d19-b6ff-ce3f0090a81b	chr11	100431775	104546816	2	2	0
81ace5b7-c0ae-4d19-b6ff-ce3f0090a81b	chr11	104548943	104751479	3	2	1
81ace5b7-c0ae-4d19-b6ff-ce3f0090a81b	chr11	104751884	104975504	2	2	0
81ace5b7-c0ae-4d19-b6ff-ce3f0090a81b	chr11	104980644	105427388	3	2	1
81ace5b7-c0ae-4d19-b6ff-ce3f0090a81b	chr11	105430516	110568651	2	2	0
81ace5b7-c0ae-4d19-b6ff-ce3f0090a81b	chr11	110572914	110846529	3	2	1
81ace5b7-c0ae-4d19-b6ff-ce3f0090a81b	chr11	110850464	110973594	2	2	0
81ace5b7-c0ae-4d19-b6ff-ce3f0090a81b	chr11	110973793	111200463	3	2	1
81ace5b7-c0ae-4d19-b6ff-ce3f0090a81b	chr11	111203062	114332558	2	2	0
81ace5b7-c0ae-4d19-b6ff-ce3f0090a81b	chr11	114332929	115388821	3	2	1
81ace5b7-c0ae-4d19-b6ff-ce3f0090a81b	chr11	115390042	115907470	2	2	0
81ace5b7-c0ae-4d19-b6ff-ce3f0090a81b	chr11	115908179	115929228	3	2	1
81ace5b7-c0ae-4d19-b6ff-ce3f0090a81b	chr11	115929600	117580379	2	2	0
81ace5b7-c0ae-4d19-b6ff-ce3f0090a81b	chr11	117580601	117773409	3	2	1
81ace5b7-c0ae-4d19-b6ff-ce3f0090a81b	chr11	117775576	118318187	2	2	0
81ace5b7-c0ae-4d19-b6ff-ce3f0090a81b	chr11	118319892	118670114	3	2	1
81ace5b7-c0ae-4d19-b6ff-ce3f0090a81b	chr11	118672082	125245536	2	2	0
81ace5b7-c0ae-4d19-b6ff-ce3f0090a81b	chr11	125246788	125661612	3	2	1
81ace5b7-c0ae-4d19-b6ff-ce3f0090a81b	chr11	125666574	126754425	2	2	0
81ace5b7-c0ae-4d19-b6ff-ce3f0090a81b	chr11	126758457	128030266	3	2	1
81ace5b7-c0ae-4d19-b6ff-ce3f0090a81b	chr11	128030684	128264295	4	2	2
81ace5b7-c0ae-4d19-b6ff-ce3f0090a81b	chr11	128264581	129578908	3	2	1
81ace5b7-c0ae-4d19-b6ff-ce3f0090a81b	chr11	129579783	129840109	2	2	0
81ace5b7-c0ae-4d19-b6ff-ce3f0090a81b	chr11	129840389	130814220	3	2	1
81ace5b7-c0ae-4d19-b6ff-ce3f0090a81b	chr11	130817757	132120433	2	2	0
81ace5b7-c0ae-4d19-b6ff-ce3f0090a81b	chr11	132121431	132266572	3	2	1
81ace5b7-c0ae-4d19-b6ff-ce3f0090a81b	chr11	132266991	134987395	2	2	0
81ace5b7-c0ae-4d19-b6ff-ce3f0090a81b	chr11	134987484	135074876	3	2	1
81ace5b7-c0ae-4d19-b6ff-ce3f0090a81b	chr12	51460	9481274	2	2	0
81ace5b7-c0ae-4d19-b6ff-ce3f0090a81b	chr12	9485313	9575696	0	0	0
81ace5b7-c0ae-4d19-b6ff-ce3f0090a81b	chr12	9582373	33719077	2	2	0
81ace5b7-c0ae-4d19-b6ff-ce3f0090a81b	chr12	33719592	66901180	4	2	2
81ace5b7-c0ae-4d19-b6ff-ce3f0090a81b	chr12	66901892	128620892	2	2	0
81ace5b7-c0ae-4d19-b6ff-ce3f0090a81b	chr12	128621007	128682011	5	4	1
81ace5b7-c0ae-4d19-b6ff-ce3f0090a81b	chr12	128682541	128701462	3	3	0
81ace5b7-c0ae-4d19-b6ff-ce3f0090a81b	chr12	128701645	133201603	4	2	2
81ace5b7-c0ae-4d19-b6ff-ce3f0090a81b	chr13	18452809	27382570	3	2	1
81ace5b7-c0ae-4d19-b6ff-ce3f0090a81b	chr13	27383694	30881481	2	2	0
81ace5b7-c0ae-4d19-b6ff-ce3f0090a81b	chr13	30884499	37496998	4	4	0
81ace5b7-c0ae-4d19-b6ff-ce3f0090a81b	chr13	37497899	37510620	0	0	0
81ace5b7-c0ae-4d19-b6ff-ce3f0090a81b	chr13	37514193	114342922	4	4	0
81ace5b7-c0ae-4d19-b6ff-ce3f0090a81b	chr14	18239283	106877229	2	1	1
81ace5b7-c0ae-4d19-b6ff-ce3f0090a81b	chr15	19811075	47350306	2	2	0
81ace5b7-c0ae-4d19-b6ff-ce3f0090a81b	chr15	47350513	47355320	1	1	0
81ace5b7-c0ae-4d19-b6ff-ce3f0090a81b	chr15	47355558	57333616	2	2	0
81ace5b7-c0ae-4d19-b6ff-ce3f0090a81b	chr15	57334797	101928837	3	2	1
81ace5b7-c0ae-4d19-b6ff-ce3f0090a81b	chr16	10777	26104241	2	2	0
81ace5b7-c0ae-4d19-b6ff-ce3f0090a81b	chr16	26104601	26490349	3	2	1
81ace5b7-c0ae-4d19-b6ff-ce3f0090a81b	chr16	26491071	36048855	4	2	2
81ace5b7-c0ae-4d19-b6ff-ce3f0090a81b	chr16	46441986	90096867	2	2	0
81ace5b7-c0ae-4d19-b6ff-ce3f0090a81b	chr17	150733	36109139	3	3	0
81ace5b7-c0ae-4d19-b6ff-ce3f0090a81b	chr17	36109315	36157718	5	4	1
81ace5b7-c0ae-4d19-b6ff-ce3f0090a81b	chr17	36200725	66511442	3	3	0
81ace5b7-c0ae-4d19-b6ff-ce3f0090a81b	chr17	66514292	66522409	1	1	0
81ace5b7-c0ae-4d19-b6ff-ce3f0090a81b	chr17	66522584	71108203	3	3	0
81ace5b7-c0ae-4d19-b6ff-ce3f0090a81b	chr17	71108797	71125279	4	4	0
81ace5b7-c0ae-4d19-b6ff-ce3f0090a81b	chr17	71125490	83091923	3	3	0
81ace5b7-c0ae-4d19-b6ff-ce3f0090a81b	chr18	48133	9188856	3	2	1
81ace5b7-c0ae-4d19-b6ff-ce3f0090a81b	chr18	9190314	9877543	2	2	0
81ace5b7-c0ae-4d19-b6ff-ce3f0090a81b	chr18	9877793	15402409	3	2	1
81ace5b7-c0ae-4d19-b6ff-ce3f0090a81b	chr18	20949392	30427388	4	2	2
81ace5b7-c0ae-4d19-b6ff-ce3f0090a81b	chr18	30427389	31316077	5	3	2
81ace5b7-c0ae-4d19-b6ff-ce3f0090a81b	chr18	31316408	31320755	2	1	1
81ace5b7-c0ae-4d19-b6ff-ce3f0090a81b	chr18	31327644	31355997	6	3	3
81ace5b7-c0ae-4d19-b6ff-ce3f0090a81b	chr18	31358084	42192445	4	2	2
81ace5b7-c0ae-4d19-b6ff-ce3f0090a81b	chr18	42192975	42891913	2	2	0
81ace5b7-c0ae-4d19-b6ff-ce3f0090a81b	chr18	42892140	46750879	4	2	2
81ace5b7-c0ae-4d19-b6ff-ce3f0090a81b	chr18	46752948	48133293	2	2	0
81ace5b7-c0ae-4d19-b6ff-ce3f0090a81b	chr18	48133361	50418884	4	2	2
81ace5b7-c0ae-4d19-b6ff-ce3f0090a81b	chr18	50419258	80257174	2	2	0
81ace5b7-c0ae-4d19-b6ff-ce3f0090a81b	chr19	90910	37802240	3	2	1
81ace5b7-c0ae-4d19-b6ff-ce3f0090a81b	chr19	37802847	58586487	2	1	1
81ace5b7-c0ae-4d19-b6ff-ce3f0090a81b	chr20	80664	1486484	2	2	0
81ace5b7-c0ae-4d19-b6ff-ce3f0090a81b	chr20	1487272	1492133	0	0	0
81ace5b7-c0ae-4d19-b6ff-ce3f0090a81b	chr20	1492751	33585753	2	2	0
81ace5b7-c0ae-4d19-b6ff-ce3f0090a81b	chr20	33588030	35599391	3	3	0
81ace5b7-c0ae-4d19-b6ff-ce3f0090a81b	chr20	35602948	39671669	1	1	0
81ace5b7-c0ae-4d19-b6ff-ce3f0090a81b	chr20	39672283	42921854	3	3	0
81ace5b7-c0ae-4d19-b6ff-ce3f0090a81b	chr20	42921943	42984796	5	5	0
81ace5b7-c0ae-4d19-b6ff-ce3f0090a81b	chr20	42988062	42988493	3	3	0
81ace5b7-c0ae-4d19-b6ff-ce3f0090a81b	chr20	42988535	46249920	5	5	0
81ace5b7-c0ae-4d19-b6ff-ce3f0090a81b	chr20	46250288	54522046	3	3	0
81ace5b7-c0ae-4d19-b6ff-ce3f0090a81b	chr20	54524326	56620788	8	4	4
81ace5b7-c0ae-4d19-b6ff-ce3f0090a81b	chr20	56623230	56955670	7	5	2
81ace5b7-c0ae-4d19-b6ff-ce3f0090a81b	chr20	56955731	61060594	6	4	2
81ace5b7-c0ae-4d19-b6ff-ce3f0090a81b	chr20	61060605	64324800	4	4	0
81ace5b7-c0ae-4d19-b6ff-ce3f0090a81b	chr21	12973348	18786135	3	2	1
81ace5b7-c0ae-4d19-b6ff-ce3f0090a81b	chr21	18786640	46677045	2	2	0
81ace5b7-c0ae-4d19-b6ff-ce3f0090a81b	chr22	16392123	27043620	2	2	0
81ace5b7-c0ae-4d19-b6ff-ce3f0090a81b	chr22	27044304	27047522	5	4	1
81ace5b7-c0ae-4d19-b6ff-ce3f0090a81b	chr22	27047622	50796027	2	2	0
81ace5b7-c0ae-4d19-b6ff-ce3f0090a81b	chrX	251810	507629	0	0	0
81ace5b7-c0ae-4d19-b6ff-ce3f0090a81b	chrX	509057	1035084	1	1	0
81ace5b7-c0ae-4d19-b6ff-ce3f0090a81b	chrX	1040202	1478856	0	0	0
81ace5b7-c0ae-4d19-b6ff-ce3f0090a81b	chrX	1479705	2353258	1	1	0
81ace5b7-c0ae-4d19-b6ff-ce3f0090a81b	chrX	2353541	2429047	0	0	0
81ace5b7-c0ae-4d19-b6ff-ce3f0090a81b	chrX	2429171	2717448	1	1	0
81ace5b7-c0ae-4d19-b6ff-ce3f0090a81b	chrX	2719189	2740657	2	1	1
81ace5b7-c0ae-4d19-b6ff-ce3f0090a81b	chrX	2742778	2822496	1	1	0
81ace5b7-c0ae-4d19-b6ff-ce3f0090a81b	chrX	2824181	135028258	0	0	0
81ace5b7-c0ae-4d19-b6ff-ce3f0090a81b	chrX	135029966	155688578	1	1	0
81ace5b7-c0ae-4d19-b6ff-ce3f0090a81b	chrX	155692212	156004181	2	2	0
81ace5b7-c0ae-4d19-b6ff-ce3f0090a81b	chrY	2782397	20052335	0	0	0
81ace5b7-c0ae-4d19-b6ff-ce3f0090a81b	chrY	20052619	20353820	6	6	0
81ace5b7-c0ae-4d19-b6ff-ce3f0090a81b	chrY	20354638	26653788	0	0	0
81ace5b7-c0ae-4d19-b6ff-ce3f0090a81b	chrY	56872112	56872112	3	3	0
