GDC_Aliquot	Chromosome	Start	End	Num_Probes	Segment_Mean
10dfe36d-f7d0-45a6-8741-f25527c2829c	1	62920	462894	19	0.6956
10dfe36d-f7d0-45a6-8741-f25527c2829c	1	599171	3852667	1016	-0.0529
10dfe36d-f7d0-45a6-8741-f25527c2829c	1	3852698	12579140	5325	0.0205
10dfe36d-f7d0-45a6-8741-f25527c2829c	1	12588404	12832455	155	-0.0404
10dfe36d-f7d0-45a6-8741-f25527c2829c	1	12850124	12922922	8	-0.8141
10dfe36d-f7d0-45a6-8741-f25527c2829c	1	13012913	15820686	1807	0.0203
10dfe36d-f7d0-45a6-8741-f25527c2829c	1	15820897	15822508	3	-1.0923
10dfe36d-f7d0-45a6-8741-f25527c2829c	1	15822572	16518437	310	0.004
10dfe36d-f7d0-45a6-8741-f25527c2829c	1	16525019	16884157	64	0.3429
10dfe36d-f7d0-45a6-8741-f25527c2829c	1	16886219	25126804	5225	0.0214
10dfe36d-f7d0-45a6-8741-f25527c2829c	1	25129034	25129044	2	-2.1913
10dfe36d-f7d0-45a6-8741-f25527c2829c	1	25129401	25390874	134	-0.1565
10dfe36d-f7d0-45a6-8741-f25527c2829c	1	25393020	34626073	4926	0.0309
10dfe36d-f7d0-45a6-8741-f25527c2829c	1	34637053	34638890	20	-0.9734
10dfe36d-f7d0-45a6-8741-f25527c2829c	1	34648667	61647430	16468	0.0243
10dfe36d-f7d0-45a6-8741-f25527c2829c	1	61648334	61652515	4	-1.0886
10dfe36d-f7d0-45a6-8741-f25527c2829c	1	61654137	72284670	7284	0.0167
10dfe36d-f7d0-45a6-8741-f25527c2829c	1	72290430	72297687	9	-0.9216
10dfe36d-f7d0-45a6-8741-f25527c2829c	1	72302735	72345465	48	1.0483
10dfe36d-f7d0-45a6-8741-f25527c2829c	1	72346221	105476688	20956	0.0175
10dfe36d-f7d0-45a6-8741-f25527c2829c	1	105476748	105479753	14	1.0222
10dfe36d-f7d0-45a6-8741-f25527c2829c	1	105481433	109684695	2635	0.0212
10dfe36d-f7d0-45a6-8741-f25527c2829c	1	109684893	109697533	13	-0.7368
10dfe36d-f7d0-45a6-8741-f25527c2829c	1	109697556	110833598	837	-0.0061
10dfe36d-f7d0-45a6-8741-f25527c2829c	1	110834746	110845604	39	-0.8776
10dfe36d-f7d0-45a6-8741-f25527c2829c	1	110849445	112147704	1076	0.0075
10dfe36d-f7d0-45a6-8741-f25527c2829c	1	112153343	112154768	25	0.4553
10dfe36d-f7d0-45a6-8741-f25527c2829c	1	112163334	152789570	7807	0.0233
10dfe36d-f7d0-45a6-8741-f25527c2829c	1	152789781	152796224	32	0.5138
10dfe36d-f7d0-45a6-8741-f25527c2829c	1	152801429	169247699	11277	0.0262
10dfe36d-f7d0-45a6-8741-f25527c2829c	1	169264736	169272528	7	-2.8198
10dfe36d-f7d0-45a6-8741-f25527c2829c	1	169273163	193186662	15778	0.022
10dfe36d-f7d0-45a6-8741-f25527c2829c	1	193187149	193187218	4	-1.041
10dfe36d-f7d0-45a6-8741-f25527c2829c	1	193190593	196745743	2395	0.0162
10dfe36d-f7d0-45a6-8741-f25527c2829c	1	196758720	196843377	59	-0.5703
10dfe36d-f7d0-45a6-8741-f25527c2829c	1	196843400	196846661	2	3.7613
10dfe36d-f7d0-45a6-8741-f25527c2829c	1	196847600	248930189	35815	0.0164
10dfe36d-f7d0-45a6-8741-f25527c2829c	2	12784	15659982	11836	0.0179
10dfe36d-f7d0-45a6-8741-f25527c2829c	2	15660519	15660633	3	-1.6687
10dfe36d-f7d0-45a6-8741-f25527c2829c	2	15664270	34466002	12252	0.0236
10dfe36d-f7d0-45a6-8741-f25527c2829c	2	34474248	34511990	46	0.8722
10dfe36d-f7d0-45a6-8741-f25527c2829c	2	34512096	35750907	871	0.0352
10dfe36d-f7d0-45a6-8741-f25527c2829c	2	35752724	35762850	6	-1.8066
10dfe36d-f7d0-45a6-8741-f25527c2829c	2	35762881	41011095	3924	0.032
10dfe36d-f7d0-45a6-8741-f25527c2829c	2	41011303	41018747	22	-0.6767
10dfe36d-f7d0-45a6-8741-f25527c2829c	2	41024093	52527590	8180	0.0273
10dfe36d-f7d0-45a6-8741-f25527c2829c	2	52527727	52554404	35	-0.4385
10dfe36d-f7d0-45a6-8741-f25527c2829c	2	52560811	75148053	14478	0.0216
10dfe36d-f7d0-45a6-8741-f25527c2829c	2	75154574	75154670	4	-1.411
10dfe36d-f7d0-45a6-8741-f25527c2829c	2	75154711	87203730	7541	0.0333
10dfe36d-f7d0-45a6-8741-f25527c2829c	2	87207015	87286164	28	-0.3326
10dfe36d-f7d0-45a6-8741-f25527c2829c	2	87287256	87287267	2	-2.4579
10dfe36d-f7d0-45a6-8741-f25527c2829c	2	87295819	130036283	21662	0.0221
10dfe36d-f7d0-45a6-8741-f25527c2829c	2	130036310	130067885	9	-0.8475
10dfe36d-f7d0-45a6-8741-f25527c2829c	2	130068107	183219425	32403	0.0231
10dfe36d-f7d0-45a6-8741-f25527c2829c	2	183220725	183224996	8	-1.0767
10dfe36d-f7d0-45a6-8741-f25527c2829c	2	183229270	207490614	14113	0.0269
10dfe36d-f7d0-45a6-8741-f25527c2829c	2	207490972	207494425	13	-0.9888
10dfe36d-f7d0-45a6-8741-f25527c2829c	2	207494612	242147305	22079	0.0228
10dfe36d-f7d0-45a6-8741-f25527c2829c	3	20930	188339	155	0.0728
10dfe36d-f7d0-45a6-8741-f25527c2829c	3	189776	191117	3	-1.6234
10dfe36d-f7d0-45a6-8741-f25527c2829c	3	193194	221092	28	0.0513
10dfe36d-f7d0-45a6-8741-f25527c2829c	3	230573	241080	14	-1.1513
10dfe36d-f7d0-45a6-8741-f25527c2829c	3	243604	666517	343	0.0149
10dfe36d-f7d0-45a6-8741-f25527c2829c	3	668563	1149334	388	0.7403
10dfe36d-f7d0-45a6-8741-f25527c2829c	3	1149621	30149632	21571	0.0242
10dfe36d-f7d0-45a6-8741-f25527c2829c	3	30151053	30151074	2	-1.7065
10dfe36d-f7d0-45a6-8741-f25527c2829c	3	30151286	68697013	25290	0.0222
10dfe36d-f7d0-45a6-8741-f25527c2829c	3	68697108	68698262	14	-1.5342
10dfe36d-f7d0-45a6-8741-f25527c2829c	3	68699607	75519398	4929	0.0265
10dfe36d-f7d0-45a6-8741-f25527c2829c	3	75523398	75537654	6	-2.1175
10dfe36d-f7d0-45a6-8741-f25527c2829c	3	75546030	95737262	9123	0.0132
10dfe36d-f7d0-45a6-8741-f25527c2829c	3	95748036	95749266	2	-4.2179
10dfe36d-f7d0-45a6-8741-f25527c2829c	3	95749836	99225703	1853	0.0208
10dfe36d-f7d0-45a6-8741-f25527c2829c	3	99225754	99230577	34	0.4465
10dfe36d-f7d0-45a6-8741-f25527c2829c	3	99232120	128710537	18101	0.0176
10dfe36d-f7d0-45a6-8741-f25527c2829c	3	128711771	128712082	3	-1.2802
10dfe36d-f7d0-45a6-8741-f25527c2829c	3	128714553	130067531	613	0.0017
10dfe36d-f7d0-45a6-8741-f25527c2829c	3	130067896	130087393	29	0.7963
10dfe36d-f7d0-45a6-8741-f25527c2829c	3	130088081	132273893	1439	0.0168
10dfe36d-f7d0-45a6-8741-f25527c2829c	3	132273929	132276840	3	-2.5436
10dfe36d-f7d0-45a6-8741-f25527c2829c	3	132281633	132552789	173	0.0375
10dfe36d-f7d0-45a6-8741-f25527c2829c	3	132554831	132559801	4	-1.3235
10dfe36d-f7d0-45a6-8741-f25527c2829c	3	132562086	141899443	5724	0.0228
10dfe36d-f7d0-45a6-8741-f25527c2829c	3	141903213	141903527	2	-1.5439
10dfe36d-f7d0-45a6-8741-f25527c2829c	3	141904175	143566923	1020	0.0238
10dfe36d-f7d0-45a6-8741-f25527c2829c	3	143566958	143567132	4	1.4911
10dfe36d-f7d0-45a6-8741-f25527c2829c	3	143567959	162795304	11900	0.0191
10dfe36d-f7d0-45a6-8741-f25527c2829c	3	162795361	162906093	64	-0.512
10dfe36d-f7d0-45a6-8741-f25527c2829c	3	162906109	178037611	9353	0.0168
10dfe36d-f7d0-45a6-8741-f25527c2829c	3	178041929	178042136	2	-1.951
10dfe36d-f7d0-45a6-8741-f25527c2829c	3	178043237	180753918	1654	0.0178
10dfe36d-f7d0-45a6-8741-f25527c2829c	3	180755037	180759715	4	-1.2607
10dfe36d-f7d0-45a6-8741-f25527c2829c	3	180761369	193160113	8156	0.0227
10dfe36d-f7d0-45a6-8741-f25527c2829c	3	193160173	193165099	18	0.7119
10dfe36d-f7d0-45a6-8741-f25527c2829c	3	193165114	195558822	1483	0.0028
10dfe36d-f7d0-45a6-8741-f25527c2829c	3	195559056	195720051	26	-0.9435
10dfe36d-f7d0-45a6-8741-f25527c2829c	3	195728637	195737636	15	-0.1613
10dfe36d-f7d0-45a6-8741-f25527c2829c	3	195737995	195747892	4	-1.3693
10dfe36d-f7d0-45a6-8741-f25527c2829c	3	195751823	198169114	1162	0.003
10dfe36d-f7d0-45a6-8741-f25527c2829c	3	198169131	198169247	3	-1.4339
10dfe36d-f7d0-45a6-8741-f25527c2829c	4	68929	345062	135	-0.0053
10dfe36d-f7d0-45a6-8741-f25527c2829c	4	355507	355787	3	-1.3051
10dfe36d-f7d0-45a6-8741-f25527c2829c	4	357006	9455251	5019	0.0108
10dfe36d-f7d0-45a6-8741-f25527c2829c	4	9459504	9477699	6	1.1703
10dfe36d-f7d0-45a6-8741-f25527c2829c	4	9484440	10221792	541	-0.0225
10dfe36d-f7d0-45a6-8741-f25527c2829c	4	10222004	10229874	27	-2.4859
10dfe36d-f7d0-45a6-8741-f25527c2829c	4	10232590	10233644	7	-0.8305
10dfe36d-f7d0-45a6-8741-f25527c2829c	4	10234518	34777432	16971	0.0163
10dfe36d-f7d0-45a6-8741-f25527c2829c	4	34784878	34823103	38	-0.8088
10dfe36d-f7d0-45a6-8741-f25527c2829c	4	34828250	41099636	4156	0.023
10dfe36d-f7d0-45a6-8741-f25527c2829c	4	41102115	41108527	7	1.0951
10dfe36d-f7d0-45a6-8741-f25527c2829c	4	41110167	68548135	15316	0.0155
10dfe36d-f7d0-45a6-8741-f25527c2829c	4	68548222	68618369	44	-0.4201
10dfe36d-f7d0-45a6-8741-f25527c2829c	4	68618391	114254167	27704	0.019
10dfe36d-f7d0-45a6-8741-f25527c2829c	4	114254188	114263096	24	0.8516
10dfe36d-f7d0-45a6-8741-f25527c2829c	4	114263110	132375518	10567	0.0163
10dfe36d-f7d0-45a6-8741-f25527c2829c	4	132375635	132375715	2	-1.6372
10dfe36d-f7d0-45a6-8741-f25527c2829c	4	132380796	137171041	2664	0.0122
10dfe36d-f7d0-45a6-8741-f25527c2829c	4	137171085	137173967	17	-1.0268
10dfe36d-f7d0-45a6-8741-f25527c2829c	4	137187209	171448195	21394	0.0162
10dfe36d-f7d0-45a6-8741-f25527c2829c	4	171453733	171456559	10	-1.0265
10dfe36d-f7d0-45a6-8741-f25527c2829c	4	171456573	190106768	12487	0.0111
10dfe36d-f7d0-45a6-8741-f25527c2829c	5	15532	7169363	5720	-0.005
10dfe36d-f7d0-45a6-8741-f25527c2829c	5	7177225	7177990	4	-1.1749
10dfe36d-f7d0-45a6-8741-f25527c2829c	5	7178044	7179125	7	-2.0273
10dfe36d-f7d0-45a6-8741-f25527c2829c	5	7179141	7189812	15	-1.0829
10dfe36d-f7d0-45a6-8741-f25527c2829c	5	7202522	12800777	4443	0.0256
10dfe36d-f7d0-45a6-8741-f25527c2829c	5	12815668	12826538	11	0.8288
10dfe36d-f7d0-45a6-8741-f25527c2829c	5	12833745	24941984	7526	0.0105
10dfe36d-f7d0-45a6-8741-f25527c2829c	5	24942019	24942623	2	-2.9226
10dfe36d-f7d0-45a6-8741-f25527c2829c	5	24944296	46271006	12942	0.0215
10dfe36d-f7d0-45a6-8741-f25527c2829c	5	46271828	46273400	6	-3.0777
10dfe36d-f7d0-45a6-8741-f25527c2829c	5	46278110	58025759	5071	0.0215
10dfe36d-f7d0-45a6-8741-f25527c2829c	5	58025819	58037706	33	-0.8223
10dfe36d-f7d0-45a6-8741-f25527c2829c	5	58042530	106891450	28241	0.0199
10dfe36d-f7d0-45a6-8741-f25527c2829c	5	106891630	106897416	23	-0.8716
10dfe36d-f7d0-45a6-8741-f25527c2829c	5	106904875	181363319	48821	0.0166
10dfe36d-f7d0-45a6-8741-f25527c2829c	6	149661	294725	123	0.0087
10dfe36d-f7d0-45a6-8741-f25527c2829c	6	294837	381149	77	-0.5282
10dfe36d-f7d0-45a6-8741-f25527c2829c	6	382559	19039888	14577	0.0185
10dfe36d-f7d0-45a6-8741-f25527c2829c	6	19041950	19042587	3	-1.2497
10dfe36d-f7d0-45a6-8741-f25527c2829c	6	19044471	23850673	3516	0.0216
10dfe36d-f7d0-45a6-8741-f25527c2829c	6	23851078	23852492	3	-1.2685
10dfe36d-f7d0-45a6-8741-f25527c2829c	6	23853152	30096785	3488	0.0316
10dfe36d-f7d0-45a6-8741-f25527c2829c	6	30097080	30097639	3	-1.9144
10dfe36d-f7d0-45a6-8741-f25527c2829c	6	30097798	31319445	550	0.0445
10dfe36d-f7d0-45a6-8741-f25527c2829c	6	31319724	31328674	6	1.4279
10dfe36d-f7d0-45a6-8741-f25527c2829c	6	31342147	32656527	558	0.005
10dfe36d-f7d0-45a6-8741-f25527c2829c	6	32656814	32658841	5	-2.0228
10dfe36d-f7d0-45a6-8741-f25527c2829c	6	32682835	54066286	13693	0.0208
10dfe36d-f7d0-45a6-8741-f25527c2829c	6	54066353	54067057	7	1.4544
10dfe36d-f7d0-45a6-8741-f25527c2829c	6	54070550	64627049	4226	0.0175
10dfe36d-f7d0-45a6-8741-f25527c2829c	6	64637651	64639099	2	1.6571
10dfe36d-f7d0-45a6-8741-f25527c2829c	6	64640883	65209705	393	0.0135
10dfe36d-f7d0-45a6-8741-f25527c2829c	6	65209751	65209796	2	-1.8319
10dfe36d-f7d0-45a6-8741-f25527c2829c	6	65210148	66971937	1280	0.0136
10dfe36d-f7d0-45a6-8741-f25527c2829c	6	66973914	66974638	7	0.8246
10dfe36d-f7d0-45a6-8741-f25527c2829c	6	66978190	72156821	3387	0.0077
10dfe36d-f7d0-45a6-8741-f25527c2829c	6	72157169	72158860	2	-2.1002
10dfe36d-f7d0-45a6-8741-f25527c2829c	6	72165619	73882142	1085	0.0284
10dfe36d-f7d0-45a6-8741-f25527c2829c	6	73882509	73893839	11	-0.734
10dfe36d-f7d0-45a6-8741-f25527c2829c	6	73893889	76726815	1769	0.0256
10dfe36d-f7d0-45a6-8741-f25527c2829c	6	76730151	76742956	19	-0.6629
10dfe36d-f7d0-45a6-8741-f25527c2829c	6	76742972	78261995	983	0.0106
10dfe36d-f7d0-45a6-8741-f25527c2829c	6	78262064	78325468	109	0.3611
10dfe36d-f7d0-45a6-8741-f25527c2829c	6	78329517	170741917	59688	0.0173
10dfe36d-f7d0-45a6-8741-f25527c2829c	7	43355	4634827	2518	0.0075
10dfe36d-f7d0-45a6-8741-f25527c2829c	7	4644145	4644243	3	-1.3131
10dfe36d-f7d0-45a6-8741-f25527c2829c	7	4645497	15392007	7854	0.0199
10dfe36d-f7d0-45a6-8741-f25527c2829c	7	15392045	15393664	2	-2.5339
10dfe36d-f7d0-45a6-8741-f25527c2829c	7	15394440	54305455	28096	0.018
10dfe36d-f7d0-45a6-8741-f25527c2829c	7	54318812	54318824	6	-1.8001
10dfe36d-f7d0-45a6-8741-f25527c2829c	7	54325795	62695960	2117	0.015
10dfe36d-f7d0-45a6-8741-f25527c2829c	7	62696111	62924899	49	-0.3248
10dfe36d-f7d0-45a6-8741-f25527c2829c	7	62924962	77093078	6277	0.0176
10dfe36d-f7d0-45a6-8741-f25527c2829c	7	77105116	77106361	2	2.4438
10dfe36d-f7d0-45a6-8741-f25527c2829c	7	77109303	89403648	8043	0.0258
10dfe36d-f7d0-45a6-8741-f25527c2829c	7	89409462	90216589	518	0.1158
10dfe36d-f7d0-45a6-8741-f25527c2829c	7	90217022	97756328	4813	0.0244
10dfe36d-f7d0-45a6-8741-f25527c2829c	7	97756339	97773163	20	-0.8185
10dfe36d-f7d0-45a6-8741-f25527c2829c	7	97774928	109801187	6626	0.0174
10dfe36d-f7d0-45a6-8741-f25527c2829c	7	109801572	109813853	10	1.142
10dfe36d-f7d0-45a6-8741-f25527c2829c	7	109813925	120662233	6479	0.0174
10dfe36d-f7d0-45a6-8741-f25527c2829c	7	120664313	120672705	7	-1.0779
10dfe36d-f7d0-45a6-8741-f25527c2829c	7	120675165	120882429	107	0.0027
10dfe36d-f7d0-45a6-8741-f25527c2829c	7	120884520	120906756	9	-0.752
10dfe36d-f7d0-45a6-8741-f25527c2829c	7	120909066	132874513	7407	0.0184
10dfe36d-f7d0-45a6-8741-f25527c2829c	7	132874595	132884833	8	-1.1203
10dfe36d-f7d0-45a6-8741-f25527c2829c	7	132884839	134090386	719	0.0396
10dfe36d-f7d0-45a6-8741-f25527c2829c	7	134090399	134133578	52	-0.3692
10dfe36d-f7d0-45a6-8741-f25527c2829c	7	134134788	135520820	1031	0.0186
10dfe36d-f7d0-45a6-8741-f25527c2829c	7	135528920	135533899	8	-0.8397
10dfe36d-f7d0-45a6-8741-f25527c2829c	7	135537168	142069843	4146	0.0186
10dfe36d-f7d0-45a6-8741-f25527c2829c	7	142069880	142092108	32	0.4541
10dfe36d-f7d0-45a6-8741-f25527c2829c	7	142092307	159334314	10866	0.0038
10dfe36d-f7d0-45a6-8741-f25527c2829c	8	81254	2844412	2039	-0.019
10dfe36d-f7d0-45a6-8741-f25527c2829c	8	2846011	2846377	7	-1.5843
10dfe36d-f7d0-45a6-8741-f25527c2829c	8	2849649	3016831	172	0.02
10dfe36d-f7d0-45a6-8741-f25527c2829c	8	3032370	3032636	2	-1.6378
10dfe36d-f7d0-45a6-8741-f25527c2829c	8	3033241	3916413	1130	0.0108
10dfe36d-f7d0-45a6-8741-f25527c2829c	8	3919342	3932584	25	-0.756
10dfe36d-f7d0-45a6-8741-f25527c2829c	8	3933696	7397588	4375	0.0105
10dfe36d-f7d0-45a6-8741-f25527c2829c	8	7414835	7598502	15	1.1878
10dfe36d-f7d0-45a6-8741-f25527c2829c	8	7775900	7890177	9	-0.4798
10dfe36d-f7d0-45a6-8741-f25527c2829c	8	7919608	7930163	2	1.6666
10dfe36d-f7d0-45a6-8741-f25527c2829c	8	7930192	12092042	3239	0.0156
10dfe36d-f7d0-45a6-8741-f25527c2829c	8	12130217	12177488	8	1.156
10dfe36d-f7d0-45a6-8741-f25527c2829c	8	12323772	18407644	5366	0.0199
10dfe36d-f7d0-45a6-8741-f25527c2829c	8	18408647	18413675	4	-2.3913
10dfe36d-f7d0-45a6-8741-f25527c2829c	8	18413877	25116961	5081	0.0243
10dfe36d-f7d0-45a6-8741-f25527c2829c	8	25117007	25126818	25	-2.6933
10dfe36d-f7d0-45a6-8741-f25527c2829c	8	25133589	63936079	22718	0.0186
10dfe36d-f7d0-45a6-8741-f25527c2829c	8	63936340	63936561	6	1.3217
10dfe36d-f7d0-45a6-8741-f25527c2829c	8	63936953	97348818	20011	0.0181
10dfe36d-f7d0-45a6-8741-f25527c2829c	8	97350088	97350135	2	-1.7163
10dfe36d-f7d0-45a6-8741-f25527c2829c	8	97351919	114619814	10171	0.0184
10dfe36d-f7d0-45a6-8741-f25527c2829c	8	114622258	114642539	38	-0.7355
10dfe36d-f7d0-45a6-8741-f25527c2829c	8	114650365	119139771	3105	0.0263
10dfe36d-f7d0-45a6-8741-f25527c2829c	8	119142545	119147207	4	-1.0778
10dfe36d-f7d0-45a6-8741-f25527c2829c	8	119150615	132769282	9561	0.0202
10dfe36d-f7d0-45a6-8741-f25527c2829c	8	132769940	132771224	4	-1.2496
10dfe36d-f7d0-45a6-8741-f25527c2829c	8	132783374	138755842	4957	0.0088
10dfe36d-f7d0-45a6-8741-f25527c2829c	8	138757197	138757750	2	-1.7945
10dfe36d-f7d0-45a6-8741-f25527c2829c	8	138757807	139465790	593	0.0237
10dfe36d-f7d0-45a6-8741-f25527c2829c	8	139466343	139467032	3	-0.8079
10dfe36d-f7d0-45a6-8741-f25527c2829c	8	139468454	139809580	333	0.0113
10dfe36d-f7d0-45a6-8741-f25527c2829c	8	139812082	139812433	3	-1.0765
10dfe36d-f7d0-45a6-8741-f25527c2829c	8	139817207	141215063	850	-0.0007
10dfe36d-f7d0-45a6-8741-f25527c2829c	8	141216984	141217755	2	-1.4612
10dfe36d-f7d0-45a6-8741-f25527c2829c	8	141220093	142381079	673	-0.0583
10dfe36d-f7d0-45a6-8741-f25527c2829c	8	142384289	142384532	5	-0.9053
10dfe36d-f7d0-45a6-8741-f25527c2829c	8	142392565	145072769	959	0.0023
10dfe36d-f7d0-45a6-8741-f25527c2829c	9	46587	6695986	6376	0.0258
10dfe36d-f7d0-45a6-8741-f25527c2829c	9	6701145	6708357	7	-0.9228
10dfe36d-f7d0-45a6-8741-f25527c2829c	9	6712314	22492890	13455	0.0256
10dfe36d-f7d0-45a6-8741-f25527c2829c	9	22501914	22502700	2	-4.1027
10dfe36d-f7d0-45a6-8741-f25527c2829c	9	22509341	27236646	3389	0.0116
10dfe36d-f7d0-45a6-8741-f25527c2829c	9	27248179	27248646	5	-1.0625
10dfe36d-f7d0-45a6-8741-f25527c2829c	9	27248729	39547492	7940	0.0139
10dfe36d-f7d0-45a6-8741-f25527c2829c	9	39588611	39747848	2	-1.7638
10dfe36d-f7d0-45a6-8741-f25527c2829c	9	39807498	42014203	105	0.1655
10dfe36d-f7d0-45a6-8741-f25527c2829c	9	42037471	42046831	3	-1.1605
10dfe36d-f7d0-45a6-8741-f25527c2829c	9	42073850	42151481	12	-0.3862
10dfe36d-f7d0-45a6-8741-f25527c2829c	9	42156306	42211663	7	-0.9992
10dfe36d-f7d0-45a6-8741-f25527c2829c	9	42230926	61405110	70	0.0462
10dfe36d-f7d0-45a6-8741-f25527c2829c	9	61520021	61647899	30	0.943
10dfe36d-f7d0-45a6-8741-f25527c2829c	9	61665362	64480578	94	-0.007
10dfe36d-f7d0-45a6-8741-f25527c2829c	9	64493528	64510407	9	-0.8989
10dfe36d-f7d0-45a6-8741-f25527c2829c	9	64520620	69118752	714	0.0264
10dfe36d-f7d0-45a6-8741-f25527c2829c	9	69125255	69127809	3	1.1849
10dfe36d-f7d0-45a6-8741-f25527c2829c	9	69131137	76709825	5463	0.0184
10dfe36d-f7d0-45a6-8741-f25527c2829c	9	76711189	76711589	2	-1.8473
10dfe36d-f7d0-45a6-8741-f25527c2829c	9	76711692	138130866	41791	0.0191
10dfe36d-f7d0-45a6-8741-f25527c2829c	9	138130876	138138491	5	-1.3268
10dfe36d-f7d0-45a6-8741-f25527c2829c	9	138138696	138200944	11	-0.0073
10dfe36d-f7d0-45a6-8741-f25527c2829c	10	45792	6369412	5402	0.0051
10dfe36d-f7d0-45a6-8741-f25527c2829c	10	6369488	6369519	3	-1.577
10dfe36d-f7d0-45a6-8741-f25527c2829c	10	6376792	23222617	13201	0.0182
10dfe36d-f7d0-45a6-8741-f25527c2829c	10	23223063	23229262	2	1.4554
10dfe36d-f7d0-45a6-8741-f25527c2829c	10	23232853	24088745	587	0.03
10dfe36d-f7d0-45a6-8741-f25527c2829c	10	24088746	24089125	10	0.8704
10dfe36d-f7d0-45a6-8741-f25527c2829c	10	24089979	30957581	5015	0.0224
10dfe36d-f7d0-45a6-8741-f25527c2829c	10	30962405	30962809	10	-0.7004
10dfe36d-f7d0-45a6-8741-f25527c2829c	10	30962850	46102743	7261	0.0097
10dfe36d-f7d0-45a6-8741-f25527c2829c	10	46102824	46560397	216	-0.1711
10dfe36d-f7d0-45a6-8741-f25527c2829c	10	46560437	47559592	306	-0.0102
10dfe36d-f7d0-45a6-8741-f25527c2829c	10	47559596	47724261	9	-0.6409
10dfe36d-f7d0-45a6-8741-f25527c2829c	10	47729691	54920517	5027	0.0174
10dfe36d-f7d0-45a6-8741-f25527c2829c	10	54923330	54932839	5	-1.111
10dfe36d-f7d0-45a6-8741-f25527c2829c	10	54935658	55420393	287	0.0464
10dfe36d-f7d0-45a6-8741-f25527c2829c	10	55420481	55420557	3	-1.7344
10dfe36d-f7d0-45a6-8741-f25527c2829c	10	55420561	56753095	915	0.0277
10dfe36d-f7d0-45a6-8741-f25527c2829c	10	56756615	56767077	41	-0.9676
10dfe36d-f7d0-45a6-8741-f25527c2829c	10	56772992	65546518	6114	0.0157
10dfe36d-f7d0-45a6-8741-f25527c2829c	10	65548165	65554688	28	0.5117
10dfe36d-f7d0-45a6-8741-f25527c2829c	10	65563037	80429999	9583	0.013
10dfe36d-f7d0-45a6-8741-f25527c2829c	10	80431272	80448770	14	0.8078
10dfe36d-f7d0-45a6-8741-f25527c2829c	10	80448827	87310039	4845	0.009
10dfe36d-f7d0-45a6-8741-f25527c2829c	10	87310988	87353136	11	-0.9183
10dfe36d-f7d0-45a6-8741-f25527c2829c	10	87357543	90700170	2468	0.0129
10dfe36d-f7d0-45a6-8741-f25527c2829c	10	90702958	90703534	4	-1.4006
10dfe36d-f7d0-45a6-8741-f25527c2829c	10	90711823	95176900	2598	0.0141
10dfe36d-f7d0-45a6-8741-f25527c2829c	10	95177697	95178148	2	-1.4132
10dfe36d-f7d0-45a6-8741-f25527c2829c	10	95180415	106233058	6825	0.0195
10dfe36d-f7d0-45a6-8741-f25527c2829c	10	106235046	106238366	5	-0.9222
10dfe36d-f7d0-45a6-8741-f25527c2829c	10	106242997	113444969	5164	0.0206
10dfe36d-f7d0-45a6-8741-f25527c2829c	10	113448998	113457106	8	-1.3275
10dfe36d-f7d0-45a6-8741-f25527c2829c	10	113459555	122574497	6790	0.0107
10dfe36d-f7d0-45a6-8741-f25527c2829c	10	122584593	122591497	6	-1.0472
10dfe36d-f7d0-45a6-8741-f25527c2829c	10	122597296	133415637	7748	0.0055
10dfe36d-f7d0-45a6-8741-f25527c2829c	10	133416215	133416364	2	-2.5821
10dfe36d-f7d0-45a6-8741-f25527c2829c	10	133419150	133654968	148	0.0524
10dfe36d-f7d0-45a6-8741-f25527c2829c	11	198510	383944	90	-0.0062
10dfe36d-f7d0-45a6-8741-f25527c2829c	11	404317	454980	11	-0.6019
10dfe36d-f7d0-45a6-8741-f25527c2829c	11	455523	4946166	2316	0.0142
10dfe36d-f7d0-45a6-8741-f25527c2829c	11	4946420	4952799	26	0.6158
10dfe36d-f7d0-45a6-8741-f25527c2829c	11	4953934	5756780	778	0.0452
10dfe36d-f7d0-45a6-8741-f25527c2829c	11	5757241	5787909	43	-0.2804
10dfe36d-f7d0-45a6-8741-f25527c2829c	11	5788108	18919323	9408	0.0197
10dfe36d-f7d0-45a6-8741-f25527c2829c	11	18927525	18931015	18	0.9539
10dfe36d-f7d0-45a6-8741-f25527c2829c	11	18931043	18931442	4	2.1338
10dfe36d-f7d0-45a6-8741-f25527c2829c	11	18931457	18939837	16	0.8062
10dfe36d-f7d0-45a6-8741-f25527c2829c	11	18939855	42791601	17188	0.0135
10dfe36d-f7d0-45a6-8741-f25527c2829c	11	42794936	42796489	2	-2.8016
10dfe36d-f7d0-45a6-8741-f25527c2829c	11	42799053	48572716	3400	0.0168
10dfe36d-f7d0-45a6-8741-f25527c2829c	11	48576870	48581124	3	1.1764
10dfe36d-f7d0-45a6-8741-f25527c2829c	11	48584766	48688873	43	0.0999
10dfe36d-f7d0-45a6-8741-f25527c2829c	11	48688875	48692523	4	-1.0689
10dfe36d-f7d0-45a6-8741-f25527c2829c	11	48700204	49689309	380	-0.0083
10dfe36d-f7d0-45a6-8741-f25527c2829c	11	49692155	49736215	16	-0.7572
10dfe36d-f7d0-45a6-8741-f25527c2829c	11	49736721	55606572	735	0.0153
10dfe36d-f7d0-45a6-8741-f25527c2829c	11	55606712	55685533	57	0.4992
10dfe36d-f7d0-45a6-8741-f25527c2829c	11	55686100	127719708	46634	0.0157
10dfe36d-f7d0-45a6-8741-f25527c2829c	11	127723610	127727035	3	-2.5685
10dfe36d-f7d0-45a6-8741-f25527c2829c	11	127730010	135074876	5646	0.0038
10dfe36d-f7d0-45a6-8741-f25527c2829c	12	51460	760032	418	0.0019
10dfe36d-f7d0-45a6-8741-f25527c2829c	12	760097	764863	16	-4.2996
10dfe36d-f7d0-45a6-8741-f25527c2829c	12	766188	9464487	5728	0.0084
10dfe36d-f7d0-45a6-8741-f25527c2829c	12	9466572	9583090	35	0.3574
10dfe36d-f7d0-45a6-8741-f25527c2829c	12	9584060	11064250	1032	0.0329
10dfe36d-f7d0-45a6-8741-f25527c2829c	12	11066824	11088933	11	1.0158
10dfe36d-f7d0-45a6-8741-f25527c2829c	12	11099275	17959549	4731	0.026
10dfe36d-f7d0-45a6-8741-f25527c2829c	12	17961556	17963174	2	-2.0962
10dfe36d-f7d0-45a6-8741-f25527c2829c	12	17963534	30082648	8530	0.0201
10dfe36d-f7d0-45a6-8741-f25527c2829c	12	30086334	30091000	26	-1.8921
10dfe36d-f7d0-45a6-8741-f25527c2829c	12	30091017	37813240	3149	0.0043
10dfe36d-f7d0-45a6-8741-f25527c2829c	12	37825491	37825975	3	-1.8389
10dfe36d-f7d0-45a6-8741-f25527c2829c	12	37875038	45510655	4718	0.0151
10dfe36d-f7d0-45a6-8741-f25527c2829c	12	45512057	45515754	3	-2.3396
10dfe36d-f7d0-45a6-8741-f25527c2829c	12	45519509	99398036	33693	0.0197
10dfe36d-f7d0-45a6-8741-f25527c2829c	12	99401515	99404956	31	-0.8461
10dfe36d-f7d0-45a6-8741-f25527c2829c	12	99409315	133201603	22710	0.0122
10dfe36d-f7d0-45a6-8741-f25527c2829c	13	18452809	24454945	3982	0.0092
10dfe36d-f7d0-45a6-8741-f25527c2829c	13	24455157	24465893	18	-0.5605
10dfe36d-f7d0-45a6-8741-f25527c2829c	13	24465904	38478674	10197	0.0119
10dfe36d-f7d0-45a6-8741-f25527c2829c	13	38483435	38483919	2	-2.4847
10dfe36d-f7d0-45a6-8741-f25527c2829c	13	38490920	57184136	11823	0.024
10dfe36d-f7d0-45a6-8741-f25527c2829c	13	57184155	57204246	33	-1.0104
10dfe36d-f7d0-45a6-8741-f25527c2829c	13	57215580	60051772	1712	0.0075
10dfe36d-f7d0-45a6-8741-f25527c2829c	13	60052503	60055954	2	2.5136
10dfe36d-f7d0-45a6-8741-f25527c2829c	13	60058526	114062415	36248	0.0162
10dfe36d-f7d0-45a6-8741-f25527c2829c	13	114071975	114072043	3	1.3926
10dfe36d-f7d0-45a6-8741-f25527c2829c	13	114072232	114342922	126	-0.0441
10dfe36d-f7d0-45a6-8741-f25527c2829c	14	18239283	18661510	19	-0.0599
10dfe36d-f7d0-45a6-8741-f25527c2829c	14	18662134	19957701	150	-0.5036
10dfe36d-f7d0-45a6-8741-f25527c2829c	14	19957752	46121707	16475	0.0201
10dfe36d-f7d0-45a6-8741-f25527c2829c	14	46122855	46122974	2	-2.2877
10dfe36d-f7d0-45a6-8741-f25527c2829c	14	46123697	73529070	17590	0.0185
10dfe36d-f7d0-45a6-8741-f25527c2829c	14	73534419	73554275	9	0.8726
10dfe36d-f7d0-45a6-8741-f25527c2829c	14	73563196	106258891	20845	0.0177
10dfe36d-f7d0-45a6-8741-f25527c2829c	14	106260759	106294285	16	-0.602
10dfe36d-f7d0-45a6-8741-f25527c2829c	14	106294689	106418444	56	-0.0838
10dfe36d-f7d0-45a6-8741-f25527c2829c	14	106423925	106462183	48	-2.6419
10dfe36d-f7d0-45a6-8741-f25527c2829c	14	106462724	106877229	195	-0.0101
10dfe36d-f7d0-45a6-8741-f25527c2829c	15	19811075	20376202	93	0.0491
10dfe36d-f7d0-45a6-8741-f25527c2829c	15	20376309	20381704	12	-0.8156
10dfe36d-f7d0-45a6-8741-f25527c2829c	15	20384774	22252008	85	0.0339
10dfe36d-f7d0-45a6-8741-f25527c2829c	15	22255541	22299523	16	0.631
10dfe36d-f7d0-45a6-8741-f25527c2829c	15	22385639	56497449	20929	0.0253
10dfe36d-f7d0-45a6-8741-f25527c2829c	15	56498505	56499703	18	-0.6232
10dfe36d-f7d0-45a6-8741-f25527c2829c	15	56499805	56508779	7	-1.3653
10dfe36d-f7d0-45a6-8741-f25527c2829c	15	56509425	58020148	1038	0.028
10dfe36d-f7d0-45a6-8741-f25527c2829c	15	58023736	58033305	4	-2.9759
10dfe36d-f7d0-45a6-8741-f25527c2829c	15	58034757	76598900	11712	0.0242
10dfe36d-f7d0-45a6-8741-f25527c2829c	15	76599170	76603003	14	1.3184
10dfe36d-f7d0-45a6-8741-f25527c2829c	15	76603426	101928837	17626	0.0171
10dfe36d-f7d0-45a6-8741-f25527c2829c	16	10777	35224666	20161	0.0188
10dfe36d-f7d0-45a6-8741-f25527c2829c	16	35225156	35533625	176	-0.1616
10dfe36d-f7d0-45a6-8741-f25527c2829c	16	35533640	55762682	6595	0.0171
10dfe36d-f7d0-45a6-8741-f25527c2829c	16	55764310	55764867	3	2.5204
10dfe36d-f7d0-45a6-8741-f25527c2829c	16	55770436	66017015	6777	0.0162
10dfe36d-f7d0-45a6-8741-f25527c2829c	16	66019327	66019498	2	-2.4937
10dfe36d-f7d0-45a6-8741-f25527c2829c	16	66020304	66706169	484	0.0228
10dfe36d-f7d0-45a6-8741-f25527c2829c	16	66706957	66711120	2	1.6226
10dfe36d-f7d0-45a6-8741-f25527c2829c	16	66711942	70105639	1506	0.0151
10dfe36d-f7d0-45a6-8741-f25527c2829c	16	70117657	70164493	15	-0.7175
10dfe36d-f7d0-45a6-8741-f25527c2829c	16	70177541	74350360	2295	0.0147
10dfe36d-f7d0-45a6-8741-f25527c2829c	16	74363160	74422703	9	-1.081
10dfe36d-f7d0-45a6-8741-f25527c2829c	16	74431498	78337711	3206	0.0252
10dfe36d-f7d0-45a6-8741-f25527c2829c	16	78338543	78350841	15	-2.7611
10dfe36d-f7d0-45a6-8741-f25527c2829c	16	78350868	90096867	10620	0.0114
10dfe36d-f7d0-45a6-8741-f25527c2829c	17	150733	496638	155	0.0008
10dfe36d-f7d0-45a6-8741-f25527c2829c	17	497601	497668	2	-1.9305
10dfe36d-f7d0-45a6-8741-f25527c2829c	17	497719	18455632	11237	0.0259
10dfe36d-f7d0-45a6-8741-f25527c2829c	17	18455635	18561907	25	-1.8756
10dfe36d-f7d0-45a6-8741-f25527c2829c	17	18565883	28452035	2252	0.0179
10dfe36d-f7d0-45a6-8741-f25527c2829c	17	28454323	28455301	2	-2.2943
10dfe36d-f7d0-45a6-8741-f25527c2829c	17	28462253	41266838	7146	0.0225
10dfe36d-f7d0-45a6-8741-f25527c2829c	17	41266851	41274279	19	0.8024
10dfe36d-f7d0-45a6-8741-f25527c2829c	17	41276472	45434172	2138	0.0212
10dfe36d-f7d0-45a6-8741-f25527c2829c	17	45436394	46169258	429	-0.1254
10dfe36d-f7d0-45a6-8741-f25527c2829c	17	46169596	83091923	21632	0.022
10dfe36d-f7d0-45a6-8741-f25527c2829c	18	48133	37951268	21006	0.0123
10dfe36d-f7d0-45a6-8741-f25527c2829c	18	37953673	37957171	9	-1.2304
10dfe36d-f7d0-45a6-8741-f25527c2829c	18	37959352	40680516	1777	0.0062
10dfe36d-f7d0-45a6-8741-f25527c2829c	18	40680526	40685425	14	-1.0527
10dfe36d-f7d0-45a6-8741-f25527c2829c	18	40688060	43664868	1953	0.0105
10dfe36d-f7d0-45a6-8741-f25527c2829c	18	43664946	43665808	3	-1.321
10dfe36d-f7d0-45a6-8741-f25527c2829c	18	43667287	44394853	409	0.0235
10dfe36d-f7d0-45a6-8741-f25527c2829c	18	44396921	44398557	5	-1.0194
10dfe36d-f7d0-45a6-8741-f25527c2829c	18	44398660	47915479	2441	0.0103
10dfe36d-f7d0-45a6-8741-f25527c2829c	18	47915495	47918735	3	-1.5188
10dfe36d-f7d0-45a6-8741-f25527c2829c	18	47918872	54722849	4743	0.0153
10dfe36d-f7d0-45a6-8741-f25527c2829c	18	54724343	54726513	2	-1.544
10dfe36d-f7d0-45a6-8741-f25527c2829c	18	54726933	66054343	7934	0.0205
10dfe36d-f7d0-45a6-8741-f25527c2829c	18	66060256	66061104	12	-1.6204
10dfe36d-f7d0-45a6-8741-f25527c2829c	18	66065502	66239629	148	0.0083
10dfe36d-f7d0-45a6-8741-f25527c2829c	18	66240197	66244124	9	-1.0371
10dfe36d-f7d0-45a6-8741-f25527c2829c	18	66244352	80257174	10270	0.0115
10dfe36d-f7d0-45a6-8741-f25527c2829c	19	90910	12422445	4966	0.021
10dfe36d-f7d0-45a6-8741-f25527c2829c	19	12427951	12428068	2	-2.9285
10dfe36d-f7d0-45a6-8741-f25527c2829c	19	12428785	21632117	4640	0.0234
10dfe36d-f7d0-45a6-8741-f25527c2829c	19	21632838	21652931	9	0.996
10dfe36d-f7d0-45a6-8741-f25527c2829c	19	21654042	51639362	15146	0.0232
10dfe36d-f7d0-45a6-8741-f25527c2829c	19	51639677	51644683	8	-1.0914
10dfe36d-f7d0-45a6-8741-f25527c2829c	19	51644944	54736869	2019	0.0335
10dfe36d-f7d0-45a6-8741-f25527c2829c	19	54740939	54852441	35	0.5525
10dfe36d-f7d0-45a6-8741-f25527c2829c	19	54853949	56470182	955	0.0253
10dfe36d-f7d0-45a6-8741-f25527c2829c	19	56472596	56472909	2	-2.3072
10dfe36d-f7d0-45a6-8741-f25527c2829c	19	56473006	58586487	1327	0.0163
10dfe36d-f7d0-45a6-8741-f25527c2829c	20	80664	1580353	1203	0.0136
10dfe36d-f7d0-45a6-8741-f25527c2829c	20	1580934	1613247	41	-0.6228
10dfe36d-f7d0-45a6-8741-f25527c2829c	20	1617300	64284715	41133	0.0181
10dfe36d-f7d0-45a6-8741-f25527c2829c	20	64323342	64324800	5	-1.0267
10dfe36d-f7d0-45a6-8741-f25527c2829c	21	10354168	16738711	2220	0.0228
10dfe36d-f7d0-45a6-8741-f25527c2829c	21	16740643	16741468	4	-1.2819
10dfe36d-f7d0-45a6-8741-f25527c2829c	21	16742039	46677045	21645	0.015
10dfe36d-f7d0-45a6-8741-f25527c2829c	22	15294547	17014661	301	0.035
10dfe36d-f7d0-45a6-8741-f25527c2829c	22	17018144	17018618	2	2.5096
10dfe36d-f7d0-45a6-8741-f25527c2829c	22	17019000	22092641	2790	-0.0063
10dfe36d-f7d0-45a6-8741-f25527c2829c	22	22092695	22127104	34	-0.4672
10dfe36d-f7d0-45a6-8741-f25527c2829c	22	22130385	23987520	1269	-0.0165
10dfe36d-f7d0-45a6-8741-f25527c2829c	22	23988078	23990739	4	-2.594
10dfe36d-f7d0-45a6-8741-f25527c2829c	22	23995113	50796027	18879	0.0169
10dfe36d-f7d0-45a6-8741-f25527c2829c	X	251810	5240323	1875	0.0262
10dfe36d-f7d0-45a6-8741-f25527c2829c	X	5242906	5244183	2	-3.4115
10dfe36d-f7d0-45a6-8741-f25527c2829c	X	5247771	5785597	458	0.0267
10dfe36d-f7d0-45a6-8741-f25527c2829c	X	5788866	5793196	3	-1.7842
10dfe36d-f7d0-45a6-8741-f25527c2829c	X	5794092	89719208	44210	0.0173
10dfe36d-f7d0-45a6-8741-f25527c2829c	X	89721825	89726410	2	-1.6648
10dfe36d-f7d0-45a6-8741-f25527c2829c	X	89728272	155952689	37102	0.0201
10dfe36d-f7d0-45a6-8741-f25527c2829c	Y	2782397	6233384	784	-3.0398
10dfe36d-f7d0-45a6-8741-f25527c2829c	Y	6249869	23014812	5656	-3.4732
10dfe36d-f7d0-45a6-8741-f25527c2829c	Y	23029591	56872112	199	-3.0277
