GDC_Aliquot	Chromosome	Start	End	Copy_Number	Major_Copy_Number	Minor_Copy_Number
b3ff4b38-9925-4f31-a3a9-39fd4718c993	chr1	61735	60106740	2	2	0
b3ff4b38-9925-4f31-a3a9-39fd4718c993	chr1	60109653	248930189	3	2	1
b3ff4b38-9925-4f31-a3a9-39fd4718c993	chr2	12784	234163559	4	2	2
b3ff4b38-9925-4f31-a3a9-39fd4718c993	chr2	234163828	235182732	3	2	1
b3ff4b38-9925-4f31-a3a9-39fd4718c993	chr2	235183595	242147305	4	2	2
b3ff4b38-9925-4f31-a3a9-39fd4718c993	chr3	18667	2810159	2	1	1
b3ff4b38-9925-4f31-a3a9-39fd4718c993	chr3	2810271	3009268	1	1	0
b3ff4b38-9925-4f31-a3a9-39fd4718c993	chr3	3010718	121206518	3	2	1
b3ff4b38-9925-4f31-a3a9-39fd4718c993	chr3	121209126	198169247	4	3	1
b3ff4b38-9925-4f31-a3a9-39fd4718c993	chr4	12281	175522025	2	2	0
b3ff4b38-9925-4f31-a3a9-39fd4718c993	chr4	175523752	176016441	1	1	0
b3ff4b38-9925-4f31-a3a9-39fd4718c993	chr4	176018962	190106768	2	2	0
b3ff4b38-9925-4f31-a3a9-39fd4718c993	chr5	15532	93723104	3	2	1
b3ff4b38-9925-4f31-a3a9-39fd4718c993	chr5	93723346	181363319	3	3	0
b3ff4b38-9925-4f31-a3a9-39fd4718c993	chr6	149661	170741917	3	2	1
b3ff4b38-9925-4f31-a3a9-39fd4718c993	chr7	43259	87172473	4	2	2
b3ff4b38-9925-4f31-a3a9-39fd4718c993	chr7	87172626	98352791	7	5	2
b3ff4b38-9925-4f31-a3a9-39fd4718c993	chr7	98352901	159334314	4	2	2
b3ff4b38-9925-4f31-a3a9-39fd4718c993	chr8	81254	38167105	2	1	1
b3ff4b38-9925-4f31-a3a9-39fd4718c993	chr8	38167841	46567386	4	3	1
b3ff4b38-9925-4f31-a3a9-39fd4718c993	chr8	46570871	46577894	5	4	1
b3ff4b38-9925-4f31-a3a9-39fd4718c993	chr8	46577969	145072769	7	4	3
b3ff4b38-9925-4f31-a3a9-39fd4718c993	chr9	46587	138200944	2	2	0
b3ff4b38-9925-4f31-a3a9-39fd4718c993	chr10	26823	133769379	2	2	0
b3ff4b38-9925-4f31-a3a9-39fd4718c993	chr11	198572	66040996	3	2	1
b3ff4b38-9925-4f31-a3a9-39fd4718c993	chr11	66045138	135074876	4	3	1
b3ff4b38-9925-4f31-a3a9-39fd4718c993	chr12	51460	133201603	3	2	1
b3ff4b38-9925-4f31-a3a9-39fd4718c993	chr13	18452809	27380303	4	2	2
b3ff4b38-9925-4f31-a3a9-39fd4718c993	chr13	27382193	29356466	6	4	2
b3ff4b38-9925-4f31-a3a9-39fd4718c993	chr13	29359575	114342922	4	2	2
b3ff4b38-9925-4f31-a3a9-39fd4718c993	chr14	18225647	28279122	4	4	0
b3ff4b38-9925-4f31-a3a9-39fd4718c993	chr14	28279853	38759427	6	6	0
b3ff4b38-9925-4f31-a3a9-39fd4718c993	chr14	38763679	38789961	3	3	0
b3ff4b38-9925-4f31-a3a9-39fd4718c993	chr14	38792188	50330888	6	6	0
b3ff4b38-9925-4f31-a3a9-39fd4718c993	chr14	50331319	89357848	3	3	0
b3ff4b38-9925-4f31-a3a9-39fd4718c993	chr14	89358185	89393402	1	1	0
b3ff4b38-9925-4f31-a3a9-39fd4718c993	chr14	89393458	106877229	3	3	0
b3ff4b38-9925-4f31-a3a9-39fd4718c993	chr15	19811075	101928837	2	1	1
b3ff4b38-9925-4f31-a3a9-39fd4718c993	chr16	10777	90221127	4	2	2
b3ff4b38-9925-4f31-a3a9-39fd4718c993	chr17	150733	19764447	2	2	0
b3ff4b38-9925-4f31-a3a9-39fd4718c993	chr17	19767958	20948733	3	2	1
b3ff4b38-9925-4f31-a3a9-39fd4718c993	chr17	20948997	21620905	5	3	2
b3ff4b38-9925-4f31-a3a9-39fd4718c993	chr17	21623779	82417023	3	2	1
b3ff4b38-9925-4f31-a3a9-39fd4718c993	chr17	82421456	82544467	2	2	0
b3ff4b38-9925-4f31-a3a9-39fd4718c993	chr17	82546088	83090856	3	2	1
b3ff4b38-9925-4f31-a3a9-39fd4718c993	chr18	48133	80257174	2	2	0
b3ff4b38-9925-4f31-a3a9-39fd4718c993	chr19	90910	45614771	4	2	2
b3ff4b38-9925-4f31-a3a9-39fd4718c993	chr19	45636043	58586487	2	2	0
b3ff4b38-9925-4f31-a3a9-39fd4718c993	chr20	80664	19269368	2	2	0
b3ff4b38-9925-4f31-a3a9-39fd4718c993	chr20	19270266	19735585	9	7	2
b3ff4b38-9925-4f31-a3a9-39fd4718c993	chr20	19736026	19743399	3	3	0
b3ff4b38-9925-4f31-a3a9-39fd4718c993	chr20	19746394	31293239	9	7	2
b3ff4b38-9925-4f31-a3a9-39fd4718c993	chr20	31294348	38305977	10	8	2
b3ff4b38-9925-4f31-a3a9-39fd4718c993	chr20	38306527	40720733	8	6	2
b3ff4b38-9925-4f31-a3a9-39fd4718c993	chr20	40720849	49701403	9	7	2
b3ff4b38-9925-4f31-a3a9-39fd4718c993	chr20	49707531	52962433	12	10	2
b3ff4b38-9925-4f31-a3a9-39fd4718c993	chr20	52962962	61318326	9	7	2
b3ff4b38-9925-4f31-a3a9-39fd4718c993	chr20	61319137	64324800	11	9	2
b3ff4b38-9925-4f31-a3a9-39fd4718c993	chr21	10336543	46677045	2	1	1
b3ff4b38-9925-4f31-a3a9-39fd4718c993	chr22	15294545	50796027	3	2	1
b3ff4b38-9925-4f31-a3a9-39fd4718c993	chrX	251810	156004181	3	3	0
