GDC_Aliquot	Chromosome	Start	End	Num_Probes	Segment_Mean
ea9710ab-a070-4abe-b261-92874d78bf2b	1	62920	901366	56	0.1323
ea9710ab-a070-4abe-b261-92874d78bf2b	1	901705	3305549	688	-0.1321
ea9710ab-a070-4abe-b261-92874d78bf2b	1	3305770	3408473	63	0.0365
ea9710ab-a070-4abe-b261-92874d78bf2b	1	3409529	3410232	3	-1.0115
ea9710ab-a070-4abe-b261-92874d78bf2b	1	3410239	15827002	7531	0.0013
ea9710ab-a070-4abe-b261-92874d78bf2b	1	15827041	15827430	5	1.192
ea9710ab-a070-4abe-b261-92874d78bf2b	1	15827706	16864367	360	0.0203
ea9710ab-a070-4abe-b261-92874d78bf2b	1	16868660	16935752	53	-0.4851
ea9710ab-a070-4abe-b261-92874d78bf2b	1	16949746	18915410	1461	0.0044
ea9710ab-a070-4abe-b261-92874d78bf2b	1	18915849	18922622	4	-1.609
ea9710ab-a070-4abe-b261-92874d78bf2b	1	18923932	61647430	25263	0.0089
ea9710ab-a070-4abe-b261-92874d78bf2b	1	61648334	61652515	4	-1.469
ea9710ab-a070-4abe-b261-92874d78bf2b	1	61654137	67525427	4330	-0.0018
ea9710ab-a070-4abe-b261-92874d78bf2b	1	67526399	67527394	3	-1.7153
ea9710ab-a070-4abe-b261-92874d78bf2b	1	67528099	70531759	1861	0.0046
ea9710ab-a070-4abe-b261-92874d78bf2b	1	70532128	70532262	2	-1.4449
ea9710ab-a070-4abe-b261-92874d78bf2b	1	70533103	72284670	1091	0.0039
ea9710ab-a070-4abe-b261-92874d78bf2b	1	72290430	72297687	9	-1.1854
ea9710ab-a070-4abe-b261-92874d78bf2b	1	72302735	103697067	20091	0.0044
ea9710ab-a070-4abe-b261-92874d78bf2b	1	103697364	103760781	4	1.0554
ea9710ab-a070-4abe-b261-92874d78bf2b	1	103760879	105476583	918	-0.0038
ea9710ab-a070-4abe-b261-92874d78bf2b	1	105476614	105479753	16	-2.3266
ea9710ab-a070-4abe-b261-92874d78bf2b	1	105481433	109690352	2637	0.0074
ea9710ab-a070-4abe-b261-92874d78bf2b	1	109690415	109697556	12	1.9335
ea9710ab-a070-4abe-b261-92874d78bf2b	1	109702376	110828115	832	-0.0212
ea9710ab-a070-4abe-b261-92874d78bf2b	1	110831471	110836788	19	0.4857
ea9710ab-a070-4abe-b261-92874d78bf2b	1	110836933	121593930	6282	0.0057
ea9710ab-a070-4abe-b261-92874d78bf2b	1	121597150	143748012	102	0.3129
ea9710ab-a070-4abe-b261-92874d78bf2b	1	143748074	143754798	18	0.8926
ea9710ab-a070-4abe-b261-92874d78bf2b	1	143759680	144432313	14	0.3087
ea9710ab-a070-4abe-b261-92874d78bf2b	1	144442092	146150530	178	0.0744
ea9710ab-a070-4abe-b261-92874d78bf2b	1	146161924	146174153	2	-2.8207
ea9710ab-a070-4abe-b261-92874d78bf2b	1	146250588	152583051	2134	0.0471
ea9710ab-a070-4abe-b261-92874d78bf2b	1	152583230	152614064	33	-2.3844
ea9710ab-a070-4abe-b261-92874d78bf2b	1	152614100	152787202	169	0.0068
ea9710ab-a070-4abe-b261-92874d78bf2b	1	152789447	152796224	37	-0.4571
ea9710ab-a070-4abe-b261-92874d78bf2b	1	152801429	158896783	3614	0.0159
ea9710ab-a070-4abe-b261-92874d78bf2b	1	158898711	158899969	2	3.611
ea9710ab-a070-4abe-b261-92874d78bf2b	1	158905028	189679027	21114	0.006
ea9710ab-a070-4abe-b261-92874d78bf2b	1	189679353	189679397	2	1.3007
ea9710ab-a070-4abe-b261-92874d78bf2b	1	189682917	196745743	4737	0.0029
ea9710ab-a070-4abe-b261-92874d78bf2b	1	196758720	196762956	4	1.2864
ea9710ab-a070-4abe-b261-92874d78bf2b	1	196769493	196832720	54	0.3178
ea9710ab-a070-4abe-b261-92874d78bf2b	1	196843377	199138574	1376	-0.0101
ea9710ab-a070-4abe-b261-92874d78bf2b	1	199142235	199143883	8	-0.9694
ea9710ab-a070-4abe-b261-92874d78bf2b	1	199144712	209897717	7405	0.0069
ea9710ab-a070-4abe-b261-92874d78bf2b	1	209908268	209910639	3	1.1418
ea9710ab-a070-4abe-b261-92874d78bf2b	1	209913207	242885438	23237	0.0026
ea9710ab-a070-4abe-b261-92874d78bf2b	1	242889755	243182604	95	0.2103
ea9710ab-a070-4abe-b261-92874d78bf2b	1	243187175	248546369	3526	0.0285
ea9710ab-a070-4abe-b261-92874d78bf2b	1	248550567	248645808	37	-0.8592
ea9710ab-a070-4abe-b261-92874d78bf2b	1	248646068	248930189	139	0.0236
ea9710ab-a070-4abe-b261-92874d78bf2b	2	12784	4168862	2992	-0.0228
ea9710ab-a070-4abe-b261-92874d78bf2b	2	4168879	4176105	34	0.3589
ea9710ab-a070-4abe-b261-92874d78bf2b	2	4176135	14563570	8017	0.0006
ea9710ab-a070-4abe-b261-92874d78bf2b	2	14564825	14569968	12	-0.9568
ea9710ab-a070-4abe-b261-92874d78bf2b	2	14570240	20617913	4519	-0.0019
ea9710ab-a070-4abe-b261-92874d78bf2b	2	20618017	20618052	2	-1.6135
ea9710ab-a070-4abe-b261-92874d78bf2b	2	20623459	32526621	7073	0.0087
ea9710ab-a070-4abe-b261-92874d78bf2b	2	32526991	32753751	113	0.195
ea9710ab-a070-4abe-b261-92874d78bf2b	2	32757493	34476327	1339	0.0154
ea9710ab-a070-4abe-b261-92874d78bf2b	2	34476516	34511990	44	-0.4649
ea9710ab-a070-4abe-b261-92874d78bf2b	2	34512096	35750907	872	0.0194
ea9710ab-a070-4abe-b261-92874d78bf2b	2	35752724	35762850	6	-1.9287
ea9710ab-a070-4abe-b261-92874d78bf2b	2	35762881	40170111	3229	0.0207
ea9710ab-a070-4abe-b261-92874d78bf2b	2	40172987	40173172	3	-1.1456
ea9710ab-a070-4abe-b261-92874d78bf2b	2	40179378	46145035	4492	0.0108
ea9710ab-a070-4abe-b261-92874d78bf2b	2	46146136	46146390	3	-1.3959
ea9710ab-a070-4abe-b261-92874d78bf2b	2	46150151	52514599	4398	0.012
ea9710ab-a070-4abe-b261-92874d78bf2b	2	52516787	52554404	41	0.557
ea9710ab-a070-4abe-b261-92874d78bf2b	2	52560811	87134049	22010	0.0112
ea9710ab-a070-4abe-b261-92874d78bf2b	2	87146770	87696853	114	-0.7656
ea9710ab-a070-4abe-b261-92874d78bf2b	2	87725148	90079968	719	0.0015
ea9710ab-a070-4abe-b261-92874d78bf2b	2	90079978	91917312	107	0.2371
ea9710ab-a070-4abe-b261-92874d78bf2b	2	91917521	97128607	852	0.0265
ea9710ab-a070-4abe-b261-92874d78bf2b	2	97130080	97211436	40	0.4144
ea9710ab-a070-4abe-b261-92874d78bf2b	2	97310327	97359885	13	0.0472
ea9710ab-a070-4abe-b261-92874d78bf2b	2	97524284	97545247	8	-0.8731
ea9710ab-a070-4abe-b261-92874d78bf2b	2	97545726	106263639	5570	0.0042
ea9710ab-a070-4abe-b261-92874d78bf2b	2	106264257	106268557	10	-0.8952
ea9710ab-a070-4abe-b261-92874d78bf2b	2	106268901	107824280	993	0.0164
ea9710ab-a070-4abe-b261-92874d78bf2b	2	107830513	107891596	7	0.9439
ea9710ab-a070-4abe-b261-92874d78bf2b	2	107903920	146104517	22830	0.0018
ea9710ab-a070-4abe-b261-92874d78bf2b	2	146106836	146109366	24	1.0865
ea9710ab-a070-4abe-b261-92874d78bf2b	2	146120238	183929673	23289	0.0044
ea9710ab-a070-4abe-b261-92874d78bf2b	2	183929787	183937714	16	-1.0349
ea9710ab-a070-4abe-b261-92874d78bf2b	2	183943862	212316597	16728	0.0034
ea9710ab-a070-4abe-b261-92874d78bf2b	2	212321824	212327101	25	-1.1083
ea9710ab-a070-4abe-b261-92874d78bf2b	2	212327402	242147305	19026	-0.0013
ea9710ab-a070-4abe-b261-92874d78bf2b	3	20930	1740119	1540	0.0504
ea9710ab-a070-4abe-b261-92874d78bf2b	3	1740840	1745897	6	-1.2199
ea9710ab-a070-4abe-b261-92874d78bf2b	3	1747474	68697013	46265	0.0116
ea9710ab-a070-4abe-b261-92874d78bf2b	3	68697108	68698262	14	-2.2402
ea9710ab-a070-4abe-b261-92874d78bf2b	3	68699607	89622183	12801	0.0028
ea9710ab-a070-4abe-b261-92874d78bf2b	3	89622197	89624990	7	-1.0983
ea9710ab-a070-4abe-b261-92874d78bf2b	3	89629449	99225703	3111	-0.0016
ea9710ab-a070-4abe-b261-92874d78bf2b	3	99225754	99230470	33	0.4105
ea9710ab-a070-4abe-b261-92874d78bf2b	3	99230577	109135764	6002	0.0004
ea9710ab-a070-4abe-b261-92874d78bf2b	3	109136887	109252135	71	0.2081
ea9710ab-a070-4abe-b261-92874d78bf2b	3	109253995	118083796	5610	0.0044
ea9710ab-a070-4abe-b261-92874d78bf2b	3	118084048	118084727	2	-1.8533
ea9710ab-a070-4abe-b261-92874d78bf2b	3	118085307	128679860	6399	0.0038
ea9710ab-a070-4abe-b261-92874d78bf2b	3	128680378	128693488	8	0.7397
ea9710ab-a070-4abe-b261-92874d78bf2b	3	128695318	130044855	622	0.0162
ea9710ab-a070-4abe-b261-92874d78bf2b	3	130047743	130075961	30	0.88
ea9710ab-a070-4abe-b261-92874d78bf2b	3	130079892	162794951	20284	0.0113
ea9710ab-a070-4abe-b261-92874d78bf2b	3	162795304	162908207	68	-2.1831
ea9710ab-a070-4abe-b261-92874d78bf2b	3	162908784	162996729	72	0.0664
ea9710ab-a070-4abe-b261-92874d78bf2b	3	162999939	163008371	3	1.3861
ea9710ab-a070-4abe-b261-92874d78bf2b	3	163008644	183508590	12449	0.0087
ea9710ab-a070-4abe-b261-92874d78bf2b	3	183508976	184117722	321	0.1464
ea9710ab-a070-4abe-b261-92874d78bf2b	3	184119349	193160173	6329	0.0048
ea9710ab-a070-4abe-b261-92874d78bf2b	3	193160256	193165114	18	1.2709
ea9710ab-a070-4abe-b261-92874d78bf2b	3	193168646	195656271	1485	-0.001
ea9710ab-a070-4abe-b261-92874d78bf2b	3	195663809	195802815	66	-0.2762
ea9710ab-a070-4abe-b261-92874d78bf2b	3	195803507	198169247	1143	0.0592
ea9710ab-a070-4abe-b261-92874d78bf2b	4	68929	3899125	1572	-0.0233
ea9710ab-a070-4abe-b261-92874d78bf2b	4	3901987	4182970	76	0.2358
ea9710ab-a070-4abe-b261-92874d78bf2b	4	4183221	5164024	786	0.0117
ea9710ab-a070-4abe-b261-92874d78bf2b	4	5164348	5177975	7	-1.404
ea9710ab-a070-4abe-b261-92874d78bf2b	4	5179462	7420537	1781	-0.009
ea9710ab-a070-4abe-b261-92874d78bf2b	4	7425210	7474498	52	-0.2737
ea9710ab-a070-4abe-b261-92874d78bf2b	4	7475613	9455251	884	-0.0003
ea9710ab-a070-4abe-b261-92874d78bf2b	4	9459504	9463248	3	2.009
ea9710ab-a070-4abe-b261-92874d78bf2b	4	9469529	10221792	544	0.0189
ea9710ab-a070-4abe-b261-92874d78bf2b	4	10222004	10229874	27	2.6456
ea9710ab-a070-4abe-b261-92874d78bf2b	4	10232590	10389091	178	0.0403
ea9710ab-a070-4abe-b261-92874d78bf2b	4	10390730	10399044	16	-0.9709
ea9710ab-a070-4abe-b261-92874d78bf2b	4	10401094	34777382	16792	-0.0015
ea9710ab-a070-4abe-b261-92874d78bf2b	4	34777403	34823103	41	0.6031
ea9710ab-a070-4abe-b261-92874d78bf2b	4	34828250	40051470	3483	0.0039
ea9710ab-a070-4abe-b261-92874d78bf2b	4	40052471	40100244	23	0.3592
ea9710ab-a070-4abe-b261-92874d78bf2b	4	40101461	40564857	293	0.012
ea9710ab-a070-4abe-b261-92874d78bf2b	4	40567950	40573234	3	-1.3091
ea9710ab-a070-4abe-b261-92874d78bf2b	4	40576995	40684451	71	-0.0223
ea9710ab-a070-4abe-b261-92874d78bf2b	4	40685217	40808730	65	0.1763
ea9710ab-a070-4abe-b261-92874d78bf2b	4	40808961	41220435	318	-0.019
ea9710ab-a070-4abe-b261-92874d78bf2b	4	41225900	41230733	5	-1.2596
ea9710ab-a070-4abe-b261-92874d78bf2b	4	41230882	49214614	4718	0.0208
ea9710ab-a070-4abe-b261-92874d78bf2b	4	49289175	49289338	2	-1.6401
ea9710ab-a070-4abe-b261-92874d78bf2b	4	49295203	68418873	10472	0.0034
ea9710ab-a070-4abe-b261-92874d78bf2b	4	68422420	68422424	3	-1.802
ea9710ab-a070-4abe-b261-92874d78bf2b	4	68429081	68509237	14	0.1319
ea9710ab-a070-4abe-b261-92874d78bf2b	4	68509442	68620261	63	0.8389
ea9710ab-a070-4abe-b261-92874d78bf2b	4	68623617	107130343	23260	0.0087
ea9710ab-a070-4abe-b261-92874d78bf2b	4	107144594	107155376	38	-0.8547
ea9710ab-a070-4abe-b261-92874d78bf2b	4	107156277	164694811	34846	0.0014
ea9710ab-a070-4abe-b261-92874d78bf2b	4	164694848	164977033	221	0.1402
ea9710ab-a070-4abe-b261-92874d78bf2b	4	164977385	165214653	133	0.0004
ea9710ab-a070-4abe-b261-92874d78bf2b	4	165217739	165241456	14	0.3684
ea9710ab-a070-4abe-b261-92874d78bf2b	4	165244191	165554428	201	-0.0456
ea9710ab-a070-4abe-b261-92874d78bf2b	4	165556475	165557534	2	-1.5615
ea9710ab-a070-4abe-b261-92874d78bf2b	4	165558614	171448195	3676	0.004
ea9710ab-a070-4abe-b261-92874d78bf2b	4	171453733	171456559	10	1.6984
ea9710ab-a070-4abe-b261-92874d78bf2b	4	171456573	172066777	398	0.0046
ea9710ab-a070-4abe-b261-92874d78bf2b	4	172067997	172074828	13	1.0026
ea9710ab-a070-4abe-b261-92874d78bf2b	4	172075742	189267889	11732	0.0127
ea9710ab-a070-4abe-b261-92874d78bf2b	4	189273964	189278110	4	-2.4339
ea9710ab-a070-4abe-b261-92874d78bf2b	4	189278617	190106768	350	0.0428
ea9710ab-a070-4abe-b261-92874d78bf2b	5	15532	742574	323	-0.0618
ea9710ab-a070-4abe-b261-92874d78bf2b	5	760901	819817	20	-0.6144
ea9710ab-a070-4abe-b261-92874d78bf2b	5	819921	823655	4	-1.9693
ea9710ab-a070-4abe-b261-92874d78bf2b	5	823951	852451	6	-0.7486
ea9710ab-a070-4abe-b261-92874d78bf2b	5	863682	896700	17	-0.098
ea9710ab-a070-4abe-b261-92874d78bf2b	5	905586	908425	3	-1.6228
ea9710ab-a070-4abe-b261-92874d78bf2b	5	913276	987220	34	0.0263
ea9710ab-a070-4abe-b261-92874d78bf2b	5	988395	1143183	49	-0.3079
ea9710ab-a070-4abe-b261-92874d78bf2b	5	1143555	15718383	11722	-0.0068
ea9710ab-a070-4abe-b261-92874d78bf2b	5	15719113	15720488	11	-1.0746
ea9710ab-a070-4abe-b261-92874d78bf2b	5	15723237	17601444	1193	0.0093
ea9710ab-a070-4abe-b261-92874d78bf2b	5	17601619	17681225	33	-1.1556
ea9710ab-a070-4abe-b261-92874d78bf2b	5	17687224	21376735	2256	0.0155
ea9710ab-a070-4abe-b261-92874d78bf2b	5	21377730	21377744	2	-2.0818
ea9710ab-a070-4abe-b261-92874d78bf2b	5	21385957	21451168	46	0.0329
ea9710ab-a070-4abe-b261-92874d78bf2b	5	21451855	21451889	2	-3.9557
ea9710ab-a070-4abe-b261-92874d78bf2b	5	21452329	32928209	7097	0.0006
ea9710ab-a070-4abe-b261-92874d78bf2b	5	32928820	32929039	2	-1.7604
ea9710ab-a070-4abe-b261-92874d78bf2b	5	32930786	34022256	755	-0.0039
ea9710ab-a070-4abe-b261-92874d78bf2b	5	34023295	34748909	388	0.1189
ea9710ab-a070-4abe-b261-92874d78bf2b	5	34749311	46271828	6720	0.0101
ea9710ab-a070-4abe-b261-92874d78bf2b	5	46272419	46273400	5	-3.0493
ea9710ab-a070-4abe-b261-92874d78bf2b	5	46278110	50808044	278	0.1364
ea9710ab-a070-4abe-b261-92874d78bf2b	5	50809684	58030200	4797	0.0025
ea9710ab-a070-4abe-b261-92874d78bf2b	5	58030336	58037688	30	-0.5738
ea9710ab-a070-4abe-b261-92874d78bf2b	5	58037706	58348255	246	-0.0403
ea9710ab-a070-4abe-b261-92874d78bf2b	5	58350375	58353471	4	-1.5142
ea9710ab-a070-4abe-b261-92874d78bf2b	5	58357341	63304263	3216	0.0034
ea9710ab-a070-4abe-b261-92874d78bf2b	5	63304699	63797746	289	0.1295
ea9710ab-a070-4abe-b261-92874d78bf2b	5	63800923	69779164	3547	0.0077
ea9710ab-a070-4abe-b261-92874d78bf2b	5	69822096	69822308	2	1.6632
ea9710ab-a070-4abe-b261-92874d78bf2b	5	69937600	70959079	12	0.1022
ea9710ab-a070-4abe-b261-92874d78bf2b	5	71010832	71095358	7	1.0624
ea9710ab-a070-4abe-b261-92874d78bf2b	5	71095426	73133622	1046	-0.0041
ea9710ab-a070-4abe-b261-92874d78bf2b	5	73135127	73135146	2	-1.5694
ea9710ab-a070-4abe-b261-92874d78bf2b	5	73135260	97709417	14553	0.0007
ea9710ab-a070-4abe-b261-92874d78bf2b	5	97712762	97763616	43	-1.3207
ea9710ab-a070-4abe-b261-92874d78bf2b	5	97763980	97780983	7	0.0443
ea9710ab-a070-4abe-b261-92874d78bf2b	5	97781157	97784803	4	-1.1342
ea9710ab-a070-4abe-b261-92874d78bf2b	5	97789963	97803135	13	0.0045
ea9710ab-a070-4abe-b261-92874d78bf2b	5	97803737	97842682	16	-0.4907
ea9710ab-a070-4abe-b261-92874d78bf2b	5	97843991	99133725	725	0.0055
ea9710ab-a070-4abe-b261-92874d78bf2b	5	99134197	100327928	710	0.0785
ea9710ab-a070-4abe-b261-92874d78bf2b	5	100328823	110137730	6038	0.0091
ea9710ab-a070-4abe-b261-92874d78bf2b	5	110140022	110150753	10	0.7696
ea9710ab-a070-4abe-b261-92874d78bf2b	5	110152186	140838209	19584	0.0052
ea9710ab-a070-4abe-b261-92874d78bf2b	5	140838745	140872578	15	-0.8177
ea9710ab-a070-4abe-b261-92874d78bf2b	5	140874202	180951710	26837	0.0019
ea9710ab-a070-4abe-b261-92874d78bf2b	5	180951888	180991103	18	-0.6643
ea9710ab-a070-4abe-b261-92874d78bf2b	5	181006225	181363319	170	0.0036
ea9710ab-a070-4abe-b261-92874d78bf2b	6	149661	254283	101	0.0283
ea9710ab-a070-4abe-b261-92874d78bf2b	6	257353	348669	59	0.5313
ea9710ab-a070-4abe-b261-92874d78bf2b	6	349386	29881111	21514	0.0032
ea9710ab-a070-4abe-b261-92874d78bf2b	6	29881260	29933799	24	0.6003
ea9710ab-a070-4abe-b261-92874d78bf2b	6	29940692	31313046	644	0.0397
ea9710ab-a070-4abe-b261-92874d78bf2b	6	31318499	31328176	8	-1.8518
ea9710ab-a070-4abe-b261-92874d78bf2b	6	31328210	32486746	506	0.0203
ea9710ab-a070-4abe-b261-92874d78bf2b	6	32488906	32634330	48	-0.6487
ea9710ab-a070-4abe-b261-92874d78bf2b	6	32634492	33970222	813	0.0143
ea9710ab-a070-4abe-b261-92874d78bf2b	6	33970966	33974928	7	-1.3093
ea9710ab-a070-4abe-b261-92874d78bf2b	6	33976809	52759800	11913	0.0066
ea9710ab-a070-4abe-b261-92874d78bf2b	6	52760252	52760977	2	-1.5362
ea9710ab-a070-4abe-b261-92874d78bf2b	6	52761471	54066353	980	0.0111
ea9710ab-a070-4abe-b261-92874d78bf2b	6	54066432	54067005	5	1.2215
ea9710ab-a070-4abe-b261-92874d78bf2b	6	54067057	55960697	1214	0.0014
ea9710ab-a070-4abe-b261-92874d78bf2b	6	55961357	55978862	10	-1.1772
ea9710ab-a070-4abe-b261-92874d78bf2b	6	55986080	62213920	1750	0.0368
ea9710ab-a070-4abe-b261-92874d78bf2b	6	62215737	62218399	4	-1.4983
ea9710ab-a070-4abe-b261-92874d78bf2b	6	62221798	65689589	1952	-0.0049
ea9710ab-a070-4abe-b261-92874d78bf2b	6	65689644	65693959	22	-0.9479
ea9710ab-a070-4abe-b261-92874d78bf2b	6	65697234	66285029	373	-0.021
ea9710ab-a070-4abe-b261-92874d78bf2b	6	66286718	66328153	44	0.2252
ea9710ab-a070-4abe-b261-92874d78bf2b	6	66331020	66333299	7	0.9899
ea9710ab-a070-4abe-b261-92874d78bf2b	6	66333342	68444652	1532	-0.0052
ea9710ab-a070-4abe-b261-92874d78bf2b	6	68445041	68445102	2	-1.5451
ea9710ab-a070-4abe-b261-92874d78bf2b	6	68448727	72877398	2874	0.0056
ea9710ab-a070-4abe-b261-92874d78bf2b	6	72882874	72886710	3	-1.309
ea9710ab-a070-4abe-b261-92874d78bf2b	6	72888582	76305231	2088	-0.0009
ea9710ab-a070-4abe-b261-92874d78bf2b	6	76307183	76307209	3	-0.9571
ea9710ab-a070-4abe-b261-92874d78bf2b	6	76307276	76726815	296	0.0118
ea9710ab-a070-4abe-b261-92874d78bf2b	6	76730151	76758749	24	-0.4997
ea9710ab-a070-4abe-b261-92874d78bf2b	6	76758871	78261995	978	0.0103
ea9710ab-a070-4abe-b261-92874d78bf2b	6	78262064	78345088	124	0.3171
ea9710ab-a070-4abe-b261-92874d78bf2b	6	78345284	121609468	26657	0.0075
ea9710ab-a070-4abe-b261-92874d78bf2b	6	121613374	121613539	2	-2.9733
ea9710ab-a070-4abe-b261-92874d78bf2b	6	121614456	166905396	30737	0.0022
ea9710ab-a070-4abe-b261-92874d78bf2b	6	166906392	168947678	1204	-0.062
ea9710ab-a070-4abe-b261-92874d78bf2b	6	168947919	170741917	1105	-0.0014
ea9710ab-a070-4abe-b261-92874d78bf2b	7	43355	94348	46	-0.0809
ea9710ab-a070-4abe-b261-92874d78bf2b	7	94577	113146	23	-0.4673
ea9710ab-a070-4abe-b261-92874d78bf2b	7	113205	3608667	1614	-0.0035
ea9710ab-a070-4abe-b261-92874d78bf2b	7	3615168	3615229	2	-1.801
ea9710ab-a070-4abe-b261-92874d78bf2b	7	3618314	23995508	15453	0.0156
ea9710ab-a070-4abe-b261-92874d78bf2b	7	24000259	24000764	2	-1.5423
ea9710ab-a070-4abe-b261-92874d78bf2b	7	24001198	25553409	1293	0.006
ea9710ab-a070-4abe-b261-92874d78bf2b	7	25553567	25554157	3	-1.1409
ea9710ab-a070-4abe-b261-92874d78bf2b	7	25556752	29628162	3001	0.0122
ea9710ab-a070-4abe-b261-92874d78bf2b	7	29628975	29744097	54	0.7202
ea9710ab-a070-4abe-b261-92874d78bf2b	7	29746314	38287097	5908	-0.0003
ea9710ab-a070-4abe-b261-92874d78bf2b	7	38287181	38365496	103	0.1749
ea9710ab-a070-4abe-b261-92874d78bf2b	7	38368593	45344142	4448	0.0068
ea9710ab-a070-4abe-b261-92874d78bf2b	7	45344914	45344980	3	-1.8759
ea9710ab-a070-4abe-b261-92874d78bf2b	7	45347964	57453339	8391	0.0013
ea9710ab-a070-4abe-b261-92874d78bf2b	7	57457932	67398147	1971	0.0751
ea9710ab-a070-4abe-b261-92874d78bf2b	7	67398357	70955452	2308	0.0124
ea9710ab-a070-4abe-b261-92874d78bf2b	7	70958264	70961155	2	1.7256
ea9710ab-a070-4abe-b261-92874d78bf2b	7	70963257	88494947	9738	0.0118
ea9710ab-a070-4abe-b261-92874d78bf2b	7	88495892	88970142	351	0.0716
ea9710ab-a070-4abe-b261-92874d78bf2b	7	88970471	88970638	3	-1.2366
ea9710ab-a070-4abe-b261-92874d78bf2b	7	88971967	90379760	882	0.0893
ea9710ab-a070-4abe-b261-92874d78bf2b	7	90379793	126404869	21411	0.0084
ea9710ab-a070-4abe-b261-92874d78bf2b	7	126404920	126406827	19	0.9379
ea9710ab-a070-4abe-b261-92874d78bf2b	7	126412712	128516532	1391	0.0129
ea9710ab-a070-4abe-b261-92874d78bf2b	7	128518689	128621575	25	0.3825
ea9710ab-a070-4abe-b261-92874d78bf2b	7	128624772	142062894	8509	0.0035
ea9710ab-a070-4abe-b261-92874d78bf2b	7	142063324	142092307	35	0.531
ea9710ab-a070-4abe-b261-92874d78bf2b	7	142099190	143521765	897	0.0252
ea9710ab-a070-4abe-b261-92874d78bf2b	7	143529806	143603307	5	1.3171
ea9710ab-a070-4abe-b261-92874d78bf2b	7	143728285	154598185	6726	0.0011
ea9710ab-a070-4abe-b261-92874d78bf2b	7	154601461	154607903	4	-2.5736
ea9710ab-a070-4abe-b261-92874d78bf2b	7	154609120	159334314	3236	-0.024
ea9710ab-a070-4abe-b261-92874d78bf2b	8	81254	1418902	897	-0.0289
ea9710ab-a070-4abe-b261-92874d78bf2b	8	1419196	1419436	2	-2.0241
ea9710ab-a070-4abe-b261-92874d78bf2b	8	1419522	2370507	745	0.0062
ea9710ab-a070-4abe-b261-92874d78bf2b	8	2370575	2370865	4	-0.9322
ea9710ab-a070-4abe-b261-92874d78bf2b	8	2371071	2844412	392	0.0267
ea9710ab-a070-4abe-b261-92874d78bf2b	8	2846011	2846377	7	-1.4328
ea9710ab-a070-4abe-b261-92874d78bf2b	8	2849649	6302426	4778	0.0228
ea9710ab-a070-4abe-b261-92874d78bf2b	8	6302515	6302549	2	-1.7537
ea9710ab-a070-4abe-b261-92874d78bf2b	8	6304046	7152073	894	0.0091
ea9710ab-a070-4abe-b261-92874d78bf2b	8	7153358	7185818	9	0.8592
ea9710ab-a070-4abe-b261-92874d78bf2b	8	7296545	7336299	5	-0.1363
ea9710ab-a070-4abe-b261-92874d78bf2b	8	7357089	7930192	48	-0.5005
ea9710ab-a070-4abe-b261-92874d78bf2b	8	7941868	12387683	3271	0.0163
ea9710ab-a070-4abe-b261-92874d78bf2b	8	12387748	12389977	6	-0.8048
ea9710ab-a070-4abe-b261-92874d78bf2b	8	12418301	12788880	112	0.0577
ea9710ab-a070-4abe-b261-92874d78bf2b	8	12791219	12791669	2	-1.211
ea9710ab-a070-4abe-b261-92874d78bf2b	8	12794596	13729774	913	0.0294
ea9710ab-a070-4abe-b261-92874d78bf2b	8	13732544	13732559	2	-2.2464
ea9710ab-a070-4abe-b261-92874d78bf2b	8	13732848	16339682	2454	0.0045
ea9710ab-a070-4abe-b261-92874d78bf2b	8	16349445	16349614	8	-0.8747
ea9710ab-a070-4abe-b261-92874d78bf2b	8	16354575	16402103	47	0.048
ea9710ab-a070-4abe-b261-92874d78bf2b	8	16404726	16417152	28	-1.1162
ea9710ab-a070-4abe-b261-92874d78bf2b	8	16421186	43081812	18310	0.0039
ea9710ab-a070-4abe-b261-92874d78bf2b	8	43084488	46100608	278	0.1446
ea9710ab-a070-4abe-b261-92874d78bf2b	8	46101316	71300130	15280	0.0066
ea9710ab-a070-4abe-b261-92874d78bf2b	8	71303076	71304364	8	0.9697
ea9710ab-a070-4abe-b261-92874d78bf2b	8	71307628	111282237	24109	0.0016
ea9710ab-a070-4abe-b261-92874d78bf2b	8	111282417	111283016	6	-1.9859
ea9710ab-a070-4abe-b261-92874d78bf2b	8	111283031	140640517	20947	0.0019
ea9710ab-a070-4abe-b261-92874d78bf2b	8	140646056	141031695	222	0.1201
ea9710ab-a070-4abe-b261-92874d78bf2b	8	141032713	141200237	112	-0.016
ea9710ab-a070-4abe-b261-92874d78bf2b	8	141200714	142565427	749	-0.1205
ea9710ab-a070-4abe-b261-92874d78bf2b	8	142570799	143217232	252	-0.0099
ea9710ab-a070-4abe-b261-92874d78bf2b	8	143217284	143228267	12	-0.5894
ea9710ab-a070-4abe-b261-92874d78bf2b	8	143228432	145072769	634	0.0026
ea9710ab-a070-4abe-b261-92874d78bf2b	9	46587	1540009	1647	0.0753
ea9710ab-a070-4abe-b261-92874d78bf2b	9	1540026	6121460	4331	0.0105
ea9710ab-a070-4abe-b261-92874d78bf2b	9	6124250	6124359	2	-1.412
ea9710ab-a070-4abe-b261-92874d78bf2b	9	6125353	6235844	57	0.0307
ea9710ab-a070-4abe-b261-92874d78bf2b	9	6235950	7222895	868	0.0819
ea9710ab-a070-4abe-b261-92874d78bf2b	9	7226519	7231638	11	-1.3588
ea9710ab-a070-4abe-b261-92874d78bf2b	9	7232797	8822716	1559	0.0058
ea9710ab-a070-4abe-b261-92874d78bf2b	9	8823198	12749216	3379	0.0394
ea9710ab-a070-4abe-b261-92874d78bf2b	9	12757059	23361807	8578	0.0024
ea9710ab-a070-4abe-b261-92874d78bf2b	9	23363117	23380447	11	1.0038
ea9710ab-a070-4abe-b261-92874d78bf2b	9	23380836	29091099	4335	0.0206
ea9710ab-a070-4abe-b261-92874d78bf2b	9	29094551	29097682	3	-1.4452
ea9710ab-a070-4abe-b261-92874d78bf2b	9	29101434	39747848	6413	0.0073
ea9710ab-a070-4abe-b261-92874d78bf2b	9	39807498	63580418	265	0.3626
ea9710ab-a070-4abe-b261-92874d78bf2b	9	63590317	63590323	4	2.4713
ea9710ab-a070-4abe-b261-92874d78bf2b	9	63590325	64929736	84	0.2936
ea9710ab-a070-4abe-b261-92874d78bf2b	9	64945250	74154227	4210	0.0014
ea9710ab-a070-4abe-b261-92874d78bf2b	9	74156152	74156159	2	-1.4663
ea9710ab-a070-4abe-b261-92874d78bf2b	9	74156514	75240245	716	-0.0119
ea9710ab-a070-4abe-b261-92874d78bf2b	9	75240736	75240864	2	-1.31
ea9710ab-a070-4abe-b261-92874d78bf2b	9	75244646	96032530	14834	-0.0017
ea9710ab-a070-4abe-b261-92874d78bf2b	9	96037691	96037766	2	-1.4427
ea9710ab-a070-4abe-b261-92874d78bf2b	9	96044233	110262162	10195	0.0097
ea9710ab-a070-4abe-b261-92874d78bf2b	9	110262509	110265889	3	-1.486
ea9710ab-a070-4abe-b261-92874d78bf2b	9	110270151	113014873	1988	0.0087
ea9710ab-a070-4abe-b261-92874d78bf2b	9	113015990	113019037	5	-0.9316
ea9710ab-a070-4abe-b261-92874d78bf2b	9	113024761	134271872	14271	0.0035
ea9710ab-a070-4abe-b261-92874d78bf2b	9	134273503	134273583	2	-1.2594
ea9710ab-a070-4abe-b261-92874d78bf2b	9	134277874	135266017	605	-0.0299
ea9710ab-a070-4abe-b261-92874d78bf2b	9	135266407	135416879	107	-0.2252
ea9710ab-a070-4abe-b261-92874d78bf2b	9	135417501	137358495	630	0.0029
ea9710ab-a070-4abe-b261-92874d78bf2b	9	137361190	137361381	3	-1.5735
ea9710ab-a070-4abe-b261-92874d78bf2b	9	137378551	138200944	407	-0.0175
ea9710ab-a070-4abe-b261-92874d78bf2b	10	45792	15537743	13122	0.0011
ea9710ab-a070-4abe-b261-92874d78bf2b	10	15538212	15539574	2	1.4366
ea9710ab-a070-4abe-b261-92874d78bf2b	10	15540221	38770869	15944	0.007
ea9710ab-a070-4abe-b261-92874d78bf2b	10	38770921	42357675	73	0.2909
ea9710ab-a070-4abe-b261-92874d78bf2b	10	42358241	46525728	2551	0.0005
ea9710ab-a070-4abe-b261-92874d78bf2b	10	46525759	46525833	5	-1.5587
ea9710ab-a070-4abe-b261-92874d78bf2b	10	46525848	49792548	1648	-0.0083
ea9710ab-a070-4abe-b261-92874d78bf2b	10	49796090	49802852	5	-1.9316
ea9710ab-a070-4abe-b261-92874d78bf2b	10	49806996	65548178	11088	0.0059
ea9710ab-a070-4abe-b261-92874d78bf2b	10	65548193	65554672	25	0.7454
ea9710ab-a070-4abe-b261-92874d78bf2b	10	65554688	79595316	9231	0.0091
ea9710ab-a070-4abe-b261-92874d78bf2b	10	79624118	79799558	21	-0.4549
ea9710ab-a070-4abe-b261-92874d78bf2b	10	79802431	92327714	8638	0.008
ea9710ab-a070-4abe-b261-92874d78bf2b	10	92333369	92688488	147	0.1647
ea9710ab-a070-4abe-b261-92874d78bf2b	10	92694399	114094347	13999	0.0053
ea9710ab-a070-4abe-b261-92874d78bf2b	10	114098532	114121782	7	-0.7724
ea9710ab-a070-4abe-b261-92874d78bf2b	10	114122689	120874784	4754	-0.0063
ea9710ab-a070-4abe-b261-92874d78bf2b	10	120875204	120877218	5	-0.993
ea9710ab-a070-4abe-b261-92874d78bf2b	10	120878896	130625816	7574	-0.0047
ea9710ab-a070-4abe-b261-92874d78bf2b	10	130627121	133150435	1625	-0.0629
ea9710ab-a070-4abe-b261-92874d78bf2b	10	133150480	133654968	236	0.0372
ea9710ab-a070-4abe-b261-92874d78bf2b	11	198510	4946166	2419	0.0103
ea9710ab-a070-4abe-b261-92874d78bf2b	11	4946420	4952799	26	0.7078
ea9710ab-a070-4abe-b261-92874d78bf2b	11	4953934	5766175	789	0.0136
ea9710ab-a070-4abe-b261-92874d78bf2b	11	5766850	5788108	33	0.5275
ea9710ab-a070-4abe-b261-92874d78bf2b	11	5788231	6096746	245	0.0205
ea9710ab-a070-4abe-b261-92874d78bf2b	11	6099417	6100864	2	1.4628
ea9710ab-a070-4abe-b261-92874d78bf2b	11	6101273	31371747	18300	0.0014
ea9710ab-a070-4abe-b261-92874d78bf2b	11	31372721	31375533	2	-2.5705
ea9710ab-a070-4abe-b261-92874d78bf2b	11	31376660	48239418	11352	0.0044
ea9710ab-a070-4abe-b261-92874d78bf2b	11	48240186	48976483	266	0.1334
ea9710ab-a070-4abe-b261-92874d78bf2b	11	48978753	49737435	334	0.0076
ea9710ab-a070-4abe-b261-92874d78bf2b	11	49738003	49739136	6	-0.91
ea9710ab-a070-4abe-b261-92874d78bf2b	11	49744609	49981066	134	-0.0154
ea9710ab-a070-4abe-b261-92874d78bf2b	11	49984115	55202385	384	0.1216
ea9710ab-a070-4abe-b261-92874d78bf2b	11	55208728	55208965	2	-1.3865
ea9710ab-a070-4abe-b261-92874d78bf2b	11	55210920	55593955	202	0.1207
ea9710ab-a070-4abe-b261-92874d78bf2b	11	55595864	55685058	58	0.3934
ea9710ab-a070-4abe-b261-92874d78bf2b	11	55685501	56200301	370	0.075
ea9710ab-a070-4abe-b261-92874d78bf2b	11	56200722	67704862	5854	0.0087
ea9710ab-a070-4abe-b261-92874d78bf2b	11	67705434	67964843	69	0.2441
ea9710ab-a070-4abe-b261-92874d78bf2b	11	67968943	85547803	10761	-0.0003
ea9710ab-a070-4abe-b261-92874d78bf2b	11	85551741	85556322	2	-1.5796
ea9710ab-a070-4abe-b261-92874d78bf2b	11	85557609	107778084	15633	0.0099
ea9710ab-a070-4abe-b261-92874d78bf2b	11	107783017	107800875	16	0.8086
ea9710ab-a070-4abe-b261-92874d78bf2b	11	107801319	120086447	8308	0.0029
ea9710ab-a070-4abe-b261-92874d78bf2b	11	120086744	120087196	4	-0.961
ea9710ab-a070-4abe-b261-92874d78bf2b	11	120089551	124901635	3524	0.0011
ea9710ab-a070-4abe-b261-92874d78bf2b	11	124906091	124907522	3	-1.1677
ea9710ab-a070-4abe-b261-92874d78bf2b	11	124918772	133898991	6895	0.0033
ea9710ab-a070-4abe-b261-92874d78bf2b	11	133902940	133902943	2	-1.5448
ea9710ab-a070-4abe-b261-92874d78bf2b	11	133904600	135074876	871	-0.0482
ea9710ab-a070-4abe-b261-92874d78bf2b	12	51460	166853	68	-0.0677
ea9710ab-a070-4abe-b261-92874d78bf2b	12	175888	206267	17	-0.4439
ea9710ab-a070-4abe-b261-92874d78bf2b	12	207206	8253044	5467	0.0096
ea9710ab-a070-4abe-b261-92874d78bf2b	12	8257106	8422738	60	0.2507
ea9710ab-a070-4abe-b261-92874d78bf2b	12	8423870	9282978	479	0.0063
ea9710ab-a070-4abe-b261-92874d78bf2b	12	9283548	9315213	7	0.5783
ea9710ab-a070-4abe-b261-92874d78bf2b	12	9320561	9474176	75	0.0498
ea9710ab-a070-4abe-b261-92874d78bf2b	12	9474642	9575696	26	0.4171
ea9710ab-a070-4abe-b261-92874d78bf2b	12	9582373	11066824	1036	0.016
ea9710ab-a070-4abe-b261-92874d78bf2b	12	11068125	11088933	10	-1.5513
ea9710ab-a070-4abe-b261-92874d78bf2b	12	11099275	27495269	11369	0.0097
ea9710ab-a070-4abe-b261-92874d78bf2b	12	27495336	27497687	16	0.4486
ea9710ab-a070-4abe-b261-92874d78bf2b	12	27497784	29860916	1697	-0.0006
ea9710ab-a070-4abe-b261-92874d78bf2b	12	29863810	29869395	8	-1.1703
ea9710ab-a070-4abe-b261-92874d78bf2b	12	29869799	30082346	174	-0.0226
ea9710ab-a070-4abe-b261-92874d78bf2b	12	30082488	30091017	29	-0.8147
ea9710ab-a070-4abe-b261-92874d78bf2b	12	30091052	33148472	2253	0.0016
ea9710ab-a070-4abe-b261-92874d78bf2b	12	33148492	33154144	25	0.5611
ea9710ab-a070-4abe-b261-92874d78bf2b	12	33154440	33233822	46	0.0001
ea9710ab-a070-4abe-b261-92874d78bf2b	12	33235894	33242207	4	-1.2147
ea9710ab-a070-4abe-b261-92874d78bf2b	12	33242483	37593924	780	0.0565
ea9710ab-a070-4abe-b261-92874d78bf2b	12	37618765	37620216	2	-2.4803
ea9710ab-a070-4abe-b261-92874d78bf2b	12	37640556	38129031	111	0.1932
ea9710ab-a070-4abe-b261-92874d78bf2b	12	38129213	42622162	2875	0.0141
ea9710ab-a070-4abe-b261-92874d78bf2b	12	42623447	42636698	3	-1.2202
ea9710ab-a070-4abe-b261-92874d78bf2b	12	42636783	83767230	25387	0.0059
ea9710ab-a070-4abe-b261-92874d78bf2b	12	83767245	83769408	8	0.5035
ea9710ab-a070-4abe-b261-92874d78bf2b	12	83769511	83769569	2	-2.3651
ea9710ab-a070-4abe-b261-92874d78bf2b	12	83771462	99397993	10086	0.0034
ea9710ab-a070-4abe-b261-92874d78bf2b	12	99398014	99404956	33	-0.5521
ea9710ab-a070-4abe-b261-92874d78bf2b	12	99409315	119546020	13657	0.006
ea9710ab-a070-4abe-b261-92874d78bf2b	12	119551082	119552928	14	-1.0737
ea9710ab-a070-4abe-b261-92874d78bf2b	12	119552943	128972786	6157	0.0052
ea9710ab-a070-4abe-b261-92874d78bf2b	12	128974608	128978936	8	-0.748
ea9710ab-a070-4abe-b261-92874d78bf2b	12	128979542	133201603	2881	-0.0146
ea9710ab-a070-4abe-b261-92874d78bf2b	13	18452809	37496998	13484	0.006
ea9710ab-a070-4abe-b261-92874d78bf2b	13	37497899	37510620	16	0.6439
ea9710ab-a070-4abe-b261-92874d78bf2b	13	37514193	52250145	9832	0.0081
ea9710ab-a070-4abe-b261-92874d78bf2b	13	52265369	52338535	14	0.6589
ea9710ab-a070-4abe-b261-92874d78bf2b	13	52338761	52485081	53	0.0326
ea9710ab-a070-4abe-b261-92874d78bf2b	13	52497017	52531650	10	-1.1451
ea9710ab-a070-4abe-b261-92874d78bf2b	13	52543744	62721284	5910	0.0086
ea9710ab-a070-4abe-b261-92874d78bf2b	13	62721577	62722122	2	-1.7149
ea9710ab-a070-4abe-b261-92874d78bf2b	13	62722748	114342922	34850	0.001
ea9710ab-a070-4abe-b261-92874d78bf2b	14	18239283	19885943	129	0.2646
ea9710ab-a070-4abe-b261-92874d78bf2b	14	19886158	21669628	1183	0.0059
ea9710ab-a070-4abe-b261-92874d78bf2b	14	21674605	22465666	648	0.1485
ea9710ab-a070-4abe-b261-92874d78bf2b	14	22467730	43090961	13032	0.0058
ea9710ab-a070-4abe-b261-92874d78bf2b	14	43094363	46281206	1735	0.0504
ea9710ab-a070-4abe-b261-92874d78bf2b	14	46284091	61616595	9971	0.0047
ea9710ab-a070-4abe-b261-92874d78bf2b	14	61616780	61617667	3	1.2632
ea9710ab-a070-4abe-b261-92874d78bf2b	14	61619525	62475109	543	0.0145
ea9710ab-a070-4abe-b261-92874d78bf2b	14	62475442	62476164	3	-1.0615
ea9710ab-a070-4abe-b261-92874d78bf2b	14	62477007	74108052	7303	0.0082
ea9710ab-a070-4abe-b261-92874d78bf2b	14	74108070	74133243	22	0.4517
ea9710ab-a070-4abe-b261-92874d78bf2b	14	74133478	98793031	16895	0.0014
ea9710ab-a070-4abe-b261-92874d78bf2b	14	98793421	98968449	175	0.7156
ea9710ab-a070-4abe-b261-92874d78bf2b	14	98969086	104384306	2931	-0.0089
ea9710ab-a070-4abe-b261-92874d78bf2b	14	104390160	104395990	2	-1.4437
ea9710ab-a070-4abe-b261-92874d78bf2b	14	104400350	106314594	573	-0.0421
ea9710ab-a070-4abe-b261-92874d78bf2b	14	106320716	106340774	5	-1.0089
ea9710ab-a070-4abe-b261-92874d78bf2b	14	106345431	106346129	4	-2.5945
ea9710ab-a070-4abe-b261-92874d78bf2b	14	106360014	106416146	30	-0.1537
ea9710ab-a070-4abe-b261-92874d78bf2b	14	106418444	106475361	51	-0.7613
ea9710ab-a070-4abe-b261-92874d78bf2b	14	106487515	106877229	193	-0.0176
ea9710ab-a070-4abe-b261-92874d78bf2b	15	19811075	20670516	150	0.1371
ea9710ab-a070-4abe-b261-92874d78bf2b	15	20670989	21266991	21	-0.765
ea9710ab-a070-4abe-b261-92874d78bf2b	15	21268107	22395047	37	0.0107
ea9710ab-a070-4abe-b261-92874d78bf2b	15	22413894	22606745	10	0.6779
ea9710ab-a070-4abe-b261-92874d78bf2b	15	22619116	30158166	4617	0.0169
ea9710ab-a070-4abe-b261-92874d78bf2b	15	30199184	30628421	34	0.4385
ea9710ab-a070-4abe-b261-92874d78bf2b	15	30633402	33741071	2106	0.0203
ea9710ab-a070-4abe-b261-92874d78bf2b	15	33744175	33744200	2	-1.4265
ea9710ab-a070-4abe-b261-92874d78bf2b	15	33744269	76599170	26955	0.0043
ea9710ab-a070-4abe-b261-92874d78bf2b	15	76599286	76603426	14	-2.8564
ea9710ab-a070-4abe-b261-92874d78bf2b	15	76603428	76603434	6	-1.1404
ea9710ab-a070-4abe-b261-92874d78bf2b	15	76609838	82882631	3895	0.0107
ea9710ab-a070-4abe-b261-92874d78bf2b	15	82889131	82889319	3	-1.798
ea9710ab-a070-4abe-b261-92874d78bf2b	15	82890669	99872475	12142	0.0129
ea9710ab-a070-4abe-b261-92874d78bf2b	15	99873378	99881038	4	-1.2868
ea9710ab-a070-4abe-b261-92874d78bf2b	15	99884400	101928837	1572	-0.003
ea9710ab-a070-4abe-b261-92874d78bf2b	16	10777	32072358	19974	0.0241
ea9710ab-a070-4abe-b261-92874d78bf2b	16	32072367	34123836	86	0.3061
ea9710ab-a070-4abe-b261-92874d78bf2b	16	34124754	53507478	5012	0.0077
ea9710ab-a070-4abe-b261-92874d78bf2b	16	53507550	53507566	2	-1.2912
ea9710ab-a070-4abe-b261-92874d78bf2b	16	53511081	55762682	1870	0.001
ea9710ab-a070-4abe-b261-92874d78bf2b	16	55764310	55764867	3	3.2537
ea9710ab-a070-4abe-b261-92874d78bf2b	16	55770436	55788532	15	0.6412
ea9710ab-a070-4abe-b261-92874d78bf2b	16	55808442	70087520	8748	0.0023
ea9710ab-a070-4abe-b261-92874d78bf2b	16	70087581	70212436	29	0.4348
ea9710ab-a070-4abe-b261-92874d78bf2b	16	70212504	74330951	2288	0.012
ea9710ab-a070-4abe-b261-92874d78bf2b	16	74334793	74422703	13	0.535
ea9710ab-a070-4abe-b261-92874d78bf2b	16	74431498	82126274	7336	0.0178
ea9710ab-a070-4abe-b261-92874d78bf2b	16	82131709	82180194	62	-1.1999
ea9710ab-a070-4abe-b261-92874d78bf2b	16	82181795	88300506	5694	-0.0051
ea9710ab-a070-4abe-b261-92874d78bf2b	16	88303242	89190256	288	-0.1756
ea9710ab-a070-4abe-b261-92874d78bf2b	16	89190888	89889481	338	-0.0387
ea9710ab-a070-4abe-b261-92874d78bf2b	16	89890234	89919709	22	0.6325
ea9710ab-a070-4abe-b261-92874d78bf2b	16	89928117	90096867	101	-0.0138
ea9710ab-a070-4abe-b261-92874d78bf2b	17	150733	28452035	13676	0.0176
ea9710ab-a070-4abe-b261-92874d78bf2b	17	28454323	28455301	2	-2.1469
ea9710ab-a070-4abe-b261-92874d78bf2b	17	28462253	36109315	4583	0.0143
ea9710ab-a070-4abe-b261-92874d78bf2b	17	36109735	36157718	35	0.5387
ea9710ab-a070-4abe-b261-92874d78bf2b	17	36200725	41266838	2531	0.0128
ea9710ab-a070-4abe-b261-92874d78bf2b	17	41266851	41274279	19	-1.2771
ea9710ab-a070-4abe-b261-92874d78bf2b	17	41276472	45664202	2188	0.0168
ea9710ab-a070-4abe-b261-92874d78bf2b	17	45665223	46135062	346	-0.1013
ea9710ab-a070-4abe-b261-92874d78bf2b	17	46135838	50233697	1932	0.0036
ea9710ab-a070-4abe-b261-92874d78bf2b	17	50234485	50240990	7	-1.181
ea9710ab-a070-4abe-b261-92874d78bf2b	17	50242754	58134739	5516	0.0126
ea9710ab-a070-4abe-b261-92874d78bf2b	17	58135153	58136733	4	-1.5334
ea9710ab-a070-4abe-b261-92874d78bf2b	17	58140037	66485920	4174	0.0116
ea9710ab-a070-4abe-b261-92874d78bf2b	17	66486014	66486033	2	1.5377
ea9710ab-a070-4abe-b261-92874d78bf2b	17	66490162	70895688	2943	0.0043
ea9710ab-a070-4abe-b261-92874d78bf2b	17	70896097	70896209	2	-1.5705
ea9710ab-a070-4abe-b261-92874d78bf2b	17	70896957	80074189	5773	-0.0065
ea9710ab-a070-4abe-b261-92874d78bf2b	17	80080303	80080445	2	1.6005
ea9710ab-a070-4abe-b261-92874d78bf2b	17	80080590	83091923	1321	0.0051
ea9710ab-a070-4abe-b261-92874d78bf2b	18	48133	685158	486	0.0597
ea9710ab-a070-4abe-b261-92874d78bf2b	18	685234	802052	76	0.2376
ea9710ab-a070-4abe-b261-92874d78bf2b	18	803577	14060447	9461	0.0134
ea9710ab-a070-4abe-b261-92874d78bf2b	18	14062285	21151436	463	0.1081
ea9710ab-a070-4abe-b261-92874d78bf2b	18	21157665	35500232	8860	0.0036
ea9710ab-a070-4abe-b261-92874d78bf2b	18	35501190	35501196	2	-1.5522
ea9710ab-a070-4abe-b261-92874d78bf2b	18	35501777	35658585	93	-0.0073
ea9710ab-a070-4abe-b261-92874d78bf2b	18	35660458	35746684	60	0.2413
ea9710ab-a070-4abe-b261-92874d78bf2b	18	35747052	40678763	3291	-0.007
ea9710ab-a070-4abe-b261-92874d78bf2b	18	40680456	40680516	5	-0.9507
ea9710ab-a070-4abe-b261-92874d78bf2b	18	40680526	40685425	14	-2.3896
ea9710ab-a070-4abe-b261-92874d78bf2b	18	40688060	57525863	11388	0.0027
ea9710ab-a070-4abe-b261-92874d78bf2b	18	57527046	57528203	3	-1.2251
ea9710ab-a070-4abe-b261-92874d78bf2b	18	57533711	63210528	4047	0.0034
ea9710ab-a070-4abe-b261-92874d78bf2b	18	63211396	63212566	4	-0.9114
ea9710ab-a070-4abe-b261-92874d78bf2b	18	63213063	63708396	419	-0.0071
ea9710ab-a070-4abe-b261-92874d78bf2b	18	63711936	63712166	2	-1.5193
ea9710ab-a070-4abe-b261-92874d78bf2b	18	63712604	79439023	11679	0.0053
ea9710ab-a070-4abe-b261-92874d78bf2b	18	79439105	79610023	63	-0.2445
ea9710ab-a070-4abe-b261-92874d78bf2b	18	79610973	80257174	338	-0.0379
ea9710ab-a070-4abe-b261-92874d78bf2b	19	90910	12581187	5041	0.0115
ea9710ab-a070-4abe-b261-92874d78bf2b	19	12586552	12587288	2	2.0918
ea9710ab-a070-4abe-b261-92874d78bf2b	19	12589709	20064334	3682	0.0153
ea9710ab-a070-4abe-b261-92874d78bf2b	19	20067648	21066852	557	0.14
ea9710ab-a070-4abe-b261-92874d78bf2b	19	21069332	24192647	1824	0.0272
ea9710ab-a070-4abe-b261-92874d78bf2b	19	24196300	24202622	9	-1.0444
ea9710ab-a070-4abe-b261-92874d78bf2b	19	24219440	24274155	16	0.1615
ea9710ab-a070-4abe-b261-92874d78bf2b	19	24278016	24282151	9	-0.7262
ea9710ab-a070-4abe-b261-92874d78bf2b	19	24282155	28346419	576	0.0397
ea9710ab-a070-4abe-b261-92874d78bf2b	19	28354223	28362886	15	-1.2097
ea9710ab-a070-4abe-b261-92874d78bf2b	19	28366062	32025248	2791	-0.0074
ea9710ab-a070-4abe-b261-92874d78bf2b	19	32026032	32026455	2	-1.2569
ea9710ab-a070-4abe-b261-92874d78bf2b	19	32027256	35358420	2183	0.0121
ea9710ab-a070-4abe-b261-92874d78bf2b	19	35364451	35370946	21	-0.7667
ea9710ab-a070-4abe-b261-92874d78bf2b	19	35375842	54801157	10074	0.0267
ea9710ab-a070-4abe-b261-92874d78bf2b	19	54801545	54802362	2	-2.8253
ea9710ab-a070-4abe-b261-92874d78bf2b	19	54802832	58586487	2306	0.0154
ea9710ab-a070-4abe-b261-92874d78bf2b	20	80664	1576544	1183	0.0265
ea9710ab-a070-4abe-b261-92874d78bf2b	20	1576573	1601561	56	-0.8021
ea9710ab-a070-4abe-b261-92874d78bf2b	20	1609611	61003173	39381	0.0068
ea9710ab-a070-4abe-b261-92874d78bf2b	20	61003187	61003200	2	1.7125
ea9710ab-a070-4abe-b261-92874d78bf2b	20	61005981	64324800	1773	-0.0383
ea9710ab-a070-4abe-b261-92874d78bf2b	21	10354168	10388377	4	-0.1887
ea9710ab-a070-4abe-b261-92874d78bf2b	21	10388383	10556313	45	0.2678
ea9710ab-a070-4abe-b261-92874d78bf2b	21	10558268	10756733	37	0.7472
ea9710ab-a070-4abe-b261-92874d78bf2b	21	10775586	13169048	26	0.3402
ea9710ab-a070-4abe-b261-92874d78bf2b	21	13177644	13583316	157	0.0995
ea9710ab-a070-4abe-b261-92874d78bf2b	21	13612103	13677975	4	-1.1174
ea9710ab-a070-4abe-b261-92874d78bf2b	21	13803967	22278814	6031	0.0023
ea9710ab-a070-4abe-b261-92874d78bf2b	21	22283580	22292338	9	-1.146
ea9710ab-a070-4abe-b261-92874d78bf2b	21	22294679	44420537	16245	0.0074
ea9710ab-a070-4abe-b261-92874d78bf2b	21	44447091	44447588	3	-1.7424
ea9710ab-a070-4abe-b261-92874d78bf2b	21	44448356	45392675	570	-0.0054
ea9710ab-a070-4abe-b261-92874d78bf2b	21	45393070	45395040	3	-1.0881
ea9710ab-a070-4abe-b261-92874d78bf2b	21	45396104	45402350	11	0.1847
ea9710ab-a070-4abe-b261-92874d78bf2b	21	45407594	45428584	9	-1
ea9710ab-a070-4abe-b261-92874d78bf2b	21	45428674	45502844	29	-0.0762
ea9710ab-a070-4abe-b261-92874d78bf2b	21	45504279	45539240	16	-0.5766
ea9710ab-a070-4abe-b261-92874d78bf2b	21	45544464	46677045	675	-0.0138
ea9710ab-a070-4abe-b261-92874d78bf2b	22	15294547	18783014	1138	0.0419
ea9710ab-a070-4abe-b261-92874d78bf2b	22	18818348	18822597	3	1.426
ea9710ab-a070-4abe-b261-92874d78bf2b	22	18917479	19656032	463	0.0509
ea9710ab-a070-4abe-b261-92874d78bf2b	22	19656321	20272366	389	-0.1374
ea9710ab-a070-4abe-b261-92874d78bf2b	22	20272543	22379789	1445	0.0346
ea9710ab-a070-4abe-b261-92874d78bf2b	22	22385945	22385950	2	-1.8989
ea9710ab-a070-4abe-b261-92874d78bf2b	22	22385952	22398345	19	-0.1548
ea9710ab-a070-4abe-b261-92874d78bf2b	22	22398407	22398545	3	-2.5534
ea9710ab-a070-4abe-b261-92874d78bf2b	22	22402989	37336893	10967	0.0076
ea9710ab-a070-4abe-b261-92874d78bf2b	22	37346951	37353906	5	-1.1528
ea9710ab-a070-4abe-b261-92874d78bf2b	22	37354627	38894915	766	0.0021
ea9710ab-a070-4abe-b261-92874d78bf2b	22	38899250	38900899	3	-3.2814
ea9710ab-a070-4abe-b261-92874d78bf2b	22	38903109	50796027	8079	-0.001
ea9710ab-a070-4abe-b261-92874d78bf2b	X	251810	58255744	33286	0.0216
ea9710ab-a070-4abe-b261-92874d78bf2b	X	58256784	58261414	5	-3.2277
ea9710ab-a070-4abe-b261-92874d78bf2b	X	58262074	104084615	20453	0.0339
ea9710ab-a070-4abe-b261-92874d78bf2b	X	104084628	104086595	2	-5.6804
ea9710ab-a070-4abe-b261-92874d78bf2b	X	104090208	109946739	2987	0.0258
ea9710ab-a070-4abe-b261-92874d78bf2b	X	109952763	109985592	28	1.3702
ea9710ab-a070-4abe-b261-92874d78bf2b	X	109989955	155952689	26737	0.02
ea9710ab-a070-4abe-b261-92874d78bf2b	Y	2782397	20046753	5742	-1.0072
ea9710ab-a070-4abe-b261-92874d78bf2b	Y	20052335	20327471	10	-0.1771
ea9710ab-a070-4abe-b261-92874d78bf2b	Y	20353082	22169542	591	-1.0406
ea9710ab-a070-4abe-b261-92874d78bf2b	Y	22196203	22216533	8	-1.5336
ea9710ab-a070-4abe-b261-92874d78bf2b	Y	22221869	56872112	288	-0.9013
