GDC_Aliquot	Chromosome	Start	End	Num_Probes	Segment_Mean
81e8600a-2dd0-4603-9941-556b80b4b33f	1	62920	462795	18	0.4913
81e8600a-2dd0-4603-9941-556b80b4b33f	1	462894	15822848	8291	-0.6696
81e8600a-2dd0-4603-9941-556b80b4b33f	1	15823420	15828515	11	0.3162
81e8600a-2dd0-4603-9941-556b80b4b33f	1	15839166	16877002	357	-0.6138
81e8600a-2dd0-4603-9941-556b80b4b33f	1	16883108	16898730	10	-1.624
81e8600a-2dd0-4603-9941-556b80b4b33f	1	16898872	16909725	9	-0.0563
81e8600a-2dd0-4603-9941-556b80b4b33f	1	16909775	16926919	15	-1.5648
81e8600a-2dd0-4603-9941-556b80b4b33f	1	16927043	22872126	3930	-0.6518
81e8600a-2dd0-4603-9941-556b80b4b33f	1	22872818	22872909	2	-2.8927
81e8600a-2dd0-4603-9941-556b80b4b33f	1	22873233	25244339	1322	-0.6369
81e8600a-2dd0-4603-9941-556b80b4b33f	1	25244778	25320455	32	-0.0733
81e8600a-2dd0-4603-9941-556b80b4b33f	1	25336819	64563982	23435	-0.6548
81e8600a-2dd0-4603-9941-556b80b4b33f	1	64568870	64760540	150	-3.1774
81e8600a-2dd0-4603-9941-556b80b4b33f	1	64765264	64963747	287	-2.0279
81e8600a-2dd0-4603-9941-556b80b4b33f	1	64963766	70622423	3765	-0.6718
81e8600a-2dd0-4603-9941-556b80b4b33f	1	70629491	70665794	32	-3.165
81e8600a-2dd0-4603-9941-556b80b4b33f	1	70666853	108223733	23912	-0.6922
81e8600a-2dd0-4603-9941-556b80b4b33f	1	108226680	108274557	2	-3.4739
81e8600a-2dd0-4603-9941-556b80b4b33f	1	108310648	112153686	2638	-0.6723
81e8600a-2dd0-4603-9941-556b80b4b33f	1	112153851	112163438	22	0.0077
81e8600a-2dd0-4603-9941-556b80b4b33f	1	112163440	143796140	5261	-0.6552
81e8600a-2dd0-4603-9941-556b80b4b33f	1	143811517	152582700	2323	0.1455
81e8600a-2dd0-4603-9941-556b80b4b33f	1	152583051	152614118	36	1.2598
81e8600a-2dd0-4603-9941-556b80b4b33f	1	152618018	152787202	166	0.0965
81e8600a-2dd0-4603-9941-556b80b4b33f	1	152789447	152796224	37	-1.227
81e8600a-2dd0-4603-9941-556b80b4b33f	1	152801429	162460282	5955	0.1091
81e8600a-2dd0-4603-9941-556b80b4b33f	1	162463990	172451842	7524	0.1367
81e8600a-2dd0-4603-9941-556b80b4b33f	1	172455608	178271258	3595	0.0952
81e8600a-2dd0-4603-9941-556b80b4b33f	1	178275600	178307749	21	0.6144
81e8600a-2dd0-4603-9941-556b80b4b33f	1	178321672	185303462	4807	0.1067
81e8600a-2dd0-4603-9941-556b80b4b33f	1	185304144	188567311	2142	0.0569
81e8600a-2dd0-4603-9941-556b80b4b33f	1	188570607	188575056	4	-1.21
81e8600a-2dd0-4603-9941-556b80b4b33f	1	188575309	189679027	682	0.0506
81e8600a-2dd0-4603-9941-556b80b4b33f	1	189679353	189679397	2	-1.8866
81e8600a-2dd0-4603-9941-556b80b4b33f	1	189682917	191708262	1334	0.0422
81e8600a-2dd0-4603-9941-556b80b4b33f	1	191712540	196745743	3404	0.0932
81e8600a-2dd0-4603-9941-556b80b4b33f	1	196758720	196847600	62	-1.37
81e8600a-2dd0-4603-9941-556b80b4b33f	1	196854187	196874041	20	0.1531
81e8600a-2dd0-4603-9941-556b80b4b33f	1	196874290	196878845	15	-0.9454
81e8600a-2dd0-4603-9941-556b80b4b33f	1	196884220	199142235	1339	0.0647
81e8600a-2dd0-4603-9941-556b80b4b33f	1	199142298	199143883	7	-0.9211
81e8600a-2dd0-4603-9941-556b80b4b33f	1	199144712	215914708	11479	0.1088
81e8600a-2dd0-4603-9941-556b80b4b33f	1	215923538	222812239	4851	0.0707
81e8600a-2dd0-4603-9941-556b80b4b33f	1	222812546	241942994	13605	0.1043
81e8600a-2dd0-4603-9941-556b80b4b33f	1	241946571	241974662	10	-0.7127
81e8600a-2dd0-4603-9941-556b80b4b33f	1	241977561	243190549	787	0.0519
81e8600a-2dd0-4603-9941-556b80b4b33f	1	243192159	243288041	30	-0.7625
81e8600a-2dd0-4603-9941-556b80b4b33f	1	243290355	248525314	3492	0.1089
81e8600a-2dd0-4603-9941-556b80b4b33f	1	248546369	248631988	34	-0.6699
81e8600a-2dd0-4603-9941-556b80b4b33f	1	248633821	248930189	143	0.1519
81e8600a-2dd0-4603-9941-556b80b4b33f	2	12784	4158097	2988	0.0639
81e8600a-2dd0-4603-9941-556b80b4b33f	2	4166274	4176429	42	-0.6029
81e8600a-2dd0-4603-9941-556b80b4b33f	2	4182472	7397090	2805	0.0269
81e8600a-2dd0-4603-9941-556b80b4b33f	2	7399766	35750907	19172	0.093
81e8600a-2dd0-4603-9941-556b80b4b33f	2	35752724	35761650	4	-1.4266
81e8600a-2dd0-4603-9941-556b80b4b33f	2	35761842	41011303	3932	0.1137
81e8600a-2dd0-4603-9941-556b80b4b33f	2	41011365	41018747	21	-0.4522
81e8600a-2dd0-4603-9941-556b80b4b33f	2	41024093	48694129	5430	0.1243
81e8600a-2dd0-4603-9941-556b80b4b33f	2	48694236	52516787	2750	0.0609
81e8600a-2dd0-4603-9941-556b80b4b33f	2	52527330	52554404	40	-0.5286
81e8600a-2dd0-4603-9941-556b80b4b33f	2	52560811	56883011	3164	0.1131
81e8600a-2dd0-4603-9941-556b80b4b33f	2	56883168	61041025	2749	0.0532
81e8600a-2dd0-4603-9941-556b80b4b33f	2	61046689	66852811	3371	0.1091
81e8600a-2dd0-4603-9941-556b80b4b33f	2	66858985	66859507	2	-1.4143
81e8600a-2dd0-4603-9941-556b80b4b33f	2	66861552	78959868	7778	0.0999
81e8600a-2dd0-4603-9941-556b80b4b33f	2	78963282	78997311	20	-0.8934
81e8600a-2dd0-4603-9941-556b80b4b33f	2	78997561	84144819	3332	0.0748
81e8600a-2dd0-4603-9941-556b80b4b33f	2	84146507	86747195	1513	0.1396
81e8600a-2dd0-4603-9941-556b80b4b33f	2	86748195	106263639	7502	0.0776
81e8600a-2dd0-4603-9941-556b80b4b33f	2	106264257	106268901	11	-1.8347
81e8600a-2dd0-4603-9941-556b80b4b33f	2	106270799	141159747	20811	0.0864
81e8600a-2dd0-4603-9941-556b80b4b33f	2	141159761	146708068	3342	0.0027
81e8600a-2dd0-4603-9941-556b80b4b33f	2	146708153	167021006	12151	0.0892
81e8600a-2dd0-4603-9941-556b80b4b33f	2	167023203	177861046	7055	0.1231
81e8600a-2dd0-4603-9941-556b80b4b33f	2	177866138	205028203	15834	0.0944
81e8600a-2dd0-4603-9941-556b80b4b33f	2	205032809	207490231	1631	0.5769
81e8600a-2dd0-4603-9941-556b80b4b33f	2	207490454	207494612	16	-0.8349
81e8600a-2dd0-4603-9941-556b80b4b33f	2	207494752	229928221	14599	0.5535
81e8600a-2dd0-4603-9941-556b80b4b33f	2	229935121	229950608	5	-0.8863
81e8600a-2dd0-4603-9941-556b80b4b33f	2	229953543	242147305	7482	0.5233
81e8600a-2dd0-4603-9941-556b80b4b33f	3	20930	6609524	5819	0.0875
81e8600a-2dd0-4603-9941-556b80b4b33f	3	6609550	6613391	22	-0.8879
81e8600a-2dd0-4603-9941-556b80b4b33f	3	6613561	16142989	7005	0.1244
81e8600a-2dd0-4603-9941-556b80b4b33f	3	16144081	26384700	7042	0.0819
81e8600a-2dd0-4603-9941-556b80b4b33f	3	26392633	26397852	5	-1.0427
81e8600a-2dd0-4603-9941-556b80b4b33f	3	26404482	26737517	270	0.077
81e8600a-2dd0-4603-9941-556b80b4b33f	3	26737846	29476271	1864	0.1331
81e8600a-2dd0-4603-9941-556b80b4b33f	3	29476547	35165533	3699	0.17
81e8600a-2dd0-4603-9941-556b80b4b33f	3	35166830	60507193	15506	0.1244
81e8600a-2dd0-4603-9941-556b80b4b33f	3	60507709	60514816	14	-0.7179
81e8600a-2dd0-4603-9941-556b80b4b33f	3	60514870	61063887	570	0.0861
81e8600a-2dd0-4603-9941-556b80b4b33f	3	61063900	67164376	4938	0.1431
81e8600a-2dd0-4603-9941-556b80b4b33f	3	67166249	72938579	4257	0.0951
81e8600a-2dd0-4603-9941-556b80b4b33f	3	72939468	75451613	1706	0.1587
81e8600a-2dd0-4603-9941-556b80b4b33f	3	75458243	75800481	83	-0.1215
81e8600a-2dd0-4603-9941-556b80b4b33f	3	75805867	77879875	1285	0.1802
81e8600a-2dd0-4603-9941-556b80b4b33f	3	77883875	89337951	6355	0.0987
81e8600a-2dd0-4603-9941-556b80b4b33f	3	89345442	89370231	51	-0.5564
81e8600a-2dd0-4603-9941-556b80b4b33f	3	89370771	100264901	3861	0.0878
81e8600a-2dd0-4603-9941-556b80b4b33f	3	100266401	102301430	1135	-0.6857
81e8600a-2dd0-4603-9941-556b80b4b33f	3	102307075	102329081	12	0.2605
81e8600a-2dd0-4603-9941-556b80b4b33f	3	102332156	102413985	38	-0.6031
81e8600a-2dd0-4603-9941-556b80b4b33f	3	102423368	104030218	923	0.1155
81e8600a-2dd0-4603-9941-556b80b4b33f	3	104038697	104155662	87	-0.791
81e8600a-2dd0-4603-9941-556b80b4b33f	3	104159342	105364688	842	0.0697
81e8600a-2dd0-4603-9941-556b80b4b33f	3	105371642	108744325	2078	-0.7285
81e8600a-2dd0-4603-9941-556b80b4b33f	3	108747980	108849569	84	0.1948
81e8600a-2dd0-4603-9941-556b80b4b33f	3	108852007	108978515	88	-0.6861
81e8600a-2dd0-4603-9941-556b80b4b33f	3	108978556	127773345	11644	0.1148
81e8600a-2dd0-4603-9941-556b80b4b33f	3	127775393	130068178	1187	-0.6794
81e8600a-2dd0-4603-9941-556b80b4b33f	3	130068356	130079892	20	-1.465
81e8600a-2dd0-4603-9941-556b80b4b33f	3	130079938	130087393	6	-0.9644
81e8600a-2dd0-4603-9941-556b80b4b33f	3	130088081	132493149	1561	-0.6939
81e8600a-2dd0-4603-9941-556b80b4b33f	3	132494610	143592003	6829	0.1154
81e8600a-2dd0-4603-9941-556b80b4b33f	3	143592171	145514641	1209	0.0314
81e8600a-2dd0-4603-9941-556b80b4b33f	3	145520377	145729146	128	0.1071
81e8600a-2dd0-4603-9941-556b80b4b33f	3	145732039	147510858	1099	-0.6961
81e8600a-2dd0-4603-9941-556b80b4b33f	3	147510949	147592913	39	0.1498
81e8600a-2dd0-4603-9941-556b80b4b33f	3	147594261	149897744	1461	-0.6821
81e8600a-2dd0-4603-9941-556b80b4b33f	3	149898135	152508527	1692	0.1465
81e8600a-2dd0-4603-9941-556b80b4b33f	3	152512775	162807070	6251	0.1019
81e8600a-2dd0-4603-9941-556b80b4b33f	3	162810842	162822685	9	0.9258
81e8600a-2dd0-4603-9941-556b80b4b33f	3	162822702	167244161	2485	0.0839
81e8600a-2dd0-4603-9941-556b80b4b33f	3	167248038	172451617	3224	0.1556
81e8600a-2dd0-4603-9941-556b80b4b33f	3	172459907	173180937	484	-0.6634
81e8600a-2dd0-4603-9941-556b80b4b33f	3	173182446	173695062	331	0.1281
81e8600a-2dd0-4603-9941-556b80b4b33f	3	173698006	183530696	6050	-0.6964
81e8600a-2dd0-4603-9941-556b80b4b33f	3	183535582	190743879	4952	0.1268
81e8600a-2dd0-4603-9941-556b80b4b33f	3	190744200	190869891	90	-0.7116
81e8600a-2dd0-4603-9941-556b80b4b33f	3	190870555	190984384	65	0.0489
81e8600a-2dd0-4603-9941-556b80b4b33f	3	190985135	193294794	1625	-0.7198
81e8600a-2dd0-4603-9941-556b80b4b33f	3	193295002	193297853	3	-3.0688
81e8600a-2dd0-4603-9941-556b80b4b33f	3	193298490	194456593	765	-0.6854
81e8600a-2dd0-4603-9941-556b80b4b33f	3	194456702	198169247	1836	0.1334
81e8600a-2dd0-4603-9941-556b80b4b33f	4	68929	5998964	3161	-0.3892
81e8600a-2dd0-4603-9941-556b80b4b33f	4	6000759	6002408	3	-2.6907
81e8600a-2dd0-4603-9941-556b80b4b33f	4	6002932	10208670	2533	-0.3765
81e8600a-2dd0-4603-9941-556b80b4b33f	4	10208766	10232984	33	0.2385
81e8600a-2dd0-4603-9941-556b80b4b33f	4	10233383	10388498	174	-0.3524
81e8600a-2dd0-4603-9941-556b80b4b33f	4	10389091	10399044	16	-1.0196
81e8600a-2dd0-4603-9941-556b80b4b33f	4	10401094	12149839	1465	-0.3513
81e8600a-2dd0-4603-9941-556b80b4b33f	4	12152884	12160517	3	-2.5078
81e8600a-2dd0-4603-9941-556b80b4b33f	4	12164300	34777432	15302	-0.4012
81e8600a-2dd0-4603-9941-556b80b4b33f	4	34784878	34828250	39	0.3116
81e8600a-2dd0-4603-9941-556b80b4b33f	4	34828291	36482523	1103	-0.4205
81e8600a-2dd0-4603-9941-556b80b4b33f	4	36484020	37652573	850	-0.3486
81e8600a-2dd0-4603-9941-556b80b4b33f	4	37653492	37654615	3	-1.924
81e8600a-2dd0-4603-9941-556b80b4b33f	4	37654704	41495073	2471	-0.3409
81e8600a-2dd0-4603-9941-556b80b4b33f	4	41498175	48089751	3895	-0.4129
81e8600a-2dd0-4603-9941-556b80b4b33f	4	48091182	51830626	672	-0.2568
81e8600a-2dd0-4603-9941-556b80b4b33f	4	51832470	63280986	7234	-0.3887
81e8600a-2dd0-4603-9941-556b80b4b33f	4	63281375	63293751	8	-1.6015
81e8600a-2dd0-4603-9941-556b80b4b33f	4	63294605	63828222	302	-0.4612
81e8600a-2dd0-4603-9941-556b80b4b33f	4	63831751	63841887	22	0.236
81e8600a-2dd0-4603-9941-556b80b4b33f	4	63842036	68361130	2851	-0.4068
81e8600a-2dd0-4603-9941-556b80b4b33f	4	68378716	68686026	96	0.002
81e8600a-2dd0-4603-9941-556b80b4b33f	4	68725894	69080374	209	-0.398
81e8600a-2dd0-4603-9941-556b80b4b33f	4	69084573	69439387	195	-0.1696
81e8600a-2dd0-4603-9941-556b80b4b33f	4	69440377	73384148	2308	-0.3786
81e8600a-2dd0-4603-9941-556b80b4b33f	4	73386433	76871964	2257	-0.2999
81e8600a-2dd0-4603-9941-556b80b4b33f	4	76872059	114252500	22697	-0.3801
81e8600a-2dd0-4603-9941-556b80b4b33f	4	114252544	114263110	27	0.566
81e8600a-2dd0-4603-9941-556b80b4b33f	4	114263154	130452271	9594	-0.3809
81e8600a-2dd0-4603-9941-556b80b4b33f	4	130452801	137018143	3526	-0.4509
81e8600a-2dd0-4603-9941-556b80b4b33f	4	137018216	160958989	14831	-0.3751
81e8600a-2dd0-4603-9941-556b80b4b33f	4	160959045	160963448	17	-1.3957
81e8600a-2dd0-4603-9941-556b80b4b33f	4	160963756	188300104	18017	-0.3998
81e8600a-2dd0-4603-9941-556b80b4b33f	4	188300206	188300285	4	1.3707
81e8600a-2dd0-4603-9941-556b80b4b33f	4	188301659	190106768	1142	-0.4152
81e8600a-2dd0-4603-9941-556b80b4b33f	5	15532	3308470	2295	0.0515
81e8600a-2dd0-4603-9941-556b80b4b33f	5	3309084	4392283	940	-0.0156
81e8600a-2dd0-4603-9941-556b80b4b33f	5	4394583	13577108	7371	0.068
81e8600a-2dd0-4603-9941-556b80b4b33f	5	13577141	17977851	3023	0.1234
81e8600a-2dd0-4603-9941-556b80b4b33f	5	17978491	29987271	7104	0.0425
81e8600a-2dd0-4603-9941-556b80b4b33f	5	29989492	53108689	11667	0.0925
81e8600a-2dd0-4603-9941-556b80b4b33f	5	53109452	53113609	2	-1.6527
81e8600a-2dd0-4603-9941-556b80b4b33f	5	53115955	58025819	3358	0.0851
81e8600a-2dd0-4603-9941-556b80b4b33f	5	58030200	58037706	32	1.9008
81e8600a-2dd0-4603-9941-556b80b4b33f	5	58042530	59972144	1491	0.0819
81e8600a-2dd0-4603-9941-556b80b4b33f	5	59974728	60077222	58	-0.6562
81e8600a-2dd0-4603-9941-556b80b4b33f	5	60089118	76077960	8814	0.1205
81e8600a-2dd0-4603-9941-556b80b4b33f	5	76078351	86368170	6354	0.0601
81e8600a-2dd0-4603-9941-556b80b4b33f	5	86372272	86819561	231	0.1352
81e8600a-2dd0-4603-9941-556b80b4b33f	5	86820504	86823329	2	-2.9849
81e8600a-2dd0-4603-9941-556b80b4b33f	5	86825812	100181889	7380	0.0924
81e8600a-2dd0-4603-9941-556b80b4b33f	5	100184795	120856327	13707	0.0519
81e8600a-2dd0-4603-9941-556b80b4b33f	5	120859710	156048095	22238	0.0912
81e8600a-2dd0-4603-9941-556b80b4b33f	5	156049762	156055719	14	-1.0741
81e8600a-2dd0-4603-9941-556b80b4b33f	5	156068240	177771448	14799	0.063
81e8600a-2dd0-4603-9941-556b80b4b33f	5	177800550	177805604	3	2.5651
81e8600a-2dd0-4603-9941-556b80b4b33f	5	177827964	181363319	1984	0.0673
81e8600a-2dd0-4603-9941-556b80b4b33f	6	149661	376937	197	0.0955
81e8600a-2dd0-4603-9941-556b80b4b33f	6	378703	379015	2	-1.7202
81e8600a-2dd0-4603-9941-556b80b4b33f	6	380821	20522059	15673	0.0986
81e8600a-2dd0-4603-9941-556b80b4b33f	6	20523903	23594873	2235	0.165
81e8600a-2dd0-4603-9941-556b80b4b33f	6	23594959	29869295	3553	0.0755
81e8600a-2dd0-4603-9941-556b80b4b33f	6	29869410	29881490	16	1.288
81e8600a-2dd0-4603-9941-556b80b4b33f	6	29882419	29983234	50	0.4029
81e8600a-2dd0-4603-9941-556b80b4b33f	6	29985665	31298745	601	0.1246
81e8600a-2dd0-4603-9941-556b80b4b33f	6	31301352	31319445	18	0.5641
81e8600a-2dd0-4603-9941-556b80b4b33f	6	31319724	31328674	6	2.371
81e8600a-2dd0-4603-9941-556b80b4b33f	6	31342147	32525068	511	0.1911
81e8600a-2dd0-4603-9941-556b80b4b33f	6	32525591	32568621	13	-1.3208
81e8600a-2dd0-4603-9941-556b80b4b33f	6	32570802	32636595	28	0.2683
81e8600a-2dd0-4603-9941-556b80b4b33f	6	32637799	32658841	10	-0.8388
81e8600a-2dd0-4603-9941-556b80b4b33f	6	32682835	41966657	6095	0.1033
81e8600a-2dd0-4603-9941-556b80b4b33f	6	41974242	46008061	2370	0.5638
81e8600a-2dd0-4603-9941-556b80b4b33f	6	46010406	48963228	1925	0.6244
81e8600a-2dd0-4603-9941-556b80b4b33f	6	48964092	48967563	5	-0.8353
81e8600a-2dd0-4603-9941-556b80b4b33f	6	48978926	52376160	2063	0.5871
81e8600a-2dd0-4603-9941-556b80b4b33f	6	52379235	54066353	1243	0.1319
81e8600a-2dd0-4603-9941-556b80b4b33f	6	54066432	54067057	6	1.2722
81e8600a-2dd0-4603-9941-556b80b4b33f	6	54070550	57324686	1971	0.1275
81e8600a-2dd0-4603-9941-556b80b4b33f	6	57325793	61128391	494	0.0082
81e8600a-2dd0-4603-9941-556b80b4b33f	6	61135597	78262117	10710	0.1109
81e8600a-2dd0-4603-9941-556b80b4b33f	6	78262371	78322600	101	0.4118
81e8600a-2dd0-4603-9941-556b80b4b33f	6	78322875	93189856	9535	0.119
81e8600a-2dd0-4603-9941-556b80b4b33f	6	93190212	94669648	968	0.2202
81e8600a-2dd0-4603-9941-556b80b4b33f	6	94670169	103290101	4979	0.0897
81e8600a-2dd0-4603-9941-556b80b4b33f	6	103290164	103317795	46	-0.9736
81e8600a-2dd0-4603-9941-556b80b4b33f	6	103317836	118573305	9346	0.1218
81e8600a-2dd0-4603-9941-556b80b4b33f	6	118573630	124071961	3307	0.0719
81e8600a-2dd0-4603-9941-556b80b4b33f	6	124074943	151375182	17892	0.1271
81e8600a-2dd0-4603-9941-556b80b4b33f	6	151383559	153450921	1578	0.0667
81e8600a-2dd0-4603-9941-556b80b4b33f	6	153456411	161653031	5571	0.1243
81e8600a-2dd0-4603-9941-556b80b4b33f	6	161653869	164427202	2252	0.0234
81e8600a-2dd0-4603-9941-556b80b4b33f	6	164428231	167313444	2203	0.0988
81e8600a-2dd0-4603-9941-556b80b4b33f	6	167313477	169074572	1031	0.1939
81e8600a-2dd0-4603-9941-556b80b4b33f	6	169074813	170741917	995	0.0923
81e8600a-2dd0-4603-9941-556b80b4b33f	7	43355	13552049	8858	0.1131
81e8600a-2dd0-4603-9941-556b80b4b33f	7	13558316	13939831	360	-0.0995
81e8600a-2dd0-4603-9941-556b80b4b33f	7	13940600	13940666	3	-1.0837
81e8600a-2dd0-4603-9941-556b80b4b33f	7	13940879	14097353	210	-0.1007
81e8600a-2dd0-4603-9941-556b80b4b33f	7	14104181	14893803	567	0.0807
81e8600a-2dd0-4603-9941-556b80b4b33f	7	14909689	19161397	3551	0.1393
81e8600a-2dd0-4603-9941-556b80b4b33f	7	19161922	21749675	1928	0.1898
81e8600a-2dd0-4603-9941-556b80b4b33f	7	21749824	34088872	8948	0.1223
81e8600a-2dd0-4603-9941-556b80b4b33f	7	34091539	41154055	4899	0.1073
81e8600a-2dd0-4603-9941-556b80b4b33f	7	41154823	42498586	995	0.0375
81e8600a-2dd0-4603-9941-556b80b4b33f	7	42500640	56632861	9695	0.1062
81e8600a-2dd0-4603-9941-556b80b4b33f	7	56633285	64242512	1053	0.0154
81e8600a-2dd0-4603-9941-556b80b4b33f	7	64242542	67801932	1552	0.1087
81e8600a-2dd0-4603-9941-556b80b4b33f	7	67802112	69765209	1269	0.0245
81e8600a-2dd0-4603-9941-556b80b4b33f	7	69767880	87303449	9822	0.0982
81e8600a-2dd0-4603-9941-556b80b4b33f	7	87311487	87317572	2	-4.5152
81e8600a-2dd0-4603-9941-556b80b4b33f	7	87318911	126405502	23290	0.0992
81e8600a-2dd0-4603-9941-556b80b4b33f	7	126405597	126406561	10	-1.1176
81e8600a-2dd0-4603-9941-556b80b4b33f	7	126406822	134104408	4716	0.1118
81e8600a-2dd0-4603-9941-556b80b4b33f	7	134104531	134110881	8	-0.6614
81e8600a-2dd0-4603-9941-556b80b4b33f	7	134110912	146012072	7472	0.0999
81e8600a-2dd0-4603-9941-556b80b4b33f	7	146012397	147268816	791	0.0204
81e8600a-2dd0-4603-9941-556b80b4b33f	7	147268997	154221793	4267	0.0911
81e8600a-2dd0-4603-9941-556b80b4b33f	7	154223036	154223107	2	-2.1771
81e8600a-2dd0-4603-9941-556b80b4b33f	7	154223216	154582175	317	0.045
81e8600a-2dd0-4603-9941-556b80b4b33f	7	154584676	154585411	2	-2.1728
81e8600a-2dd0-4603-9941-556b80b4b33f	7	154585445	159334314	3255	0.0997
81e8600a-2dd0-4603-9941-556b80b4b33f	8	81254	442982	182	0.0439
81e8600a-2dd0-4603-9941-556b80b4b33f	8	444121	644944	141	0.5845
81e8600a-2dd0-4603-9941-556b80b4b33f	8	644973	645908	9	-0.1534
81e8600a-2dd0-4603-9941-556b80b4b33f	8	656117	872949	147	0.5078
81e8600a-2dd0-4603-9941-556b80b4b33f	8	883807	3016831	1739	0.074
81e8600a-2dd0-4603-9941-556b80b4b33f	8	3032370	4282176	1753	-0.7734
81e8600a-2dd0-4603-9941-556b80b4b33f	8	4283878	5684847	1935	0.0696
81e8600a-2dd0-4603-9941-556b80b4b33f	8	5685257	6764806	1454	0.1578
81e8600a-2dd0-4603-9941-556b80b4b33f	8	6765099	7141698	333	-0.702
81e8600a-2dd0-4603-9941-556b80b4b33f	8	7152073	8214781	82	-0.3356
81e8600a-2dd0-4603-9941-556b80b4b33f	8	8234503	9986874	1549	-0.689
81e8600a-2dd0-4603-9941-556b80b4b33f	8	9989267	11911398	1597	0.0773
81e8600a-2dd0-4603-9941-556b80b4b33f	8	11914537	25114672	10485	-0.7176
81e8600a-2dd0-4603-9941-556b80b4b33f	8	25116928	25126708	25	-0.0917
81e8600a-2dd0-4603-9941-556b80b4b33f	8	25126735	31778318	4553	-0.691
81e8600a-2dd0-4603-9941-556b80b4b33f	8	31778728	32733650	803	-0.8057
81e8600a-2dd0-4603-9941-556b80b4b33f	8	32738554	32821348	63	-0.6521
81e8600a-2dd0-4603-9941-556b80b4b33f	8	32825580	32830895	8	0.6773
81e8600a-2dd0-4603-9941-556b80b4b33f	8	32834588	39372664	3564	-0.7016
81e8600a-2dd0-4603-9941-556b80b4b33f	8	39372806	39527450	59	-0.0753
81e8600a-2dd0-4603-9941-556b80b4b33f	8	39527675	41694336	1547	-0.6908
81e8600a-2dd0-4603-9941-556b80b4b33f	8	41697230	42252667	328	0.0764
81e8600a-2dd0-4603-9941-556b80b4b33f	8	42258788	43907538	709	-0.6601
81e8600a-2dd0-4603-9941-556b80b4b33f	8	43912083	51187747	2649	0.0767
81e8600a-2dd0-4603-9941-556b80b4b33f	8	51188523	52452180	864	-0.7151
81e8600a-2dd0-4603-9941-556b80b4b33f	8	52452684	52452802	3	-3.1402
81e8600a-2dd0-4603-9941-556b80b4b33f	8	52453304	53481665	693	-0.7091
81e8600a-2dd0-4603-9941-556b80b4b33f	8	53481680	53483035	2	-2.6893
81e8600a-2dd0-4603-9941-556b80b4b33f	8	53484485	54797983	793	-0.7465
81e8600a-2dd0-4603-9941-556b80b4b33f	8	54799015	60352045	3756	0.5591
81e8600a-2dd0-4603-9941-556b80b4b33f	8	60355118	63388067	1983	0.1067
81e8600a-2dd0-4603-9941-556b80b4b33f	8	63389902	63519454	69	0.6048
81e8600a-2dd0-4603-9941-556b80b4b33f	8	63521571	63691646	86	0.0508
81e8600a-2dd0-4603-9941-556b80b4b33f	8	63691660	64261927	338	0.5734
81e8600a-2dd0-4603-9941-556b80b4b33f	8	64267405	64573733	170	0.0242
81e8600a-2dd0-4603-9941-556b80b4b33f	8	64575216	84345754	11877	0.5794
81e8600a-2dd0-4603-9941-556b80b4b33f	8	84350648	84356431	19	-0.8082
81e8600a-2dd0-4603-9941-556b80b4b33f	8	84358447	92775534	4779	0.5534
81e8600a-2dd0-4603-9941-556b80b4b33f	8	92776212	104131851	7001	0.6039
81e8600a-2dd0-4603-9941-556b80b4b33f	8	104133077	118153745	8506	0.5526
81e8600a-2dd0-4603-9941-556b80b4b33f	8	118153793	127711504	6729	0.6039
81e8600a-2dd0-4603-9941-556b80b4b33f	8	127712181	143616987	11520	0.5639
81e8600a-2dd0-4603-9941-556b80b4b33f	8	143622987	143625638	9	-0.5367
81e8600a-2dd0-4603-9941-556b80b4b33f	8	143636819	143825265	59	0.6168
81e8600a-2dd0-4603-9941-556b80b4b33f	8	143828069	145072769	445	0.0999
81e8600a-2dd0-4603-9941-556b80b4b33f	9	46587	9769633	9286	0.1238
81e8600a-2dd0-4603-9941-556b80b4b33f	9	9776138	9798243	32	-0.8219
81e8600a-2dd0-4603-9941-556b80b4b33f	9	9799050	11945928	1884	0.1037
81e8600a-2dd0-4603-9941-556b80b4b33f	9	11945951	15593242	2968	0.1731
81e8600a-2dd0-4603-9941-556b80b4b33f	9	15595605	17273928	1432	0.0873
81e8600a-2dd0-4603-9941-556b80b4b33f	9	17274161	17275177	3	-1.0194
81e8600a-2dd0-4603-9941-556b80b4b33f	9	17275606	17717230	370	0.1337
81e8600a-2dd0-4603-9941-556b80b4b33f	9	17717579	17720177	4	-1.0643
81e8600a-2dd0-4603-9941-556b80b4b33f	9	17720190	17851263	167	0.1014
81e8600a-2dd0-4603-9941-556b80b4b33f	9	17853048	21684434	3155	0.1636
81e8600a-2dd0-4603-9941-556b80b4b33f	9	21684564	38568184	11621	0.1057
81e8600a-2dd0-4603-9941-556b80b4b33f	9	38569160	38579867	2	-1.7109
81e8600a-2dd0-4603-9941-556b80b4b33f	9	38580037	41644133	348	0.1004
81e8600a-2dd0-4603-9941-556b80b4b33f	9	41644133	41666811	7	-1.3929
81e8600a-2dd0-4603-9941-556b80b4b33f	9	41703463	77905794	7316	0.1327
81e8600a-2dd0-4603-9941-556b80b4b33f	9	77907873	80854750	2122	0.0509
81e8600a-2dd0-4603-9941-556b80b4b33f	9	80858482	85343445	3229	0.1092
81e8600a-2dd0-4603-9941-556b80b4b33f	9	85347342	91335504	4286	0.0681
81e8600a-2dd0-4603-9941-556b80b4b33f	9	91340180	93707815	1461	0.1205
81e8600a-2dd0-4603-9941-556b80b4b33f	9	93708429	93708675	2	-1.8688
81e8600a-2dd0-4603-9941-556b80b4b33f	9	93710664	108213035	10058	0.1143
81e8600a-2dd0-4603-9941-556b80b4b33f	9	108214951	110262509	1738	0.1693
81e8600a-2dd0-4603-9941-556b80b4b33f	9	110264442	110270398	4	0.9913
81e8600a-2dd0-4603-9941-556b80b4b33f	9	110273504	110313825	31	0.328
81e8600a-2dd0-4603-9941-556b80b4b33f	9	110315098	110322208	8	-0.2363
81e8600a-2dd0-4603-9941-556b80b4b33f	9	110324733	138117969	17947	0.113
81e8600a-2dd0-4603-9941-556b80b4b33f	9	138119269	138200944	22	-0.2898
81e8600a-2dd0-4603-9941-556b80b4b33f	10	45792	6814932	5857	0.1869
81e8600a-2dd0-4603-9941-556b80b4b33f	10	6815084	9385381	2264	0.1267
81e8600a-2dd0-4603-9941-556b80b4b33f	10	9387553	24086334	11078	0.1793
81e8600a-2dd0-4603-9941-556b80b4b33f	10	24088745	24090022	13	1.0202
81e8600a-2dd0-4603-9941-556b80b4b33f	10	24090078	30957581	5017	0.1856
81e8600a-2dd0-4603-9941-556b80b4b33f	10	30962405	30962809	10	-0.4712
81e8600a-2dd0-4603-9941-556b80b4b33f	10	30962850	36160406	3427	0.2015
81e8600a-2dd0-4603-9941-556b80b4b33f	10	36160733	46130381	3837	0.0671
81e8600a-2dd0-4603-9941-556b80b4b33f	10	46146395	46446817	174	1.0737
81e8600a-2dd0-4603-9941-556b80b4b33f	10	46489651	46657149	48	0.4403
81e8600a-2dd0-4603-9941-556b80b4b33f	10	46693480	46792344	7	1.4061
81e8600a-2dd0-4603-9941-556b80b4b33f	10	46804606	48523157	565	0.1116
81e8600a-2dd0-4603-9941-556b80b4b33f	10	48524930	48524943	2	-2.7712
81e8600a-2dd0-4603-9941-556b80b4b33f	10	48525216	50028837	1101	0.0276
81e8600a-2dd0-4603-9941-556b80b4b33f	10	50030941	51833294	1233	0.0997
81e8600a-2dd0-4603-9941-556b80b4b33f	10	51835222	51897888	50	0.515
81e8600a-2dd0-4603-9941-556b80b4b33f	10	51901733	55300974	2591	0.0488
81e8600a-2dd0-4603-9941-556b80b4b33f	10	55301297	55316065	12	-0.6293
81e8600a-2dd0-4603-9941-556b80b4b33f	10	55316080	65546518	7139	0.0728
81e8600a-2dd0-4603-9941-556b80b4b33f	10	65548165	65563037	29	-0.4811
81e8600a-2dd0-4603-9941-556b80b4b33f	10	65563168	87216840	14440	0.0682
81e8600a-2dd0-4603-9941-556b80b4b33f	10	87269486	87353136	15	0.6632
81e8600a-2dd0-4603-9941-556b80b4b33f	10	87357543	105457039	11306	0.082
81e8600a-2dd0-4603-9941-556b80b4b33f	10	105457926	107473808	1571	0.0067
81e8600a-2dd0-4603-9941-556b80b4b33f	10	107473968	128714239	15499	0.0811
81e8600a-2dd0-4603-9941-556b80b4b33f	10	128714659	133654968	3397	0.0144
81e8600a-2dd0-4603-9941-556b80b4b33f	11	198510	2120356	650	0.1076
81e8600a-2dd0-4603-9941-556b80b4b33f	11	2130990	2220091	28	0.5822
81e8600a-2dd0-4603-9941-556b80b4b33f	11	2223474	4705210	1469	0.0857
81e8600a-2dd0-4603-9941-556b80b4b33f	11	4705388	4705661	5	-1.2602
81e8600a-2dd0-4603-9941-556b80b4b33f	11	4707904	5762165	1079	0.0763
81e8600a-2dd0-4603-9941-556b80b4b33f	11	5762452	5787909	35	0.5532
81e8600a-2dd0-4603-9941-556b80b4b33f	11	5788108	8650000	2109	0.1078
81e8600a-2dd0-4603-9941-556b80b4b33f	11	8650589	14007799	4179	0.1371
81e8600a-2dd0-4603-9941-556b80b4b33f	11	14007987	32548116	13117	0.0922
81e8600a-2dd0-4603-9941-556b80b4b33f	11	32549008	37482914	3741	0.133
81e8600a-2dd0-4603-9941-556b80b4b33f	11	37484015	55593955	8076	0.0875
81e8600a-2dd0-4603-9941-556b80b4b33f	11	55595864	55679856	56	0.6127
81e8600a-2dd0-4603-9941-556b80b4b33f	11	55679989	89062604	19515	0.1037
81e8600a-2dd0-4603-9941-556b80b4b33f	11	89064218	93053336	2515	0.0484
81e8600a-2dd0-4603-9941-556b80b4b33f	11	93054466	99968957	5087	0.0984
81e8600a-2dd0-4603-9941-556b80b4b33f	11	99972614	99972870	3	-1.3756
81e8600a-2dd0-4603-9941-556b80b4b33f	11	99974970	103581184	2663	0.111
81e8600a-2dd0-4603-9941-556b80b4b33f	11	103581300	106469274	1998	0.039
81e8600a-2dd0-4603-9941-556b80b4b33f	11	106469954	121551260	10293	0.1068
81e8600a-2dd0-4603-9941-556b80b4b33f	11	121552353	125649982	2988	0.0482
81e8600a-2dd0-4603-9941-556b80b4b33f	11	125650953	126404108	509	0.1208
81e8600a-2dd0-4603-9941-556b80b4b33f	11	126404137	126408180	2	-1.1495
81e8600a-2dd0-4603-9941-556b80b4b33f	11	126408668	126883036	400	0.0817
81e8600a-2dd0-4603-9941-556b80b4b33f	11	126885579	126891571	3	-2.0953
81e8600a-2dd0-4603-9941-556b80b4b33f	11	126893049	135074876	6329	0.0873
81e8600a-2dd0-4603-9941-556b80b4b33f	12	51460	8194209	5537	0.1062
81e8600a-2dd0-4603-9941-556b80b4b33f	12	8204911	8220161	10	0.9455
81e8600a-2dd0-4603-9941-556b80b4b33f	12	8241232	10774060	1507	0.0687
81e8600a-2dd0-4603-9941-556b80b4b33f	12	10775580	17166712	4436	0.1478
81e8600a-2dd0-4603-9941-556b80b4b33f	12	17166889	20505542	2154	0.081
81e8600a-2dd0-4603-9941-556b80b4b33f	12	20505699	33570383	9431	0.1203
81e8600a-2dd0-4603-9941-556b80b4b33f	12	33570399	45506042	5319	0.0805
81e8600a-2dd0-4603-9941-556b80b4b33f	12	45510655	45515754	4	-1.4054
81e8600a-2dd0-4603-9941-556b80b4b33f	12	45519509	48331259	1718	0.1051
81e8600a-2dd0-4603-9941-556b80b4b33f	12	48331456	48331632	3	-1.6365
81e8600a-2dd0-4603-9941-556b80b4b33f	12	48336253	61502692	7562	0.1101
81e8600a-2dd0-4603-9941-556b80b4b33f	12	61503364	61503596	2	-1.4934
81e8600a-2dd0-4603-9941-556b80b4b33f	12	61503633	65863167	2608	0.1233
81e8600a-2dd0-4603-9941-556b80b4b33f	12	65870404	69685185	2776	0.0747
81e8600a-2dd0-4603-9941-556b80b4b33f	12	69685736	74441783	2921	0.1235
81e8600a-2dd0-4603-9941-556b80b4b33f	12	74441882	77630614	2136	0.1705
81e8600a-2dd0-4603-9941-556b80b4b33f	12	77630867	90089573	7516	0.0942
81e8600a-2dd0-4603-9941-556b80b4b33f	12	90097892	90098297	7	-0.9887
81e8600a-2dd0-4603-9941-556b80b4b33f	12	90099780	126701859	24289	0.1001
81e8600a-2dd0-4603-9941-556b80b4b33f	12	126702274	129155607	2193	0.0508
81e8600a-2dd0-4603-9941-556b80b4b33f	12	129157531	129400352	250	0.1118
81e8600a-2dd0-4603-9941-556b80b4b33f	12	129400537	130460017	949	0.205
81e8600a-2dd0-4603-9941-556b80b4b33f	12	130462254	133201603	1513	0.0927
81e8600a-2dd0-4603-9941-556b80b4b33f	13	18452809	20246642	873	0.5609
81e8600a-2dd0-4603-9941-556b80b4b33f	13	20253112	20253801	2	-4.3666
81e8600a-2dd0-4603-9941-556b80b4b33f	13	20258408	23606231	2406	0.6064
81e8600a-2dd0-4603-9941-556b80b4b33f	13	23608360	23959973	271	0.7499
81e8600a-2dd0-4603-9941-556b80b4b33f	13	23968624	32356507	6389	0.6007
81e8600a-2dd0-4603-9941-556b80b4b33f	13	32356522	32357365	8	-0.2568
81e8600a-2dd0-4603-9941-556b80b4b33f	13	32357383	37496998	3538	0.5819
81e8600a-2dd0-4603-9941-556b80b4b33f	13	37497899	37514193	17	1.5201
81e8600a-2dd0-4603-9941-556b80b4b33f	13	37514237	41645766	2887	0.5804
81e8600a-2dd0-4603-9941-556b80b4b33f	13	41646522	45543700	2668	0.6583
81e8600a-2dd0-4603-9941-556b80b4b33f	13	45544939	48896872	2422	0.5872
81e8600a-2dd0-4603-9941-556b80b4b33f	13	48896911	51057037	1190	0.6546
81e8600a-2dd0-4603-9941-556b80b4b33f	13	51057128	70140512	11259	0.5753
81e8600a-2dd0-4603-9941-556b80b4b33f	13	70140992	73956401	2635	0.668
81e8600a-2dd0-4603-9941-556b80b4b33f	13	73956484	83527056	6412	0.5918
81e8600a-2dd0-4603-9941-556b80b4b33f	13	83531714	83581877	45	-0.87
81e8600a-2dd0-4603-9941-556b80b4b33f	13	83586994	105272213	14681	0.5843
81e8600a-2dd0-4603-9941-556b80b4b33f	13	105272953	105919278	526	0.7209
81e8600a-2dd0-4603-9941-556b80b4b33f	13	105919541	114342922	5944	0.5966
81e8600a-2dd0-4603-9941-556b80b4b33f	14	18239283	19957752	171	-0.1293
81e8600a-2dd0-4603-9941-556b80b4b33f	14	19958388	21649259	1118	-0.5564
81e8600a-2dd0-4603-9941-556b80b4b33f	14	21653705	22989947	1019	-0.4322
81e8600a-2dd0-4603-9941-556b80b4b33f	14	22996260	48721773	15905	-0.5739
81e8600a-2dd0-4603-9941-556b80b4b33f	14	48726303	49364477	354	-2.6557
81e8600a-2dd0-4603-9941-556b80b4b33f	14	49366783	85228469	23313	-0.5714
81e8600a-2dd0-4603-9941-556b80b4b33f	14	85232215	85411103	126	-3.3255
81e8600a-2dd0-4603-9941-556b80b4b33f	14	85413361	88094954	1813	-0.6268
81e8600a-2dd0-4603-9941-556b80b4b33f	14	88101573	88108760	4	-2.3229
81e8600a-2dd0-4603-9941-556b80b4b33f	14	88109798	89289708	754	-0.5977
81e8600a-2dd0-4603-9941-556b80b4b33f	14	89289978	89290086	2	-2.79
81e8600a-2dd0-4603-9941-556b80b4b33f	14	89290152	100811449	8112	-0.5778
81e8600a-2dd0-4603-9941-556b80b4b33f	14	100811871	100812441	2	-3.5067
81e8600a-2dd0-4603-9941-556b80b4b33f	14	100813498	105632009	2116	-0.5602
81e8600a-2dd0-4603-9941-556b80b4b33f	14	105632424	105650524	4	-2.5811
81e8600a-2dd0-4603-9941-556b80b4b33f	14	105653302	106258891	183	-0.4564
81e8600a-2dd0-4603-9941-556b80b4b33f	14	106260759	106294285	16	-1.1255
81e8600a-2dd0-4603-9941-556b80b4b33f	14	106294689	106418444	56	-0.2759
81e8600a-2dd0-4603-9941-556b80b4b33f	14	106423925	106475361	50	-1.6266
81e8600a-2dd0-4603-9941-556b80b4b33f	14	106487515	106877229	193	-0.5939
81e8600a-2dd0-4603-9941-556b80b4b33f	15	19811075	24259010	1134	0.0621
81e8600a-2dd0-4603-9941-556b80b4b33f	15	24263561	24473026	97	0.6661
81e8600a-2dd0-4603-9941-556b80b4b33f	15	24473449	29150322	2959	0.0464
81e8600a-2dd0-4603-9941-556b80b4b33f	15	29150454	61392006	20606	0.089
81e8600a-2dd0-4603-9941-556b80b4b33f	15	61395970	61405782	17	-0.9549
81e8600a-2dd0-4603-9941-556b80b4b33f	15	61408185	61482763	59	0.0328
81e8600a-2dd0-4603-9941-556b80b4b33f	15	61483511	68448540	4442	0.1331
81e8600a-2dd0-4603-9941-556b80b4b33f	15	68462743	68462863	2	-1.5988
81e8600a-2dd0-4603-9941-556b80b4b33f	15	68463036	76586021	4606	0.134
81e8600a-2dd0-4603-9941-556b80b4b33f	15	76598900	76603428	17	0.9878
81e8600a-2dd0-4603-9941-556b80b4b33f	15	76603430	86537985	5977	0.1319
81e8600a-2dd0-4603-9941-556b80b4b33f	15	86538239	88364684	1539	0.0711
81e8600a-2dd0-4603-9941-556b80b4b33f	15	88365439	94510991	4611	0.1284
81e8600a-2dd0-4603-9941-556b80b4b33f	15	94517576	101928837	5491	0.0966
81e8600a-2dd0-4603-9941-556b80b4b33f	16	10777	497326	228	-0.6868
81e8600a-2dd0-4603-9941-556b80b4b33f	16	499873	7968709	5386	0.0945
81e8600a-2dd0-4603-9941-556b80b4b33f	16	7972873	9650238	1496	0.1923
81e8600a-2dd0-4603-9941-556b80b4b33f	16	9654344	14802340	3993	0.1068
81e8600a-2dd0-4603-9941-556b80b4b33f	16	14803944	14965891	44	-0.3407
81e8600a-2dd0-4603-9941-556b80b4b33f	16	14966829	35236927	9031	0.1119
81e8600a-2dd0-4603-9941-556b80b4b33f	16	35237093	35511822	160	0.4942
81e8600a-2dd0-4603-9941-556b80b4b33f	16	35514333	35897784	124	0.091
81e8600a-2dd0-4603-9941-556b80b4b33f	16	35898778	35989290	13	-0.4677
81e8600a-2dd0-4603-9941-556b80b4b33f	16	36048855	59647934	8884	0.1353
81e8600a-2dd0-4603-9941-556b80b4b33f	16	59648406	65640824	4010	0.0739
81e8600a-2dd0-4603-9941-556b80b4b33f	16	65643566	90096867	18513	0.1238
81e8600a-2dd0-4603-9941-556b80b4b33f	17	150733	4597720	2414	-0.5713
81e8600a-2dd0-4603-9941-556b80b4b33f	17	4598258	8033673	1967	-0.6928
81e8600a-2dd0-4603-9941-556b80b4b33f	17	8037436	8071153	15	-4.5321
81e8600a-2dd0-4603-9941-556b80b4b33f	17	8071180	8388306	149	-0.5999
81e8600a-2dd0-4603-9941-556b80b4b33f	17	8390202	14637455	4684	-0.7084
81e8600a-2dd0-4603-9941-556b80b4b33f	17	14638348	19725150	2613	-0.6283
81e8600a-2dd0-4603-9941-556b80b4b33f	17	19728107	19728602	2	-2.9312
81e8600a-2dd0-4603-9941-556b80b4b33f	17	19734227	22736323	1018	-0.6277
81e8600a-2dd0-4603-9941-556b80b4b33f	17	26943491	41265433	7918	0.1244
81e8600a-2dd0-4603-9941-556b80b4b33f	17	41265456	41277289	40	0.6649
81e8600a-2dd0-4603-9941-556b80b4b33f	17	41282110	46084941	2482	0.1229
81e8600a-2dd0-4603-9941-556b80b4b33f	17	46085231	46446360	130	-0.181
81e8600a-2dd0-4603-9941-556b80b4b33f	17	46569894	59948423	8213	0.1254
81e8600a-2dd0-4603-9941-556b80b4b33f	17	59950268	62240218	1137	-0.6324
81e8600a-2dd0-4603-9941-556b80b4b33f	17	62242125	65256749	1398	0.1182
81e8600a-2dd0-4603-9941-556b80b4b33f	17	65257569	66207155	588	0.2063
81e8600a-2dd0-4603-9941-556b80b4b33f	17	66207607	70844097	3103	0.1038
81e8600a-2dd0-4603-9941-556b80b4b33f	17	70845900	73084608	1859	0.1871
81e8600a-2dd0-4603-9941-556b80b4b33f	17	73084745	83091923	5274	0.1066
81e8600a-2dd0-4603-9941-556b80b4b33f	18	48133	6714953	4772	-0.147
81e8600a-2dd0-4603-9941-556b80b4b33f	18	6719022	8978289	1805	-0.2225
81e8600a-2dd0-4603-9941-556b80b4b33f	18	8978367	15401764	3824	-0.1614
81e8600a-2dd0-4603-9941-556b80b4b33f	18	15402409	24835474	2206	-0.6317
81e8600a-2dd0-4603-9941-556b80b4b33f	18	24837079	29577035	3005	-0.7234
81e8600a-2dd0-4603-9941-556b80b4b33f	18	29582788	36488015	4367	-0.6404
81e8600a-2dd0-4603-9941-556b80b4b33f	18	36489719	36663290	181	-3.5797
81e8600a-2dd0-4603-9941-556b80b4b33f	18	36664009	36681548	49	-1.6204
81e8600a-2dd0-4603-9941-556b80b4b33f	18	36684725	36820991	97	-3.232
81e8600a-2dd0-4603-9941-556b80b4b33f	18	36821039	36831339	9	-1.1231
81e8600a-2dd0-4603-9941-556b80b4b33f	18	36831390	36862289	34	-1.8522
81e8600a-2dd0-4603-9941-556b80b4b33f	18	36863503	69540616	22497	-0.6851
81e8600a-2dd0-4603-9941-556b80b4b33f	18	69541156	69550035	7	-4.0535
81e8600a-2dd0-4603-9941-556b80b4b33f	18	69550306	80257174	7774	-0.7056
81e8600a-2dd0-4603-9941-556b80b4b33f	19	90910	24399775	11162	0.5324
81e8600a-2dd0-4603-9941-556b80b4b33f	19	24400510	42950466	9329	0.078
81e8600a-2dd0-4603-9941-556b80b4b33f	19	42953902	42992589	19	-0.8653
81e8600a-2dd0-4603-9941-556b80b4b33f	19	42996296	43208098	94	0.0409
81e8600a-2dd0-4603-9941-556b80b4b33f	19	43208446	43230258	12	-0.7172
81e8600a-2dd0-4603-9941-556b80b4b33f	19	43231593	58586487	8500	0.0846
81e8600a-2dd0-4603-9941-556b80b4b33f	20	80664	80667	4	0.5072
81e8600a-2dd0-4603-9941-556b80b4b33f	20	80668	1571811	1179	-0.0554
81e8600a-2dd0-4603-9941-556b80b4b33f	20	1576544	1580141	17	-2.4704
81e8600a-2dd0-4603-9941-556b80b4b33f	20	1580156	1601561	40	0.162
81e8600a-2dd0-4603-9941-556b80b4b33f	20	1609611	1613247	5	3.2483
81e8600a-2dd0-4603-9941-556b80b4b33f	20	1617300	14790826	9909	-0.0575
81e8600a-2dd0-4603-9941-556b80b4b33f	20	14801038	14843259	68	-1.0767
81e8600a-2dd0-4603-9941-556b80b4b33f	20	14849950	15082568	217	-0.0694
81e8600a-2dd0-4603-9941-556b80b4b33f	20	15083268	15186129	99	-1.0474
81e8600a-2dd0-4603-9941-556b80b4b33f	20	15188051	22271637	5693	-0.049
81e8600a-2dd0-4603-9941-556b80b4b33f	20	22271977	22967142	610	0.174
81e8600a-2dd0-4603-9941-556b80b4b33f	20	22974528	30185676	2175	0.0547
81e8600a-2dd0-4603-9941-556b80b4b33f	20	30193847	36970612	2764	0.7804
81e8600a-2dd0-4603-9941-556b80b4b33f	20	36970994	37094427	160	0.5869
81e8600a-2dd0-4603-9941-556b80b4b33f	20	37097999	54028258	11953	0.7863
81e8600a-2dd0-4603-9941-556b80b4b33f	20	54028329	54042112	38	-0.4999
81e8600a-2dd0-4603-9941-556b80b4b33f	20	54046035	59093234	4034	0.8046
81e8600a-2dd0-4603-9941-556b80b4b33f	20	59093299	64240305	3385	0.7525
81e8600a-2dd0-4603-9941-556b80b4b33f	20	64240599	64324800	38	0.9033
81e8600a-2dd0-4603-9941-556b80b4b33f	21	10354168	10775586	87	-0.7182
81e8600a-2dd0-4603-9941-556b80b4b33f	21	12973348	13582956	181	0.0992
81e8600a-2dd0-4603-9941-556b80b4b33f	21	13583316	13612103	2	1.697
81e8600a-2dd0-4603-9941-556b80b4b33f	21	13634568	19227422	3715	0.1234
81e8600a-2dd0-4603-9941-556b80b4b33f	21	19229543	21866062	2020	0.0624
81e8600a-2dd0-4603-9941-556b80b4b33f	21	21866432	21867294	4	-1.2324
81e8600a-2dd0-4603-9941-556b80b4b33f	21	21867443	25646453	2852	0.0628
81e8600a-2dd0-4603-9941-556b80b4b33f	21	25647014	38381424	9135	0.1168
81e8600a-2dd0-4603-9941-556b80b4b33f	21	38382048	38382183	2	-1.7306
81e8600a-2dd0-4603-9941-556b80b4b33f	21	38382288	42288226	3550	0.159
81e8600a-2dd0-4603-9941-556b80b4b33f	21	42288380	46677045	2325	0.0971
81e8600a-2dd0-4603-9941-556b80b4b33f	22	15294547	20177186	1934	-0.6713
81e8600a-2dd0-4603-9941-556b80b4b33f	22	20177743	20178109	2	-3.6922
81e8600a-2dd0-4603-9941-556b80b4b33f	22	20180719	25323217	3292	-0.6246
81e8600a-2dd0-4603-9941-556b80b4b33f	22	25323321	25323946	2	-3.3695
81e8600a-2dd0-4603-9941-556b80b4b33f	22	25325796	25358376	48	-0.4844
81e8600a-2dd0-4603-9941-556b80b4b33f	22	25359632	25359682	2	-3.4422
81e8600a-2dd0-4603-9941-556b80b4b33f	22	25360142	36802665	8735	-0.6659
81e8600a-2dd0-4603-9941-556b80b4b33f	22	36802958	36806135	4	-3.6859
81e8600a-2dd0-4603-9941-556b80b4b33f	22	36806787	48266525	7410	-0.6746
81e8600a-2dd0-4603-9941-556b80b4b33f	22	48266726	50353801	1543	-0.7716
81e8600a-2dd0-4603-9941-556b80b4b33f	22	50358632	50796027	218	-0.5683
81e8600a-2dd0-4603-9941-556b80b4b33f	X	251810	9331809	5020	0.0036
81e8600a-2dd0-4603-9941-556b80b4b33f	X	9337694	25528568	10419	0.0685
81e8600a-2dd0-4603-9941-556b80b4b33f	X	25529032	27534876	1296	-0.013
81e8600a-2dd0-4603-9941-556b80b4b33f	X	27534981	27535394	2	-2.8354
81e8600a-2dd0-4603-9941-556b80b4b33f	X	27535772	32045334	2940	0.0353
81e8600a-2dd0-4603-9941-556b80b4b33f	X	32048727	37730746	3508	-0.0195
81e8600a-2dd0-4603-9941-556b80b4b33f	X	37730985	54728116	8406	0.0543
81e8600a-2dd0-4603-9941-556b80b4b33f	X	54728163	64751052	2471	-0.0415
81e8600a-2dd0-4603-9941-556b80b4b33f	X	64751338	77158195	5673	0.0365
81e8600a-2dd0-4603-9941-556b80b4b33f	X	77173605	77179265	2	3.749
81e8600a-2dd0-4603-9941-556b80b4b33f	X	77179707	80947000	1722	-0.0312
81e8600a-2dd0-4603-9941-556b80b4b33f	X	80948711	80948972	2	-4.1901
81e8600a-2dd0-4603-9941-556b80b4b33f	X	80953445	95898345	7863	-0.0315
81e8600a-2dd0-4603-9941-556b80b4b33f	X	95901679	110384179	7601	0.0273
81e8600a-2dd0-4603-9941-556b80b4b33f	X	110386848	112364354	1127	-0.0666
81e8600a-2dd0-4603-9941-556b80b4b33f	X	112364382	112365498	3	-2.6067
81e8600a-2dd0-4603-9941-556b80b4b33f	X	112366097	113512004	688	-0.0659
81e8600a-2dd0-4603-9941-556b80b4b33f	X	113512475	113513053	5	-2.4529
81e8600a-2dd0-4603-9941-556b80b4b33f	X	113513258	135680228	12468	0.024
81e8600a-2dd0-4603-9941-556b80b4b33f	X	135685201	149187073	8737	-0.055
81e8600a-2dd0-4603-9941-556b80b4b33f	X	149201397	155952689	3521	0.0406
81e8600a-2dd0-4603-9941-556b80b4b33f	Y	2782397	56872112	6639	-0.8849
