GDC_Aliquot	Chromosome	Start	End	Copy_Number	Major_Copy_Number	Minor_Copy_Number
cb271cc2-66b3-4ce9-bbb6-dd66931c9833	chr1	62920	25256800	2	1	1
cb271cc2-66b3-4ce9-bbb6-dd66931c9833	chr1	25256850	25320455	0	0	0
cb271cc2-66b3-4ce9-bbb6-dd66931c9833	chr1	25336819	83471513	2	1	1
cb271cc2-66b3-4ce9-bbb6-dd66931c9833	chr1	83476458	83702854	1	1	0
cb271cc2-66b3-4ce9-bbb6-dd66931c9833	chr1	83704485	84192779	2	1	1
cb271cc2-66b3-4ce9-bbb6-dd66931c9833	chr1	84193446	84474832	1	1	0
cb271cc2-66b3-4ce9-bbb6-dd66931c9833	chr1	84481494	89728909	2	1	1
cb271cc2-66b3-4ce9-bbb6-dd66931c9833	chr1	89729340	91765288	1	1	0
cb271cc2-66b3-4ce9-bbb6-dd66931c9833	chr1	91766596	96814757	2	1	1
cb271cc2-66b3-4ce9-bbb6-dd66931c9833	chr1	96815250	107689008	1	1	0
cb271cc2-66b3-4ce9-bbb6-dd66931c9833	chr1	107693184	108531682	2	1	1
cb271cc2-66b3-4ce9-bbb6-dd66931c9833	chr1	108532183	108563491	2	2	0
cb271cc2-66b3-4ce9-bbb6-dd66931c9833	chr1	108563909	117810801	1	1	0
cb271cc2-66b3-4ce9-bbb6-dd66931c9833	chr1	117811929	119151764	2	1	1
cb271cc2-66b3-4ce9-bbb6-dd66931c9833	chr1	119157601	120146498	1	1	0
cb271cc2-66b3-4ce9-bbb6-dd66931c9833	chr1	120381544	248930189	2	1	1
cb271cc2-66b3-4ce9-bbb6-dd66931c9833	chr2	12784	3477866	2	1	1
cb271cc2-66b3-4ce9-bbb6-dd66931c9833	chr2	3478086	3505916	4	2	2
cb271cc2-66b3-4ce9-bbb6-dd66931c9833	chr2	3507273	232868642	2	1	1
cb271cc2-66b3-4ce9-bbb6-dd66931c9833	chr2	232869373	232891814	5	3	2
cb271cc2-66b3-4ce9-bbb6-dd66931c9833	chr2	232892269	241666621	2	1	1
cb271cc2-66b3-4ce9-bbb6-dd66931c9833	chr2	241673369	242147305	1	1	0
cb271cc2-66b3-4ce9-bbb6-dd66931c9833	chr3	20930	60056457	2	1	1
cb271cc2-66b3-4ce9-bbb6-dd66931c9833	chr3	60056898	60152164	3	2	1
cb271cc2-66b3-4ce9-bbb6-dd66931c9833	chr3	60152220	198169247	2	1	1
cb271cc2-66b3-4ce9-bbb6-dd66931c9833	chr4	68929	38828278	2	1	1
cb271cc2-66b3-4ce9-bbb6-dd66931c9833	chr4	38828495	67311781	2	2	0
cb271cc2-66b3-4ce9-bbb6-dd66931c9833	chr4	67312796	68509237	2	1	1
cb271cc2-66b3-4ce9-bbb6-dd66931c9833	chr4	68509442	68623617	0	0	0
cb271cc2-66b3-4ce9-bbb6-dd66931c9833	chr4	68639397	143760836	2	1	1
cb271cc2-66b3-4ce9-bbb6-dd66931c9833	chr4	143761006	152194007	2	2	0
cb271cc2-66b3-4ce9-bbb6-dd66931c9833	chr4	152194818	171218947	2	1	1
cb271cc2-66b3-4ce9-bbb6-dd66931c9833	chr4	171221407	171225117	1	1	0
cb271cc2-66b3-4ce9-bbb6-dd66931c9833	chr4	171226326	190106768	2	1	1
cb271cc2-66b3-4ce9-bbb6-dd66931c9833	chr5	15532	9355049	2	1	1
cb271cc2-66b3-4ce9-bbb6-dd66931c9833	chr5	9355175	9356882	1	1	0
cb271cc2-66b3-4ce9-bbb6-dd66931c9833	chr5	9356895	33944112	2	1	1
cb271cc2-66b3-4ce9-bbb6-dd66931c9833	chr5	33945496	34752592	4	3	1
cb271cc2-66b3-4ce9-bbb6-dd66931c9833	chr5	34753235	61259437	2	1	1
cb271cc2-66b3-4ce9-bbb6-dd66931c9833	chr5	61260095	61277320	4	2	2
cb271cc2-66b3-4ce9-bbb6-dd66931c9833	chr5	61277660	137216309	2	1	1
cb271cc2-66b3-4ce9-bbb6-dd66931c9833	chr5	137217096	137274303	1	1	0
cb271cc2-66b3-4ce9-bbb6-dd66931c9833	chr5	137274433	181363319	2	1	1
cb271cc2-66b3-4ce9-bbb6-dd66931c9833	chr6	149661	46664149	2	1	1
cb271cc2-66b3-4ce9-bbb6-dd66931c9833	chr6	46664269	56407074	2	2	0
cb271cc2-66b3-4ce9-bbb6-dd66931c9833	chr6	56407183	113695581	2	1	1
cb271cc2-66b3-4ce9-bbb6-dd66931c9833	chr6	113695964	114135763	2	2	0
cb271cc2-66b3-4ce9-bbb6-dd66931c9833	chr6	114136220	170741917	2	1	1
cb271cc2-66b3-4ce9-bbb6-dd66931c9833	chr7	43259	24471592	2	1	1
cb271cc2-66b3-4ce9-bbb6-dd66931c9833	chr7	24471867	27284998	2	2	0
cb271cc2-66b3-4ce9-bbb6-dd66931c9833	chr7	27288188	70856353	2	1	1
cb271cc2-66b3-4ce9-bbb6-dd66931c9833	chr7	70858428	70899527	4	3	1
cb271cc2-66b3-4ce9-bbb6-dd66931c9833	chr7	70900257	109797612	2	1	1
cb271cc2-66b3-4ce9-bbb6-dd66931c9833	chr7	109797616	109813853	0	0	0
cb271cc2-66b3-4ce9-bbb6-dd66931c9833	chr7	109813925	159334314	2	1	1
cb271cc2-66b3-4ce9-bbb6-dd66931c9833	chr8	81254	20251981	3	2	1
cb271cc2-66b3-4ce9-bbb6-dd66931c9833	chr8	20252298	20272868	5	4	1
cb271cc2-66b3-4ce9-bbb6-dd66931c9833	chr8	20273305	41274109	3	2	1
cb271cc2-66b3-4ce9-bbb6-dd66931c9833	chr8	41276552	41560616	3	3	0
cb271cc2-66b3-4ce9-bbb6-dd66931c9833	chr8	41560644	41664403	4	3	1
cb271cc2-66b3-4ce9-bbb6-dd66931c9833	chr8	41666227	97836138	3	2	1
cb271cc2-66b3-4ce9-bbb6-dd66931c9833	chr8	97836681	97851874	6	3	3
cb271cc2-66b3-4ce9-bbb6-dd66931c9833	chr8	97852095	101145254	3	2	1
cb271cc2-66b3-4ce9-bbb6-dd66931c9833	chr8	101146586	102130220	3	3	0
cb271cc2-66b3-4ce9-bbb6-dd66931c9833	chr8	102130338	145072769	3	2	1
cb271cc2-66b3-4ce9-bbb6-dd66931c9833	chr9	46587	121027356	2	1	1
cb271cc2-66b3-4ce9-bbb6-dd66931c9833	chr9	121028578	121580934	2	2	0
cb271cc2-66b3-4ce9-bbb6-dd66931c9833	chr9	121581314	138200944	2	1	1
cb271cc2-66b3-4ce9-bbb6-dd66931c9833	chr10	45792	45998155	2	1	1
cb271cc2-66b3-4ce9-bbb6-dd66931c9833	chr10	46169953	47729691	4	3	1
cb271cc2-66b3-4ce9-bbb6-dd66931c9833	chr10	47993783	95105427	2	1	1
cb271cc2-66b3-4ce9-bbb6-dd66931c9833	chr10	95105451	95115957	8	8	0
cb271cc2-66b3-4ce9-bbb6-dd66931c9833	chr10	95116202	133654968	2	1	1
cb271cc2-66b3-4ce9-bbb6-dd66931c9833	chr11	198510	44848507	2	1	1
cb271cc2-66b3-4ce9-bbb6-dd66931c9833	chr11	44850228	44865003	1	1	0
cb271cc2-66b3-4ce9-bbb6-dd66931c9833	chr11	44865042	86902392	2	1	1
cb271cc2-66b3-4ce9-bbb6-dd66931c9833	chr11	86903987	87000502	3	2	1
cb271cc2-66b3-4ce9-bbb6-dd66931c9833	chr11	87003754	135074876	2	1	1
cb271cc2-66b3-4ce9-bbb6-dd66931c9833	chr12	51460	34286943	2	1	1
cb271cc2-66b3-4ce9-bbb6-dd66931c9833	chr12	34291867	34423775	5	3	2
cb271cc2-66b3-4ce9-bbb6-dd66931c9833	chr12	34424876	133201603	2	1	1
cb271cc2-66b3-4ce9-bbb6-dd66931c9833	chr13	18452809	74052104	2	1	1
cb271cc2-66b3-4ce9-bbb6-dd66931c9833	chr13	74052920	74086581	1	1	0
cb271cc2-66b3-4ce9-bbb6-dd66931c9833	chr13	74087304	114342922	2	1	1
cb271cc2-66b3-4ce9-bbb6-dd66931c9833	chr14	18239283	21956321	2	1	1
cb271cc2-66b3-4ce9-bbb6-dd66931c9833	chr14	21960136	22530451	1	1	0
cb271cc2-66b3-4ce9-bbb6-dd66931c9833	chr14	22530607	105542308	2	1	1
cb271cc2-66b3-4ce9-bbb6-dd66931c9833	chr14	105544971	106320716	4	4	0
cb271cc2-66b3-4ce9-bbb6-dd66931c9833	chr14	106321086	106877229	3	2	1
cb271cc2-66b3-4ce9-bbb6-dd66931c9833	chr15	19811075	35703722	2	1	1
cb271cc2-66b3-4ce9-bbb6-dd66931c9833	chr15	35706809	56497449	2	2	0
cb271cc2-66b3-4ce9-bbb6-dd66931c9833	chr15	56498505	56508779	0	0	0
cb271cc2-66b3-4ce9-bbb6-dd66931c9833	chr15	56509425	57884779	2	2	0
cb271cc2-66b3-4ce9-bbb6-dd66931c9833	chr15	57885289	101928837	2	1	1
cb271cc2-66b3-4ce9-bbb6-dd66931c9833	chr16	10777	6497043	2	1	1
cb271cc2-66b3-4ce9-bbb6-dd66931c9833	chr16	6497498	6532545	0	0	0
cb271cc2-66b3-4ce9-bbb6-dd66931c9833	chr16	6532832	6680188	1	1	0
cb271cc2-66b3-4ce9-bbb6-dd66931c9833	chr16	6680940	6752434	0	0	0
cb271cc2-66b3-4ce9-bbb6-dd66931c9833	chr16	6755912	6814999	1	1	0
cb271cc2-66b3-4ce9-bbb6-dd66931c9833	chr16	6815070	6898174	0	0	0
cb271cc2-66b3-4ce9-bbb6-dd66931c9833	chr16	6899725	6924618	1	1	0
cb271cc2-66b3-4ce9-bbb6-dd66931c9833	chr16	6927963	19933041	2	1	1
cb271cc2-66b3-4ce9-bbb6-dd66931c9833	chr16	19934328	19956040	0	0	0
cb271cc2-66b3-4ce9-bbb6-dd66931c9833	chr16	19958932	35225338	2	1	1
cb271cc2-66b3-4ce9-bbb6-dd66931c9833	chr16	35232200	36048855	3	2	1
cb271cc2-66b3-4ce9-bbb6-dd66931c9833	chr16	46441986	66351854	2	1	1
cb271cc2-66b3-4ce9-bbb6-dd66931c9833	chr16	66352808	78780557	2	2	0
cb271cc2-66b3-4ce9-bbb6-dd66931c9833	chr16	78781680	78868845	1	1	0
cb271cc2-66b3-4ce9-bbb6-dd66931c9833	chr16	78871353	85920076	2	2	0
cb271cc2-66b3-4ce9-bbb6-dd66931c9833	chr16	85920681	86502773	1	1	0
cb271cc2-66b3-4ce9-bbb6-dd66931c9833	chr16	86503089	90096867	2	1	1
cb271cc2-66b3-4ce9-bbb6-dd66931c9833	chr17	150733	41266838	2	1	1
cb271cc2-66b3-4ce9-bbb6-dd66931c9833	chr17	41266851	41274279	0	0	0
cb271cc2-66b3-4ce9-bbb6-dd66931c9833	chr17	41276472	83091923	2	1	1
cb271cc2-66b3-4ce9-bbb6-dd66931c9833	chr18	48133	78092002	2	1	1
cb271cc2-66b3-4ce9-bbb6-dd66931c9833	chr18	78092181	78099267	1	1	0
cb271cc2-66b3-4ce9-bbb6-dd66931c9833	chr18	78100182	80257174	2	1	1
cb271cc2-66b3-4ce9-bbb6-dd66931c9833	chr19	90910	38058470	2	1	1
cb271cc2-66b3-4ce9-bbb6-dd66931c9833	chr19	38059095	38114011	1	1	0
cb271cc2-66b3-4ce9-bbb6-dd66931c9833	chr19	38114474	58586487	2	1	1
cb271cc2-66b3-4ce9-bbb6-dd66931c9833	chr20	80664	64324800	2	1	1
cb271cc2-66b3-4ce9-bbb6-dd66931c9833	chr21	12973348	46677045	2	1	1
cb271cc2-66b3-4ce9-bbb6-dd66931c9833	chr22	16392123	50796027	2	1	1
cb271cc2-66b3-4ce9-bbb6-dd66931c9833	chrX	251810	2376598	2	1	1
cb271cc2-66b3-4ce9-bbb6-dd66931c9833	chrX	2377218	2446094	1	1	0
cb271cc2-66b3-4ce9-bbb6-dd66931c9833	chrX	2450101	2465472	3	2	1
cb271cc2-66b3-4ce9-bbb6-dd66931c9833	chrX	2467531	2775134	2	1	1
cb271cc2-66b3-4ce9-bbb6-dd66931c9833	chrX	2775583	155239456	0	0	0
cb271cc2-66b3-4ce9-bbb6-dd66931c9833	chrX	155244980	156004181	1	1	0
cb271cc2-66b3-4ce9-bbb6-dd66931c9833	chrY	2782397	26653788	2	2	0
cb271cc2-66b3-4ce9-bbb6-dd66931c9833	chrY	56872112	56872112	0	0	0
