GDC_Aliquot	Chromosome	Start	End	Num_Probes	Segment_Mean
1009b1ce-2f2d-4b95-929b-18f52a4a47e4	1	62920	49132190	27265	-0.0012
1009b1ce-2f2d-4b95-929b-18f52a4a47e4	1	49133668	49256621	49	-0.5534
1009b1ce-2f2d-4b95-929b-18f52a4a47e4	1	49263596	72303233	15449	-0.0009
1009b1ce-2f2d-4b95-929b-18f52a4a47e4	1	72303253	72345465	45	-1.2553
1009b1ce-2f2d-4b95-929b-18f52a4a47e4	1	72346221	78323769	3766	-0.0147
1009b1ce-2f2d-4b95-929b-18f52a4a47e4	1	78323890	78324107	2	2.2103
1009b1ce-2f2d-4b95-929b-18f52a4a47e4	1	78329348	109690415	19824	-0.0097
1009b1ce-2f2d-4b95-929b-18f52a4a47e4	1	109690431	109697533	10	0.6525
1009b1ce-2f2d-4b95-929b-18f52a4a47e4	1	109697556	115841777	4320	-0.0039
1009b1ce-2f2d-4b95-929b-18f52a4a47e4	1	115842846	143713743	2905	0.0177
1009b1ce-2f2d-4b95-929b-18f52a4a47e4	1	143713884	144432083	38	0.3632
1009b1ce-2f2d-4b95-929b-18f52a4a47e4	1	144432313	153677583	3166	0.0266
1009b1ce-2f2d-4b95-929b-18f52a4a47e4	1	153682575	196758720	28828	-0.0128
1009b1ce-2f2d-4b95-929b-18f52a4a47e4	1	196761905	196762956	3	-1.6243
1009b1ce-2f2d-4b95-929b-18f52a4a47e4	1	196769493	196855470	63	0.3372
1009b1ce-2f2d-4b95-929b-18f52a4a47e4	1	196858725	209897717	8770	-0.0122
1009b1ce-2f2d-4b95-929b-18f52a4a47e4	1	209908268	209908720	2	-1.7589
1009b1ce-2f2d-4b95-929b-18f52a4a47e4	1	209910639	222847162	8934	-0.0198
1009b1ce-2f2d-4b95-929b-18f52a4a47e4	1	222849581	222850262	2	-2.3629
1009b1ce-2f2d-4b95-929b-18f52a4a47e4	1	222850427	223470919	405	-0.0347
1009b1ce-2f2d-4b95-929b-18f52a4a47e4	1	223471064	224989718	938	0.0053
1009b1ce-2f2d-4b95-929b-18f52a4a47e4	1	224990397	226038016	621	0.0733
1009b1ce-2f2d-4b95-929b-18f52a4a47e4	1	226038916	235542322	6568	0.0028
1009b1ce-2f2d-4b95-929b-18f52a4a47e4	1	235542373	246348722	8026	-0.0296
1009b1ce-2f2d-4b95-929b-18f52a4a47e4	1	246352273	246859425	335	0.5092
1009b1ce-2f2d-4b95-929b-18f52a4a47e4	1	246863902	248930189	1175	0.0058
1009b1ce-2f2d-4b95-929b-18f52a4a47e4	2	12784	13060284	9998	-0.0192
1009b1ce-2f2d-4b95-929b-18f52a4a47e4	2	13062181	13140124	42	1.0066
1009b1ce-2f2d-4b95-929b-18f52a4a47e4	2	13142715	34427804	14025	-0.0087
1009b1ce-2f2d-4b95-929b-18f52a4a47e4	2	34434869	34515960	64	0.2285
1009b1ce-2f2d-4b95-929b-18f52a4a47e4	2	34517843	35742057	860	-0.019
1009b1ce-2f2d-4b95-929b-18f52a4a47e4	2	35742319	35762850	9	0.731
1009b1ce-2f2d-4b95-929b-18f52a4a47e4	2	35762881	41011095	3927	0.0079
1009b1ce-2f2d-4b95-929b-18f52a4a47e4	2	41011303	41018409	21	-0.6517
1009b1ce-2f2d-4b95-929b-18f52a4a47e4	2	41018747	50604596	6856	-0.0026
1009b1ce-2f2d-4b95-929b-18f52a4a47e4	2	50610356	50610570	2	-1.8498
1009b1ce-2f2d-4b95-929b-18f52a4a47e4	2	50612068	52527330	1320	-0.0364
1009b1ce-2f2d-4b95-929b-18f52a4a47e4	2	52527342	52554404	39	0.4982
1009b1ce-2f2d-4b95-929b-18f52a4a47e4	2	52560811	97359885	23842	-0.0159
1009b1ce-2f2d-4b95-929b-18f52a4a47e4	2	97524284	97560849	15	0.6413
1009b1ce-2f2d-4b95-929b-18f52a4a47e4	2	97562741	127099470	17918	-0.0093
1009b1ce-2f2d-4b95-929b-18f52a4a47e4	2	127100187	127100370	2	2.4725
1009b1ce-2f2d-4b95-929b-18f52a4a47e4	2	127101070	146104517	11447	-0.0279
1009b1ce-2f2d-4b95-929b-18f52a4a47e4	2	146106836	146109366	24	-1.4576
1009b1ce-2f2d-4b95-929b-18f52a4a47e4	2	146120238	154033296	4879	-0.0156
1009b1ce-2f2d-4b95-929b-18f52a4a47e4	2	154039462	154039969	2	-2.3365
1009b1ce-2f2d-4b95-929b-18f52a4a47e4	2	154043710	179553606	15603	-0.004
1009b1ce-2f2d-4b95-929b-18f52a4a47e4	2	179553661	179556770	20	-0.8267
1009b1ce-2f2d-4b95-929b-18f52a4a47e4	2	179556785	207486030	16423	-0.0071
1009b1ce-2f2d-4b95-929b-18f52a4a47e4	2	207490188	207494795	20	-0.5966
1009b1ce-2f2d-4b95-929b-18f52a4a47e4	2	207494836	242147305	22066	-0.0142
1009b1ce-2f2d-4b95-929b-18f52a4a47e4	3	20930	5492673	4833	-0.0288
1009b1ce-2f2d-4b95-929b-18f52a4a47e4	3	5493206	5497427	3	-1.632
1009b1ce-2f2d-4b95-929b-18f52a4a47e4	3	5497901	26570158	15156	-0.0163
1009b1ce-2f2d-4b95-929b-18f52a4a47e4	3	26570176	26570394	4	-1.46
1009b1ce-2f2d-4b95-929b-18f52a4a47e4	3	26570407	31461468	3527	-0.0043
1009b1ce-2f2d-4b95-929b-18f52a4a47e4	3	31461540	31462228	4	-1.3454
1009b1ce-2f2d-4b95-929b-18f52a4a47e4	3	31463464	60212293	17357	-0.0159
1009b1ce-2f2d-4b95-929b-18f52a4a47e4	3	60214295	60419873	203	-0.6643
1009b1ce-2f2d-4b95-929b-18f52a4a47e4	3	60419904	60513154	115	-1.8283
1009b1ce-2f2d-4b95-929b-18f52a4a47e4	3	60513355	60514816	4	-6.3113
1009b1ce-2f2d-4b95-929b-18f52a4a47e4	3	60514870	60560746	60	-1.8722
1009b1ce-2f2d-4b95-929b-18f52a4a47e4	3	60568788	60651749	95	-0.7024
1009b1ce-2f2d-4b95-929b-18f52a4a47e4	3	60654401	60792199	150	-0.0735
1009b1ce-2f2d-4b95-929b-18f52a4a47e4	3	60794907	60845988	46	-0.7344
1009b1ce-2f2d-4b95-929b-18f52a4a47e4	3	60849728	60922876	82	0.0332
1009b1ce-2f2d-4b95-929b-18f52a4a47e4	3	60930882	61204720	278	-0.8037
1009b1ce-2f2d-4b95-929b-18f52a4a47e4	3	61220164	68697013	5834	-0.0042
1009b1ce-2f2d-4b95-929b-18f52a4a47e4	3	68697108	68699607	15	-0.5004
1009b1ce-2f2d-4b95-929b-18f52a4a47e4	3	68699635	75519398	4926	-0.0192
1009b1ce-2f2d-4b95-929b-18f52a4a47e4	3	75523398	75547095	8	0.8159
1009b1ce-2f2d-4b95-929b-18f52a4a47e4	3	75559488	99218119	10958	-0.0179
1009b1ce-2f2d-4b95-929b-18f52a4a47e4	3	99218940	99230212	28	-0.6963
1009b1ce-2f2d-4b95-929b-18f52a4a47e4	3	99230225	100607461	757	-0.0366
1009b1ce-2f2d-4b95-929b-18f52a4a47e4	3	100621224	100723665	58	0.589
1009b1ce-2f2d-4b95-929b-18f52a4a47e4	3	100727772	162790480	38184	-0.0137
1009b1ce-2f2d-4b95-929b-18f52a4a47e4	3	162794869	162908207	70	-1.2045
1009b1ce-2f2d-4b95-929b-18f52a4a47e4	3	162908784	175565145	7820	-0.0039
1009b1ce-2f2d-4b95-929b-18f52a4a47e4	3	175566598	175832452	147	-0.6042
1009b1ce-2f2d-4b95-929b-18f52a4a47e4	3	175840212	192220556	10516	0.0006
1009b1ce-2f2d-4b95-929b-18f52a4a47e4	3	192222159	192222289	4	-1.3291
1009b1ce-2f2d-4b95-929b-18f52a4a47e4	3	192224991	198169247	3380	0.0169
1009b1ce-2f2d-4b95-929b-18f52a4a47e4	4	68929	10228006	5719	-0.0126
1009b1ce-2f2d-4b95-929b-18f52a4a47e4	4	10228296	10232984	16	0.5422
1009b1ce-2f2d-4b95-929b-18f52a4a47e4	4	10233383	34784878	16970	-0.0118
1009b1ce-2f2d-4b95-929b-18f52a4a47e4	4	34785333	34828306	40	-0.3722
1009b1ce-2f2d-4b95-929b-18f52a4a47e4	4	34828327	68418873	19416	-0.0125
1009b1ce-2f2d-4b95-929b-18f52a4a47e4	4	68422420	68422424	3	-1.7426
1009b1ce-2f2d-4b95-929b-18f52a4a47e4	4	68429081	68506285	12	0.1388
1009b1ce-2f2d-4b95-929b-18f52a4a47e4	4	68509223	68620261	64	0.5584
1009b1ce-2f2d-4b95-929b-18f52a4a47e4	4	68623617	69262694	318	0.0173
1009b1ce-2f2d-4b95-929b-18f52a4a47e4	4	69265102	69353674	43	0.3126
1009b1ce-2f2d-4b95-929b-18f52a4a47e4	4	69353689	73438624	2395	-0.0012
1009b1ce-2f2d-4b95-929b-18f52a4a47e4	4	73439654	77261956	2527	0.0276
1009b1ce-2f2d-4b95-929b-18f52a4a47e4	4	77262096	89071292	7355	-0.0134
1009b1ce-2f2d-4b95-929b-18f52a4a47e4	4	89072786	89072858	2	-1.412
1009b1ce-2f2d-4b95-929b-18f52a4a47e4	4	89072916	90247917	736	-0.0036
1009b1ce-2f2d-4b95-929b-18f52a4a47e4	4	90248229	90555732	178	-0.1728
1009b1ce-2f2d-4b95-929b-18f52a4a47e4	4	90560085	90901160	207	-0.0458
1009b1ce-2f2d-4b95-929b-18f52a4a47e4	4	90901496	91017951	102	-0.6096
1009b1ce-2f2d-4b95-929b-18f52a4a47e4	4	91018088	148541213	34119	-0.0126
1009b1ce-2f2d-4b95-929b-18f52a4a47e4	4	148541950	148781990	135	-0.6299
1009b1ce-2f2d-4b95-929b-18f52a4a47e4	4	148782395	155964036	4380	0.0061
1009b1ce-2f2d-4b95-929b-18f52a4a47e4	4	155966920	155967367	6	-0.7866
1009b1ce-2f2d-4b95-929b-18f52a4a47e4	4	155969109	156046823	53	-0.0642
1009b1ce-2f2d-4b95-929b-18f52a4a47e4	4	156046936	156053545	16	-0.8465
1009b1ce-2f2d-4b95-929b-18f52a4a47e4	4	156056476	160952773	3056	-0.0129
1009b1ce-2f2d-4b95-929b-18f52a4a47e4	4	160952788	160963815	26	-0.4306
1009b1ce-2f2d-4b95-929b-18f52a4a47e4	4	160963825	172066777	7069	-0.0144
1009b1ce-2f2d-4b95-929b-18f52a4a47e4	4	172067997	172068368	11	0.8538
1009b1ce-2f2d-4b95-929b-18f52a4a47e4	4	172068382	172501371	231	-0.0574
1009b1ce-2f2d-4b95-929b-18f52a4a47e4	4	172503796	172507492	7	0.8215
1009b1ce-2f2d-4b95-929b-18f52a4a47e4	4	172519981	182745279	6949	-0.03
1009b1ce-2f2d-4b95-929b-18f52a4a47e4	4	182745587	183434571	428	0.0351
1009b1ce-2f2d-4b95-929b-18f52a4a47e4	4	183440915	183476033	17	0.538
1009b1ce-2f2d-4b95-929b-18f52a4a47e4	4	183478680	187729195	2953	0.0127
1009b1ce-2f2d-4b95-929b-18f52a4a47e4	4	187729826	190106768	1480	-0.0237
1009b1ce-2f2d-4b95-929b-18f52a4a47e4	5	15532	685633	306	0.0124
1009b1ce-2f2d-4b95-929b-18f52a4a47e4	5	698256	825538	46	0.8449
1009b1ce-2f2d-4b95-929b-18f52a4a47e4	5	833513	1838269	543	0.0029
1009b1ce-2f2d-4b95-929b-18f52a4a47e4	5	1838367	9253193	6541	-0.0422
1009b1ce-2f2d-4b95-929b-18f52a4a47e4	5	9254797	10937947	1448	0.0194
1009b1ce-2f2d-4b95-929b-18f52a4a47e4	5	10937970	12785150	1288	-0.0398
1009b1ce-2f2d-4b95-929b-18f52a4a47e4	5	12790757	12815668	5	0.8326
1009b1ce-2f2d-4b95-929b-18f52a4a47e4	5	12815753	13500802	333	-0.0792
1009b1ce-2f2d-4b95-929b-18f52a4a47e4	5	13500992	15718383	1650	0.0175
1009b1ce-2f2d-4b95-929b-18f52a4a47e4	5	15719113	15720488	11	-0.8473
1009b1ce-2f2d-4b95-929b-18f52a4a47e4	5	15723237	17608147	1202	-0.0035
1009b1ce-2f2d-4b95-929b-18f52a4a47e4	5	17625524	17642176	8	-0.9432
1009b1ce-2f2d-4b95-929b-18f52a4a47e4	5	17642442	46271006	17264	-0.0203
1009b1ce-2f2d-4b95-929b-18f52a4a47e4	5	46271828	46273400	6	-1.9914
1009b1ce-2f2d-4b95-929b-18f52a4a47e4	5	46278110	71010832	12415	-0.0064
1009b1ce-2f2d-4b95-929b-18f52a4a47e4	5	71010901	71095426	7	0.9492
1009b1ce-2f2d-4b95-929b-18f52a4a47e4	5	71358245	180947523	69528	-0.0115
1009b1ce-2f2d-4b95-929b-18f52a4a47e4	5	180951710	180991103	19	0.5221
1009b1ce-2f2d-4b95-929b-18f52a4a47e4	5	181006225	181363319	170	0.0567
1009b1ce-2f2d-4b95-929b-18f52a4a47e4	6	149661	254283	101	-0.0315
1009b1ce-2f2d-4b95-929b-18f52a4a47e4	6	257353	385784	109	0.1861
1009b1ce-2f2d-4b95-929b-18f52a4a47e4	6	387532	2041906	1414	-0.0171
1009b1ce-2f2d-4b95-929b-18f52a4a47e4	6	2050082	2238868	121	-0.6064
1009b1ce-2f2d-4b95-929b-18f52a4a47e4	6	2241911	16882430	11482	-0.0199
1009b1ce-2f2d-4b95-929b-18f52a4a47e4	6	16882504	16882605	2	-1.7701
1009b1ce-2f2d-4b95-929b-18f52a4a47e4	6	16889415	29868462	8402	-0.0162
1009b1ce-2f2d-4b95-929b-18f52a4a47e4	6	29868698	29873244	14	-0.4867
1009b1ce-2f2d-4b95-929b-18f52a4a47e4	6	29875657	29881490	8	1.1019
1009b1ce-2f2d-4b95-929b-18f52a4a47e4	6	29882419	29907031	7	-0.1192
1009b1ce-2f2d-4b95-929b-18f52a4a47e4	6	29909182	29913570	4	-2.1564
1009b1ce-2f2d-4b95-929b-18f52a4a47e4	6	29928196	29928644	2	-7.3324
1009b1ce-2f2d-4b95-929b-18f52a4a47e4	6	29931120	29933799	6	-0.9769
1009b1ce-2f2d-4b95-929b-18f52a4a47e4	6	29940692	31318499	643	-0.0009
1009b1ce-2f2d-4b95-929b-18f52a4a47e4	6	31318528	31319724	5	-1.0977
1009b1ce-2f2d-4b95-929b-18f52a4a47e4	6	31327629	32502190	512	0.0812
1009b1ce-2f2d-4b95-929b-18f52a4a47e4	6	32507164	32658841	56	-0.4652
1009b1ce-2f2d-4b95-929b-18f52a4a47e4	6	32682835	37969955	3151	-0.0111
1009b1ce-2f2d-4b95-929b-18f52a4a47e4	6	37976298	38053873	44	-0.571
1009b1ce-2f2d-4b95-929b-18f52a4a47e4	6	38056877	44953583	4581	-0.0183
1009b1ce-2f2d-4b95-929b-18f52a4a47e4	6	44956657	44958834	8	-2.6796
1009b1ce-2f2d-4b95-929b-18f52a4a47e4	6	44961091	54066353	5903	-0.0023
1009b1ce-2f2d-4b95-929b-18f52a4a47e4	6	54066432	54067057	6	-1.4392
1009b1ce-2f2d-4b95-929b-18f52a4a47e4	6	54070550	76726815	12157	-0.0226
1009b1ce-2f2d-4b95-929b-18f52a4a47e4	6	76730151	76742665	15	-0.6932
1009b1ce-2f2d-4b95-929b-18f52a4a47e4	6	76742675	78253172	981	-0.0037
1009b1ce-2f2d-4b95-929b-18f52a4a47e4	6	78259348	78325457	111	-0.4039
1009b1ce-2f2d-4b95-929b-18f52a4a47e4	6	78325468	114874292	22736	-0.0178
1009b1ce-2f2d-4b95-929b-18f52a4a47e4	6	114881368	114881626	4	-1.6794
1009b1ce-2f2d-4b95-929b-18f52a4a47e4	6	114885112	147526601	20507	-0.0083
1009b1ce-2f2d-4b95-929b-18f52a4a47e4	6	147529109	147669019	111	-0.5925
1009b1ce-2f2d-4b95-929b-18f52a4a47e4	6	147671537	170741917	16283	-0.0154
1009b1ce-2f2d-4b95-929b-18f52a4a47e4	7	43355	4634827	2515	-0.0196
1009b1ce-2f2d-4b95-929b-18f52a4a47e4	7	4644145	4644243	3	-2.0574
1009b1ce-2f2d-4b95-929b-18f52a4a47e4	7	4645497	54318812	35926	-0.0071
1009b1ce-2f2d-4b95-929b-18f52a4a47e4	7	54318816	54318824	5	-1.4869
1009b1ce-2f2d-4b95-929b-18f52a4a47e4	7	54325795	55965448	1235	-0.0003
1009b1ce-2f2d-4b95-929b-18f52a4a47e4	7	55965464	65052476	1769	-0.0482
1009b1ce-2f2d-4b95-929b-18f52a4a47e4	7	65057242	66284534	434	0.0557
1009b1ce-2f2d-4b95-929b-18f52a4a47e4	7	66284825	72399685	3664	-0.0514
1009b1ce-2f2d-4b95-929b-18f52a4a47e4	7	72400215	91728539	10959	-0.0017
1009b1ce-2f2d-4b95-929b-18f52a4a47e4	7	91728554	91729225	4	1.4325
1009b1ce-2f2d-4b95-929b-18f52a4a47e4	7	91729456	110801799	11086	-0.0107
1009b1ce-2f2d-4b95-929b-18f52a4a47e4	7	110804085	110829093	13	-0.631
1009b1ce-2f2d-4b95-929b-18f52a4a47e4	7	110834752	116854223	3673	-0.02
1009b1ce-2f2d-4b95-929b-18f52a4a47e4	7	116859842	118079822	700	0.0572
1009b1ce-2f2d-4b95-929b-18f52a4a47e4	7	118081513	124951423	3997	-0.0033
1009b1ce-2f2d-4b95-929b-18f52a4a47e4	7	124956593	124959747	2	-1.7897
1009b1ce-2f2d-4b95-929b-18f52a4a47e4	7	124959792	126404920	941	-0.0124
1009b1ce-2f2d-4b95-929b-18f52a4a47e4	7	126405428	126406561	12	-0.9875
1009b1ce-2f2d-4b95-929b-18f52a4a47e4	7	126406822	159334314	20815	-0.0116
1009b1ce-2f2d-4b95-929b-18f52a4a47e4	8	81254	2844412	2040	-0.0082
1009b1ce-2f2d-4b95-929b-18f52a4a47e4	8	2846011	2853520	13	-0.7979
1009b1ce-2f2d-4b95-929b-18f52a4a47e4	8	2853890	7336299	5674	-0.0261
1009b1ce-2f2d-4b95-929b-18f52a4a47e4	8	7357089	7941868	49	0.4363
1009b1ce-2f2d-4b95-929b-18f52a4a47e4	8	7974123	8425966	198	-0.0063
1009b1ce-2f2d-4b95-929b-18f52a4a47e4	8	8426157	8434235	8	-0.7188
1009b1ce-2f2d-4b95-929b-18f52a4a47e4	8	8436746	12382653	3051	0.0005
1009b1ce-2f2d-4b95-929b-18f52a4a47e4	8	12383605	12562581	29	0.4273
1009b1ce-2f2d-4b95-929b-18f52a4a47e4	8	12562646	12788880	99	-0.0054
1009b1ce-2f2d-4b95-929b-18f52a4a47e4	8	12791219	12795017	4	-1.4718
1009b1ce-2f2d-4b95-929b-18f52a4a47e4	8	12796024	12982850	188	0.0158
1009b1ce-2f2d-4b95-929b-18f52a4a47e4	8	12982905	16316243	3154	-0.0365
1009b1ce-2f2d-4b95-929b-18f52a4a47e4	8	16320624	25114672	6951	0.0038
1009b1ce-2f2d-4b95-929b-18f52a4a47e4	8	25116928	25126554	22	0.8465
1009b1ce-2f2d-4b95-929b-18f52a4a47e4	8	25126626	36122284	7263	-0.0179
1009b1ce-2f2d-4b95-929b-18f52a4a47e4	8	36126731	36133240	2	-1.4524
1009b1ce-2f2d-4b95-929b-18f52a4a47e4	8	36135193	39373140	1746	0.0043
1009b1ce-2f2d-4b95-929b-18f52a4a47e4	8	39378084	39526605	55	0.8239
1009b1ce-2f2d-4b95-929b-18f52a4a47e4	8	39527181	40326278	594	0.0141
1009b1ce-2f2d-4b95-929b-18f52a4a47e4	8	40326280	40331992	33	-0.7925
1009b1ce-2f2d-4b95-929b-18f52a4a47e4	8	40335391	50119451	3960	-0.0157
1009b1ce-2f2d-4b95-929b-18f52a4a47e4	8	50119464	50119827	7	-1.6688
1009b1ce-2f2d-4b95-929b-18f52a4a47e4	8	50126018	111282237	37392	-0.0178
1009b1ce-2f2d-4b95-929b-18f52a4a47e4	8	111282417	111283031	7	-1.5126
1009b1ce-2f2d-4b95-929b-18f52a4a47e4	8	111288052	145072769	22894	-0.0127
1009b1ce-2f2d-4b95-929b-18f52a4a47e4	9	46587	4370993	4515	0.0015
1009b1ce-2f2d-4b95-929b-18f52a4a47e4	9	4373209	4375536	2	-2.0145
1009b1ce-2f2d-4b95-929b-18f52a4a47e4	9	4377949	11837288	6618	0.003
1009b1ce-2f2d-4b95-929b-18f52a4a47e4	9	11837596	11839805	5	-1.0228
1009b1ce-2f2d-4b95-929b-18f52a4a47e4	9	11839832	26402369	11447	-0.0034
1009b1ce-2f2d-4b95-929b-18f52a4a47e4	9	26411168	26425846	10	-0.6638
1009b1ce-2f2d-4b95-929b-18f52a4a47e4	9	26433574	61561095	8769	-0.0019
1009b1ce-2f2d-4b95-929b-18f52a4a47e4	9	61566296	61572014	2	-1.6573
1009b1ce-2f2d-4b95-929b-18f52a4a47e4	9	61573452	61668104	14	0.446
1009b1ce-2f2d-4b95-929b-18f52a4a47e4	9	61680289	87907679	14372	-0.0042
1009b1ce-2f2d-4b95-929b-18f52a4a47e4	9	87939236	87939304	2	-1.963
1009b1ce-2f2d-4b95-929b-18f52a4a47e4	9	87943042	93623664	3846	0.0035
1009b1ce-2f2d-4b95-929b-18f52a4a47e4	9	93625393	93663581	28	0.3913
1009b1ce-2f2d-4b95-929b-18f52a4a47e4	9	93663922	105228641	7929	-0.0087
1009b1ce-2f2d-4b95-929b-18f52a4a47e4	9	105229860	113938926	6478	0.0194
1009b1ce-2f2d-4b95-929b-18f52a4a47e4	9	113939804	118886846	4036	-0.0225
1009b1ce-2f2d-4b95-929b-18f52a4a47e4	9	118890799	118891700	2	-1.7556
1009b1ce-2f2d-4b95-929b-18f52a4a47e4	9	118893387	138200944	11362	-0.008
1009b1ce-2f2d-4b95-929b-18f52a4a47e4	10	45792	7775905	6742	-0.0126
1009b1ce-2f2d-4b95-929b-18f52a4a47e4	10	7776961	7804189	10	-0.7209
1009b1ce-2f2d-4b95-929b-18f52a4a47e4	10	7805011	24083376	12423	-0.0254
1009b1ce-2f2d-4b95-929b-18f52a4a47e4	10	24083828	24089125	13	0.5881
1009b1ce-2f2d-4b95-929b-18f52a4a47e4	10	24089979	30957581	5013	-0.0201
1009b1ce-2f2d-4b95-929b-18f52a4a47e4	10	30962405	30962850	11	-0.7598
1009b1ce-2f2d-4b95-929b-18f52a4a47e4	10	30962893	46146453	7263	-0.0138
1009b1ce-2f2d-4b95-929b-18f52a4a47e4	10	46154876	46527206	193	0.5816
1009b1ce-2f2d-4b95-929b-18f52a4a47e4	10	46529441	46792344	35	0.1134
1009b1ce-2f2d-4b95-929b-18f52a4a47e4	10	46804606	46836986	3	1.0912
1009b1ce-2f2d-4b95-929b-18f52a4a47e4	10	46898735	59605153	8647	-0.0238
1009b1ce-2f2d-4b95-929b-18f52a4a47e4	10	59605316	59605424	2	1.5912
1009b1ce-2f2d-4b95-929b-18f52a4a47e4	10	59605506	65546518	4024	-0.0063
1009b1ce-2f2d-4b95-929b-18f52a4a47e4	10	65548165	65554688	28	-1.5908
1009b1ce-2f2d-4b95-929b-18f52a4a47e4	10	65563037	131639180	45212	-0.0048
1009b1ce-2f2d-4b95-929b-18f52a4a47e4	10	131640199	131641742	7	-1.5502
1009b1ce-2f2d-4b95-929b-18f52a4a47e4	10	131648231	133654968	971	-0.0082
1009b1ce-2f2d-4b95-929b-18f52a4a47e4	11	198510	5766175	3230	-0.0123
1009b1ce-2f2d-4b95-929b-18f52a4a47e4	11	5766850	5787909	32	-2.4519
1009b1ce-2f2d-4b95-929b-18f52a4a47e4	11	5788108	5788231	2	-0.8785
1009b1ce-2f2d-4b95-929b-18f52a4a47e4	11	5791130	10205337	3026	-0.0125
1009b1ce-2f2d-4b95-929b-18f52a4a47e4	11	10205512	20523658	7819	0.0061
1009b1ce-2f2d-4b95-929b-18f52a4a47e4	11	20523687	33309703	8893	-0.0235
1009b1ce-2f2d-4b95-929b-18f52a4a47e4	11	33311154	34508619	924	0.0164
1009b1ce-2f2d-4b95-929b-18f52a4a47e4	11	34508626	34508631	2	-1.1649
1009b1ce-2f2d-4b95-929b-18f52a4a47e4	11	34508724	34665799	141	0.0702
1009b1ce-2f2d-4b95-929b-18f52a4a47e4	11	34666611	34758731	73	0.2409
1009b1ce-2f2d-4b95-929b-18f52a4a47e4	11	34759389	36612306	1607	0.0302
1009b1ce-2f2d-4b95-929b-18f52a4a47e4	11	36613184	49686823	7941	-0.0147
1009b1ce-2f2d-4b95-929b-18f52a4a47e4	11	49689309	49736039	15	-0.6901
1009b1ce-2f2d-4b95-929b-18f52a4a47e4	11	49736119	54914139	492	0.0078
1009b1ce-2f2d-4b95-929b-18f52a4a47e4	11	54924229	54933825	2	-1.7628
1009b1ce-2f2d-4b95-929b-18f52a4a47e4	11	54934037	55606556	241	-0.0478
1009b1ce-2f2d-4b95-929b-18f52a4a47e4	11	55606572	55695531	62	0.2924
1009b1ce-2f2d-4b95-929b-18f52a4a47e4	11	55695678	62746827	4172	-0.0066
1009b1ce-2f2d-4b95-929b-18f52a4a47e4	11	62746849	62747328	2	-1.2925
1009b1ce-2f2d-4b95-929b-18f52a4a47e4	11	62747409	65031323	1005	0.0005
1009b1ce-2f2d-4b95-929b-18f52a4a47e4	11	65031576	65936447	365	0.1396
1009b1ce-2f2d-4b95-929b-18f52a4a47e4	11	65941956	81792426	9020	-0.013
1009b1ce-2f2d-4b95-929b-18f52a4a47e4	11	81792950	81815717	16	-0.7168
1009b1ce-2f2d-4b95-929b-18f52a4a47e4	11	81817079	92097323	6701	-0.0144
1009b1ce-2f2d-4b95-929b-18f52a4a47e4	11	92097492	92097877	2	2.0588
1009b1ce-2f2d-4b95-929b-18f52a4a47e4	11	92099538	100470882	6152	-0.0262
1009b1ce-2f2d-4b95-929b-18f52a4a47e4	11	100473417	120556002	13825	-0.0035
1009b1ce-2f2d-4b95-929b-18f52a4a47e4	11	120556298	135074876	10993	-0.0284
1009b1ce-2f2d-4b95-929b-18f52a4a47e4	12	51460	1755698	1006	0.49
1009b1ce-2f2d-4b95-929b-18f52a4a47e4	12	1757038	8404097	4590	0.4108
1009b1ce-2f2d-4b95-929b-18f52a4a47e4	12	8405892	8432076	18	1.5081
1009b1ce-2f2d-4b95-929b-18f52a4a47e4	12	8442298	11061546	1615	0.3628
1009b1ce-2f2d-4b95-929b-18f52a4a47e4	12	11062773	11099275	14	1.2022
1009b1ce-2f2d-4b95-929b-18f52a4a47e4	12	11104230	16818992	4071	0.4339
1009b1ce-2f2d-4b95-929b-18f52a4a47e4	12	16819277	25297459	5725	0.3811
1009b1ce-2f2d-4b95-929b-18f52a4a47e4	12	25298012	27084152	1284	0.4317
1009b1ce-2f2d-4b95-929b-18f52a4a47e4	12	27084487	27271535	107	0.5987
1009b1ce-2f2d-4b95-929b-18f52a4a47e4	12	27271598	30086381	2066	0.4048
1009b1ce-2f2d-4b95-929b-18f52a4a47e4	12	30086486	30090642	17	-0.5207
1009b1ce-2f2d-4b95-929b-18f52a4a47e4	12	30090657	31745406	1231	0.4037
1009b1ce-2f2d-4b95-929b-18f52a4a47e4	12	31745941	31751343	5	1.496
1009b1ce-2f2d-4b95-929b-18f52a4a47e4	12	31752177	32299883	433	0.3885
1009b1ce-2f2d-4b95-929b-18f52a4a47e4	12	32301032	32301827	3	-1.0573
1009b1ce-2f2d-4b95-929b-18f52a4a47e4	12	32302339	33141611	579	0.4153
1009b1ce-2f2d-4b95-929b-18f52a4a47e4	12	33141653	33155426	32	0.8035
1009b1ce-2f2d-4b95-929b-18f52a4a47e4	12	33155453	37593924	828	0.4006
1009b1ce-2f2d-4b95-929b-18f52a4a47e4	12	37618765	37620216	2	-1.6595
1009b1ce-2f2d-4b95-929b-18f52a4a47e4	12	37640556	41407913	2158	0.3647
1009b1ce-2f2d-4b95-929b-18f52a4a47e4	12	41407926	41407939	2	-1.081
1009b1ce-2f2d-4b95-929b-18f52a4a47e4	12	41414996	51769595	5967	0.386
1009b1ce-2f2d-4b95-929b-18f52a4a47e4	12	51772690	53417250	1177	0.4521
1009b1ce-2f2d-4b95-929b-18f52a4a47e4	12	53417521	56084552	1471	0.4015
1009b1ce-2f2d-4b95-929b-18f52a4a47e4	12	56084572	56084625	4	1.4303
1009b1ce-2f2d-4b95-929b-18f52a4a47e4	12	56087291	70478078	9140	0.3925
1009b1ce-2f2d-4b95-929b-18f52a4a47e4	12	70478895	70484247	9	-0.4363
1009b1ce-2f2d-4b95-929b-18f52a4a47e4	12	70485605	106523042	23365	0.3895
1009b1ce-2f2d-4b95-929b-18f52a4a47e4	12	106527090	106537337	2	-1.5744
1009b1ce-2f2d-4b95-929b-18f52a4a47e4	12	106537745	111755683	3075	0.3976
1009b1ce-2f2d-4b95-929b-18f52a4a47e4	12	111757534	111887343	51	0.6543
1009b1ce-2f2d-4b95-929b-18f52a4a47e4	12	111889253	123942874	7749	0.4051
1009b1ce-2f2d-4b95-929b-18f52a4a47e4	12	123944966	127949500	3180	-0.0426
1009b1ce-2f2d-4b95-929b-18f52a4a47e4	12	127949763	127949777	2	-2.6403
1009b1ce-2f2d-4b95-929b-18f52a4a47e4	12	127950198	128974988	930	-0.032
1009b1ce-2f2d-4b95-929b-18f52a4a47e4	12	128975083	131331871	2011	0.43
1009b1ce-2f2d-4b95-929b-18f52a4a47e4	12	131332260	131338175	3	-0.653
1009b1ce-2f2d-4b95-929b-18f52a4a47e4	12	131339876	131635702	299	0.403
1009b1ce-2f2d-4b95-929b-18f52a4a47e4	12	131636170	131648790	14	0.9377
1009b1ce-2f2d-4b95-929b-18f52a4a47e4	12	131657925	133201603	559	0.4308
1009b1ce-2f2d-4b95-929b-18f52a4a47e4	13	18452809	37496233	13472	-0.012
1009b1ce-2f2d-4b95-929b-18f52a4a47e4	13	37496998	37510620	17	0.6284
1009b1ce-2f2d-4b95-929b-18f52a4a47e4	13	37514193	61787695	15337	-0.0125
1009b1ce-2f2d-4b95-929b-18f52a4a47e4	13	61787844	61788023	2	-2.0122
1009b1ce-2f2d-4b95-929b-18f52a4a47e4	13	61790180	105370372	28869	-0.0199
1009b1ce-2f2d-4b95-929b-18f52a4a47e4	13	105370636	105374205	2	1.7775
1009b1ce-2f2d-4b95-929b-18f52a4a47e4	13	105374508	106402581	869	0.0431
1009b1ce-2f2d-4b95-929b-18f52a4a47e4	13	106403437	113461199	5174	-0.0156
1009b1ce-2f2d-4b95-929b-18f52a4a47e4	13	113470098	114342922	347	0.0626
1009b1ce-2f2d-4b95-929b-18f52a4a47e4	14	18239283	19203845	41	0.054
1009b1ce-2f2d-4b95-929b-18f52a4a47e4	14	19215688	19951992	123	-0.2912
1009b1ce-2f2d-4b95-929b-18f52a4a47e4	14	19952080	24142769	2803	0.0375
1009b1ce-2f2d-4b95-929b-18f52a4a47e4	14	24142976	42385962	11561	0.3954
1009b1ce-2f2d-4b95-929b-18f52a4a47e4	14	42386263	42386514	3	-1.2185
1009b1ce-2f2d-4b95-929b-18f52a4a47e4	14	42387773	75232834	20608	0.4016
1009b1ce-2f2d-4b95-929b-18f52a4a47e4	14	75238147	103865206	19178	-0.0218
1009b1ce-2f2d-4b95-929b-18f52a4a47e4	14	103865220	106503707	872	0.0551
1009b1ce-2f2d-4b95-929b-18f52a4a47e4	14	106504296	106877229	184	-0.0499
1009b1ce-2f2d-4b95-929b-18f52a4a47e4	15	19811075	20059033	51	0.0756
1009b1ce-2f2d-4b95-929b-18f52a4a47e4	15	20060725	30281107	4788	-0.6284
1009b1ce-2f2d-4b95-929b-18f52a4a47e4	15	30281121	30644082	25	-0.0327
1009b1ce-2f2d-4b95-929b-18f52a4a47e4	15	30654103	32240890	1051	-0.619
1009b1ce-2f2d-4b95-929b-18f52a4a47e4	15	32254157	32610782	23	-0.1319
1009b1ce-2f2d-4b95-929b-18f52a4a47e4	15	32612414	34421922	1479	-0.6165
1009b1ce-2f2d-4b95-929b-18f52a4a47e4	15	34430601	34526116	64	-1.7495
1009b1ce-2f2d-4b95-929b-18f52a4a47e4	15	34570058	60988080	16873	-0.6035
1009b1ce-2f2d-4b95-929b-18f52a4a47e4	15	60993224	76598900	9512	0.0031
1009b1ce-2f2d-4b95-929b-18f52a4a47e4	15	76599170	76603434	21	-1.709
1009b1ce-2f2d-4b95-929b-18f52a4a47e4	15	76609838	85413642	5070	0.001
1009b1ce-2f2d-4b95-929b-18f52a4a47e4	15	85413786	85414434	2	-1.4016
1009b1ce-2f2d-4b95-929b-18f52a4a47e4	15	85414505	92222525	5111	-0.0049
1009b1ce-2f2d-4b95-929b-18f52a4a47e4	15	92222644	92223064	3	1.3813
1009b1ce-2f2d-4b95-929b-18f52a4a47e4	15	92223528	94487801	1918	0.0301
1009b1ce-2f2d-4b95-929b-18f52a4a47e4	15	94488160	100102223	4105	-0.0213
1009b1ce-2f2d-4b95-929b-18f52a4a47e4	15	100102701	101888922	1388	0.0345
1009b1ce-2f2d-4b95-929b-18f52a4a47e4	15	101894806	101928837	5	-1.3238
1009b1ce-2f2d-4b95-929b-18f52a4a47e4	16	10777	11887486	8893	0.0075
1009b1ce-2f2d-4b95-929b-18f52a4a47e4	16	11890323	11978304	39	-0.6197
1009b1ce-2f2d-4b95-929b-18f52a4a47e4	16	11980473	12555002	474	-0.0104
1009b1ce-2f2d-4b95-929b-18f52a4a47e4	16	12555121	12555138	2	1.4752
1009b1ce-2f2d-4b95-929b-18f52a4a47e4	16	12556390	14686797	1678	-0.0251
1009b1ce-2f2d-4b95-929b-18f52a4a47e4	16	14794738	15031584	70	0.452
1009b1ce-2f2d-4b95-929b-18f52a4a47e4	16	15033033	16622170	616	0.0931
1009b1ce-2f2d-4b95-929b-18f52a4a47e4	16	16645406	21607427	2638	0.0026
1009b1ce-2f2d-4b95-929b-18f52a4a47e4	16	21608949	22401034	340	0.0746
1009b1ce-2f2d-4b95-929b-18f52a4a47e4	16	22406996	22693199	83	-0.2495
1009b1ce-2f2d-4b95-929b-18f52a4a47e4	16	22699421	29689395	4297	-0.02
1009b1ce-2f2d-4b95-929b-18f52a4a47e4	16	29707415	29741473	10	0.6045
1009b1ce-2f2d-4b95-929b-18f52a4a47e4	16	29741928	52165764	4851	-0.0077
1009b1ce-2f2d-4b95-929b-18f52a4a47e4	16	52167815	52940780	611	0.069
1009b1ce-2f2d-4b95-929b-18f52a4a47e4	16	52941293	60519407	5272	-0.0223
1009b1ce-2f2d-4b95-929b-18f52a4a47e4	16	60521634	60537315	9	-0.7123
1009b1ce-2f2d-4b95-929b-18f52a4a47e4	16	60540490	66001840	3797	-0.0317
1009b1ce-2f2d-4b95-929b-18f52a4a47e4	16	66002241	71562102	2553	0.0217
1009b1ce-2f2d-4b95-929b-18f52a4a47e4	16	71563284	71994073	212	0.3872
1009b1ce-2f2d-4b95-929b-18f52a4a47e4	16	71994640	78456684	4914	-0.0149
1009b1ce-2f2d-4b95-929b-18f52a4a47e4	16	78458928	78488287	64	-0.8814
1009b1ce-2f2d-4b95-929b-18f52a4a47e4	16	78489009	84227250	6326	-0.0135
1009b1ce-2f2d-4b95-929b-18f52a4a47e4	16	84227713	84876056	604	0.0924
1009b1ce-2f2d-4b95-929b-18f52a4a47e4	16	84877016	88564259	2822	-0.0136
1009b1ce-2f2d-4b95-929b-18f52a4a47e4	16	88571375	88579409	5	1.1352
1009b1ce-2f2d-4b95-929b-18f52a4a47e4	16	88579725	90096867	658	0.0625
1009b1ce-2f2d-4b95-929b-18f52a4a47e4	17	150733	7354708	4081	-0.0039
1009b1ce-2f2d-4b95-929b-18f52a4a47e4	17	7362030	7362487	2	-2.2195
1009b1ce-2f2d-4b95-929b-18f52a4a47e4	17	7363157	36108874	14155	-0.009
1009b1ce-2f2d-4b95-929b-18f52a4a47e4	17	36109139	36157718	37	0.5191
1009b1ce-2f2d-4b95-929b-18f52a4a47e4	17	36200725	41266838	2530	0.003
1009b1ce-2f2d-4b95-929b-18f52a4a47e4	17	41266851	41274279	19	1.0133
1009b1ce-2f2d-4b95-929b-18f52a4a47e4	17	41276472	46080121	2493	0.0091
1009b1ce-2f2d-4b95-929b-18f52a4a47e4	17	46080231	46707286	139	0.3873
1009b1ce-2f2d-4b95-929b-18f52a4a47e4	17	46707312	83091923	21560	0.0013
1009b1ce-2f2d-4b95-929b-18f52a4a47e4	18	48133	6877193	4889	0.0262
1009b1ce-2f2d-4b95-929b-18f52a4a47e4	18	6877238	66000597	35337	-0.0096
1009b1ce-2f2d-4b95-929b-18f52a4a47e4	18	66001376	66095064	96	0.0547
1009b1ce-2f2d-4b95-929b-18f52a4a47e4	18	66099904	66100686	3	-1.9363
1009b1ce-2f2d-4b95-929b-18f52a4a47e4	18	66108359	80257174	10369	-0.0209
1009b1ce-2f2d-4b95-929b-18f52a4a47e4	19	90910	24278016	11132	-0.0265
1009b1ce-2f2d-4b95-929b-18f52a4a47e4	19	24278618	24282155	9	-1.0129
1009b1ce-2f2d-4b95-929b-18f52a4a47e4	19	24304880	42805160	9275	-0.0233
1009b1ce-2f2d-4b95-929b-18f52a4a47e4	19	42811459	43231593	188	-0.8605
1009b1ce-2f2d-4b95-929b-18f52a4a47e4	19	43232018	49648050	3092	-0.0142
1009b1ce-2f2d-4b95-929b-18f52a4a47e4	19	49670579	49674317	11	-0.9663
1009b1ce-2f2d-4b95-929b-18f52a4a47e4	19	49685266	54772476	3079	-0.0222
1009b1ce-2f2d-4b95-929b-18f52a4a47e4	19	54786431	54815158	17	0.8045
1009b1ce-2f2d-4b95-929b-18f52a4a47e4	19	54819199	55770704	456	0.0052
1009b1ce-2f2d-4b95-929b-18f52a4a47e4	19	55771003	55771701	4	-2.0536
1009b1ce-2f2d-4b95-929b-18f52a4a47e4	19	55774927	56380984	446	0.0269
1009b1ce-2f2d-4b95-929b-18f52a4a47e4	19	56381511	58222964	1211	-0.0576
1009b1ce-2f2d-4b95-929b-18f52a4a47e4	19	58223917	58586487	182	0.0811
1009b1ce-2f2d-4b95-929b-18f52a4a47e4	20	80664	1580353	1204	0.0346
1009b1ce-2f2d-4b95-929b-18f52a4a47e4	20	1580934	1609611	37	2.4969
1009b1ce-2f2d-4b95-929b-18f52a4a47e4	20	1609809	1613247	4	1.0919
1009b1ce-2f2d-4b95-929b-18f52a4a47e4	20	1617300	14643381	9792	0.0051
1009b1ce-2f2d-4b95-929b-18f52a4a47e4	20	14647016	14858969	187	-0.5698
1009b1ce-2f2d-4b95-929b-18f52a4a47e4	20	14863403	14952250	106	-0.0104
1009b1ce-2f2d-4b95-929b-18f52a4a47e4	20	14958974	15221034	216	-0.63
1009b1ce-2f2d-4b95-929b-18f52a4a47e4	20	15224750	64324800	30805	-0.0066
1009b1ce-2f2d-4b95-929b-18f52a4a47e4	21	10354168	10559033	53	-0.0929
1009b1ce-2f2d-4b95-929b-18f52a4a47e4	21	10568903	10756733	33	-0.3581
1009b1ce-2f2d-4b95-929b-18f52a4a47e4	21	10775586	22278814	6206	-0.0111
1009b1ce-2f2d-4b95-929b-18f52a4a47e4	21	22283580	22294679	10	-0.7153
1009b1ce-2f2d-4b95-929b-18f52a4a47e4	21	22296972	27079090	3702	-0.0203
1009b1ce-2f2d-4b95-929b-18f52a4a47e4	21	27079222	27085616	8	-0.931
1009b1ce-2f2d-4b95-929b-18f52a4a47e4	21	27087592	38648169	8352	-0.0061
1009b1ce-2f2d-4b95-929b-18f52a4a47e4	21	38648817	38664319	18	0.3886
1009b1ce-2f2d-4b95-929b-18f52a4a47e4	21	38664573	39575330	738	0.0227
1009b1ce-2f2d-4b95-929b-18f52a4a47e4	21	39575388	39575425	2	1.7779
1009b1ce-2f2d-4b95-929b-18f52a4a47e4	21	39575548	46677045	4714	0.0104
1009b1ce-2f2d-4b95-929b-18f52a4a47e4	22	15294547	23232307	3934	0.0229
1009b1ce-2f2d-4b95-929b-18f52a4a47e4	22	23234925	23235402	2	-3.0139
1009b1ce-2f2d-4b95-929b-18f52a4a47e4	22	23239115	23923286	426	0.0676
1009b1ce-2f2d-4b95-929b-18f52a4a47e4	22	23923472	23990739	33	0.4042
1009b1ce-2f2d-4b95-929b-18f52a4a47e4	22	23995113	38894915	10793	-0.0067
1009b1ce-2f2d-4b95-929b-18f52a4a47e4	22	38899250	38900899	3	-3.0732
1009b1ce-2f2d-4b95-929b-18f52a4a47e4	22	38903109	38954034	36	-0.0455
1009b1ce-2f2d-4b95-929b-18f52a4a47e4	22	38954217	39011942	42	0.3032
1009b1ce-2f2d-4b95-929b-18f52a4a47e4	22	39016663	49869546	7610	-0.0167
1009b1ce-2f2d-4b95-929b-18f52a4a47e4	22	49880954	50796027	385	0.0827
1009b1ce-2f2d-4b95-929b-18f52a4a47e4	X	251810	109204326	56201	0.0052
1009b1ce-2f2d-4b95-929b-18f52a4a47e4	X	109204528	109207846	2	-3.7406
1009b1ce-2f2d-4b95-929b-18f52a4a47e4	X	109208069	111053972	1087	-0.0048
1009b1ce-2f2d-4b95-929b-18f52a4a47e4	X	111054045	111054598	3	2.5637
1009b1ce-2f2d-4b95-929b-18f52a4a47e4	X	111057431	155952689	26089	0.0015
1009b1ce-2f2d-4b95-929b-18f52a4a47e4	Y	2782397	56872112	6638	-1.0027
