GDC_Aliquot	Chromosome	Start	End	Copy_Number	Major_Copy_Number	Minor_Copy_Number
38ccdcf3-7198-4a02-931c-38440cca3903	chr1	61735	29317816	3	2	1
38ccdcf3-7198-4a02-931c-38440cca3903	chr1	29319615	30360888	2	2	0
38ccdcf3-7198-4a02-931c-38440cca3903	chr1	30365133	62485385	3	2	1
38ccdcf3-7198-4a02-931c-38440cca3903	chr1	62487310	66034615	2	1	1
38ccdcf3-7198-4a02-931c-38440cca3903	chr1	66034783	77901621	3	2	1
38ccdcf3-7198-4a02-931c-38440cca3903	chr1	77905306	88957940	2	2	0
38ccdcf3-7198-4a02-931c-38440cca3903	chr1	88958237	121741181	3	2	1
38ccdcf3-7198-4a02-931c-38440cca3903	chr1	143285278	248930189	5	4	1
38ccdcf3-7198-4a02-931c-38440cca3903	chr2	12784	64807098	3	2	1
38ccdcf3-7198-4a02-931c-38440cca3903	chr2	64809467	65239552	2	2	0
38ccdcf3-7198-4a02-931c-38440cca3903	chr2	65239609	242147305	3	2	1
38ccdcf3-7198-4a02-931c-38440cca3903	chr3	18667	60389200	3	2	1
38ccdcf3-7198-4a02-931c-38440cca3903	chr3	60389583	60406004	1	1	0
38ccdcf3-7198-4a02-931c-38440cca3903	chr3	60411891	198169247	3	2	1
38ccdcf3-7198-4a02-931c-38440cca3903	chr4	12281	190106768	3	2	1
38ccdcf3-7198-4a02-931c-38440cca3903	chr5	15532	181363319	3	2	1
38ccdcf3-7198-4a02-931c-38440cca3903	chr6	149661	170741917	4	2	2
38ccdcf3-7198-4a02-931c-38440cca3903	chr7	43259	159334314	4	2	2
38ccdcf3-7198-4a02-931c-38440cca3903	chr8	81254	39540213	2	2	0
38ccdcf3-7198-4a02-931c-38440cca3903	chr8	39540470	40868875	3	2	1
38ccdcf3-7198-4a02-931c-38440cca3903	chr8	40869063	145072769	4	2	2
38ccdcf3-7198-4a02-931c-38440cca3903	chr9	46587	138200944	4	2	2
38ccdcf3-7198-4a02-931c-38440cca3903	chr10	26823	133769379	4	2	2
38ccdcf3-7198-4a02-931c-38440cca3903	chr11	198572	135074876	3	2	1
38ccdcf3-7198-4a02-931c-38440cca3903	chr12	51460	133201603	3	2	1
38ccdcf3-7198-4a02-931c-38440cca3903	chr13	18452809	114342922	4	2	2
38ccdcf3-7198-4a02-931c-38440cca3903	chr14	18225647	21872691	3	2	1
38ccdcf3-7198-4a02-931c-38440cca3903	chr14	21874234	22506798	4	3	1
38ccdcf3-7198-4a02-931c-38440cca3903	chr14	22506810	106877229	3	2	1
38ccdcf3-7198-4a02-931c-38440cca3903	chr15	19811075	39796440	2	2	0
38ccdcf3-7198-4a02-931c-38440cca3903	chr15	39800634	101928837	3	2	1
38ccdcf3-7198-4a02-931c-38440cca3903	chr16	10777	6370925	4	2	2
38ccdcf3-7198-4a02-931c-38440cca3903	chr16	6371145	6899790	2	1	1
38ccdcf3-7198-4a02-931c-38440cca3903	chr16	6900042	90221127	4	2	2
38ccdcf3-7198-4a02-931c-38440cca3903	chr17	150733	28464370	2	2	0
38ccdcf3-7198-4a02-931c-38440cca3903	chr17	28464723	29794148	6	4	2
38ccdcf3-7198-4a02-931c-38440cca3903	chr17	29803539	30887523	2	2	0
38ccdcf3-7198-4a02-931c-38440cca3903	chr17	30888624	31422426	5	3	2
38ccdcf3-7198-4a02-931c-38440cca3903	chr17	31427991	31742184	3	2	1
38ccdcf3-7198-4a02-931c-38440cca3903	chr17	31743857	32579369	4	2	2
38ccdcf3-7198-4a02-931c-38440cca3903	chr17	32579697	35310421	2	2	0
38ccdcf3-7198-4a02-931c-38440cca3903	chr17	35316144	36826748	7	5	2
38ccdcf3-7198-4a02-931c-38440cca3903	chr17	36826888	39437234	13	11	2
38ccdcf3-7198-4a02-931c-38440cca3903	chr17	39439193	39992088	23	22	1
38ccdcf3-7198-4a02-931c-38440cca3903	chr17	39999677	40771762	11	10	1
38ccdcf3-7198-4a02-931c-38440cca3903	chr17	40779560	41066554	7	5	2
38ccdcf3-7198-4a02-931c-38440cca3903	chr17	41069285	42911009	4	2	2
38ccdcf3-7198-4a02-931c-38440cca3903	chr17	42911325	43153395	2	2	0
38ccdcf3-7198-4a02-931c-38440cca3903	chr17	43153809	44343308	3	2	1
38ccdcf3-7198-4a02-931c-38440cca3903	chr17	44346297	83090856	2	2	0
38ccdcf3-7198-4a02-931c-38440cca3903	chr18	48133	80257174	2	2	0
38ccdcf3-7198-4a02-931c-38440cca3903	chr19	90910	7698159	2	2	0
38ccdcf3-7198-4a02-931c-38440cca3903	chr19	7699886	9552976	4	2	2
38ccdcf3-7198-4a02-931c-38440cca3903	chr19	9558959	58586487	3	2	1
38ccdcf3-7198-4a02-931c-38440cca3903	chr20	80664	3075103	2	2	0
38ccdcf3-7198-4a02-931c-38440cca3903	chr20	3081265	4777576	4	2	2
38ccdcf3-7198-4a02-931c-38440cca3903	chr20	4781931	5164919	6	4	2
38ccdcf3-7198-4a02-931c-38440cca3903	chr20	5165035	5579876	8	6	2
38ccdcf3-7198-4a02-931c-38440cca3903	chr20	5582586	8857696	6	4	2
38ccdcf3-7198-4a02-931c-38440cca3903	chr20	8857729	10199111	9	7	2
38ccdcf3-7198-4a02-931c-38440cca3903	chr20	10199303	11126966	6	4	2
38ccdcf3-7198-4a02-931c-38440cca3903	chr20	11128311	14264325	4	2	2
38ccdcf3-7198-4a02-931c-38440cca3903	chr20	14265192	15258823	3	2	1
38ccdcf3-7198-4a02-931c-38440cca3903	chr20	15258851	15877371	4	2	2
38ccdcf3-7198-4a02-931c-38440cca3903	chr20	15877428	16833042	6	4	2
38ccdcf3-7198-4a02-931c-38440cca3903	chr20	16837061	17101156	5	3	2
38ccdcf3-7198-4a02-931c-38440cca3903	chr20	17101398	20641325	6	4	2
38ccdcf3-7198-4a02-931c-38440cca3903	chr20	20643064	38550828	4	2	2
38ccdcf3-7198-4a02-931c-38440cca3903	chr20	38550856	40897857	6	4	2
38ccdcf3-7198-4a02-931c-38440cca3903	chr20	40901234	42443379	8	6	2
38ccdcf3-7198-4a02-931c-38440cca3903	chr20	42443650	45826537	10	8	2
38ccdcf3-7198-4a02-931c-38440cca3903	chr20	45830544	47097632	8	6	2
38ccdcf3-7198-4a02-931c-38440cca3903	chr20	47097816	49231083	6	4	2
38ccdcf3-7198-4a02-931c-38440cca3903	chr20	49235382	52809434	10	8	2
38ccdcf3-7198-4a02-931c-38440cca3903	chr20	52811613	53372818	6	4	2
38ccdcf3-7198-4a02-931c-38440cca3903	chr20	53373840	55843792	10	8	2
38ccdcf3-7198-4a02-931c-38440cca3903	chr20	55844226	56188824	8	6	2
38ccdcf3-7198-4a02-931c-38440cca3903	chr20	56191263	58212748	10	8	2
38ccdcf3-7198-4a02-931c-38440cca3903	chr20	58213032	59438345	8	6	2
38ccdcf3-7198-4a02-931c-38440cca3903	chr20	59438389	64324800	6	4	2
38ccdcf3-7198-4a02-931c-38440cca3903	chr21	10336543	18851151	2	1	1
38ccdcf3-7198-4a02-931c-38440cca3903	chr21	18851640	46677045	3	2	1
38ccdcf3-7198-4a02-931c-38440cca3903	chr22	15294545	50796027	2	1	1
38ccdcf3-7198-4a02-931c-38440cca3903	chrX	251810	156004181	2	2	0
