GDC_Aliquot	Chromosome	Start	End	Copy_Number	Major_Copy_Number	Minor_Copy_Number
04e33010-cddb-4f24-9b92-18bb32d8f975	chr1	62920	54110780	2	2	0
04e33010-cddb-4f24-9b92-18bb32d8f975	chr1	54110966	54151080	3	3	0
04e33010-cddb-4f24-9b92-18bb32d8f975	chr1	54151583	121705338	2	2	0
04e33010-cddb-4f24-9b92-18bb32d8f975	chr1	143541857	185423713	5	3	2
04e33010-cddb-4f24-9b92-18bb32d8f975	chr1	185425044	196873141	6	4	2
04e33010-cddb-4f24-9b92-18bb32d8f975	chr1	196874041	196876538	10	6	4
04e33010-cddb-4f24-9b92-18bb32d8f975	chr1	196878281	207854114	5	3	2
04e33010-cddb-4f24-9b92-18bb32d8f975	chr1	207856602	248930189	6	4	2
04e33010-cddb-4f24-9b92-18bb32d8f975	chr2	12784	64438201	4	2	2
04e33010-cddb-4f24-9b92-18bb32d8f975	chr2	64440674	64447482	2	1	1
04e33010-cddb-4f24-9b92-18bb32d8f975	chr2	64447855	132423798	4	2	2
04e33010-cddb-4f24-9b92-18bb32d8f975	chr2	132424493	132430533	7	4	3
04e33010-cddb-4f24-9b92-18bb32d8f975	chr2	132431666	146104517	4	2	2
04e33010-cddb-4f24-9b92-18bb32d8f975	chr2	146106836	146109366	0	0	0
04e33010-cddb-4f24-9b92-18bb32d8f975	chr2	146120238	170272054	4	2	2
04e33010-cddb-4f24-9b92-18bb32d8f975	chr2	170272852	170317438	5	3	2
04e33010-cddb-4f24-9b92-18bb32d8f975	chr2	170317726	205557416	4	2	2
04e33010-cddb-4f24-9b92-18bb32d8f975	chr2	205558272	205574559	5	3	2
04e33010-cddb-4f24-9b92-18bb32d8f975	chr2	205574954	242147305	4	2	2
04e33010-cddb-4f24-9b92-18bb32d8f975	chr3	20930	87410856	3	2	1
04e33010-cddb-4f24-9b92-18bb32d8f975	chr3	87417155	87529089	4	3	1
04e33010-cddb-4f24-9b92-18bb32d8f975	chr3	87531547	162794951	3	2	1
04e33010-cddb-4f24-9b92-18bb32d8f975	chr3	162795304	162910826	9	9	0
04e33010-cddb-4f24-9b92-18bb32d8f975	chr3	162910855	175090542	3	2	1
04e33010-cddb-4f24-9b92-18bb32d8f975	chr3	175093352	175363437	1	1	0
04e33010-cddb-4f24-9b92-18bb32d8f975	chr3	175363536	198169247	3	2	1
04e33010-cddb-4f24-9b92-18bb32d8f975	chr4	68929	10208322	3	2	1
04e33010-cddb-4f24-9b92-18bb32d8f975	chr4	10208339	10274358	1	1	0
04e33010-cddb-4f24-9b92-18bb32d8f975	chr4	10274728	18458521	3	2	1
04e33010-cddb-4f24-9b92-18bb32d8f975	chr4	18458740	18463819	4	3	1
04e33010-cddb-4f24-9b92-18bb32d8f975	chr4	18464261	183383178	3	2	1
04e33010-cddb-4f24-9b92-18bb32d8f975	chr4	183383434	183404974	4	3	1
04e33010-cddb-4f24-9b92-18bb32d8f975	chr4	183405416	186446663	3	2	1
04e33010-cddb-4f24-9b92-18bb32d8f975	chr4	186447220	186458604	5	3	2
04e33010-cddb-4f24-9b92-18bb32d8f975	chr4	186459600	190106768	3	2	1
04e33010-cddb-4f24-9b92-18bb32d8f975	chr5	15532	9517331	4	2	2
04e33010-cddb-4f24-9b92-18bb32d8f975	chr5	9519387	10950328	2	2	0
04e33010-cddb-4f24-9b92-18bb32d8f975	chr5	10951124	10958252	1	1	0
04e33010-cddb-4f24-9b92-18bb32d8f975	chr5	10958523	16468697	2	2	0
04e33010-cddb-4f24-9b92-18bb32d8f975	chr5	16469306	37608529	4	2	2
04e33010-cddb-4f24-9b92-18bb32d8f975	chr5	37608968	37901662	3	2	1
04e33010-cddb-4f24-9b92-18bb32d8f975	chr5	37901889	58962168	4	2	2
04e33010-cddb-4f24-9b92-18bb32d8f975	chr5	58962671	59588113	3	2	1
04e33010-cddb-4f24-9b92-18bb32d8f975	chr5	59589088	108711355	4	2	2
04e33010-cddb-4f24-9b92-18bb32d8f975	chr5	108713134	108729798	3	2	1
04e33010-cddb-4f24-9b92-18bb32d8f975	chr5	108731141	160543049	4	2	2
04e33010-cddb-4f24-9b92-18bb32d8f975	chr5	160545014	160552644	6	3	3
04e33010-cddb-4f24-9b92-18bb32d8f975	chr5	160552720	178670753	4	2	2
04e33010-cddb-4f24-9b92-18bb32d8f975	chr5	178674421	181363319	6	4	2
04e33010-cddb-4f24-9b92-18bb32d8f975	chr6	149661	19894361	4	2	2
04e33010-cddb-4f24-9b92-18bb32d8f975	chr6	19894494	19902473	6	3	3
04e33010-cddb-4f24-9b92-18bb32d8f975	chr6	19905321	32762044	4	2	2
04e33010-cddb-4f24-9b92-18bb32d8f975	chr6	32762235	32819560	3	2	1
04e33010-cddb-4f24-9b92-18bb32d8f975	chr6	32820734	76726442	4	2	2
04e33010-cddb-4f24-9b92-18bb32d8f975	chr6	76726815	76766675	0	0	0
04e33010-cddb-4f24-9b92-18bb32d8f975	chr6	76766856	122351057	4	2	2
04e33010-cddb-4f24-9b92-18bb32d8f975	chr6	122352478	122365441	7	4	3
04e33010-cddb-4f24-9b92-18bb32d8f975	chr6	122366265	166092765	4	2	2
04e33010-cddb-4f24-9b92-18bb32d8f975	chr6	166093621	166104563	6	3	3
04e33010-cddb-4f24-9b92-18bb32d8f975	chr6	166105444	166258351	3	2	1
04e33010-cddb-4f24-9b92-18bb32d8f975	chr6	166258927	170741917	4	2	2
04e33010-cddb-4f24-9b92-18bb32d8f975	chr7	43259	25235338	5	3	2
04e33010-cddb-4f24-9b92-18bb32d8f975	chr7	25236634	25493841	4	2	2
04e33010-cddb-4f24-9b92-18bb32d8f975	chr7	25493944	131642767	5	3	2
04e33010-cddb-4f24-9b92-18bb32d8f975	chr7	131643131	131687455	7	5	2
04e33010-cddb-4f24-9b92-18bb32d8f975	chr7	131687573	154885093	5	3	2
04e33010-cddb-4f24-9b92-18bb32d8f975	chr7	154889139	154895247	7	4	3
04e33010-cddb-4f24-9b92-18bb32d8f975	chr7	154898158	159334314	5	3	2
04e33010-cddb-4f24-9b92-18bb32d8f975	chr8	81254	14655300	3	2	1
04e33010-cddb-4f24-9b92-18bb32d8f975	chr8	14655367	14971383	2	2	0
04e33010-cddb-4f24-9b92-18bb32d8f975	chr8	14972407	133656434	3	2	1
04e33010-cddb-4f24-9b92-18bb32d8f975	chr8	133659641	133714521	4	3	1
04e33010-cddb-4f24-9b92-18bb32d8f975	chr8	133718622	145072769	3	2	1
04e33010-cddb-4f24-9b92-18bb32d8f975	chr9	46587	21705714	2	2	0
04e33010-cddb-4f24-9b92-18bb32d8f975	chr9	21708884	21720944	2	1	1
04e33010-cddb-4f24-9b92-18bb32d8f975	chr9	21721384	22430976	0	0	0
04e33010-cddb-4f24-9b92-18bb32d8f975	chr9	22432667	109783390	2	2	0
04e33010-cddb-4f24-9b92-18bb32d8f975	chr9	109783779	110669601	1	1	0
04e33010-cddb-4f24-9b92-18bb32d8f975	chr9	110676641	122538517	2	2	0
04e33010-cddb-4f24-9b92-18bb32d8f975	chr9	122544123	122553499	1	1	0
04e33010-cddb-4f24-9b92-18bb32d8f975	chr9	122555206	138200944	2	2	0
04e33010-cddb-4f24-9b92-18bb32d8f975	chr10	45792	11395684	4	2	2
04e33010-cddb-4f24-9b92-18bb32d8f975	chr10	11396206	11448024	3	2	1
04e33010-cddb-4f24-9b92-18bb32d8f975	chr10	11452337	45798061	4	2	2
04e33010-cddb-4f24-9b92-18bb32d8f975	chr10	45798171	46526086	6	4	2
04e33010-cddb-4f24-9b92-18bb32d8f975	chr10	46526248	48084420	3	3	0
04e33010-cddb-4f24-9b92-18bb32d8f975	chr10	48084439	64373188	2	2	0
04e33010-cddb-4f24-9b92-18bb32d8f975	chr10	64374290	99501401	4	2	2
04e33010-cddb-4f24-9b92-18bb32d8f975	chr10	99503371	99515503	5	3	2
04e33010-cddb-4f24-9b92-18bb32d8f975	chr10	99518059	133654968	4	2	2
04e33010-cddb-4f24-9b92-18bb32d8f975	chr11	198510	4439304	4	2	2
04e33010-cddb-4f24-9b92-18bb32d8f975	chr11	4439356	5236984	3	2	1
04e33010-cddb-4f24-9b92-18bb32d8f975	chr11	5237260	34839311	4	2	2
04e33010-cddb-4f24-9b92-18bb32d8f975	chr11	34839921	34849916	3	2	1
04e33010-cddb-4f24-9b92-18bb32d8f975	chr11	34849941	66220049	4	2	2
04e33010-cddb-4f24-9b92-18bb32d8f975	chr11	66220841	69960164	4	4	0
04e33010-cddb-4f24-9b92-18bb32d8f975	chr11	69961088	70070163	3	3	0
04e33010-cddb-4f24-9b92-18bb32d8f975	chr11	70070687	135074876	4	4	0
04e33010-cddb-4f24-9b92-18bb32d8f975	chr12	51460	52662717	4	2	2
04e33010-cddb-4f24-9b92-18bb32d8f975	chr12	52664191	52665088	7	4	3
04e33010-cddb-4f24-9b92-18bb32d8f975	chr12	52665861	65649641	4	2	2
04e33010-cddb-4f24-9b92-18bb32d8f975	chr12	65651878	65682430	6	3	3
04e33010-cddb-4f24-9b92-18bb32d8f975	chr12	65682664	133201603	4	2	2
04e33010-cddb-4f24-9b92-18bb32d8f975	chr13	18452809	19021274	9	7	2
04e33010-cddb-4f24-9b92-18bb32d8f975	chr13	19022192	19031270	12	10	2
04e33010-cddb-4f24-9b92-18bb32d8f975	chr13	19036189	26642085	8	6	2
04e33010-cddb-4f24-9b92-18bb32d8f975	chr13	26642803	40499061	9	7	2
04e33010-cddb-4f24-9b92-18bb32d8f975	chr13	40500329	43754868	8	6	2
04e33010-cddb-4f24-9b92-18bb32d8f975	chr13	43754930	114342922	9	7	2
04e33010-cddb-4f24-9b92-18bb32d8f975	chr14	18239283	88698109	3	2	1
04e33010-cddb-4f24-9b92-18bb32d8f975	chr14	88701083	89004198	4	2	2
04e33010-cddb-4f24-9b92-18bb32d8f975	chr14	89004925	106877229	3	2	1
04e33010-cddb-4f24-9b92-18bb32d8f975	chr15	19811075	23484496	3	2	1
04e33010-cddb-4f24-9b92-18bb32d8f975	chr15	23486830	25054112	4	2	2
04e33010-cddb-4f24-9b92-18bb32d8f975	chr15	25055911	25081548	7	4	3
04e33010-cddb-4f24-9b92-18bb32d8f975	chr15	25081683	101928837	4	2	2
04e33010-cddb-4f24-9b92-18bb32d8f975	chr16	10777	6033621	4	2	2
04e33010-cddb-4f24-9b92-18bb32d8f975	chr16	6035402	6228880	3	2	1
04e33010-cddb-4f24-9b92-18bb32d8f975	chr16	6229093	86104738	4	2	2
04e33010-cddb-4f24-9b92-18bb32d8f975	chr16	86104964	86115902	6	3	3
04e33010-cddb-4f24-9b92-18bb32d8f975	chr16	86119821	86478869	3	2	1
04e33010-cddb-4f24-9b92-18bb32d8f975	chr16	86479268	90096867	4	2	2
04e33010-cddb-4f24-9b92-18bb32d8f975	chr17	150733	22720241	2	2	0
04e33010-cddb-4f24-9b92-18bb32d8f975	chr17	22727748	29013588	4	2	2
04e33010-cddb-4f24-9b92-18bb32d8f975	chr17	29014416	29385760	12	8	4
04e33010-cddb-4f24-9b92-18bb32d8f975	chr17	29395119	32153328	4	2	2
04e33010-cddb-4f24-9b92-18bb32d8f975	chr17	32158160	32274752	11	7	4
04e33010-cddb-4f24-9b92-18bb32d8f975	chr17	32275119	33154878	4	2	2
04e33010-cddb-4f24-9b92-18bb32d8f975	chr17	33156817	33353893	15	13	2
04e33010-cddb-4f24-9b92-18bb32d8f975	chr17	33354829	33663366	11	9	2
04e33010-cddb-4f24-9b92-18bb32d8f975	chr17	33667955	34985560	4	2	2
04e33010-cddb-4f24-9b92-18bb32d8f975	chr17	34986292	35058954	10	6	4
04e33010-cddb-4f24-9b92-18bb32d8f975	chr17	35065066	37643330	4	2	2
04e33010-cddb-4f24-9b92-18bb32d8f975	chr17	37643979	38269360	10	7	3
04e33010-cddb-4f24-9b92-18bb32d8f975	chr17	38283280	39648605	4	2	2
04e33010-cddb-4f24-9b92-18bb32d8f975	chr17	39657603	39872732	11	6	5
04e33010-cddb-4f24-9b92-18bb32d8f975	chr17	39872867	43598219	4	2	2
04e33010-cddb-4f24-9b92-18bb32d8f975	chr17	43603558	43871404	13	11	2
04e33010-cddb-4f24-9b92-18bb32d8f975	chr17	43876630	44509969	4	3	1
04e33010-cddb-4f24-9b92-18bb32d8f975	chr17	44512309	44766276	10	7	3
04e33010-cddb-4f24-9b92-18bb32d8f975	chr17	44770726	46175998	4	2	2
04e33010-cddb-4f24-9b92-18bb32d8f975	chr17	46177013	46742229	10	5	5
04e33010-cddb-4f24-9b92-18bb32d8f975	chr17	46745296	53031915	4	2	2
04e33010-cddb-4f24-9b92-18bb32d8f975	chr17	53033701	54278149	11	9	2
04e33010-cddb-4f24-9b92-18bb32d8f975	chr17	54282738	56655017	4	2	2
04e33010-cddb-4f24-9b92-18bb32d8f975	chr17	56656354	56662882	4	3	1
04e33010-cddb-4f24-9b92-18bb32d8f975	chr17	56666756	56776888	12	8	4
04e33010-cddb-4f24-9b92-18bb32d8f975	chr17	56777221	60324931	4	2	2
04e33010-cddb-4f24-9b92-18bb32d8f975	chr17	60327323	60564763	11	11	0
04e33010-cddb-4f24-9b92-18bb32d8f975	chr17	60581112	62816718	4	2	2
04e33010-cddb-4f24-9b92-18bb32d8f975	chr17	62818535	63645623	12	10	2
04e33010-cddb-4f24-9b92-18bb32d8f975	chr17	63647335	65949797	4	2	2
04e33010-cddb-4f24-9b92-18bb32d8f975	chr17	65952750	66454058	11	9	2
04e33010-cddb-4f24-9b92-18bb32d8f975	chr17	66457110	67459753	4	2	2
04e33010-cddb-4f24-9b92-18bb32d8f975	chr17	67465196	67998563	12	10	2
04e33010-cddb-4f24-9b92-18bb32d8f975	chr17	68000822	75551694	4	2	2
04e33010-cddb-4f24-9b92-18bb32d8f975	chr17	75552782	75648329	5	3	2
04e33010-cddb-4f24-9b92-18bb32d8f975	chr17	75650632	76200640	11	9	2
04e33010-cddb-4f24-9b92-18bb32d8f975	chr17	76202737	76785014	4	3	1
04e33010-cddb-4f24-9b92-18bb32d8f975	chr17	76785086	76963477	12	10	2
04e33010-cddb-4f24-9b92-18bb32d8f975	chr17	76975821	78902983	4	2	2
04e33010-cddb-4f24-9b92-18bb32d8f975	chr17	78905383	79073327	11	7	4
04e33010-cddb-4f24-9b92-18bb32d8f975	chr17	79073976	79488175	4	2	2
04e33010-cddb-4f24-9b92-18bb32d8f975	chr17	79492993	79874828	10	7	3
04e33010-cddb-4f24-9b92-18bb32d8f975	chr17	79875681	83091923	4	2	2
04e33010-cddb-4f24-9b92-18bb32d8f975	chr18	48133	31338665	2	2	0
04e33010-cddb-4f24-9b92-18bb32d8f975	chr18	31338855	31364375	1	1	0
04e33010-cddb-4f24-9b92-18bb32d8f975	chr18	31369889	49873171	2	2	0
04e33010-cddb-4f24-9b92-18bb32d8f975	chr18	49873216	49896673	3	3	0
04e33010-cddb-4f24-9b92-18bb32d8f975	chr18	49898744	80257174	2	2	0
04e33010-cddb-4f24-9b92-18bb32d8f975	chr19	90910	58586487	4	2	2
04e33010-cddb-4f24-9b92-18bb32d8f975	chr20	80664	14261634	2	2	0
04e33010-cddb-4f24-9b92-18bb32d8f975	chr20	14264211	14666053	1	1	0
04e33010-cddb-4f24-9b92-18bb32d8f975	chr20	14667589	24544296	2	2	0
04e33010-cddb-4f24-9b92-18bb32d8f975	chr20	24545692	64324800	12	10	2
04e33010-cddb-4f24-9b92-18bb32d8f975	chr21	12973348	17643688	2	2	0
04e33010-cddb-4f24-9b92-18bb32d8f975	chr21	17644710	17672285	3	3	0
04e33010-cddb-4f24-9b92-18bb32d8f975	chr21	17673757	46677045	2	2	0
04e33010-cddb-4f24-9b92-18bb32d8f975	chr22	16392123	26288992	3	2	1
04e33010-cddb-4f24-9b92-18bb32d8f975	chr22	26292872	26686190	2	2	0
04e33010-cddb-4f24-9b92-18bb32d8f975	chr22	26686380	50796027	3	2	1
04e33010-cddb-4f24-9b92-18bb32d8f975	chrX	251810	427009	5	3	2
04e33010-cddb-4f24-9b92-18bb32d8f975	chrX	427026	552855	3	2	1
04e33010-cddb-4f24-9b92-18bb32d8f975	chrX	554276	690248	4	2	2
04e33010-cddb-4f24-9b92-18bb32d8f975	chrX	701944	738433	3	2	1
04e33010-cddb-4f24-9b92-18bb32d8f975	chrX	741478	1126722	4	2	2
04e33010-cddb-4f24-9b92-18bb32d8f975	chrX	1400981	1456048	3	2	1
04e33010-cddb-4f24-9b92-18bb32d8f975	chrX	1464647	1675440	5	3	2
04e33010-cddb-4f24-9b92-18bb32d8f975	chrX	1678652	2627862	4	2	2
04e33010-cddb-4f24-9b92-18bb32d8f975	chrX	2628264	2671323	5	3	2
04e33010-cddb-4f24-9b92-18bb32d8f975	chrX	2671476	2775583	4	2	2
04e33010-cddb-4f24-9b92-18bb32d8f975	chrX	2776199	16662914	1	1	0
04e33010-cddb-4f24-9b92-18bb32d8f975	chrX	16666140	155734393	2	2	0
04e33010-cddb-4f24-9b92-18bb32d8f975	chrX	155734427	156004181	4	2	2
04e33010-cddb-4f24-9b92-18bb32d8f975	chrY	2782397	26653788	4	4	0
04e33010-cddb-4f24-9b92-18bb32d8f975	chrY	56872112	56872112	3	3	0
