GDC_Aliquot	Chromosome	Start	End	Num_Probes	Segment_Mean
21de1364-3f8e-4f3c-a29f-48da46a1e58c	1	62920	3301765	738	0.3275
21de1364-3f8e-4f3c-a29f-48da46a1e58c	1	3302046	8707721	3590	0.0244
21de1364-3f8e-4f3c-a29f-48da46a1e58c	1	8707855	8709621	2	-1.8952
21de1364-3f8e-4f3c-a29f-48da46a1e58c	1	8709645	8883906	121	0.063
21de1364-3f8e-4f3c-a29f-48da46a1e58c	1	8884295	8923709	13	0.4749
21de1364-3f8e-4f3c-a29f-48da46a1e58c	1	8924977	9247978	196	-0.0017
21de1364-3f8e-4f3c-a29f-48da46a1e58c	1	9255788	9333949	55	0.3124
21de1364-3f8e-4f3c-a29f-48da46a1e58c	1	9339580	15823420	3623	0.0196
21de1364-3f8e-4f3c-a29f-48da46a1e58c	1	15827002	15828515	10	1.0459
21de1364-3f8e-4f3c-a29f-48da46a1e58c	1	15839166	16018760	84	-0.0661
21de1364-3f8e-4f3c-a29f-48da46a1e58c	1	16037445	16052921	7	0.7718
21de1364-3f8e-4f3c-a29f-48da46a1e58c	1	16063071	16679239	237	-0.0058
21de1364-3f8e-4f3c-a29f-48da46a1e58c	1	16679281	16988207	100	0.3252
21de1364-3f8e-4f3c-a29f-48da46a1e58c	1	16993283	21971792	3316	0.0142
21de1364-3f8e-4f3c-a29f-48da46a1e58c	1	21974705	22085630	58	0.31
21de1364-3f8e-4f3c-a29f-48da46a1e58c	1	22085730	25244778	1863	0.0209
21de1364-3f8e-4f3c-a29f-48da46a1e58c	1	25247980	25319167	27	0.8491
21de1364-3f8e-4f3c-a29f-48da46a1e58c	1	25319693	30667100	2735	0.0309
21de1364-3f8e-4f3c-a29f-48da46a1e58c	1	30670188	30789158	84	0.3839
21de1364-3f8e-4f3c-a29f-48da46a1e58c	1	30789990	72303233	25926	0.0047
21de1364-3f8e-4f3c-a29f-48da46a1e58c	1	72303253	72345465	45	-0.8629
21de1364-3f8e-4f3c-a29f-48da46a1e58c	1	72346221	143546558	30751	-0.0016
21de1364-3f8e-4f3c-a29f-48da46a1e58c	1	143546851	143760271	113	-0.4942
21de1364-3f8e-4f3c-a29f-48da46a1e58c	1	143762042	152588065	2333	0.0624
21de1364-3f8e-4f3c-a29f-48da46a1e58c	1	152588392	152613762	22	-1.3895
21de1364-3f8e-4f3c-a29f-48da46a1e58c	1	152613802	196798282	29708	0.0014
21de1364-3f8e-4f3c-a29f-48da46a1e58c	1	196801565	196926717	81	-0.9273
21de1364-3f8e-4f3c-a29f-48da46a1e58c	1	196932623	228325557	20967	0.0021
21de1364-3f8e-4f3c-a29f-48da46a1e58c	1	228326017	228722460	116	0.2545
21de1364-3f8e-4f3c-a29f-48da46a1e58c	1	228723797	242881005	10860	0.0047
21de1364-3f8e-4f3c-a29f-48da46a1e58c	1	242881668	243131680	79	0.3058
21de1364-3f8e-4f3c-a29f-48da46a1e58c	1	243134095	248808324	3659	0.0243
21de1364-3f8e-4f3c-a29f-48da46a1e58c	1	248808410	248930189	61	0.262
21de1364-3f8e-4f3c-a29f-48da46a1e58c	2	12784	1915924	1242	0.1339
21de1364-3f8e-4f3c-a29f-48da46a1e58c	2	1916075	3144361	940	0.0108
21de1364-3f8e-4f3c-a29f-48da46a1e58c	2	3147886	3314841	156	0.2108
21de1364-3f8e-4f3c-a29f-48da46a1e58c	2	3318399	4149435	641	0.0093
21de1364-3f8e-4f3c-a29f-48da46a1e58c	2	4149699	4175577	44	0.4125
21de1364-3f8e-4f3c-a29f-48da46a1e58c	2	4175922	34460213	21061	0.0061
21de1364-3f8e-4f3c-a29f-48da46a1e58c	2	34466002	34511990	47	0.6061
21de1364-3f8e-4f3c-a29f-48da46a1e58c	2	34512096	52531615	13007	-0.0073
21de1364-3f8e-4f3c-a29f-48da46a1e58c	2	52531630	52554384	31	-0.6864
21de1364-3f8e-4f3c-a29f-48da46a1e58c	2	52554404	86878530	21969	0.0018
21de1364-3f8e-4f3c-a29f-48da46a1e58c	2	86878753	87578886	127	0.2628
21de1364-3f8e-4f3c-a29f-48da46a1e58c	2	87586208	90209658	793	0.0166
21de1364-3f8e-4f3c-a29f-48da46a1e58c	2	90209918	92005257	69	0.3391
21de1364-3f8e-4f3c-a29f-48da46a1e58c	2	92060082	106258266	6461	0.0045
21de1364-3f8e-4f3c-a29f-48da46a1e58c	2	106263639	106270952	14	0.7175
21de1364-3f8e-4f3c-a29f-48da46a1e58c	2	106271414	122714603	9488	0.0088
21de1364-3f8e-4f3c-a29f-48da46a1e58c	2	122718173	122724665	11	-0.854
21de1364-3f8e-4f3c-a29f-48da46a1e58c	2	122726077	123297422	418	0.0153
21de1364-3f8e-4f3c-a29f-48da46a1e58c	2	123297642	123373224	59	-0.3145
21de1364-3f8e-4f3c-a29f-48da46a1e58c	2	123373674	127084748	2373	-0.0016
21de1364-3f8e-4f3c-a29f-48da46a1e58c	2	127084830	127104693	15	0.6079
21de1364-3f8e-4f3c-a29f-48da46a1e58c	2	127108118	128881408	1031	0.0258
21de1364-3f8e-4f3c-a29f-48da46a1e58c	2	128881423	128882723	7	-1.0593
21de1364-3f8e-4f3c-a29f-48da46a1e58c	2	128882741	130059766	880	0.0086
21de1364-3f8e-4f3c-a29f-48da46a1e58c	2	130059787	130560478	113	0.3113
21de1364-3f8e-4f3c-a29f-48da46a1e58c	2	130720375	132601016	802	0.0889
21de1364-3f8e-4f3c-a29f-48da46a1e58c	2	132603497	158084583	15780	-0.0069
21de1364-3f8e-4f3c-a29f-48da46a1e58c	2	158088152	158094157	3	-2.0929
21de1364-3f8e-4f3c-a29f-48da46a1e58c	2	158100039	207490231	29821	-0.0051
21de1364-3f8e-4f3c-a29f-48da46a1e58c	2	207490454	207494612	16	-0.6348
21de1364-3f8e-4f3c-a29f-48da46a1e58c	2	207494752	232328858	15834	0.0021
21de1364-3f8e-4f3c-a29f-48da46a1e58c	2	232339649	232424039	75	0.2924
21de1364-3f8e-4f3c-a29f-48da46a1e58c	2	232424558	235000053	1815	0.0046
21de1364-3f8e-4f3c-a29f-48da46a1e58c	2	235001157	235078391	54	0.2837
21de1364-3f8e-4f3c-a29f-48da46a1e58c	2	235078605	238935487	2545	0.014
21de1364-3f8e-4f3c-a29f-48da46a1e58c	2	238935640	239120700	107	0.3846
21de1364-3f8e-4f3c-a29f-48da46a1e58c	2	239123352	240671904	1041	0.0214
21de1364-3f8e-4f3c-a29f-48da46a1e58c	2	240686640	240776486	30	0.4024
21de1364-3f8e-4f3c-a29f-48da46a1e58c	2	240788528	241546809	392	0.0072
21de1364-3f8e-4f3c-a29f-48da46a1e58c	2	241546934	242147305	183	0.2592
21de1364-3f8e-4f3c-a29f-48da46a1e58c	3	20930	2597462	2227	-0.0722
21de1364-3f8e-4f3c-a29f-48da46a1e58c	3	2597894	5985932	3022	0.0115
21de1364-3f8e-4f3c-a29f-48da46a1e58c	3	5988396	6604856	567	-0.0398
21de1364-3f8e-4f3c-a29f-48da46a1e58c	3	6609441	6611645	23	-0.8945
21de1364-3f8e-4f3c-a29f-48da46a1e58c	3	6613391	12628438	4646	0.0088
21de1364-3f8e-4f3c-a29f-48da46a1e58c	3	12629342	12659897	42	0.3888
21de1364-3f8e-4f3c-a29f-48da46a1e58c	3	12659907	21740672	5762	0.0108
21de1364-3f8e-4f3c-a29f-48da46a1e58c	3	21745401	22426018	662	-0.1139
21de1364-3f8e-4f3c-a29f-48da46a1e58c	3	22426810	75413478	35732	-0.0038
21de1364-3f8e-4f3c-a29f-48da46a1e58c	3	75413495	75519398	45	0.4873
21de1364-3f8e-4f3c-a29f-48da46a1e58c	3	75523398	85456314	5471	0.0034
21de1364-3f8e-4f3c-a29f-48da46a1e58c	3	85456794	85488405	19	-0.6667
21de1364-3f8e-4f3c-a29f-48da46a1e58c	3	85489289	99218940	5488	-0.0009
21de1364-3f8e-4f3c-a29f-48da46a1e58c	3	99225614	99230464	36	-1.54
21de1364-3f8e-4f3c-a29f-48da46a1e58c	3	99230470	100683454	789	0.0003
21de1364-3f8e-4f3c-a29f-48da46a1e58c	3	100692517	100693050	3	-1.804
21de1364-3f8e-4f3c-a29f-48da46a1e58c	3	100694337	103217493	1417	-0.0091
21de1364-3f8e-4f3c-a29f-48da46a1e58c	3	103217917	103254262	32	-0.5197
21de1364-3f8e-4f3c-a29f-48da46a1e58c	3	103261300	128661409	15835	0.0042
21de1364-3f8e-4f3c-a29f-48da46a1e58c	3	128662406	128702323	18	0.8743
21de1364-3f8e-4f3c-a29f-48da46a1e58c	3	128702456	158632329	18318	-0.0006
21de1364-3f8e-4f3c-a29f-48da46a1e58c	3	158633095	158633756	2	-3.2553
21de1364-3f8e-4f3c-a29f-48da46a1e58c	3	158641083	165870188	4385	-0.018
21de1364-3f8e-4f3c-a29f-48da46a1e58c	3	165876478	165911480	19	-0.6041
21de1364-3f8e-4f3c-a29f-48da46a1e58c	3	165911745	183411681	10721	-0.0076
21de1364-3f8e-4f3c-a29f-48da46a1e58c	3	183413252	184149834	411	0.138
21de1364-3f8e-4f3c-a29f-48da46a1e58c	3	184158034	186668770	1541	-0.0039
21de1364-3f8e-4f3c-a29f-48da46a1e58c	3	186668801	186717008	60	0.3336
21de1364-3f8e-4f3c-a29f-48da46a1e58c	3	186718815	193160113	4711	-0.0023
21de1364-3f8e-4f3c-a29f-48da46a1e58c	3	193160173	193161217	6	1.5125
21de1364-3f8e-4f3c-a29f-48da46a1e58c	3	193162684	193164694	8	0.5107
21de1364-3f8e-4f3c-a29f-48da46a1e58c	3	193164968	198106887	2661	0.0431
21de1364-3f8e-4f3c-a29f-48da46a1e58c	3	198106927	198108134	12	0.731
21de1364-3f8e-4f3c-a29f-48da46a1e58c	3	198108567	198169114	21	0.254
21de1364-3f8e-4f3c-a29f-48da46a1e58c	3	198169131	198169247	3	1.0147
21de1364-3f8e-4f3c-a29f-48da46a1e58c	4	68929	453222	170	0.0065
21de1364-3f8e-4f3c-a29f-48da46a1e58c	4	453954	1051535	180	0.2572
21de1364-3f8e-4f3c-a29f-48da46a1e58c	4	1057724	3461725	1040	0.032
21de1364-3f8e-4f3c-a29f-48da46a1e58c	4	3462155	3503763	17	0.4918
21de1364-3f8e-4f3c-a29f-48da46a1e58c	4	3508562	3862096	155	0.0488
21de1364-3f8e-4f3c-a29f-48da46a1e58c	4	3864047	4174902	80	0.3034
21de1364-3f8e-4f3c-a29f-48da46a1e58c	4	4175446	9455251	3514	0.0212
21de1364-3f8e-4f3c-a29f-48da46a1e58c	4	9459504	9477699	6	1.9999
21de1364-3f8e-4f3c-a29f-48da46a1e58c	4	9484440	9652366	46	0.3782
21de1364-3f8e-4f3c-a29f-48da46a1e58c	4	9657770	10199094	472	0.0064
21de1364-3f8e-4f3c-a29f-48da46a1e58c	4	10201838	10208766	22	0.2211
21de1364-3f8e-4f3c-a29f-48da46a1e58c	4	10221792	10229625	27	-1.1678
21de1364-3f8e-4f3c-a29f-48da46a1e58c	4	10229874	49501768	25991	-0.0015
21de1364-3f8e-4f3c-a29f-48da46a1e58c	4	49508382	49656206	15	0.7231
21de1364-3f8e-4f3c-a29f-48da46a1e58c	4	49656595	69272329	10855	-0.0032
21de1364-3f8e-4f3c-a29f-48da46a1e58c	4	69277656	69305562	16	-0.9671
21de1364-3f8e-4f3c-a29f-48da46a1e58c	4	69308697	149342676	48123	-0.0047
21de1364-3f8e-4f3c-a29f-48da46a1e58c	4	149351720	149352036	2	-2.4235
21de1364-3f8e-4f3c-a29f-48da46a1e58c	4	149362780	171448195	13887	0.0002
21de1364-3f8e-4f3c-a29f-48da46a1e58c	4	171453733	171456573	11	0.9747
21de1364-3f8e-4f3c-a29f-48da46a1e58c	4	171456625	182759895	7617	0.0002
21de1364-3f8e-4f3c-a29f-48da46a1e58c	4	182760711	182976705	152	0.2296
21de1364-3f8e-4f3c-a29f-48da46a1e58c	4	182976974	184810786	1190	0.0344
21de1364-3f8e-4f3c-a29f-48da46a1e58c	4	184813435	185032315	163	0.2564
21de1364-3f8e-4f3c-a29f-48da46a1e58c	4	185035885	190106768	3362	0.0299
21de1364-3f8e-4f3c-a29f-48da46a1e58c	5	15532	1936428	954	0.2272
21de1364-3f8e-4f3c-a29f-48da46a1e58c	5	1936939	8702128	5984	0.0189
21de1364-3f8e-4f3c-a29f-48da46a1e58c	5	8702945	8747030	46	-1.076
21de1364-3f8e-4f3c-a29f-48da46a1e58c	5	8749619	12819201	3206	0.0076
21de1364-3f8e-4f3c-a29f-48da46a1e58c	5	12819263	12964436	42	-0.5051
21de1364-3f8e-4f3c-a29f-48da46a1e58c	5	12964861	34453805	13493	0.0027
21de1364-3f8e-4f3c-a29f-48da46a1e58c	5	34456281	34708820	202	0.1868
21de1364-3f8e-4f3c-a29f-48da46a1e58c	5	34709176	50696717	6969	-0.0019
21de1364-3f8e-4f3c-a29f-48da46a1e58c	5	50698048	50803980	51	-0.3185
21de1364-3f8e-4f3c-a29f-48da46a1e58c	5	50804371	58025819	4801	-0.0051
21de1364-3f8e-4f3c-a29f-48da46a1e58c	5	58030200	58037706	32	2.1037
21de1364-3f8e-4f3c-a29f-48da46a1e58c	5	58042530	58659101	437	-0.0125
21de1364-3f8e-4f3c-a29f-48da46a1e58c	5	58659324	58659367	2	-1.9463
21de1364-3f8e-4f3c-a29f-48da46a1e58c	5	58659419	69571467	6856	-0.01
21de1364-3f8e-4f3c-a29f-48da46a1e58c	5	69779150	70017861	8	1.0644
21de1364-3f8e-4f3c-a29f-48da46a1e58c	5	70959068	76147525	3130	0.0109
21de1364-3f8e-4f3c-a29f-48da46a1e58c	5	76147544	76162119	22	0.4965
21de1364-3f8e-4f3c-a29f-48da46a1e58c	5	76162246	93030642	9801	0.0005
21de1364-3f8e-4f3c-a29f-48da46a1e58c	5	93033898	93066500	24	-1.1352
21de1364-3f8e-4f3c-a29f-48da46a1e58c	5	93068333	99292623	3525	-0.0107
21de1364-3f8e-4f3c-a29f-48da46a1e58c	5	99295603	99309699	10	-0.8413
21de1364-3f8e-4f3c-a29f-48da46a1e58c	5	99310083	140824700	26221	-0.0079
21de1364-3f8e-4f3c-a29f-48da46a1e58c	5	140827458	140852254	14	-0.9686
21de1364-3f8e-4f3c-a29f-48da46a1e58c	5	140861442	172026148	21338	-0.003
21de1364-3f8e-4f3c-a29f-48da46a1e58c	5	172029451	172184964	132	0.3038
21de1364-3f8e-4f3c-a29f-48da46a1e58c	5	172189500	176623714	3076	0.0166
21de1364-3f8e-4f3c-a29f-48da46a1e58c	5	176626228	176882170	130	0.3144
21de1364-3f8e-4f3c-a29f-48da46a1e58c	5	176882853	177771448	353	-0.0044
21de1364-3f8e-4f3c-a29f-48da46a1e58c	5	177800550	177805604	3	2.5083
21de1364-3f8e-4f3c-a29f-48da46a1e58c	5	177827964	177986658	35	0.4008
21de1364-3f8e-4f3c-a29f-48da46a1e58c	5	177987511	181006225	1781	0.0395
21de1364-3f8e-4f3c-a29f-48da46a1e58c	5	181006264	181363319	169	0.2773
21de1364-3f8e-4f3c-a29f-48da46a1e58c	6	149661	254283	101	0.1406
21de1364-3f8e-4f3c-a29f-48da46a1e58c	6	257353	271856	10	-0.8134
21de1364-3f8e-4f3c-a29f-48da46a1e58c	6	277360	1007156	634	0.1167
21de1364-3f8e-4f3c-a29f-48da46a1e58c	6	1007188	29869295	20905	0.0119
21de1364-3f8e-4f3c-a29f-48da46a1e58c	6	29869410	29881490	16	0.9859
21de1364-3f8e-4f3c-a29f-48da46a1e58c	6	29882419	31240833	610	0.0651
21de1364-3f8e-4f3c-a29f-48da46a1e58c	6	31241268	32331165	456	0.2458
21de1364-3f8e-4f3c-a29f-48da46a1e58c	6	32332375	64253706	17880	0.0022
21de1364-3f8e-4f3c-a29f-48da46a1e58c	6	64253846	64261709	11	-1.2582
21de1364-3f8e-4f3c-a29f-48da46a1e58c	6	64261992	65157876	567	-0.0214
21de1364-3f8e-4f3c-a29f-48da46a1e58c	6	65159225	65206442	35	-0.427
21de1364-3f8e-4f3c-a29f-48da46a1e58c	6	65207643	72153222	4681	-0.012
21de1364-3f8e-4f3c-a29f-48da46a1e58c	6	72156821	72157169	2	-1.9619
21de1364-3f8e-4f3c-a29f-48da46a1e58c	6	72158860	76726815	2866	0.0017
21de1364-3f8e-4f3c-a29f-48da46a1e58c	6	76730151	76742972	20	0.5193
21de1364-3f8e-4f3c-a29f-48da46a1e58c	6	76743040	78253172	978	0.0016
21de1364-3f8e-4f3c-a29f-48da46a1e58c	6	78259348	78322600	108	0.46
21de1364-3f8e-4f3c-a29f-48da46a1e58c	6	78322875	93795530	9926	-0.0006
21de1364-3f8e-4f3c-a29f-48da46a1e58c	6	93797690	94641830	552	-0.1418
21de1364-3f8e-4f3c-a29f-48da46a1e58c	6	94642164	103299907	5009	-0.011
21de1364-3f8e-4f3c-a29f-48da46a1e58c	6	103300288	103314186	29	0.7991
21de1364-3f8e-4f3c-a29f-48da46a1e58c	6	103317795	167102881	41999	0.0004
21de1364-3f8e-4f3c-a29f-48da46a1e58c	6	167102970	169103617	1219	0.1567
21de1364-3f8e-4f3c-a29f-48da46a1e58c	6	169103701	169103881	2	-2.1446
21de1364-3f8e-4f3c-a29f-48da46a1e58c	6	169103895	170109144	644	0.0679
21de1364-3f8e-4f3c-a29f-48da46a1e58c	6	170110105	170238536	61	0.3433
21de1364-3f8e-4f3c-a29f-48da46a1e58c	6	170238867	170741917	238	0.0106
21de1364-3f8e-4f3c-a29f-48da46a1e58c	7	43355	664936	136	0.2421
21de1364-3f8e-4f3c-a29f-48da46a1e58c	7	665647	896168	86	-0.0189
21de1364-3f8e-4f3c-a29f-48da46a1e58c	7	902112	1192042	132	0.3509
21de1364-3f8e-4f3c-a29f-48da46a1e58c	7	1198303	5731910	2626	0.0304
21de1364-3f8e-4f3c-a29f-48da46a1e58c	7	5732563	5999270	99	0.3352
21de1364-3f8e-4f3c-a29f-48da46a1e58c	7	5999449	6827447	348	0.0373
21de1364-3f8e-4f3c-a29f-48da46a1e58c	7	6828011	7081862	112	0.2241
21de1364-3f8e-4f3c-a29f-48da46a1e58c	7	7082736	8156482	993	-0.0086
21de1364-3f8e-4f3c-a29f-48da46a1e58c	7	8156547	8158841	2	-1.5266
21de1364-3f8e-4f3c-a29f-48da46a1e58c	7	8158980	8450281	236	0.0181
21de1364-3f8e-4f3c-a29f-48da46a1e58c	7	8450444	9175917	671	-0.1144
21de1364-3f8e-4f3c-a29f-48da46a1e58c	7	9183039	54305455	33028	-0.0015
21de1364-3f8e-4f3c-a29f-48da46a1e58c	7	54318812	54318824	6	-1.5193
21de1364-3f8e-4f3c-a29f-48da46a1e58c	7	54325795	56709172	1564	0.0247
21de1364-3f8e-4f3c-a29f-48da46a1e58c	7	56709343	66004830	1770	0.114
21de1364-3f8e-4f3c-a29f-48da46a1e58c	7	66005756	88635874	12608	0.004
21de1364-3f8e-4f3c-a29f-48da46a1e58c	7	88636489	90119714	997	-0.1175
21de1364-3f8e-4f3c-a29f-48da46a1e58c	7	90122155	134093676	26261	-0.0009
21de1364-3f8e-4f3c-a29f-48da46a1e58c	7	134093715	134113805	36	0.7754
21de1364-3f8e-4f3c-a29f-48da46a1e58c	7	134114093	148848879	9441	0.0093
21de1364-3f8e-4f3c-a29f-48da46a1e58c	7	148854510	152541987	1954	0.046
21de1364-3f8e-4f3c-a29f-48da46a1e58c	7	152542186	152554681	2	-2.0403
21de1364-3f8e-4f3c-a29f-48da46a1e58c	7	152555494	158913549	4406	0.0475
21de1364-3f8e-4f3c-a29f-48da46a1e58c	7	158919484	159089737	127	0.3025
21de1364-3f8e-4f3c-a29f-48da46a1e58c	7	159091173	159324925	151	0.0592
21de1364-3f8e-4f3c-a29f-48da46a1e58c	7	159324952	159334314	13	-0.7379
21de1364-3f8e-4f3c-a29f-48da46a1e58c	8	81254	4293254	4021	0.0556
21de1364-3f8e-4f3c-a29f-48da46a1e58c	8	4293559	6012416	2350	-0.0256
21de1364-3f8e-4f3c-a29f-48da46a1e58c	8	6012780	12358500	4656	0.0547
21de1364-3f8e-4f3c-a29f-48da46a1e58c	8	12359339	12701420	73	0.4545
21de1364-3f8e-4f3c-a29f-48da46a1e58c	8	12702326	25117007	10376	0.0023
21de1364-3f8e-4f3c-a29f-48da46a1e58c	8	25117062	25126735	23	-1.7079
21de1364-3f8e-4f3c-a29f-48da46a1e58c	8	25133589	39372664	9008	0.008
21de1364-3f8e-4f3c-a29f-48da46a1e58c	8	39372806	39529446	61	0.6635
21de1364-3f8e-4f3c-a29f-48da46a1e58c	8	39530780	50119451	4580	0.0123
21de1364-3f8e-4f3c-a29f-48da46a1e58c	8	50119464	50119827	7	-1.3645
21de1364-3f8e-4f3c-a29f-48da46a1e58c	8	50126018	111282973	37415	-0.0015
21de1364-3f8e-4f3c-a29f-48da46a1e58c	8	111283016	111283031	2	-2.8726
21de1364-3f8e-4f3c-a29f-48da46a1e58c	8	111288052	119135741	4959	-0.0022
21de1364-3f8e-4f3c-a29f-48da46a1e58c	8	119139771	119147207	5	-2.0329
21de1364-3f8e-4f3c-a29f-48da46a1e58c	8	119150615	140990814	16128	0.0025
21de1364-3f8e-4f3c-a29f-48da46a1e58c	8	140991025	141135593	120	0.3041
21de1364-3f8e-4f3c-a29f-48da46a1e58c	8	141138302	141323524	116	0.018
21de1364-3f8e-4f3c-a29f-48da46a1e58c	8	141323933	141573691	139	0.3553
21de1364-3f8e-4f3c-a29f-48da46a1e58c	8	141573771	141585817	8	1.1441
21de1364-3f8e-4f3c-a29f-48da46a1e58c	8	141590139	142423108	486	0.2693
21de1364-3f8e-4f3c-a29f-48da46a1e58c	8	142423309	142762148	117	0.0255
21de1364-3f8e-4f3c-a29f-48da46a1e58c	8	142762919	142798511	8	0.7167
21de1364-3f8e-4f3c-a29f-48da46a1e58c	8	142800489	143227622	182	-0.0088
21de1364-3f8e-4f3c-a29f-48da46a1e58c	8	143227655	143228432	7	1.0951
21de1364-3f8e-4f3c-a29f-48da46a1e58c	8	143228447	144182963	279	0.0641
21de1364-3f8e-4f3c-a29f-48da46a1e58c	8	144188443	144910348	256	0.3077
21de1364-3f8e-4f3c-a29f-48da46a1e58c	8	144910954	145072769	98	0.0598
21de1364-3f8e-4f3c-a29f-48da46a1e58c	9	46587	1332257	1328	0.0826
21de1364-3f8e-4f3c-a29f-48da46a1e58c	9	1332790	6548393	4920	-0.0099
21de1364-3f8e-4f3c-a29f-48da46a1e58c	9	6550024	6797498	187	0.2446
21de1364-3f8e-4f3c-a29f-48da46a1e58c	9	6797634	8942462	2137	0.0011
21de1364-3f8e-4f3c-a29f-48da46a1e58c	9	8943411	12589981	3155	-0.0649
21de1364-3f8e-4f3c-a29f-48da46a1e58c	9	12594030	38808961	19387	-0.0073
21de1364-3f8e-4f3c-a29f-48da46a1e58c	9	38912300	42143196	183	0.1591
21de1364-3f8e-4f3c-a29f-48da46a1e58c	9	42145255	42151226	3	-2.1513
21de1364-3f8e-4f3c-a29f-48da46a1e58c	9	42151481	42574420	23	-0.0174
21de1364-3f8e-4f3c-a29f-48da46a1e58c	9	42585140	42727685	14	1.0001
21de1364-3f8e-4f3c-a29f-48da46a1e58c	9	42729302	67832599	236	0.2039
21de1364-3f8e-4f3c-a29f-48da46a1e58c	9	67915741	69485653	937	0.003
21de1364-3f8e-4f3c-a29f-48da46a1e58c	9	69490697	69490699	3	1.9051
21de1364-3f8e-4f3c-a29f-48da46a1e58c	9	69490703	77154478	5574	0.0029
21de1364-3f8e-4f3c-a29f-48da46a1e58c	9	77155482	77162488	29	0.6424
21de1364-3f8e-4f3c-a29f-48da46a1e58c	9	77171212	135115905	40126	0.0001
21de1364-3f8e-4f3c-a29f-48da46a1e58c	9	135116149	135134481	12	0.5097
21de1364-3f8e-4f3c-a29f-48da46a1e58c	9	135135004	135247961	86	0.0164
21de1364-3f8e-4f3c-a29f-48da46a1e58c	9	135248141	135472087	150	0.2734
21de1364-3f8e-4f3c-a29f-48da46a1e58c	9	135472543	137358336	595	0.046
21de1364-3f8e-4f3c-a29f-48da46a1e58c	9	137358495	137361381	4	1.6276
21de1364-3f8e-4f3c-a29f-48da46a1e58c	9	137378551	137657357	85	0.1249
21de1364-3f8e-4f3c-a29f-48da46a1e58c	9	137659653	137659917	2	-1.8392
21de1364-3f8e-4f3c-a29f-48da46a1e58c	9	137663683	138044300	202	0.0566
21de1364-3f8e-4f3c-a29f-48da46a1e58c	9	138044505	138200944	118	0.295
21de1364-3f8e-4f3c-a29f-48da46a1e58c	10	45792	1326501	759	0.1222
21de1364-3f8e-4f3c-a29f-48da46a1e58c	10	1328362	2696961	1326	0.007
21de1364-3f8e-4f3c-a29f-48da46a1e58c	10	2697147	3096481	446	0.1901
21de1364-3f8e-4f3c-a29f-48da46a1e58c	10	3098269	17885034	12316	0.0013
21de1364-3f8e-4f3c-a29f-48da46a1e58c	10	17896194	17934718	5	-1.2617
21de1364-3f8e-4f3c-a29f-48da46a1e58c	10	17941330	24086334	4339	-0.0017
21de1364-3f8e-4f3c-a29f-48da46a1e58c	10	24088745	24090110	15	0.8753
21de1364-3f8e-4f3c-a29f-48da46a1e58c	10	24091731	26938836	1989	0.0106
21de1364-3f8e-4f3c-a29f-48da46a1e58c	10	26939421	26941808	8	0.7419
21de1364-3f8e-4f3c-a29f-48da46a1e58c	10	26942681	30957581	3017	0.0206
21de1364-3f8e-4f3c-a29f-48da46a1e58c	10	30962405	30962753	7	-0.854
21de1364-3f8e-4f3c-a29f-48da46a1e58c	10	30962785	34799993	2598	-0.0045
21de1364-3f8e-4f3c-a29f-48da46a1e58c	10	34802869	35060545	148	0.2137
21de1364-3f8e-4f3c-a29f-48da46a1e58c	10	35061561	45653333	4441	0.0178
21de1364-3f8e-4f3c-a29f-48da46a1e58c	10	45653980	46522571	259	0.1817
21de1364-3f8e-4f3c-a29f-48da46a1e58c	10	46525652	46526086	11	0.8572
21de1364-3f8e-4f3c-a29f-48da46a1e58c	10	46526248	46618028	30	0.197
21de1364-3f8e-4f3c-a29f-48da46a1e58c	10	46631433	49977695	1665	0.0037
21de1364-3f8e-4f3c-a29f-48da46a1e58c	10	49979906	50242107	44	0.3623
21de1364-3f8e-4f3c-a29f-48da46a1e58c	10	50242415	70715245	14530	-0.0071
21de1364-3f8e-4f3c-a29f-48da46a1e58c	10	70716012	70745200	31	0.4677
21de1364-3f8e-4f3c-a29f-48da46a1e58c	10	70745596	82124522	7271	0.0071
21de1364-3f8e-4f3c-a29f-48da46a1e58c	10	82124904	82128911	5	-1.5602
21de1364-3f8e-4f3c-a29f-48da46a1e58c	10	82129864	87196584	3622	0.0066
21de1364-3f8e-4f3c-a29f-48da46a1e58c	10	87198803	87325208	15	0.7675
21de1364-3f8e-4f3c-a29f-48da46a1e58c	10	87335259	105296521	11221	0.0039
21de1364-3f8e-4f3c-a29f-48da46a1e58c	10	105297280	105299412	3	-3.0753
21de1364-3f8e-4f3c-a29f-48da46a1e58c	10	105302718	130390390	18484	0.0012
21de1364-3f8e-4f3c-a29f-48da46a1e58c	10	130390609	133654968	2063	0.1413
21de1364-3f8e-4f3c-a29f-48da46a1e58c	11	198510	241489	22	0.0716
21de1364-3f8e-4f3c-a29f-48da46a1e58c	11	242112	456012	82	0.3703
21de1364-3f8e-4f3c-a29f-48da46a1e58c	11	456120	1697036	431	0.0277
21de1364-3f8e-4f3c-a29f-48da46a1e58c	11	1698351	1870675	55	0.4273
21de1364-3f8e-4f3c-a29f-48da46a1e58c	11	1878795	2458715	185	-0.0113
21de1364-3f8e-4f3c-a29f-48da46a1e58c	11	2459007	2595605	66	0.3286
21de1364-3f8e-4f3c-a29f-48da46a1e58c	11	2596552	3390147	435	-0.0106
21de1364-3f8e-4f3c-a29f-48da46a1e58c	11	3391957	3657448	99	0.2394
21de1364-3f8e-4f3c-a29f-48da46a1e58c	11	3658428	4704437	771	0.0027
21de1364-3f8e-4f3c-a29f-48da46a1e58c	11	4705210	4705661	6	-1.1989
21de1364-3f8e-4f3c-a29f-48da46a1e58c	11	4707904	18927796	10520	0.0006
21de1364-3f8e-4f3c-a29f-48da46a1e58c	11	18928100	18949158	44	0.4711
21de1364-3f8e-4f3c-a29f-48da46a1e58c	11	18949201	26987801	6354	-0.0138
21de1364-3f8e-4f3c-a29f-48da46a1e58c	11	26987903	27004877	15	-0.6208
21de1364-3f8e-4f3c-a29f-48da46a1e58c	11	27005119	50189854	14851	-0.0004
21de1364-3f8e-4f3c-a29f-48da46a1e58c	11	50189869	54687569	215	0.1718
21de1364-3f8e-4f3c-a29f-48da46a1e58c	11	54689682	64825436	5499	-0.0002
21de1364-3f8e-4f3c-a29f-48da46a1e58c	11	64828200	65864502	390	0.3132
21de1364-3f8e-4f3c-a29f-48da46a1e58c	11	65867496	67546364	642	0.021
21de1364-3f8e-4f3c-a29f-48da46a1e58c	11	67550364	68003149	146	0.3828
21de1364-3f8e-4f3c-a29f-48da46a1e58c	11	68007631	107910653	26449	-0.0035
21de1364-3f8e-4f3c-a29f-48da46a1e58c	11	107913781	107914372	2	-3.4009
21de1364-3f8e-4f3c-a29f-48da46a1e58c	11	107916987	133014420	17982	-0.0004
21de1364-3f8e-4f3c-a29f-48da46a1e58c	11	133016419	133255434	216	0.1763
21de1364-3f8e-4f3c-a29f-48da46a1e58c	11	133257450	133926643	484	-0.005
21de1364-3f8e-4f3c-a29f-48da46a1e58c	11	133926781	135074876	855	0.1772
21de1364-3f8e-4f3c-a29f-48da46a1e58c	12	51460	231990	104	0.3839
21de1364-3f8e-4f3c-a29f-48da46a1e58c	12	232838	424313	99	0.0104
21de1364-3f8e-4f3c-a29f-48da46a1e58c	12	425602	769835	241	0.2698
21de1364-3f8e-4f3c-a29f-48da46a1e58c	12	770280	1486297	402	-0.025
21de1364-3f8e-4f3c-a29f-48da46a1e58c	12	1488547	1893166	253	0.1652
21de1364-3f8e-4f3c-a29f-48da46a1e58c	12	1893196	8165239	4425	0.0148
21de1364-3f8e-4f3c-a29f-48da46a1e58c	12	8168303	8432076	89	0.4045
21de1364-3f8e-4f3c-a29f-48da46a1e58c	12	8442298	9477960	559	0.0398
21de1364-3f8e-4f3c-a29f-48da46a1e58c	12	9481274	9582373	25	0.9854
21de1364-3f8e-4f3c-a29f-48da46a1e58c	12	9582374	11074314	1040	-0.0174
21de1364-3f8e-4f3c-a29f-48da46a1e58c	12	11078856	11088933	6	-1.187
21de1364-3f8e-4f3c-a29f-48da46a1e58c	12	11099275	28555588	12086	0.0051
21de1364-3f8e-4f3c-a29f-48da46a1e58c	12	28558278	28564522	13	-0.6417
21de1364-3f8e-4f3c-a29f-48da46a1e58c	12	28565058	33141726	3426	0.0035
21de1364-3f8e-4f3c-a29f-48da46a1e58c	12	33148472	33155426	28	0.5396
21de1364-3f8e-4f3c-a29f-48da46a1e58c	12	33155453	34167583	625	-0.057
21de1364-3f8e-4f3c-a29f-48da46a1e58c	12	34170269	37792947	243	0.2347
21de1364-3f8e-4f3c-a29f-48da46a1e58c	12	37813240	43180375	3347	-0.0168
21de1364-3f8e-4f3c-a29f-48da46a1e58c	12	43183151	43211889	17	-0.6319
21de1364-3f8e-4f3c-a29f-48da46a1e58c	12	43212388	48331259	3073	-0.0029
21de1364-3f8e-4f3c-a29f-48da46a1e58c	12	48331456	48331632	3	-1.8598
21de1364-3f8e-4f3c-a29f-48da46a1e58c	12	48336253	52263615	1972	0.0108
21de1364-3f8e-4f3c-a29f-48da46a1e58c	12	52263698	52443905	184	0.1764
21de1364-3f8e-4f3c-a29f-48da46a1e58c	12	52444922	53027785	503	-0.009
21de1364-3f8e-4f3c-a29f-48da46a1e58c	12	53029721	53108732	41	0.3778
21de1364-3f8e-4f3c-a29f-48da46a1e58c	12	53112094	99398036	29276	0.0009
21de1364-3f8e-4f3c-a29f-48da46a1e58c	12	99401515	99404140	22	0.4729
21de1364-3f8e-4f3c-a29f-48da46a1e58c	12	99404279	111730246	7904	0.0007
21de1364-3f8e-4f3c-a29f-48da46a1e58c	12	111730518	111885173	60	0.274
21de1364-3f8e-4f3c-a29f-48da46a1e58c	12	111885212	113819403	1251	-0.0044
21de1364-3f8e-4f3c-a29f-48da46a1e58c	12	113819629	114019991	191	0.2316
21de1364-3f8e-4f3c-a29f-48da46a1e58c	12	114020168	114021410	3	-0.6118
21de1364-3f8e-4f3c-a29f-48da46a1e58c	12	114026578	127986139	9530	0.0059
21de1364-3f8e-4f3c-a29f-48da46a1e58c	12	127988406	128013569	15	-0.4789
21de1364-3f8e-4f3c-a29f-48da46a1e58c	12	128013817	131263994	2840	0.0936
21de1364-3f8e-4f3c-a29f-48da46a1e58c	12	131264893	131320393	42	0.5431
21de1364-3f8e-4f3c-a29f-48da46a1e58c	12	131324054	131648123	314	0.1141
21de1364-3f8e-4f3c-a29f-48da46a1e58c	12	131648138	131648724	6	-1.8874
21de1364-3f8e-4f3c-a29f-48da46a1e58c	12	131648753	131681750	17	0.3157
21de1364-3f8e-4f3c-a29f-48da46a1e58c	12	131685523	132126981	188	-0.0164
21de1364-3f8e-4f3c-a29f-48da46a1e58c	12	132127961	133201603	358	0.2265
21de1364-3f8e-4f3c-a29f-48da46a1e58c	13	18452809	20536973	1124	0.0754
21de1364-3f8e-4f3c-a29f-48da46a1e58c	13	20538331	71902850	33917	-0.0004
21de1364-3f8e-4f3c-a29f-48da46a1e58c	13	71903417	71905409	2	-2.1852
21de1364-3f8e-4f3c-a29f-48da46a1e58c	13	71906311	95318762	15465	0.0023
21de1364-3f8e-4f3c-a29f-48da46a1e58c	13	95325698	95360502	24	0.4895
21de1364-3f8e-4f3c-a29f-48da46a1e58c	13	95360536	112615247	12807	0.0124
21de1364-3f8e-4f3c-a29f-48da46a1e58c	13	112616812	112862607	143	0.0595
21de1364-3f8e-4f3c-a29f-48da46a1e58c	13	112866048	112914400	35	0.48
21de1364-3f8e-4f3c-a29f-48da46a1e58c	13	112916848	114342922	621	0.1075
21de1364-3f8e-4f3c-a29f-48da46a1e58c	14	18239283	19957350	169	0.2522
21de1364-3f8e-4f3c-a29f-48da46a1e58c	14	19957701	22371611	1729	-0.0051
21de1364-3f8e-4f3c-a29f-48da46a1e58c	14	22374112	22813541	357	0.1595
21de1364-3f8e-4f3c-a29f-48da46a1e58c	14	22814696	37766666	9405	-0.0049
21de1364-3f8e-4f3c-a29f-48da46a1e58c	14	37774010	37794086	12	-0.8767
21de1364-3f8e-4f3c-a29f-48da46a1e58c	14	37794403	98683386	39667	-0.0007
21de1364-3f8e-4f3c-a29f-48da46a1e58c	14	98683516	98974537	274	0.1708
21de1364-3f8e-4f3c-a29f-48da46a1e58c	14	98974594	104313496	2892	0.0122
21de1364-3f8e-4f3c-a29f-48da46a1e58c	14	104314150	104670444	133	0.1945
21de1364-3f8e-4f3c-a29f-48da46a1e58c	14	104670656	105505557	244	-0.0219
21de1364-3f8e-4f3c-a29f-48da46a1e58c	14	105514370	106877229	519	0.1262
21de1364-3f8e-4f3c-a29f-48da46a1e58c	15	19811075	20056983	50	0.2079
21de1364-3f8e-4f3c-a29f-48da46a1e58c	15	20059033	21975606	126	0.8003
21de1364-3f8e-4f3c-a29f-48da46a1e58c	15	21997003	22576496	37	1.1946
21de1364-3f8e-4f3c-a29f-48da46a1e58c	15	22582296	22635920	11	-0.2305
21de1364-3f8e-4f3c-a29f-48da46a1e58c	15	22646628	23501978	353	0.1481
21de1364-3f8e-4f3c-a29f-48da46a1e58c	15	23502875	24380697	611	-0.0287
21de1364-3f8e-4f3c-a29f-48da46a1e58c	15	24390946	24469692	41	-0.5729
21de1364-3f8e-4f3c-a29f-48da46a1e58c	15	24469711	26315045	1335	0.0047
21de1364-3f8e-4f3c-a29f-48da46a1e58c	15	26317005	26318009	2	-2.2322
21de1364-3f8e-4f3c-a29f-48da46a1e58c	15	26318441	27858471	1160	0.0103
21de1364-3f8e-4f3c-a29f-48da46a1e58c	15	27859017	30503586	1136	0.1413
21de1364-3f8e-4f3c-a29f-48da46a1e58c	15	30515739	34431375	2570	0.0214
21de1364-3f8e-4f3c-a29f-48da46a1e58c	15	34434971	34520918	59	-0.6444
21de1364-3f8e-4f3c-a29f-48da46a1e58c	15	34522159	61392006	17294	0.0047
21de1364-3f8e-4f3c-a29f-48da46a1e58c	15	61395970	61405768	16	-0.9629
21de1364-3f8e-4f3c-a29f-48da46a1e58c	15	61405782	99872352	25168	0.0034
21de1364-3f8e-4f3c-a29f-48da46a1e58c	15	99872475	100415538	450	0.1595
21de1364-3f8e-4f3c-a29f-48da46a1e58c	15	100416310	101346550	714	0.0384
21de1364-3f8e-4f3c-a29f-48da46a1e58c	15	101346618	101928837	414	0.1823
21de1364-3f8e-4f3c-a29f-48da46a1e58c	16	10777	603333	284	0.2701
21de1364-3f8e-4f3c-a29f-48da46a1e58c	16	603459	8819465	6118	0.0354
21de1364-3f8e-4f3c-a29f-48da46a1e58c	16	8819947	9191103	225	0.287
21de1364-3f8e-4f3c-a29f-48da46a1e58c	16	9193003	11514388	2053	0.0026
21de1364-3f8e-4f3c-a29f-48da46a1e58c	16	11514854	11539626	10	0.8507
21de1364-3f8e-4f3c-a29f-48da46a1e58c	16	11539890	14653245	2398	0.0111
21de1364-3f8e-4f3c-a29f-48da46a1e58c	16	14657199	18768634	1715	0.1621
21de1364-3f8e-4f3c-a29f-48da46a1e58c	16	18771837	21582313	1612	0.0128
21de1364-3f8e-4f3c-a29f-48da46a1e58c	16	21584992	22604483	374	0.1623
21de1364-3f8e-4f3c-a29f-48da46a1e58c	16	22614263	22693199	58	-0.3568
21de1364-3f8e-4f3c-a29f-48da46a1e58c	16	22699421	22830252	117	0.142
21de1364-3f8e-4f3c-a29f-48da46a1e58c	16	22832620	27043911	3008	-0.0047
21de1364-3f8e-4f3c-a29f-48da46a1e58c	16	27045134	27783028	469	0.0658
21de1364-3f8e-4f3c-a29f-48da46a1e58c	16	27783854	27839893	58	0.3051
21de1364-3f8e-4f3c-a29f-48da46a1e58c	16	27840413	28620264	400	0.0344
21de1364-3f8e-4f3c-a29f-48da46a1e58c	16	28620700	30359054	419	0.2582
21de1364-3f8e-4f3c-a29f-48da46a1e58c	16	30359793	83995248	28267	0.0098
21de1364-3f8e-4f3c-a29f-48da46a1e58c	16	83995534	84903681	817	0.233
21de1364-3f8e-4f3c-a29f-48da46a1e58c	16	84906410	88005544	2591	0.035
21de1364-3f8e-4f3c-a29f-48da46a1e58c	16	88011173	88171026	71	0.2971
21de1364-3f8e-4f3c-a29f-48da46a1e58c	16	88177537	88457407	124	0.0212
21de1364-3f8e-4f3c-a29f-48da46a1e58c	16	88459366	90096867	682	0.2903
21de1364-3f8e-4f3c-a29f-48da46a1e58c	17	150733	1218553	546	0.2692
21de1364-3f8e-4f3c-a29f-48da46a1e58c	17	1220388	6197464	2813	0.0385
21de1364-3f8e-4f3c-a29f-48da46a1e58c	17	6197476	6197723	3	-1.6072
21de1364-3f8e-4f3c-a29f-48da46a1e58c	17	6197739	18414080	8032	0.03
21de1364-3f8e-4f3c-a29f-48da46a1e58c	17	18452078	18561272	26	0.8049
21de1364-3f8e-4f3c-a29f-48da46a1e58c	17	18561907	33618651	4985	0.018
21de1364-3f8e-4f3c-a29f-48da46a1e58c	17	33622050	34609520	942	0.1172
21de1364-3f8e-4f3c-a29f-48da46a1e58c	17	34611015	36157718	941	0.0251
21de1364-3f8e-4f3c-a29f-48da46a1e58c	17	36200725	36549144	82	0.2755
21de1364-3f8e-4f3c-a29f-48da46a1e58c	17	36553073	41258395	2441	0.0153
21de1364-3f8e-4f3c-a29f-48da46a1e58c	17	41262120	41274198	26	1.1777
21de1364-3f8e-4f3c-a29f-48da46a1e58c	17	41274279	45393502	2126	0.0202
21de1364-3f8e-4f3c-a29f-48da46a1e58c	17	45395141	46708316	510	0.2317
21de1364-3f8e-4f3c-a29f-48da46a1e58c	17	46710828	73838033	16805	0.0033
21de1364-3f8e-4f3c-a29f-48da46a1e58c	17	73838553	74681173	556	0.2533
21de1364-3f8e-4f3c-a29f-48da46a1e58c	17	74684398	76778743	975	0.0336
21de1364-3f8e-4f3c-a29f-48da46a1e58c	17	76779413	76835725	30	0.4797
21de1364-3f8e-4f3c-a29f-48da46a1e58c	17	76836454	76918076	48	-0.0118
21de1364-3f8e-4f3c-a29f-48da46a1e58c	17	76918859	76961310	28	0.3742
21de1364-3f8e-4f3c-a29f-48da46a1e58c	17	76962302	77336327	231	0.0065
21de1364-3f8e-4f3c-a29f-48da46a1e58c	17	77336374	77399101	59	0.3031
21de1364-3f8e-4f3c-a29f-48da46a1e58c	17	77399361	77449922	35	-0.0886
21de1364-3f8e-4f3c-a29f-48da46a1e58c	17	77452076	77506298	14	0.6346
21de1364-3f8e-4f3c-a29f-48da46a1e58c	17	77510361	78560062	615	0.0291
21de1364-3f8e-4f3c-a29f-48da46a1e58c	17	78560165	78707248	122	0.2435
21de1364-3f8e-4f3c-a29f-48da46a1e58c	17	78707434	79159586	239	0.03
21de1364-3f8e-4f3c-a29f-48da46a1e58c	17	79162921	79238441	43	0.3921
21de1364-3f8e-4f3c-a29f-48da46a1e58c	17	79238589	80243298	567	0.0346
21de1364-3f8e-4f3c-a29f-48da46a1e58c	17	80245008	80352467	54	0.3653
21de1364-3f8e-4f3c-a29f-48da46a1e58c	17	80352501	82138739	681	0.0533
21de1364-3f8e-4f3c-a29f-48da46a1e58c	17	82138880	82205012	29	0.4051
21de1364-3f8e-4f3c-a29f-48da46a1e58c	17	82205345	82955029	364	0.0408
21de1364-3f8e-4f3c-a29f-48da46a1e58c	17	82955792	83091923	64	0.2973
21de1364-3f8e-4f3c-a29f-48da46a1e58c	18	48133	163398	31	0.2788
21de1364-3f8e-4f3c-a29f-48da46a1e58c	18	164086	7954303	5693	0.0149
21de1364-3f8e-4f3c-a29f-48da46a1e58c	18	7956631	7956796	2	-2.4956
21de1364-3f8e-4f3c-a29f-48da46a1e58c	18	7957077	14108789	4317	0.0122
21de1364-3f8e-4f3c-a29f-48da46a1e58c	18	14113929	14710843	152	0.1979
21de1364-3f8e-4f3c-a29f-48da46a1e58c	18	14711820	22069966	682	0.0328
21de1364-3f8e-4f3c-a29f-48da46a1e58c	18	22070273	73670753	35057	-0.0086
21de1364-3f8e-4f3c-a29f-48da46a1e58c	18	73671007	73828262	150	0.0311
21de1364-3f8e-4f3c-a29f-48da46a1e58c	18	73830239	73948281	112	0.2152
21de1364-3f8e-4f3c-a29f-48da46a1e58c	18	73948362	74416103	396	-0.0185
21de1364-3f8e-4f3c-a29f-48da46a1e58c	18	74416237	74474890	58	0.316
21de1364-3f8e-4f3c-a29f-48da46a1e58c	18	74475363	76704168	1719	0.0117
21de1364-3f8e-4f3c-a29f-48da46a1e58c	18	76705364	76756945	34	0.4444
21de1364-3f8e-4f3c-a29f-48da46a1e58c	18	76757042	78902828	1617	0.0417
21de1364-3f8e-4f3c-a29f-48da46a1e58c	18	78903872	78904863	3	-1.3051
21de1364-3f8e-4f3c-a29f-48da46a1e58c	18	78906449	79308440	256	0.0527
21de1364-3f8e-4f3c-a29f-48da46a1e58c	18	79322151	80257174	447	0.2142
21de1364-3f8e-4f3c-a29f-48da46a1e58c	19	90910	4437039	1175	0.0458
21de1364-3f8e-4f3c-a29f-48da46a1e58c	19	4437324	4673369	54	0.389
21de1364-3f8e-4f3c-a29f-48da46a1e58c	19	4673502	6901458	1029	0.022
21de1364-3f8e-4f3c-a29f-48da46a1e58c	19	6901471	7071383	86	0.2775
21de1364-3f8e-4f3c-a29f-48da46a1e58c	19	7073078	16565516	4788	0.0196
21de1364-3f8e-4f3c-a29f-48da46a1e58c	19	16566478	16622574	39	0.3638
21de1364-3f8e-4f3c-a29f-48da46a1e58c	19	16625585	19858725	1404	0.0001
21de1364-3f8e-4f3c-a29f-48da46a1e58c	19	19858910	21116938	731	0.133
21de1364-3f8e-4f3c-a29f-48da46a1e58c	19	21120340	42786621	11098	0.0167
21de1364-3f8e-4f3c-a29f-48da46a1e58c	19	42790238	43029974	108	-0.6483
21de1364-3f8e-4f3c-a29f-48da46a1e58c	19	43030754	49867421	3269	0.0228
21de1364-3f8e-4f3c-a29f-48da46a1e58c	19	49871239	50060441	113	0.3034
21de1364-3f8e-4f3c-a29f-48da46a1e58c	19	50060642	52706243	1580	0.0422
21de1364-3f8e-4f3c-a29f-48da46a1e58c	19	52707688	54904326	1362	0.1534
21de1364-3f8e-4f3c-a29f-48da46a1e58c	19	54904949	58366859	2160	0.0293
21de1364-3f8e-4f3c-a29f-48da46a1e58c	19	58370362	58586487	101	0.3241
21de1364-3f8e-4f3c-a29f-48da46a1e58c	20	80664	84659	17	0.4836
21de1364-3f8e-4f3c-a29f-48da46a1e58c	20	84916	261667	131	-0.0097
21de1364-3f8e-4f3c-a29f-48da46a1e58c	20	263451	470182	133	0.3018
21de1364-3f8e-4f3c-a29f-48da46a1e58c	20	472817	1571811	902	0.0467
21de1364-3f8e-4f3c-a29f-48da46a1e58c	20	1576544	1581021	23	-0.5281
21de1364-3f8e-4f3c-a29f-48da46a1e58c	20	1586808	1618415	44	0.337
21de1364-3f8e-4f3c-a29f-48da46a1e58c	20	1618432	3830556	1562	0.0019
21de1364-3f8e-4f3c-a29f-48da46a1e58c	20	3830786	4112605	182	0.3201
21de1364-3f8e-4f3c-a29f-48da46a1e58c	20	4113649	5167951	847	0.0027
21de1364-3f8e-4f3c-a29f-48da46a1e58c	20	5170254	5170468	2	-1.8107
21de1364-3f8e-4f3c-a29f-48da46a1e58c	20	5172576	5448017	213	0.0149
21de1364-3f8e-4f3c-a29f-48da46a1e58c	20	5448148	5711032	158	0.2378
21de1364-3f8e-4f3c-a29f-48da46a1e58c	20	5714407	8466926	2144	-0.0011
21de1364-3f8e-4f3c-a29f-48da46a1e58c	20	8468404	8509190	28	-0.4295
21de1364-3f8e-4f3c-a29f-48da46a1e58c	20	8513302	23441522	11855	-0.004
21de1364-3f8e-4f3c-a29f-48da46a1e58c	20	23441842	23802011	275	0.1415
21de1364-3f8e-4f3c-a29f-48da46a1e58c	20	23804620	26229118	1460	0.0293
21de1364-3f8e-4f3c-a29f-48da46a1e58c	20	26229816	31256075	91	0.2771
21de1364-3f8e-4f3c-a29f-48da46a1e58c	20	31256170	63588502	21999	0.0065
21de1364-3f8e-4f3c-a29f-48da46a1e58c	20	63589896	64324800	312	0.2783
21de1364-3f8e-4f3c-a29f-48da46a1e58c	21	10354168	13933618	307	0.1322
21de1364-3f8e-4f3c-a29f-48da46a1e58c	21	13933932	22391512	6066	0.0034
21de1364-3f8e-4f3c-a29f-48da46a1e58c	21	22391773	22513808	106	-0.2279
21de1364-3f8e-4f3c-a29f-48da46a1e58c	21	22518897	36153195	9982	-0.0032
21de1364-3f8e-4f3c-a29f-48da46a1e58c	21	36153237	36185606	39	0.364
21de1364-3f8e-4f3c-a29f-48da46a1e58c	21	36185635	43021215	5572	0.0046
21de1364-3f8e-4f3c-a29f-48da46a1e58c	21	43027101	43297318	65	0.244
21de1364-3f8e-4f3c-a29f-48da46a1e58c	21	43307100	43319601	9	1.0989
21de1364-3f8e-4f3c-a29f-48da46a1e58c	21	43320254	43374861	41	0.3937
21de1364-3f8e-4f3c-a29f-48da46a1e58c	21	43572694	45237653	850	0.0411
21de1364-3f8e-4f3c-a29f-48da46a1e58c	21	45242946	45665804	224	0.3191
21de1364-3f8e-4f3c-a29f-48da46a1e58c	21	45670561	46256565	317	0.0009
21de1364-3f8e-4f3c-a29f-48da46a1e58c	21	46258259	46677045	283	0.2568
21de1364-3f8e-4f3c-a29f-48da46a1e58c	22	15294547	16618707	87	0.332
21de1364-3f8e-4f3c-a29f-48da46a1e58c	22	16619607	18161934	1041	0.0405
21de1364-3f8e-4f3c-a29f-48da46a1e58c	22	18167915	21685574	1650	0.2779
21de1364-3f8e-4f3c-a29f-48da46a1e58c	22	21685969	23075491	1060	0.1424
21de1364-3f8e-4f3c-a29f-48da46a1e58c	22	23076824	23507132	279	0.2678
21de1364-3f8e-4f3c-a29f-48da46a1e58c	22	23507447	23987520	274	0.0903
21de1364-3f8e-4f3c-a29f-48da46a1e58c	22	23988078	23989773	2	-2.8893
21de1364-3f8e-4f3c-a29f-48da46a1e58c	22	23990431	24684588	348	0.04
21de1364-3f8e-4f3c-a29f-48da46a1e58c	22	24685257	24686148	6	-0.8843
21de1364-3f8e-4f3c-a29f-48da46a1e58c	22	24686548	25225624	435	-0.0073
21de1364-3f8e-4f3c-a29f-48da46a1e58c	22	25225896	25430519	183	0.2449
21de1364-3f8e-4f3c-a29f-48da46a1e58c	22	25439231	30944638	4198	0.0069
21de1364-3f8e-4f3c-a29f-48da46a1e58c	22	30947755	30948699	2	-1.7126
21de1364-3f8e-4f3c-a29f-48da46a1e58c	22	30950766	36214525	4071	0.0085
21de1364-3f8e-4f3c-a29f-48da46a1e58c	22	36218264	36317486	71	0.3027
21de1364-3f8e-4f3c-a29f-48da46a1e58c	22	36319792	38577899	1309	0.019
21de1364-3f8e-4f3c-a29f-48da46a1e58c	22	38578875	38589813	10	-1.085
21de1364-3f8e-4f3c-a29f-48da46a1e58c	22	38590694	38936224	184	0.0128
21de1364-3f8e-4f3c-a29f-48da46a1e58c	22	38937335	38999502	53	0.3973
21de1364-3f8e-4f3c-a29f-48da46a1e58c	22	39003307	41903281	1560	-0.0017
21de1364-3f8e-4f3c-a29f-48da46a1e58c	22	41903531	41979300	36	0.3286
21de1364-3f8e-4f3c-a29f-48da46a1e58c	22	41982569	42393849	224	-0.0025
21de1364-3f8e-4f3c-a29f-48da46a1e58c	22	42393997	42501276	58	0.3174
21de1364-3f8e-4f3c-a29f-48da46a1e58c	22	42503434	42559425	25	0.8582
21de1364-3f8e-4f3c-a29f-48da46a1e58c	22	42559782	42586566	13	0.4065
21de1364-3f8e-4f3c-a29f-48da46a1e58c	22	42586792	44788038	1653	0.0201
21de1364-3f8e-4f3c-a29f-48da46a1e58c	22	44793419	44793693	5	-1.1117
21de1364-3f8e-4f3c-a29f-48da46a1e58c	22	44794870	46000363	797	0.0217
21de1364-3f8e-4f3c-a29f-48da46a1e58c	22	46004081	46009666	3	-1.5753
21de1364-3f8e-4f3c-a29f-48da46a1e58c	22	46010863	47688513	1229	0.0234
21de1364-3f8e-4f3c-a29f-48da46a1e58c	22	47688550	47690040	2	1.708
21de1364-3f8e-4f3c-a29f-48da46a1e58c	22	47690166	48929017	1195	0.0435
21de1364-3f8e-4f3c-a29f-48da46a1e58c	22	48929644	50796027	1202	0.2447
21de1364-3f8e-4f3c-a29f-48da46a1e58c	X	251810	5567168	2098	0.0342
21de1364-3f8e-4f3c-a29f-48da46a1e58c	X	5567466	5570796	5	-2.4252
21de1364-3f8e-4f3c-a29f-48da46a1e58c	X	5572767	5578095	6	-6.6919
21de1364-3f8e-4f3c-a29f-48da46a1e58c	X	5578194	6825729	1041	-0.0302
21de1364-3f8e-4f3c-a29f-48da46a1e58c	X	6828187	6910480	63	-3.4089
21de1364-3f8e-4f3c-a29f-48da46a1e58c	X	6912086	155952689	80052	0.0109
21de1364-3f8e-4f3c-a29f-48da46a1e58c	Y	2782397	56872112	6634	-0.9388
