GDC_Aliquot	Chromosome	Start	End	Copy_Number	Major_Copy_Number	Minor_Copy_Number
412a949c-326b-43cc-9753-87dcda33160c	chr1	62920	3813871	3	2	1
412a949c-326b-43cc-9753-87dcda33160c	chr1	3816075	3849877	1	1	0
412a949c-326b-43cc-9753-87dcda33160c	chr1	3852667	65382353	2	1	1
412a949c-326b-43cc-9753-87dcda33160c	chr1	65382392	65414696	1	1	0
412a949c-326b-43cc-9753-87dcda33160c	chr1	65415709	150954478	2	1	1
412a949c-326b-43cc-9753-87dcda33160c	chr1	150954676	248930189	3	2	1
412a949c-326b-43cc-9753-87dcda33160c	chr2	12784	42900539	2	2	0
412a949c-326b-43cc-9753-87dcda33160c	chr2	42900676	42911154	1	1	0
412a949c-326b-43cc-9753-87dcda33160c	chr2	42912044	60267248	2	2	0
412a949c-326b-43cc-9753-87dcda33160c	chr2	60267454	60273567	3	3	0
412a949c-326b-43cc-9753-87dcda33160c	chr2	60274540	96229584	2	2	0
412a949c-326b-43cc-9753-87dcda33160c	chr2	96229894	112696935	1	1	0
412a949c-326b-43cc-9753-87dcda33160c	chr2	112699147	200798900	2	2	0
412a949c-326b-43cc-9753-87dcda33160c	chr2	200799047	203170004	1	1	0
412a949c-326b-43cc-9753-87dcda33160c	chr2	203173624	230684790	2	2	0
412a949c-326b-43cc-9753-87dcda33160c	chr2	230688379	233859357	1	1	0
412a949c-326b-43cc-9753-87dcda33160c	chr2	233859421	233924398	2	2	0
412a949c-326b-43cc-9753-87dcda33160c	chr2	233925720	235131662	1	1	0
412a949c-326b-43cc-9753-87dcda33160c	chr2	235132291	242147305	2	2	0
412a949c-326b-43cc-9753-87dcda33160c	chr3	20930	21981431	2	1	1
412a949c-326b-43cc-9753-87dcda33160c	chr3	21981858	22140554	3	2	1
412a949c-326b-43cc-9753-87dcda33160c	chr3	22141513	58572329	2	1	1
412a949c-326b-43cc-9753-87dcda33160c	chr3	58573042	198169247	3	2	1
412a949c-326b-43cc-9753-87dcda33160c	chr4	68929	18919072	2	1	1
412a949c-326b-43cc-9753-87dcda33160c	chr4	18920212	18921261	1	1	0
412a949c-326b-43cc-9753-87dcda33160c	chr4	18921443	38091878	2	1	1
412a949c-326b-43cc-9753-87dcda33160c	chr4	38095857	38307630	3	2	1
412a949c-326b-43cc-9753-87dcda33160c	chr4	38307992	105371118	2	1	1
412a949c-326b-43cc-9753-87dcda33160c	chr4	105371192	105643600	1	1	0
412a949c-326b-43cc-9753-87dcda33160c	chr4	105653893	173746244	2	1	1
412a949c-326b-43cc-9753-87dcda33160c	chr4	173755607	190106768	1	1	0
412a949c-326b-43cc-9753-87dcda33160c	chr5	15532	58025819	2	1	1
412a949c-326b-43cc-9753-87dcda33160c	chr5	58030200	58037706	21	21	0
412a949c-326b-43cc-9753-87dcda33160c	chr5	58042530	135924157	2	1	1
412a949c-326b-43cc-9753-87dcda33160c	chr5	135925643	136178528	3	2	1
412a949c-326b-43cc-9753-87dcda33160c	chr5	136180050	181363319	2	1	1
412a949c-326b-43cc-9753-87dcda33160c	chr6	149661	45918125	2	2	0
412a949c-326b-43cc-9753-87dcda33160c	chr6	45919684	45942002	3	3	0
412a949c-326b-43cc-9753-87dcda33160c	chr6	45942727	76687678	2	2	0
412a949c-326b-43cc-9753-87dcda33160c	chr6	76689832	76751356	0	0	0
412a949c-326b-43cc-9753-87dcda33160c	chr6	76758214	106804793	2	2	0
412a949c-326b-43cc-9753-87dcda33160c	chr6	106805383	106808820	4	4	0
412a949c-326b-43cc-9753-87dcda33160c	chr6	106810759	161955162	2	2	0
412a949c-326b-43cc-9753-87dcda33160c	chr6	161956525	162170722	1	1	0
412a949c-326b-43cc-9753-87dcda33160c	chr6	162173909	170741917	2	2	0
412a949c-326b-43cc-9753-87dcda33160c	chr7	43259	14893803	3	2	1
412a949c-326b-43cc-9753-87dcda33160c	chr7	14909689	15129279	1	1	0
412a949c-326b-43cc-9753-87dcda33160c	chr7	15132602	35357957	3	2	1
412a949c-326b-43cc-9753-87dcda33160c	chr7	35358012	35366118	1	1	0
412a949c-326b-43cc-9753-87dcda33160c	chr7	35367534	63123423	3	2	1
412a949c-326b-43cc-9753-87dcda33160c	chr7	63123469	95170773	2	1	1
412a949c-326b-43cc-9753-87dcda33160c	chr7	95184924	95920023	3	2	1
412a949c-326b-43cc-9753-87dcda33160c	chr7	95920788	138256291	2	1	1
412a949c-326b-43cc-9753-87dcda33160c	chr7	138257463	141040601	3	2	1
412a949c-326b-43cc-9753-87dcda33160c	chr7	141041726	157653361	4	3	1
412a949c-326b-43cc-9753-87dcda33160c	chr7	157660162	159334314	3	2	1
412a949c-326b-43cc-9753-87dcda33160c	chr8	81254	35332890	1	1	0
412a949c-326b-43cc-9753-87dcda33160c	chr8	35333000	36220823	3	2	1
412a949c-326b-43cc-9753-87dcda33160c	chr8	36221919	38413105	2	1	1
412a949c-326b-43cc-9753-87dcda33160c	chr8	38413175	41144422	3	2	1
412a949c-326b-43cc-9753-87dcda33160c	chr8	41145484	46905911	4	3	1
412a949c-326b-43cc-9753-87dcda33160c	chr8	46906076	66463857	3	2	1
412a949c-326b-43cc-9753-87dcda33160c	chr8	66464185	78469814	5	4	1
412a949c-326b-43cc-9753-87dcda33160c	chr8	78472714	145072769	6	5	1
412a949c-326b-43cc-9753-87dcda33160c	chr9	46587	7711440	3	2	1
412a949c-326b-43cc-9753-87dcda33160c	chr9	7711695	7720367	1	1	0
412a949c-326b-43cc-9753-87dcda33160c	chr9	7720636	72260035	3	2	1
412a949c-326b-43cc-9753-87dcda33160c	chr9	72260654	72268409	7	5	2
412a949c-326b-43cc-9753-87dcda33160c	chr9	72269162	138200944	3	2	1
412a949c-326b-43cc-9753-87dcda33160c	chr10	45792	65548272	2	1	1
412a949c-326b-43cc-9753-87dcda33160c	chr10	65548833	65563168	0	0	0
412a949c-326b-43cc-9753-87dcda33160c	chr10	65565695	133654968	2	1	1
412a949c-326b-43cc-9753-87dcda33160c	chr11	198510	18919323	2	1	1
412a949c-326b-43cc-9753-87dcda33160c	chr11	18927525	18940469	0	0	0
412a949c-326b-43cc-9753-87dcda33160c	chr11	18940586	70546349	2	1	1
412a949c-326b-43cc-9753-87dcda33160c	chr11	70547213	70553041	5	3	2
412a949c-326b-43cc-9753-87dcda33160c	chr11	70553754	120106917	2	1	1
412a949c-326b-43cc-9753-87dcda33160c	chr11	120108243	120139741	5	3	2
412a949c-326b-43cc-9753-87dcda33160c	chr11	120141775	135074876	2	1	1
412a949c-326b-43cc-9753-87dcda33160c	chr12	51460	1101395	6	6	0
412a949c-326b-43cc-9753-87dcda33160c	chr12	1102157	4721837	7	7	0
412a949c-326b-43cc-9753-87dcda33160c	chr12	4723210	5332680	6	6	0
412a949c-326b-43cc-9753-87dcda33160c	chr12	5334576	9575696	2	2	0
412a949c-326b-43cc-9753-87dcda33160c	chr12	9582373	10204333	1	1	0
412a949c-326b-43cc-9753-87dcda33160c	chr12	10204374	10447769	2	2	0
412a949c-326b-43cc-9753-87dcda33160c	chr12	10448069	11330029	3	3	0
412a949c-326b-43cc-9753-87dcda33160c	chr12	11334720	11480856	1	1	0
412a949c-326b-43cc-9753-87dcda33160c	chr12	11481281	12504261	3	3	0
412a949c-326b-43cc-9753-87dcda33160c	chr12	12505407	16449952	1	1	0
412a949c-326b-43cc-9753-87dcda33160c	chr12	16453330	16695228	4	4	0
412a949c-326b-43cc-9753-87dcda33160c	chr12	16697712	18075315	2	2	0
412a949c-326b-43cc-9753-87dcda33160c	chr12	18077739	20026014	4	4	0
412a949c-326b-43cc-9753-87dcda33160c	chr12	20026284	21852510	3	3	0
412a949c-326b-43cc-9753-87dcda33160c	chr12	21853978	24289765	4	4	0
412a949c-326b-43cc-9753-87dcda33160c	chr12	24290336	24704199	1	1	0
412a949c-326b-43cc-9753-87dcda33160c	chr12	24705456	25103420	4	4	0
412a949c-326b-43cc-9753-87dcda33160c	chr12	25103726	25195580	1	1	0
412a949c-326b-43cc-9753-87dcda33160c	chr12	25195738	26327086	4	4	0
412a949c-326b-43cc-9753-87dcda33160c	chr12	26327496	26686814	3	3	0
412a949c-326b-43cc-9753-87dcda33160c	chr12	26690258	28875855	2	2	0
412a949c-326b-43cc-9753-87dcda33160c	chr12	28876192	32995471	1	1	0
412a949c-326b-43cc-9753-87dcda33160c	chr12	32995666	37875038	2	2	0
412a949c-326b-43cc-9753-87dcda33160c	chr12	37885541	39087759	1	1	0
412a949c-326b-43cc-9753-87dcda33160c	chr12	39088081	41049584	2	2	0
412a949c-326b-43cc-9753-87dcda33160c	chr12	41049832	42831407	1	1	0
412a949c-326b-43cc-9753-87dcda33160c	chr12	42844981	44537288	2	2	0
412a949c-326b-43cc-9753-87dcda33160c	chr12	44538206	44634543	3	2	1
412a949c-326b-43cc-9753-87dcda33160c	chr12	44634833	45540788	2	2	0
412a949c-326b-43cc-9753-87dcda33160c	chr12	45541091	68350671	3	2	1
412a949c-326b-43cc-9753-87dcda33160c	chr12	68350757	73273411	2	1	1
412a949c-326b-43cc-9753-87dcda33160c	chr12	73274566	75450123	3	2	1
412a949c-326b-43cc-9753-87dcda33160c	chr12	75451293	77851458	2	1	1
412a949c-326b-43cc-9753-87dcda33160c	chr12	77852938	78138233	1	1	0
412a949c-326b-43cc-9753-87dcda33160c	chr12	78138250	86628979	2	1	1
412a949c-326b-43cc-9753-87dcda33160c	chr12	86634576	96633854	3	2	1
412a949c-326b-43cc-9753-87dcda33160c	chr12	96637131	98192170	2	1	1
412a949c-326b-43cc-9753-87dcda33160c	chr12	98192507	98398241	3	2	1
412a949c-326b-43cc-9753-87dcda33160c	chr12	98399160	101179441	2	1	1
412a949c-326b-43cc-9753-87dcda33160c	chr12	101186457	101292074	4	3	1
412a949c-326b-43cc-9753-87dcda33160c	chr12	101296900	102433185	2	1	1
412a949c-326b-43cc-9753-87dcda33160c	chr12	102433267	102939029	1	1	0
412a949c-326b-43cc-9753-87dcda33160c	chr12	102944137	103442368	2	1	1
412a949c-326b-43cc-9753-87dcda33160c	chr12	103444552	107145708	3	2	1
412a949c-326b-43cc-9753-87dcda33160c	chr12	107146372	108480440	2	1	1
412a949c-326b-43cc-9753-87dcda33160c	chr12	108480582	111067462	3	2	1
412a949c-326b-43cc-9753-87dcda33160c	chr12	111072145	113899366	1	1	0
412a949c-326b-43cc-9753-87dcda33160c	chr12	113902188	117708937	3	2	1
412a949c-326b-43cc-9753-87dcda33160c	chr12	117709094	119176918	2	1	1
412a949c-326b-43cc-9753-87dcda33160c	chr12	119181827	126092907	3	2	1
412a949c-326b-43cc-9753-87dcda33160c	chr12	126093153	126476033	2	1	1
412a949c-326b-43cc-9753-87dcda33160c	chr12	126476281	126775147	1	1	0
412a949c-326b-43cc-9753-87dcda33160c	chr12	126777385	126955348	2	1	1
412a949c-326b-43cc-9753-87dcda33160c	chr12	126959505	127622732	1	1	0
412a949c-326b-43cc-9753-87dcda33160c	chr12	127623599	128154727	2	1	1
412a949c-326b-43cc-9753-87dcda33160c	chr12	128154932	129054590	3	2	1
412a949c-326b-43cc-9753-87dcda33160c	chr12	129054611	129318981	2	1	1
412a949c-326b-43cc-9753-87dcda33160c	chr12	129319609	129462226	4	3	1
412a949c-326b-43cc-9753-87dcda33160c	chr12	129469271	131192794	2	1	1
412a949c-326b-43cc-9753-87dcda33160c	chr12	131194544	132677385	3	2	1
412a949c-326b-43cc-9753-87dcda33160c	chr12	132677497	132788682	1	1	0
412a949c-326b-43cc-9753-87dcda33160c	chr12	132791815	133201603	3	2	1
412a949c-326b-43cc-9753-87dcda33160c	chr13	18452809	26915221	3	2	1
412a949c-326b-43cc-9753-87dcda33160c	chr13	26915559	26927434	6	4	2
412a949c-326b-43cc-9753-87dcda33160c	chr13	26928010	53071570	3	2	1
412a949c-326b-43cc-9753-87dcda33160c	chr13	53071798	53103588	4	3	1
412a949c-326b-43cc-9753-87dcda33160c	chr13	53108287	85189175	3	2	1
412a949c-326b-43cc-9753-87dcda33160c	chr13	85189179	85236366	2	2	0
412a949c-326b-43cc-9753-87dcda33160c	chr13	85237241	114342922	3	2	1
412a949c-326b-43cc-9753-87dcda33160c	chr14	18239283	105520403	3	2	1
412a949c-326b-43cc-9753-87dcda33160c	chr14	105521701	106311479	5	5	0
412a949c-326b-43cc-9753-87dcda33160c	chr14	106311541	106877229	2	1	1
412a949c-326b-43cc-9753-87dcda33160c	chr15	19811075	101928837	2	1	1
412a949c-326b-43cc-9753-87dcda33160c	chr16	10777	6422751	2	1	1
412a949c-326b-43cc-9753-87dcda33160c	chr16	6423196	6538851	1	1	0
412a949c-326b-43cc-9753-87dcda33160c	chr16	6540118	6687701	0	0	0
412a949c-326b-43cc-9753-87dcda33160c	chr16	6687790	6939148	1	1	0
412a949c-326b-43cc-9753-87dcda33160c	chr16	6948153	7093814	2	1	1
412a949c-326b-43cc-9753-87dcda33160c	chr16	7093878	7203185	1	1	0
412a949c-326b-43cc-9753-87dcda33160c	chr16	7205665	90096867	2	1	1
412a949c-326b-43cc-9753-87dcda33160c	chr17	150733	22488229	1	1	0
412a949c-326b-43cc-9753-87dcda33160c	chr17	22490016	46104213	2	1	1
412a949c-326b-43cc-9753-87dcda33160c	chr17	46110126	46275506	4	3	1
412a949c-326b-43cc-9753-87dcda33160c	chr17	46276519	82919203	2	1	1
412a949c-326b-43cc-9753-87dcda33160c	chr17	82925372	83091923	1	1	0
412a949c-326b-43cc-9753-87dcda33160c	chr18	48133	80257174	1	1	0
412a949c-326b-43cc-9753-87dcda33160c	chr19	90910	3332070	3	2	1
412a949c-326b-43cc-9753-87dcda33160c	chr19	3333023	58586487	2	1	1
412a949c-326b-43cc-9753-87dcda33160c	chr20	80664	14881589	2	2	0
412a949c-326b-43cc-9753-87dcda33160c	chr20	14882158	15021812	0	0	0
412a949c-326b-43cc-9753-87dcda33160c	chr20	15024309	15164117	2	2	0
412a949c-326b-43cc-9753-87dcda33160c	chr20	15170084	15584495	1	1	0
412a949c-326b-43cc-9753-87dcda33160c	chr20	15584989	18034219	2	2	0
412a949c-326b-43cc-9753-87dcda33160c	chr20	18035114	18369860	1	1	0
412a949c-326b-43cc-9753-87dcda33160c	chr20	18371170	18806634	2	2	0
412a949c-326b-43cc-9753-87dcda33160c	chr20	18810257	19415666	3	3	0
412a949c-326b-43cc-9753-87dcda33160c	chr20	19415984	24099038	1	1	0
412a949c-326b-43cc-9753-87dcda33160c	chr20	24100830	42634647	2	2	0
412a949c-326b-43cc-9753-87dcda33160c	chr20	42634701	64324800	5	3	2
412a949c-326b-43cc-9753-87dcda33160c	chr21	12973348	16337059	1	1	0
412a949c-326b-43cc-9753-87dcda33160c	chr21	16337542	16635875	3	2	1
412a949c-326b-43cc-9753-87dcda33160c	chr21	16638768	33069258	1	1	0
412a949c-326b-43cc-9753-87dcda33160c	chr21	33075573	34012520	3	2	1
412a949c-326b-43cc-9753-87dcda33160c	chr21	34014084	39618188	1	1	0
412a949c-326b-43cc-9753-87dcda33160c	chr21	39620185	39732618	3	2	1
412a949c-326b-43cc-9753-87dcda33160c	chr21	39736734	46677045	1	1	0
412a949c-326b-43cc-9753-87dcda33160c	chr22	16392123	17824868	2	1	1
412a949c-326b-43cc-9753-87dcda33160c	chr22	17826053	17834855	4	2	2
412a949c-326b-43cc-9753-87dcda33160c	chr22	17836197	50796027	2	1	1
412a949c-326b-43cc-9753-87dcda33160c	chrX	251810	1006176	1	1	0
412a949c-326b-43cc-9753-87dcda33160c	chrX	1007312	8398466	2	1	1
412a949c-326b-43cc-9753-87dcda33160c	chrX	8398685	8403547	1	1	0
412a949c-326b-43cc-9753-87dcda33160c	chrX	8405028	19029039	2	1	1
412a949c-326b-43cc-9753-87dcda33160c	chrX	19029668	21768754	3	2	1
412a949c-326b-43cc-9753-87dcda33160c	chrX	21768914	45394866	2	1	1
412a949c-326b-43cc-9753-87dcda33160c	chrX	45399120	45828953	4	3	1
412a949c-326b-43cc-9753-87dcda33160c	chrX	45831875	56765278	3	2	1
412a949c-326b-43cc-9753-87dcda33160c	chrX	56781150	56812518	5	3	2
412a949c-326b-43cc-9753-87dcda33160c	chrX	56812558	85613956	3	2	1
412a949c-326b-43cc-9753-87dcda33160c	chrX	85614043	85947935	4	3	1
412a949c-326b-43cc-9753-87dcda33160c	chrX	85948425	95141627	3	2	1
412a949c-326b-43cc-9753-87dcda33160c	chrX	95141864	95158595	6	3	3
412a949c-326b-43cc-9753-87dcda33160c	chrX	95159272	129439509	3	2	1
412a949c-326b-43cc-9753-87dcda33160c	chrX	129441495	129462975	2	1	1
412a949c-326b-43cc-9753-87dcda33160c	chrX	129464814	156004181	3	2	1
412a949c-326b-43cc-9753-87dcda33160c	chrY	2782397	56872112	0	0	0
