GDC_Aliquot	Chromosome	Start	End	Num_Probes	Segment_Mean
7641a0eb-88a0-4c7d-9297-741cda44cf42	1	62920	98588	12	-0.7135
7641a0eb-88a0-4c7d-9297-741cda44cf42	1	98602	1264199	127	-0.1122
7641a0eb-88a0-4c7d-9297-741cda44cf42	1	1265550	1301762	24	-0.4837
7641a0eb-88a0-4c7d-9297-741cda44cf42	1	1306835	3249525	553	-0.1042
7641a0eb-88a0-4c7d-9297-741cda44cf42	1	3252593	25118369	13202	0.0154
7641a0eb-88a0-4c7d-9297-741cda44cf42	1	25118529	25256850	101	-1.0756
7641a0eb-88a0-4c7d-9297-741cda44cf42	1	25266637	25320455	24	0.6155
7641a0eb-88a0-4c7d-9297-741cda44cf42	1	25336819	70698225	27773	0.0206
7641a0eb-88a0-4c7d-9297-741cda44cf42	1	70701059	70701333	3	-1.417
7641a0eb-88a0-4c7d-9297-741cda44cf42	1	70701925	70777796	48	0.0024
7641a0eb-88a0-4c7d-9297-741cda44cf42	1	70779147	70780985	5	-0.93
7641a0eb-88a0-4c7d-9297-741cda44cf42	1	70785071	72354344	972	0.0397
7641a0eb-88a0-4c7d-9297-741cda44cf42	1	72356822	72357153	4	-0.9594
7641a0eb-88a0-4c7d-9297-741cda44cf42	1	72362295	75585159	1920	0.0345
7641a0eb-88a0-4c7d-9297-741cda44cf42	1	75589078	75589169	2	-3.2243
7641a0eb-88a0-4c7d-9297-741cda44cf42	1	75593824	103616762	18107	0.0265
7641a0eb-88a0-4c7d-9297-741cda44cf42	1	103620877	103697067	3	-1.1267
7641a0eb-88a0-4c7d-9297-741cda44cf42	1	103697364	105470132	920	0.0284
7641a0eb-88a0-4c7d-9297-741cda44cf42	1	105470754	105479753	18	0.866
7641a0eb-88a0-4c7d-9297-741cda44cf42	1	105481433	109690352	2638	0.0244
7641a0eb-88a0-4c7d-9297-741cda44cf42	1	109690415	109690640	3	1.6532
7641a0eb-88a0-4c7d-9297-741cda44cf42	1	109690705	109702376	10	0.4924
7641a0eb-88a0-4c7d-9297-741cda44cf42	1	109703504	110836717	849	0.0262
7641a0eb-88a0-4c7d-9297-741cda44cf42	1	110836788	110840727	14	0.4674
7641a0eb-88a0-4c7d-9297-741cda44cf42	1	110840759	110869087	40	0.0209
7641a0eb-88a0-4c7d-9297-741cda44cf42	1	110869132	110869141	2	-2.4785
7641a0eb-88a0-4c7d-9297-741cda44cf42	1	110869613	112145689	1042	0.0127
7641a0eb-88a0-4c7d-9297-741cda44cf42	1	112147589	112154768	28	-0.5071
7641a0eb-88a0-4c7d-9297-741cda44cf42	1	112163334	143494500	5165	0.0252
7641a0eb-88a0-4c7d-9297-741cda44cf42	1	143541857	143942271	126	-0.908
7641a0eb-88a0-4c7d-9297-741cda44cf42	1	144432083	152582700	2314	0.0196
7641a0eb-88a0-4c7d-9297-741cda44cf42	1	152583051	152614118	36	1.5706
7641a0eb-88a0-4c7d-9297-741cda44cf42	1	152618018	152789447	168	0.0028
7641a0eb-88a0-4c7d-9297-741cda44cf42	1	152789463	152795783	31	0.7507
7641a0eb-88a0-4c7d-9297-741cda44cf42	1	152795805	165067758	7971	0.0235
7641a0eb-88a0-4c7d-9297-741cda44cf42	1	165076228	165076317	3	-1.0737
7641a0eb-88a0-4c7d-9297-741cda44cf42	1	165077278	174827267	6846	0.0309
7641a0eb-88a0-4c7d-9297-741cda44cf42	1	174827418	174832702	16	-1.0027
7641a0eb-88a0-4c7d-9297-741cda44cf42	1	174832716	193186662	12248	0.0207
7641a0eb-88a0-4c7d-9297-741cda44cf42	1	193187149	193187187	2	2.0638
7641a0eb-88a0-4c7d-9297-741cda44cf42	1	193187202	196745743	2397	0.0189
7641a0eb-88a0-4c7d-9297-741cda44cf42	1	196758720	196832525	57	0.2865
7641a0eb-88a0-4c7d-9297-741cda44cf42	1	196832720	209897717	8790	0.0208
7641a0eb-88a0-4c7d-9297-741cda44cf42	1	209908268	209910639	3	1.2892
7641a0eb-88a0-4c7d-9297-741cda44cf42	1	209913207	229675422	13051	0.0233
7641a0eb-88a0-4c7d-9297-741cda44cf42	1	229681109	229685207	7	-0.9819
7641a0eb-88a0-4c7d-9297-741cda44cf42	1	229685255	248930189	13979	0.0281
7641a0eb-88a0-4c7d-9297-741cda44cf42	2	12784	30143	10	-0.1796
7641a0eb-88a0-4c7d-9297-741cda44cf42	2	33901	34346	3	-1.6503
7641a0eb-88a0-4c7d-9297-741cda44cf42	2	36862	295136	166	-0.0515
7641a0eb-88a0-4c7d-9297-741cda44cf42	2	295255	296852	4	-1.3401
7641a0eb-88a0-4c7d-9297-741cda44cf42	2	300879	4155990	2804	0.0005
7641a0eb-88a0-4c7d-9297-741cda44cf42	2	4158097	4175977	39	-0.8319
7641a0eb-88a0-4c7d-9297-741cda44cf42	2	4176105	14563570	8019	0.0182
7641a0eb-88a0-4c7d-9297-741cda44cf42	2	14564825	14569968	12	-1.0889
7641a0eb-88a0-4c7d-9297-741cda44cf42	2	14570240	34466002	13043	0.0251
7641a0eb-88a0-4c7d-9297-741cda44cf42	2	34474248	34511990	46	-0.5104
7641a0eb-88a0-4c7d-9297-741cda44cf42	2	34512096	52514599	13003	0.0305
7641a0eb-88a0-4c7d-9297-741cda44cf42	2	52516787	52527743	8	-2.0677
7641a0eb-88a0-4c7d-9297-741cda44cf42	2	52531615	52554366	31	-0.4567
7641a0eb-88a0-4c7d-9297-741cda44cf42	2	52554384	75147768	14478	0.0224
7641a0eb-88a0-4c7d-9297-741cda44cf42	2	75147777	75154574	3	-0.6547
7641a0eb-88a0-4c7d-9297-741cda44cf42	2	75154602	75154670	3	-3.5536
7641a0eb-88a0-4c7d-9297-741cda44cf42	2	75154711	77765921	1853	0.0258
7641a0eb-88a0-4c7d-9297-741cda44cf42	2	77766091	77766106	2	-1.3159
7641a0eb-88a0-4c7d-9297-741cda44cf42	2	77769252	86710564	5584	0.0256
7641a0eb-88a0-4c7d-9297-741cda44cf42	2	86725947	86726731	2	-2.2402
7641a0eb-88a0-4c7d-9297-741cda44cf42	2	86743283	87117615	84	-0.0361
7641a0eb-88a0-4c7d-9297-741cda44cf42	2	87134049	87747102	117	-0.9284
7641a0eb-88a0-4c7d-9297-741cda44cf42	2	87835245	88936763	545	0.0244
7641a0eb-88a0-4c7d-9297-741cda44cf42	2	88938545	89268711	105	-0.2172
7641a0eb-88a0-4c7d-9297-741cda44cf42	2	89271229	90209918	126	0.0627
7641a0eb-88a0-4c7d-9297-741cda44cf42	2	90216778	91902859	42	-0.3259
7641a0eb-88a0-4c7d-9297-741cda44cf42	2	91907212	111331380	9092	0.0179
7641a0eb-88a0-4c7d-9297-741cda44cf42	2	111341356	111638604	77	-0.3233
7641a0eb-88a0-4c7d-9297-741cda44cf42	2	111639145	113604438	1117	0.0199
7641a0eb-88a0-4c7d-9297-741cda44cf42	2	113604837	113623244	3	-2.6808
7641a0eb-88a0-4c7d-9297-741cda44cf42	2	113625975	130036283	10496	0.0227
7641a0eb-88a0-4c7d-9297-741cda44cf42	2	130036310	130116915	13	-0.9383
7641a0eb-88a0-4c7d-9297-741cda44cf42	2	130117303	146104517	9531	0.016
7641a0eb-88a0-4c7d-9297-741cda44cf42	2	146106836	146109366	24	-2.1169
7641a0eb-88a0-4c7d-9297-741cda44cf42	2	146120238	152930971	4204	0.0221
7641a0eb-88a0-4c7d-9297-741cda44cf42	2	152939554	152940256	2	-1.7949
7641a0eb-88a0-4c7d-9297-741cda44cf42	2	152940270	242147305	54880	0.0266
7641a0eb-88a0-4c7d-9297-741cda44cf42	3	20930	16197556	12902	0.0212
7641a0eb-88a0-4c7d-9297-741cda44cf42	3	16199049	16199672	6	-1.0034
7641a0eb-88a0-4c7d-9297-741cda44cf42	3	16199818	26384700	6986	0.0211
7641a0eb-88a0-4c7d-9297-741cda44cf42	3	26392633	26397852	5	-3.1086
7641a0eb-88a0-4c7d-9297-741cda44cf42	3	26404482	30149632	2611	0.0284
7641a0eb-88a0-4c7d-9297-741cda44cf42	3	30151053	30151074	2	-2.1052
7641a0eb-88a0-4c7d-9297-741cda44cf42	3	30151286	37935926	5127	0.0173
7641a0eb-88a0-4c7d-9297-741cda44cf42	3	37940617	37945437	18	-1.0864
7641a0eb-88a0-4c7d-9297-741cda44cf42	3	37945615	64631394	17104	0.0182
7641a0eb-88a0-4c7d-9297-741cda44cf42	3	64631693	64635119	4	-1.5465
7641a0eb-88a0-4c7d-9297-741cda44cf42	3	64635207	75519398	7988	0.0213
7641a0eb-88a0-4c7d-9297-741cda44cf42	3	75523398	75590356	14	0.3317
7641a0eb-88a0-4c7d-9297-741cda44cf42	3	75596233	75625217	5	-1.0265
7641a0eb-88a0-4c7d-9297-741cda44cf42	3	75625462	84053071	4665	0.0228
7641a0eb-88a0-4c7d-9297-741cda44cf42	3	84056282	84057015	2	-3.299
7641a0eb-88a0-4c7d-9297-741cda44cf42	3	84061816	162807070	45375	0.0219
7641a0eb-88a0-4c7d-9297-741cda44cf42	3	162810842	162822702	10	-1.4867
7641a0eb-88a0-4c7d-9297-741cda44cf42	3	162827928	162908207	48	0.5686
7641a0eb-88a0-4c7d-9297-741cda44cf42	3	162908784	193160113	19175	0.0256
7641a0eb-88a0-4c7d-9297-741cda44cf42	3	193160173	193165114	19	-1.7571
7641a0eb-88a0-4c7d-9297-741cda44cf42	3	193168646	195656271	1484	0.0319
7641a0eb-88a0-4c7d-9297-741cda44cf42	3	195663809	195747892	43	0.3893
7641a0eb-88a0-4c7d-9297-741cda44cf42	3	195751823	196046906	115	-0.0268
7641a0eb-88a0-4c7d-9297-741cda44cf42	3	196049719	196049993	4	1.3707
7641a0eb-88a0-4c7d-9297-741cda44cf42	3	196050340	198111566	1030	0.0285
7641a0eb-88a0-4c7d-9297-741cda44cf42	3	198118345	198169247	17	-0.5447
7641a0eb-88a0-4c7d-9297-741cda44cf42	4	68929	10212536	5706	-0.0072
7641a0eb-88a0-4c7d-9297-741cda44cf42	4	10221792	10227178	5	-1.6475
7641a0eb-88a0-4c7d-9297-741cda44cf42	4	10227193	10227668	8	-0.0351
7641a0eb-88a0-4c7d-9297-741cda44cf42	4	10227684	10233558	21	-1.0915
7641a0eb-88a0-4c7d-9297-741cda44cf42	4	10233644	34777382	16980	0.0176
7641a0eb-88a0-4c7d-9297-741cda44cf42	4	34777403	34819718	39	-0.5249
7641a0eb-88a0-4c7d-9297-741cda44cf42	4	34822561	49295203	8983	0.0281
7641a0eb-88a0-4c7d-9297-741cda44cf42	4	49501149	49656595	18	-0.5439
7641a0eb-88a0-4c7d-9297-741cda44cf42	4	51819533	63841863	7588	0.0277
7641a0eb-88a0-4c7d-9297-741cda44cf42	4	63841887	63850713	8	0.8331
7641a0eb-88a0-4c7d-9297-741cda44cf42	4	63851308	68361130	2850	0.0188
7641a0eb-88a0-4c7d-9297-741cda44cf42	4	68378716	68623617	89	-0.2249
7641a0eb-88a0-4c7d-9297-741cda44cf42	4	68639397	107130343	23257	0.0241
7641a0eb-88a0-4c7d-9297-741cda44cf42	4	107144594	107155376	38	-0.6949
7641a0eb-88a0-4c7d-9297-741cda44cf42	4	107156277	172066777	39502	0.0236
7641a0eb-88a0-4c7d-9297-741cda44cf42	4	172067997	172068382	12	-1.794
7641a0eb-88a0-4c7d-9297-741cda44cf42	4	172074828	188300221	10942	0.0193
7641a0eb-88a0-4c7d-9297-741cda44cf42	4	188300270	188301659	3	-1.3023
7641a0eb-88a0-4c7d-9297-741cda44cf42	4	188301899	188512048	190	-0.0369
7641a0eb-88a0-4c7d-9297-741cda44cf42	4	188512136	189323884	615	0.0726
7641a0eb-88a0-4c7d-9297-741cda44cf42	4	189324392	190106768	336	-0.0393
7641a0eb-88a0-4c7d-9297-741cda44cf42	5	15532	698390	309	-0.0859
7641a0eb-88a0-4c7d-9297-741cda44cf42	5	717264	870504	50	-0.3827
7641a0eb-88a0-4c7d-9297-741cda44cf42	5	873235	1934376	590	-0.0616
7641a0eb-88a0-4c7d-9297-741cda44cf42	5	1934664	12736790	9207	0.0116
7641a0eb-88a0-4c7d-9297-741cda44cf42	5	12739496	12800777	39	-0.1599
7641a0eb-88a0-4c7d-9297-741cda44cf42	5	12815668	12838421	14	-2.0218
7641a0eb-88a0-4c7d-9297-741cda44cf42	5	12849089	34259309	13453	0.0209
7641a0eb-88a0-4c7d-9297-741cda44cf42	5	34264242	34264436	2	-1.6095
7641a0eb-88a0-4c7d-9297-741cda44cf42	5	34264450	46191782	7004	0.0262
7641a0eb-88a0-4c7d-9297-741cda44cf42	5	46195781	46199333	4	-2.0737
7641a0eb-88a0-4c7d-9297-741cda44cf42	5	46209197	46271006	15	0.1861
7641a0eb-88a0-4c7d-9297-741cda44cf42	5	46271828	46273400	6	1.6323
7641a0eb-88a0-4c7d-9297-741cda44cf42	5	46278110	58025819	5074	0.0219
7641a0eb-88a0-4c7d-9297-741cda44cf42	5	58030200	58037706	32	2.5873
7641a0eb-88a0-4c7d-9297-741cda44cf42	5	58042530	69550476	7298	0.0222
7641a0eb-88a0-4c7d-9297-741cda44cf42	5	69571467	69822308	5	-1.3106
7641a0eb-88a0-4c7d-9297-741cda44cf42	5	69937600	82122944	6903	0.0195
7641a0eb-88a0-4c7d-9297-741cda44cf42	5	82123459	82131663	3	-3.5759
7641a0eb-88a0-4c7d-9297-741cda44cf42	5	82132219	121350268	24174	0.0217
7641a0eb-88a0-4c7d-9297-741cda44cf42	5	121354122	121369685	12	0.8972
7641a0eb-88a0-4c7d-9297-741cda44cf42	5	121370546	177771448	36731	0.0175
7641a0eb-88a0-4c7d-9297-741cda44cf42	5	177800550	177805604	3	2.6346
7641a0eb-88a0-4c7d-9297-741cda44cf42	5	177827964	180960138	1799	0.0194
7641a0eb-88a0-4c7d-9297-741cda44cf42	5	180964302	180975764	4	1.0265
7641a0eb-88a0-4c7d-9297-741cda44cf42	5	180975843	181363319	181	0.0245
7641a0eb-88a0-4c7d-9297-741cda44cf42	6	149661	254283	101	-0.1001
7641a0eb-88a0-4c7d-9297-741cda44cf42	6	257353	366333	91	-0.5156
7641a0eb-88a0-4c7d-9297-741cda44cf42	6	373453	29876257	21478	0.0203
7641a0eb-88a0-4c7d-9297-741cda44cf42	6	29876595	29933799	26	-0.7779
7641a0eb-88a0-4c7d-9297-741cda44cf42	6	29940692	31313046	642	-0.0014
7641a0eb-88a0-4c7d-9297-741cda44cf42	6	31318499	31328674	11	1.1172
7641a0eb-88a0-4c7d-9297-741cda44cf42	6	31342147	32523527	510	-0.0143
7641a0eb-88a0-4c7d-9297-741cda44cf42	6	32525068	32602588	20	-1.3229
7641a0eb-88a0-4c7d-9297-741cda44cf42	6	32605994	32722250	75	0.115
7641a0eb-88a0-4c7d-9297-741cda44cf42	6	32723020	32723053	3	3.0918
7641a0eb-88a0-4c7d-9297-741cda44cf42	6	32732907	53230063	13015	0.0237
7641a0eb-88a0-4c7d-9297-741cda44cf42	6	53230642	53231008	3	-1.2374
7641a0eb-88a0-4c7d-9297-741cda44cf42	6	53231884	54983657	1250	0.013
7641a0eb-88a0-4c7d-9297-741cda44cf42	6	54984363	54985341	3	-1.2463
7641a0eb-88a0-4c7d-9297-741cda44cf42	6	54987314	75531811	10845	0.0237
7641a0eb-88a0-4c7d-9297-741cda44cf42	6	75532861	75543180	4	-1.0391
7641a0eb-88a0-4c7d-9297-741cda44cf42	6	75560563	76726815	715	0.0368
7641a0eb-88a0-4c7d-9297-741cda44cf42	6	76730151	76742729	17	-4.0163
7641a0eb-88a0-4c7d-9297-741cda44cf42	6	76742924	76743040	4	-1.835
7641a0eb-88a0-4c7d-9297-741cda44cf42	6	76751356	78270686	1005	0.0445
7641a0eb-88a0-4c7d-9297-741cda44cf42	6	78270700	78322600	80	0.357
7641a0eb-88a0-4c7d-9297-741cda44cf42	6	78322875	93812588	9941	0.0186
7641a0eb-88a0-4c7d-9297-741cda44cf42	6	93815112	94551265	489	0.1055
7641a0eb-88a0-4c7d-9297-741cda44cf42	6	94556105	103286941	5055	0.0213
7641a0eb-88a0-4c7d-9297-741cda44cf42	6	103286950	103314186	48	0.7693
7641a0eb-88a0-4c7d-9297-741cda44cf42	6	103317795	133945130	19083	0.0211
7641a0eb-88a0-4c7d-9297-741cda44cf42	6	133947933	133948494	2	1.6929
7641a0eb-88a0-4c7d-9297-741cda44cf42	6	133950934	157358463	15705	0.0251
7641a0eb-88a0-4c7d-9297-741cda44cf42	6	157360232	157375044	3	1.2398
7641a0eb-88a0-4c7d-9297-741cda44cf42	6	157375962	167166270	7283	0.0119
7641a0eb-88a0-4c7d-9297-741cda44cf42	6	167166354	170741917	2114	-0.0258
7641a0eb-88a0-4c7d-9297-741cda44cf42	7	43355	999140	243	-0.0535
7641a0eb-88a0-4c7d-9297-741cda44cf42	7	999367	1102875	48	-0.2763
7641a0eb-88a0-4c7d-9297-741cda44cf42	7	1103491	3348891	1133	0.0259
7641a0eb-88a0-4c7d-9297-741cda44cf42	7	3349458	3355528	4	-1.1505
7641a0eb-88a0-4c7d-9297-741cda44cf42	7	3355614	29628975	20017	0.0211
7641a0eb-88a0-4c7d-9297-741cda44cf42	7	29631102	29646732	7	-1.1066
7641a0eb-88a0-4c7d-9297-741cda44cf42	7	29648549	38286616	5953	0.0119
7641a0eb-88a0-4c7d-9297-741cda44cf42	7	38286633	38331733	87	-0.3559
7641a0eb-88a0-4c7d-9297-741cda44cf42	7	38332110	97766148	32842	0.0223
7641a0eb-88a0-4c7d-9297-741cda44cf42	7	97766150	97774928	16	-0.7982
7641a0eb-88a0-4c7d-9297-741cda44cf42	7	97774965	105519977	3781	0.0215
7641a0eb-88a0-4c7d-9297-741cda44cf42	7	105520752	105526073	2	-1.9193
7641a0eb-88a0-4c7d-9297-741cda44cf42	7	105526329	108966373	2282	0.0264
7641a0eb-88a0-4c7d-9297-741cda44cf42	7	108966627	108967282	8	-1.0421
7641a0eb-88a0-4c7d-9297-741cda44cf42	7	108970601	109801155	554	0.0001
7641a0eb-88a0-4c7d-9297-741cda44cf42	7	109801187	109813853	11	0.9159
7641a0eb-88a0-4c7d-9297-741cda44cf42	7	109813925	126405502	10036	0.0217
7641a0eb-88a0-4c7d-9297-741cda44cf42	7	126405597	126406561	10	-2.0338
7641a0eb-88a0-4c7d-9297-741cda44cf42	7	126406822	134100424	4702	0.0112
7641a0eb-88a0-4c7d-9297-741cda44cf42	7	134100442	134130692	41	0.4847
7641a0eb-88a0-4c7d-9297-741cda44cf42	7	134130738	142063324	5190	0.0164
7641a0eb-88a0-4c7d-9297-741cda44cf42	7	142069843	142069880	2	-1.715
7641a0eb-88a0-4c7d-9297-741cda44cf42	7	142069891	142092307	32	-3.5658
7641a0eb-88a0-4c7d-9297-741cda44cf42	7	142099190	142384180	230	0.0417
7641a0eb-88a0-4c7d-9297-741cda44cf42	7	142384195	142809818	227	-0.158
7641a0eb-88a0-4c7d-9297-741cda44cf42	7	142809831	150575278	4589	0.0185
7641a0eb-88a0-4c7d-9297-741cda44cf42	7	150581287	150581426	2	-2.0733
7641a0eb-88a0-4c7d-9297-741cda44cf42	7	150583184	159334314	5820	-0.0106
7641a0eb-88a0-4c7d-9297-741cda44cf42	8	81254	644944	323	-0.0098
7641a0eb-88a0-4c7d-9297-741cda44cf42	8	644973	645892	8	-1.0055
7641a0eb-88a0-4c7d-9297-741cda44cf42	8	645908	1414637	553	-0.0165
7641a0eb-88a0-4c7d-9297-741cda44cf42	8	1414680	1414696	2	-2.6433
7641a0eb-88a0-4c7d-9297-741cda44cf42	8	1415048	4144509	2810	0.0152
7641a0eb-88a0-4c7d-9297-741cda44cf42	8	4144546	4145236	9	-1.0051
7641a0eb-88a0-4c7d-9297-741cda44cf42	8	4145269	7359354	4038	0.0131
7641a0eb-88a0-4c7d-9297-741cda44cf42	8	7359530	8110806	48	-0.6346
7641a0eb-88a0-4c7d-9297-741cda44cf42	8	8120447	8528287	295	0.0159
7641a0eb-88a0-4c7d-9297-741cda44cf42	8	8528640	8528932	4	-2.6023
7641a0eb-88a0-4c7d-9297-741cda44cf42	8	8530797	11981730	2905	0.0114
7641a0eb-88a0-4c7d-9297-741cda44cf42	8	11981989	12704946	110	-0.2457
7641a0eb-88a0-4c7d-9297-741cda44cf42	8	12709141	14652059	1919	0.0255
7641a0eb-88a0-4c7d-9297-741cda44cf42	8	14652523	14652565	3	1.2202
7641a0eb-88a0-4c7d-9297-741cda44cf42	8	14652887	23544795	7311	0.023
7641a0eb-88a0-4c7d-9297-741cda44cf42	8	23550227	23550358	5	-1.152
7641a0eb-88a0-4c7d-9297-741cda44cf42	8	23550392	25116928	1140	0.0242
7641a0eb-88a0-4c7d-9297-741cda44cf42	8	25116961	25126818	26	-2.5999
7641a0eb-88a0-4c7d-9297-741cda44cf42	8	25133589	85617280	35642	0.0228
7641a0eb-88a0-4c7d-9297-741cda44cf42	8	85618409	85645184	18	-1.1735
7641a0eb-88a0-4c7d-9297-741cda44cf42	8	85828731	114622258	17272	0.0268
7641a0eb-88a0-4c7d-9297-741cda44cf42	8	114622325	114629502	34	-0.7337
7641a0eb-88a0-4c7d-9297-741cda44cf42	8	114638468	141188619	19412	0.022
7641a0eb-88a0-4c7d-9297-741cda44cf42	8	141189108	142410112	709	-0.1127
7641a0eb-88a0-4c7d-9297-741cda44cf42	8	142410372	145072769	949	-0.0172
7641a0eb-88a0-4c7d-9297-741cda44cf42	9	46587	6695986	6378	0.0296
7641a0eb-88a0-4c7d-9297-741cda44cf42	9	6701145	6708357	7	-1.04
7641a0eb-88a0-4c7d-9297-741cda44cf42	9	6712314	11519008	4515	0.0366
7641a0eb-88a0-4c7d-9297-741cda44cf42	9	11519198	11913018	286	0.1399
7641a0eb-88a0-4c7d-9297-741cda44cf42	9	11913060	39146321	19978	0.0307
7641a0eb-88a0-4c7d-9297-741cda44cf42	9	39214987	42574420	178	-0.3468
7641a0eb-88a0-4c7d-9297-741cda44cf42	9	42585140	61405110	55	-0.0107
7641a0eb-88a0-4c7d-9297-741cda44cf42	9	61520021	61647899	30	-1.441
7641a0eb-88a0-4c7d-9297-741cda44cf42	9	61665362	63763088	89	-0.0897
7641a0eb-88a0-4c7d-9297-741cda44cf42	9	64462508	64543764	16	-0.6106
7641a0eb-88a0-4c7d-9297-741cda44cf42	9	64543777	69482739	991	0.0176
7641a0eb-88a0-4c7d-9297-741cda44cf42	9	69483652	69485653	5	-1.0147
7641a0eb-88a0-4c7d-9297-741cda44cf42	9	69490697	69490703	4	0.3772
7641a0eb-88a0-4c7d-9297-741cda44cf42	9	69491713	69512262	59	-0.9451
7641a0eb-88a0-4c7d-9297-741cda44cf42	9	69512359	73398521	2700	0.0265
7641a0eb-88a0-4c7d-9297-741cda44cf42	9	73405942	73413807	5	-1.163
7641a0eb-88a0-4c7d-9297-741cda44cf42	9	73414583	138200944	44235	0.0219
7641a0eb-88a0-4c7d-9297-741cda44cf42	10	45792	20561183	17003	0.0218
7641a0eb-88a0-4c7d-9297-741cda44cf42	10	20561184	20564605	5	-0.879
7641a0eb-88a0-4c7d-9297-741cda44cf42	10	20573498	24086334	2196	0.0307
7641a0eb-88a0-4c7d-9297-741cda44cf42	10	24088745	24089125	11	1.018
7641a0eb-88a0-4c7d-9297-741cda44cf42	10	24089979	43117424	10438	0.0253
7641a0eb-88a0-4c7d-9297-741cda44cf42	10	43117517	43118759	14	-0.6226
7641a0eb-88a0-4c7d-9297-741cda44cf42	10	43118900	46233532	1891	0.0175
7641a0eb-88a0-4c7d-9297-741cda44cf42	10	46234075	46618028	173	-0.1973
7641a0eb-88a0-4c7d-9297-741cda44cf42	10	46631433	50649381	2047	0.0229
7641a0eb-88a0-4c7d-9297-741cda44cf42	10	50650568	50661625	8	-0.4934
7641a0eb-88a0-4c7d-9297-741cda44cf42	10	50664210	50687535	12	-0.0497
7641a0eb-88a0-4c7d-9297-741cda44cf42	10	50689976	50705734	8	-0.6449
7641a0eb-88a0-4c7d-9297-741cda44cf42	10	50716389	65546518	10630	0.0301
7641a0eb-88a0-4c7d-9297-741cda44cf42	10	65548165	65563168	30	0.6659
7641a0eb-88a0-4c7d-9297-741cda44cf42	10	65565695	69323379	2417	0.064
7641a0eb-88a0-4c7d-9297-741cda44cf42	10	69323627	130307241	41695	0.0183
7641a0eb-88a0-4c7d-9297-741cda44cf42	10	130309973	130390609	62	0.1073
7641a0eb-88a0-4c7d-9297-741cda44cf42	10	130390968	133654968	2063	-0.0434
7641a0eb-88a0-4c7d-9297-741cda44cf42	11	198510	5762693	3232	0.0046
7641a0eb-88a0-4c7d-9297-741cda44cf42	11	5766175	5788231	35	0.4307
7641a0eb-88a0-4c7d-9297-741cda44cf42	11	5791130	55606556	31233	0.0232
7641a0eb-88a0-4c7d-9297-741cda44cf42	11	55606572	55667651	43	-0.5502
7641a0eb-88a0-4c7d-9297-741cda44cf42	11	55670243	127919009	46791	0.0227
7641a0eb-88a0-4c7d-9297-741cda44cf42	11	127920860	127921067	3	-2.2533
7641a0eb-88a0-4c7d-9297-741cda44cf42	11	127922395	135074876	5535	0.0016
7641a0eb-88a0-4c7d-9297-741cda44cf42	12	51460	8267058	5556	0.012
7641a0eb-88a0-4c7d-9297-741cda44cf42	12	8268228	8300870	8	-0.6857
7641a0eb-88a0-4c7d-9297-741cda44cf42	12	8307348	8404097	34	-0.0514
7641a0eb-88a0-4c7d-9297-741cda44cf42	12	8405892	8406040	2	4.1009
7641a0eb-88a0-4c7d-9297-741cda44cf42	12	8406196	8423870	13	0.8028
7641a0eb-88a0-4c7d-9297-741cda44cf42	12	8428232	9477960	562	0.017
7641a0eb-88a0-4c7d-9297-741cda44cf42	12	9481274	9575696	24	1.4214
7641a0eb-88a0-4c7d-9297-741cda44cf42	12	9582373	10427861	632	0.0217
7641a0eb-88a0-4c7d-9297-741cda44cf42	12	10430768	10443207	5	-0.8118
7641a0eb-88a0-4c7d-9297-741cda44cf42	12	10446203	11061546	397	0.0501
7641a0eb-88a0-4c7d-9297-741cda44cf42	12	11062773	11088933	13	-0.3594
7641a0eb-88a0-4c7d-9297-741cda44cf42	12	11099275	11359558	134	0.0532
7641a0eb-88a0-4c7d-9297-741cda44cf42	12	11359597	11388095	26	0.5552
7641a0eb-88a0-4c7d-9297-741cda44cf42	12	11390452	22422812	7534	0.0244
7641a0eb-88a0-4c7d-9297-741cda44cf42	12	22441289	22445033	3	-1.263
7641a0eb-88a0-4c7d-9297-741cda44cf42	12	22451069	33141710	7847	0.0251
7641a0eb-88a0-4c7d-9297-741cda44cf42	12	33141726	33150932	21	0.5454
7641a0eb-88a0-4c7d-9297-741cda44cf42	12	33151649	37813240	877	0.0425
7641a0eb-88a0-4c7d-9297-741cda44cf42	12	37825491	37825975	3	-1.3924
7641a0eb-88a0-4c7d-9297-741cda44cf42	12	37875038	40422548	1411	0.0345
7641a0eb-88a0-4c7d-9297-741cda44cf42	12	40422658	40424051	14	-0.5388
7641a0eb-88a0-4c7d-9297-741cda44cf42	12	40424065	58327448	10496	0.0253
7641a0eb-88a0-4c7d-9297-741cda44cf42	12	58336368	58336379	2	-2.1335
7641a0eb-88a0-4c7d-9297-741cda44cf42	12	58337065	80446147	14335	0.0259
7641a0eb-88a0-4c7d-9297-741cda44cf42	12	80446276	80456533	2	-3.0808
7641a0eb-88a0-4c7d-9297-741cda44cf42	12	80458189	131636170	34355	0.0221
7641a0eb-88a0-4c7d-9297-741cda44cf42	12	131648039	131648790	13	-2.7519
7641a0eb-88a0-4c7d-9297-741cda44cf42	12	131657925	133201603	559	-0.0247
7641a0eb-88a0-4c7d-9297-741cda44cf42	13	18452809	18919823	124	-0.1844
7641a0eb-88a0-4c7d-9297-741cda44cf42	13	18920669	31957984	9443	0.0203
7641a0eb-88a0-4c7d-9297-741cda44cf42	13	31958485	31964286	18	-1.2703
7641a0eb-88a0-4c7d-9297-741cda44cf42	13	31965910	37497899	3903	0.0194
7641a0eb-88a0-4c7d-9297-741cda44cf42	13	37498087	37510620	15	-0.4771
7641a0eb-88a0-4c7d-9297-741cda44cf42	13	37514193	38478674	700	0.0137
7641a0eb-88a0-4c7d-9297-741cda44cf42	13	38483435	38483919	2	-2.2419
7641a0eb-88a0-4c7d-9297-741cda44cf42	13	38490920	114342922	49966	0.0243
7641a0eb-88a0-4c7d-9297-741cda44cf42	14	18239283	19675350	63	0.0722
7641a0eb-88a0-4c7d-9297-741cda44cf42	14	19689684	19957701	107	0.5522
7641a0eb-88a0-4c7d-9297-741cda44cf42	14	19957752	21885921	1296	0.0364
7641a0eb-88a0-4c7d-9297-741cda44cf42	14	21891483	22541501	593	-0.1554
7641a0eb-88a0-4c7d-9297-741cda44cf42	14	22541919	34956244	7878	0.0262
7641a0eb-88a0-4c7d-9297-741cda44cf42	14	34957568	34960540	4	-0.8913
7641a0eb-88a0-4c7d-9297-741cda44cf42	14	34965212	41139155	3831	0.03
7641a0eb-88a0-4c7d-9297-741cda44cf42	14	41141293	41188146	15	-0.6052
7641a0eb-88a0-4c7d-9297-741cda44cf42	14	41200899	85293364	28221	0.0252
7641a0eb-88a0-4c7d-9297-741cda44cf42	14	85293580	85295076	3	-1.6534
7641a0eb-88a0-4c7d-9297-741cda44cf42	14	85300459	105650524	12923	0.0222
7641a0eb-88a0-4c7d-9297-741cda44cf42	14	105653302	105701150	7	-1.5277
7641a0eb-88a0-4c7d-9297-741cda44cf42	14	105728140	106320716	209	-0.1134
7641a0eb-88a0-4c7d-9297-741cda44cf42	14	106321086	106462144	85	0.2105
7641a0eb-88a0-4c7d-9297-741cda44cf42	14	106462169	106877229	197	-0.0644
7641a0eb-88a0-4c7d-9297-741cda44cf42	15	19811075	24326202	1162	0.0099
7641a0eb-88a0-4c7d-9297-741cda44cf42	15	24329610	24329790	2	-2.1318
7641a0eb-88a0-4c7d-9297-741cda44cf42	15	24333352	30503586	3697	0.009
7641a0eb-88a0-4c7d-9297-741cda44cf42	15	30515739	30608675	3	-1.9628
7641a0eb-88a0-4c7d-9297-741cda44cf42	15	30621384	76598900	29067	0.0225
7641a0eb-88a0-4c7d-9297-741cda44cf42	15	76599170	76602857	13	-2.8649
7641a0eb-88a0-4c7d-9297-741cda44cf42	15	76603003	76603434	8	-1.2122
7641a0eb-88a0-4c7d-9297-741cda44cf42	15	76609838	82289098	3640	0.0191
7641a0eb-88a0-4c7d-9297-741cda44cf42	15	82305363	82439733	13	-0.4726
7641a0eb-88a0-4c7d-9297-741cda44cf42	15	82500850	82882631	243	0.018
7641a0eb-88a0-4c7d-9297-741cda44cf42	15	82889131	82889319	3	-1.6463
7641a0eb-88a0-4c7d-9297-741cda44cf42	15	82890669	101928837	13721	0.0221
7641a0eb-88a0-4c7d-9297-741cda44cf42	16	10777	819390	321	-0.0752
7641a0eb-88a0-4c7d-9297-741cda44cf42	16	819570	18072602	12437	0.0243
7641a0eb-88a0-4c7d-9297-741cda44cf42	16	18073660	18335528	19	-0.2611
7641a0eb-88a0-4c7d-9297-741cda44cf42	16	18540265	18545889	3	1.6039
7641a0eb-88a0-4c7d-9297-741cda44cf42	16	18583078	21735181	1735	0.0283
7641a0eb-88a0-4c7d-9297-741cda44cf42	16	21735632	21806614	9	-0.7663
7641a0eb-88a0-4c7d-9297-741cda44cf42	16	21809093	35146961	5590	0.0219
7641a0eb-88a0-4c7d-9297-741cda44cf42	16	35148716	35496912	212	-0.1359
7641a0eb-88a0-4c7d-9297-741cda44cf42	16	35497041	90096867	31561	0.0152
7641a0eb-88a0-4c7d-9297-741cda44cf42	17	150733	21448696	12599	0.0205
7641a0eb-88a0-4c7d-9297-741cda44cf42	17	21449907	21615833	74	0.62
7641a0eb-88a0-4c7d-9297-741cda44cf42	17	21620905	41266838	8157	0.0205
7641a0eb-88a0-4c7d-9297-741cda44cf42	17	41266851	41274279	19	1.7981
7641a0eb-88a0-4c7d-9297-741cda44cf42	17	41276472	44255219	1595	0.0143
7641a0eb-88a0-4c7d-9297-741cda44cf42	17	44255435	44255446	2	-1.5234
7641a0eb-88a0-4c7d-9297-741cda44cf42	17	44256591	45579014	561	0.0346
7641a0eb-88a0-4c7d-9297-741cda44cf42	17	45579877	45598106	8	0.837
7641a0eb-88a0-4c7d-9297-741cda44cf42	17	45610956	46085732	334	-0.0224
7641a0eb-88a0-4c7d-9297-741cda44cf42	17	46088437	46276519	121	0.7034
7641a0eb-88a0-4c7d-9297-741cda44cf42	17	46284643	46446360	7	-0.7246
7641a0eb-88a0-4c7d-9297-741cda44cf42	17	46569894	78398459	19311	0.0255
7641a0eb-88a0-4c7d-9297-741cda44cf42	17	78399475	78399775	3	-1.7702
7641a0eb-88a0-4c7d-9297-741cda44cf42	17	78402323	79246981	529	-0.0048
7641a0eb-88a0-4c7d-9297-741cda44cf42	17	79249578	79250308	3	-2.6499
7641a0eb-88a0-4c7d-9297-741cda44cf42	17	79250962	79446539	168	-0.0164
7641a0eb-88a0-4c7d-9297-741cda44cf42	17	79446866	79447826	3	-1.3604
7641a0eb-88a0-4c7d-9297-741cda44cf42	17	79450412	80495557	482	-0.0016
7641a0eb-88a0-4c7d-9297-741cda44cf42	17	80497663	80499551	3	0.9597
7641a0eb-88a0-4c7d-9297-741cda44cf42	17	80500324	83091923	1080	-0.0005
7641a0eb-88a0-4c7d-9297-741cda44cf42	18	48133	14144901	10057	0.0239
7641a0eb-88a0-4c7d-9297-741cda44cf42	18	14149484	14481714	94	-0.2104
7641a0eb-88a0-4c7d-9297-741cda44cf42	18	14482921	40680484	12645	0.0178
7641a0eb-88a0-4c7d-9297-741cda44cf42	18	40680506	40685413	15	0.6669
7641a0eb-88a0-4c7d-9297-741cda44cf42	18	40685425	80257174	27946	0.0245
7641a0eb-88a0-4c7d-9297-741cda44cf42	19	90910	12581187	5044	0.019
7641a0eb-88a0-4c7d-9297-741cda44cf42	19	12586552	12587288	2	-1.9125
7641a0eb-88a0-4c7d-9297-741cda44cf42	19	12589709	42723985	15355	0.0206
7641a0eb-88a0-4c7d-9297-741cda44cf42	19	42724021	43190778	198	-0.1334
7641a0eb-88a0-4c7d-9297-741cda44cf42	19	43193181	43252085	23	-1.1225
7641a0eb-88a0-4c7d-9297-741cda44cf42	19	43262507	47898254	2292	0.0277
7641a0eb-88a0-4c7d-9297-741cda44cf42	19	47898605	47898928	5	-2.5745
7641a0eb-88a0-4c7d-9297-741cda44cf42	19	47898966	51641117	1852	0.0084
7641a0eb-88a0-4c7d-9297-741cda44cf42	19	51641337	51644944	7	-1.0635
7641a0eb-88a0-4c7d-9297-741cda44cf42	19	51651652	54809324	2034	0.019
7641a0eb-88a0-4c7d-9297-741cda44cf42	19	54811638	54862363	24	-0.6029
7641a0eb-88a0-4c7d-9297-741cda44cf42	19	54866553	55771003	437	0.0318
7641a0eb-88a0-4c7d-9297-741cda44cf42	19	55771169	55771701	3	-1.3255
7641a0eb-88a0-4c7d-9297-741cda44cf42	19	55774927	58429147	1785	0.0175
7641a0eb-88a0-4c7d-9297-741cda44cf42	19	58432041	58433008	2	-1.5912
7641a0eb-88a0-4c7d-9297-741cda44cf42	19	58434689	58586487	52	-0.1616
7641a0eb-88a0-4c7d-9297-741cda44cf42	20	80664	1580305	1202	-0.0006
7641a0eb-88a0-4c7d-9297-741cda44cf42	20	1580353	1601561	37	1.7066
7641a0eb-88a0-4c7d-9297-741cda44cf42	20	1609611	64284715	41151	0.0194
7641a0eb-88a0-4c7d-9297-741cda44cf42	20	64323342	64324800	5	-2.8874
7641a0eb-88a0-4c7d-9297-741cda44cf42	21	10354168	10459118	17	-0.4417
7641a0eb-88a0-4c7d-9297-741cda44cf42	21	10459828	10571815	39	0.0367
7641a0eb-88a0-4c7d-9297-741cda44cf42	21	10578371	10775586	31	-0.4838
7641a0eb-88a0-4c7d-9297-741cda44cf42	21	12973348	43271046	22041	0.0218
7641a0eb-88a0-4c7d-9297-741cda44cf42	21	43272484	43374861	70	-0.2269
7641a0eb-88a0-4c7d-9297-741cda44cf42	21	43572694	45502844	984	-0.0014
7641a0eb-88a0-4c7d-9297-741cda44cf42	21	45504279	45506637	2	-1.8634
7641a0eb-88a0-4c7d-9297-741cda44cf42	21	45511103	46677045	689	-0.0273
7641a0eb-88a0-4c7d-9297-741cda44cf42	22	15294547	21487543	2720	-0.0255
7641a0eb-88a0-4c7d-9297-741cda44cf42	22	21489646	21491066	3	-1.4161
7641a0eb-88a0-4c7d-9297-741cda44cf42	22	21562864	23929558	1658	-0.0491
7641a0eb-88a0-4c7d-9297-741cda44cf42	22	23940911	25275764	840	0.0276
7641a0eb-88a0-4c7d-9297-741cda44cf42	22	25276030	25358003	67	-0.314
7641a0eb-88a0-4c7d-9297-741cda44cf42	22	25358305	37346951	9141	0.0177
7641a0eb-88a0-4c7d-9297-741cda44cf42	22	37352689	37353906	4	-1.5789
7641a0eb-88a0-4c7d-9297-741cda44cf42	22	37354627	49006126	7720	0.014
7641a0eb-88a0-4c7d-9297-741cda44cf42	22	49008890	50784087	1123	-0.0618
7641a0eb-88a0-4c7d-9297-741cda44cf42	22	50785567	50796027	3	-1.4959
7641a0eb-88a0-4c7d-9297-741cda44cf42	X	251810	5785597	2336	0.0376
7641a0eb-88a0-4c7d-9297-741cda44cf42	X	5788866	5793196	3	-2.4295
7641a0eb-88a0-4c7d-9297-741cda44cf42	X	5794092	155952689	81332	0.0237
7641a0eb-88a0-4c7d-9297-741cda44cf42	Y	2782397	6071948	717	-3.1615
7641a0eb-88a0-4c7d-9297-741cda44cf42	Y	6075631	8492171	1141	-3.6998
7641a0eb-88a0-4c7d-9297-741cda44cf42	Y	8492777	9537963	382	-4.0602
7641a0eb-88a0-4c7d-9297-741cda44cf42	Y	9538399	9554275	11	-6.2085
7641a0eb-88a0-4c7d-9297-741cda44cf42	Y	9554586	25535507	4210	-3.6726
7641a0eb-88a0-4c7d-9297-741cda44cf42	Y	25614692	56872112	177	-3.278
