GDC_Aliquot	Chromosome	Start	End	Num_Probes	Segment_Mean
b2a44479-9271-4a2e-82f3-8c1f7120cd10	1	62920	814954	31	-0.3208
b2a44479-9271-4a2e-82f3-8c1f7120cd10	1	817186	3301765	707	0.102
b2a44479-9271-4a2e-82f3-8c1f7120cd10	1	3302046	16788139	7966	0.0117
b2a44479-9271-4a2e-82f3-8c1f7120cd10	1	16855942	16898730	15	0.8438
b2a44479-9271-4a2e-82f3-8c1f7120cd10	1	16898872	16909203	5	-0.0184
b2a44479-9271-4a2e-82f3-8c1f7120cd10	1	16909357	16935752	36	0.9205
b2a44479-9271-4a2e-82f3-8c1f7120cd10	1	16949746	112153343	59637	0.0059
b2a44479-9271-4a2e-82f3-8c1f7120cd10	1	112153465	112154591	21	-1.8997
b2a44479-9271-4a2e-82f3-8c1f7120cd10	1	112154619	143494500	5166	0.0029
b2a44479-9271-4a2e-82f3-8c1f7120cd10	1	143541857	143694196	70	0.249
b2a44479-9271-4a2e-82f3-8c1f7120cd10	1	143695668	152582700	2370	0.0215
b2a44479-9271-4a2e-82f3-8c1f7120cd10	1	152583051	152614118	36	0.6089
b2a44479-9271-4a2e-82f3-8c1f7120cd10	1	152618018	152787202	167	0.0437
b2a44479-9271-4a2e-82f3-8c1f7120cd10	1	152789447	152795862	34	-0.3123
b2a44479-9271-4a2e-82f3-8c1f7120cd10	1	152795883	153699771	627	0.0123
b2a44479-9271-4a2e-82f3-8c1f7120cd10	1	153701198	153720772	8	0.7258
b2a44479-9271-4a2e-82f3-8c1f7120cd10	1	153722864	169247699	10651	0.0028
b2a44479-9271-4a2e-82f3-8c1f7120cd10	1	169264736	169272528	7	0.8148
b2a44479-9271-4a2e-82f3-8c1f7120cd10	1	169273163	193186662	15775	0.0034
b2a44479-9271-4a2e-82f3-8c1f7120cd10	1	193187149	193187202	3	-1.1652
b2a44479-9271-4a2e-82f3-8c1f7120cd10	1	193187218	195673288	1671	0.0036
b2a44479-9271-4a2e-82f3-8c1f7120cd10	1	195673786	195677918	3	-1.067
b2a44479-9271-4a2e-82f3-8c1f7120cd10	1	195680112	195861642	141	-0.0182
b2a44479-9271-4a2e-82f3-8c1f7120cd10	1	195861806	195867138	3	0.8552
b2a44479-9271-4a2e-82f3-8c1f7120cd10	1	195867556	196745743	578	0.0026
b2a44479-9271-4a2e-82f3-8c1f7120cd10	1	196758720	196832525	57	-1.9666
b2a44479-9271-4a2e-82f3-8c1f7120cd10	1	196832720	196847600	5	-0.8138
b2a44479-9271-4a2e-82f3-8c1f7120cd10	1	196854187	215682652	12673	-0.0036
b2a44479-9271-4a2e-82f3-8c1f7120cd10	1	215684851	215688763	14	-0.8278
b2a44479-9271-4a2e-82f3-8c1f7120cd10	1	215692667	243690894	19762	-0.002
b2a44479-9271-4a2e-82f3-8c1f7120cd10	1	243697622	243697759	5	-1.4196
b2a44479-9271-4a2e-82f3-8c1f7120cd10	1	243699806	248930189	3363	0.0083
b2a44479-9271-4a2e-82f3-8c1f7120cd10	2	12784	1980986	1292	0.0686
b2a44479-9271-4a2e-82f3-8c1f7120cd10	2	1981026	35671420	23668	0.006
b2a44479-9271-4a2e-82f3-8c1f7120cd10	2	35679740	35752724	50	0.1138
b2a44479-9271-4a2e-82f3-8c1f7120cd10	2	35752875	35762850	5	1.0493
b2a44479-9271-4a2e-82f3-8c1f7120cd10	2	35762881	41011095	3926	0.0153
b2a44479-9271-4a2e-82f3-8c1f7120cd10	2	41011303	41018747	22	-0.5261
b2a44479-9271-4a2e-82f3-8c1f7120cd10	2	41024093	44429485	2437	0.019
b2a44479-9271-4a2e-82f3-8c1f7120cd10	2	44433300	44433945	3	-1.2501
b2a44479-9271-4a2e-82f3-8c1f7120cd10	2	44436013	52527330	5737	0.0079
b2a44479-9271-4a2e-82f3-8c1f7120cd10	2	52527342	52537117	17	0.6238
b2a44479-9271-4a2e-82f3-8c1f7120cd10	2	52537337	52554157	14	1.1557
b2a44479-9271-4a2e-82f3-8c1f7120cd10	2	52554188	52554404	8	0.4196
b2a44479-9271-4a2e-82f3-8c1f7120cd10	2	52560811	86901078	21987	0.0093
b2a44479-9271-4a2e-82f3-8c1f7120cd10	2	86902080	86910262	2	-2.5579
b2a44479-9271-4a2e-82f3-8c1f7120cd10	2	86934730	113604438	11234	0.0067
b2a44479-9271-4a2e-82f3-8c1f7120cd10	2	113604837	113604839	2	-2.2339
b2a44479-9271-4a2e-82f3-8c1f7120cd10	2	113623244	146106875	20038	0.0116
b2a44479-9271-4a2e-82f3-8c1f7120cd10	2	146106889	146109366	21	-2.1064
b2a44479-9271-4a2e-82f3-8c1f7120cd10	2	146120238	172119281	15682	0.0071
b2a44479-9271-4a2e-82f3-8c1f7120cd10	2	172119631	172121848	2	-1.4899
b2a44479-9271-4a2e-82f3-8c1f7120cd10	2	172127288	183709219	7460	0.0085
b2a44479-9271-4a2e-82f3-8c1f7120cd10	2	183712465	183712596	3	-1.6732
b2a44479-9271-4a2e-82f3-8c1f7120cd10	2	183716167	242147305	35917	0.0086
b2a44479-9271-4a2e-82f3-8c1f7120cd10	3	20930	886773	714	0.0305
b2a44479-9271-4a2e-82f3-8c1f7120cd10	3	888884	2852382	1760	0.0757
b2a44479-9271-4a2e-82f3-8c1f7120cd10	3	2852957	37935926	25156	0.0035
b2a44479-9271-4a2e-82f3-8c1f7120cd10	3	37940617	37945437	18	-1.1373
b2a44479-9271-4a2e-82f3-8c1f7120cd10	3	37945615	59709868	12647	0.004
b2a44479-9271-4a2e-82f3-8c1f7120cd10	3	59714834	61089481	1548	0.0579
b2a44479-9271-4a2e-82f3-8c1f7120cd10	3	61089926	68697013	5955	0.0014
b2a44479-9271-4a2e-82f3-8c1f7120cd10	3	68697108	68698262	14	-1.7357
b2a44479-9271-4a2e-82f3-8c1f7120cd10	3	68699607	130044016	34656	0.0058
b2a44479-9271-4a2e-82f3-8c1f7120cd10	3	130044855	130087393	38	-1.6564
b2a44479-9271-4a2e-82f3-8c1f7120cd10	3	130088081	133304057	2110	0.0095
b2a44479-9271-4a2e-82f3-8c1f7120cd10	3	133304198	133313817	20	-0.3813
b2a44479-9271-4a2e-82f3-8c1f7120cd10	3	133313831	134308480	634	0.005
b2a44479-9271-4a2e-82f3-8c1f7120cd10	3	134308765	134309589	2	-1.7384
b2a44479-9271-4a2e-82f3-8c1f7120cd10	3	134310330	162795304	17505	0.0003
b2a44479-9271-4a2e-82f3-8c1f7120cd10	3	162795361	162807070	9	0.7645
b2a44479-9271-4a2e-82f3-8c1f7120cd10	3	162810842	162813082	3	-0.2813
b2a44479-9271-4a2e-82f3-8c1f7120cd10	3	162815162	162822702	7	-1.3439
b2a44479-9271-4a2e-82f3-8c1f7120cd10	3	162827928	162908207	48	0.6226
b2a44479-9271-4a2e-82f3-8c1f7120cd10	3	162908784	169012392	3442	0.0041
b2a44479-9271-4a2e-82f3-8c1f7120cd10	3	169015614	169020840	2	-2.1755
b2a44479-9271-4a2e-82f3-8c1f7120cd10	3	169022039	179209077	6623	0.0047
b2a44479-9271-4a2e-82f3-8c1f7120cd10	3	179209525	179209754	4	-1.3399
b2a44479-9271-4a2e-82f3-8c1f7120cd10	3	179210270	193156958	9092	-0.0015
b2a44479-9271-4a2e-82f3-8c1f7120cd10	3	193160113	193165114	20	-1.0862
b2a44479-9271-4a2e-82f3-8c1f7120cd10	3	193168646	194913859	1160	0.0005
b2a44479-9271-4a2e-82f3-8c1f7120cd10	3	194920587	194921116	5	-0.7973
b2a44479-9271-4a2e-82f3-8c1f7120cd10	3	194921751	195051235	107	-0.0027
b2a44479-9271-4a2e-82f3-8c1f7120cd10	3	195057716	195059851	2	1.3418
b2a44479-9271-4a2e-82f3-8c1f7120cd10	3	195060020	198121231	1406	0.0334
b2a44479-9271-4a2e-82f3-8c1f7120cd10	3	198121262	198169247	12	-0.4441
b2a44479-9271-4a2e-82f3-8c1f7120cd10	4	68929	3597723	1438	0.0277
b2a44479-9271-4a2e-82f3-8c1f7120cd10	4	3598142	3600457	2	-2.1826
b2a44479-9271-4a2e-82f3-8c1f7120cd10	4	3607663	4108503	183	0.0361
b2a44479-9271-4a2e-82f3-8c1f7120cd10	4	4112194	4151033	9	-0.9132
b2a44479-9271-4a2e-82f3-8c1f7120cd10	4	4158336	9455251	3524	-0.0026
b2a44479-9271-4a2e-82f3-8c1f7120cd10	4	9459504	9477699	6	1.2328
b2a44479-9271-4a2e-82f3-8c1f7120cd10	4	9484440	10208766	540	0.0045
b2a44479-9271-4a2e-82f3-8c1f7120cd10	4	10212536	10232642	31	-1.8963
b2a44479-9271-4a2e-82f3-8c1f7120cd10	4	10232984	34777432	16976	0.0017
b2a44479-9271-4a2e-82f3-8c1f7120cd10	4	34784878	34828250	39	0.45
b2a44479-9271-4a2e-82f3-8c1f7120cd10	4	34828291	114252544	47223	0.0071
b2a44479-9271-4a2e-82f3-8c1f7120cd10	4	114254167	114261019	23	-1.4246
b2a44479-9271-4a2e-82f3-8c1f7120cd10	4	114263073	155966937	24831	0.0012
b2a44479-9271-4a2e-82f3-8c1f7120cd10	4	155967088	155967367	4	-1.0744
b2a44479-9271-4a2e-82f3-8c1f7120cd10	4	155969109	156033787	51	0.0178
b2a44479-9271-4a2e-82f3-8c1f7120cd10	4	156035480	156052053	17	-0.9527
b2a44479-9271-4a2e-82f3-8c1f7120cd10	4	156053545	160952848	3064	-0.0019
b2a44479-9271-4a2e-82f3-8c1f7120cd10	4	160958866	160963756	21	0.3995
b2a44479-9271-4a2e-82f3-8c1f7120cd10	4	160963767	165795694	3177	0.0025
b2a44479-9271-4a2e-82f3-8c1f7120cd10	4	165796521	165796630	2	-1.5497
b2a44479-9271-4a2e-82f3-8c1f7120cd10	4	165802151	171448195	3486	0.0013
b2a44479-9271-4a2e-82f3-8c1f7120cd10	4	171453733	171456625	12	1.1371
b2a44479-9271-4a2e-82f3-8c1f7120cd10	4	171459220	188300104	11346	0.0025
b2a44479-9271-4a2e-82f3-8c1f7120cd10	4	188300206	188300285	4	1.422
b2a44479-9271-4a2e-82f3-8c1f7120cd10	4	188301659	189273964	789	0.0463
b2a44479-9271-4a2e-82f3-8c1f7120cd10	4	189274468	189278110	3	-3.5014
b2a44479-9271-4a2e-82f3-8c1f7120cd10	4	189278617	190106768	350	0.0469
b2a44479-9271-4a2e-82f3-8c1f7120cd10	5	15532	698256	307	0.0917
b2a44479-9271-4a2e-82f3-8c1f7120cd10	5	698357	808932	31	-0.418
b2a44479-9271-4a2e-82f3-8c1f7120cd10	5	817735	2080115	734	0.0697
b2a44479-9271-4a2e-82f3-8c1f7120cd10	5	2081711	9353776	6456	-0.0038
b2a44479-9271-4a2e-82f3-8c1f7120cd10	5	9354463	9354528	2	-2.021
b2a44479-9271-4a2e-82f3-8c1f7120cd10	5	9355049	10267110	831	-0.001
b2a44479-9271-4a2e-82f3-8c1f7120cd10	5	10268331	10273531	2	1.5808
b2a44479-9271-4a2e-82f3-8c1f7120cd10	5	10275758	46271828	22311	0.0081
b2a44479-9271-4a2e-82f3-8c1f7120cd10	5	46272419	46273400	5	-2.6597
b2a44479-9271-4a2e-82f3-8c1f7120cd10	5	46278110	50253941	36	0.2944
b2a44479-9271-4a2e-82f3-8c1f7120cd10	5	50256864	58017408	5033	0.0028
b2a44479-9271-4a2e-82f3-8c1f7120cd10	5	58018390	58025819	4	0.3385
b2a44479-9271-4a2e-82f3-8c1f7120cd10	5	58030200	58037706	32	1.5556
b2a44479-9271-4a2e-82f3-8c1f7120cd10	5	58042530	59007731	739	0.0178
b2a44479-9271-4a2e-82f3-8c1f7120cd10	5	59007799	59008878	5	-0.7606
b2a44479-9271-4a2e-82f3-8c1f7120cd10	5	59008903	69533520	6549	0.0048
b2a44479-9271-4a2e-82f3-8c1f7120cd10	5	69550476	69571467	2	1.7325
b2a44479-9271-4a2e-82f3-8c1f7120cd10	5	69779150	113988573	25912	0.0022
b2a44479-9271-4a2e-82f3-8c1f7120cd10	5	113991308	113999692	11	-1.1087
b2a44479-9271-4a2e-82f3-8c1f7120cd10	5	114001271	124606647	7285	0.0024
b2a44479-9271-4a2e-82f3-8c1f7120cd10	5	124606858	124611129	2	-1.7465
b2a44479-9271-4a2e-82f3-8c1f7120cd10	5	124613037	156049910	19786	-0.0035
b2a44479-9271-4a2e-82f3-8c1f7120cd10	5	156049988	156055719	12	-0.6227
b2a44479-9271-4a2e-82f3-8c1f7120cd10	5	156068240	157966535	1286	-0.0092
b2a44479-9271-4a2e-82f3-8c1f7120cd10	5	157972042	157972891	3	-1.4657
b2a44479-9271-4a2e-82f3-8c1f7120cd10	5	157974887	175916541	12765	-0.0036
b2a44479-9271-4a2e-82f3-8c1f7120cd10	5	175919594	175922077	7	-0.7506
b2a44479-9271-4a2e-82f3-8c1f7120cd10	5	175933010	179669242	1809	0.0163
b2a44479-9271-4a2e-82f3-8c1f7120cd10	5	179669317	179678266	15	0.538
b2a44479-9271-4a2e-82f3-8c1f7120cd10	5	179678327	180947523	718	0.0414
b2a44479-9271-4a2e-82f3-8c1f7120cd10	5	180951710	181006225	20	0.6366
b2a44479-9271-4a2e-82f3-8c1f7120cd10	5	181006264	181363319	169	0.0691
b2a44479-9271-4a2e-82f3-8c1f7120cd10	6	149661	902186	648	0.0871
b2a44479-9271-4a2e-82f3-8c1f7120cd10	6	902702	14838212	11015	-0.0035
b2a44479-9271-4a2e-82f3-8c1f7120cd10	6	14839819	14841727	3	-1.2476
b2a44479-9271-4a2e-82f3-8c1f7120cd10	6	14843529	19039888	3114	-0.0088
b2a44479-9271-4a2e-82f3-8c1f7120cd10	6	19041950	19042587	3	-4.7967
b2a44479-9271-4a2e-82f3-8c1f7120cd10	6	19044471	29869295	6874	0.0013
b2a44479-9271-4a2e-82f3-8c1f7120cd10	6	29869410	29948709	43	0.5565
b2a44479-9271-4a2e-82f3-8c1f7120cd10	6	29948728	31313046	637	0.0171
b2a44479-9271-4a2e-82f3-8c1f7120cd10	6	31318499	31328176	8	-1.2937
b2a44479-9271-4a2e-82f3-8c1f7120cd10	6	31328210	32656527	561	0.023
b2a44479-9271-4a2e-82f3-8c1f7120cd10	6	32656814	32658841	5	-1.7977
b2a44479-9271-4a2e-82f3-8c1f7120cd10	6	32682835	32722250	44	0.1108
b2a44479-9271-4a2e-82f3-8c1f7120cd10	6	32723020	32723035	2	1.7327
b2a44479-9271-4a2e-82f3-8c1f7120cd10	6	32723053	66328153	19022	0.0047
b2a44479-9271-4a2e-82f3-8c1f7120cd10	6	66331020	66333299	7	1.1263
b2a44479-9271-4a2e-82f3-8c1f7120cd10	6	66333342	68976737	1864	0.0017
b2a44479-9271-4a2e-82f3-8c1f7120cd10	6	68977806	68981476	4	-1.0597
b2a44479-9271-4a2e-82f3-8c1f7120cd10	6	68987514	69416162	252	-0.0263
b2a44479-9271-4a2e-82f3-8c1f7120cd10	6	69416996	69420363	2	-1.3591
b2a44479-9271-4a2e-82f3-8c1f7120cd10	6	69420465	76726815	4669	0.004
b2a44479-9271-4a2e-82f3-8c1f7120cd10	6	76730151	76742924	18	-0.6133
b2a44479-9271-4a2e-82f3-8c1f7120cd10	6	76742956	78252522	975	0.0104
b2a44479-9271-4a2e-82f3-8c1f7120cd10	6	78252576	78317528	108	0.3712
b2a44479-9271-4a2e-82f3-8c1f7120cd10	6	78317580	170741917	59699	0.0024
b2a44479-9271-4a2e-82f3-8c1f7120cd10	7	43355	9065141	5345	0.0178
b2a44479-9271-4a2e-82f3-8c1f7120cd10	7	9065396	9065942	3	-2.5766
b2a44479-9271-4a2e-82f3-8c1f7120cd10	7	9074105	38255395	22019	0.0104
b2a44479-9271-4a2e-82f3-8c1f7120cd10	7	38258234	38342370	114	-0.4795
b2a44479-9271-4a2e-82f3-8c1f7120cd10	7	38345240	56693807	12564	0.0032
b2a44479-9271-4a2e-82f3-8c1f7120cd10	7	56694420	56701121	3	-3.3516
b2a44479-9271-4a2e-82f3-8c1f7120cd10	7	56704473	70955452	4566	0.0158
b2a44479-9271-4a2e-82f3-8c1f7120cd10	7	70958264	70961155	2	2.996
b2a44479-9271-4a2e-82f3-8c1f7120cd10	7	70963257	105517609	19489	0.0105
b2a44479-9271-4a2e-82f3-8c1f7120cd10	7	105519977	105526073	3	-2.3066
b2a44479-9271-4a2e-82f3-8c1f7120cd10	7	105526329	108161434	1734	0.0057
b2a44479-9271-4a2e-82f3-8c1f7120cd10	7	108162976	108162984	2	-1.8846
b2a44479-9271-4a2e-82f3-8c1f7120cd10	7	108165429	124523209	9966	0.0085
b2a44479-9271-4a2e-82f3-8c1f7120cd10	7	124523712	124524073	3	-1.082
b2a44479-9271-4a2e-82f3-8c1f7120cd10	7	124524582	126404433	1174	0.005
b2a44479-9271-4a2e-82f3-8c1f7120cd10	7	126404459	126406824	19	0.4144
b2a44479-9271-4a2e-82f3-8c1f7120cd10	7	126406825	134093899	4697	0.0035
b2a44479-9271-4a2e-82f3-8c1f7120cd10	7	134100424	134114444	37	0.4371
b2a44479-9271-4a2e-82f3-8c1f7120cd10	7	134121491	142063324	5192	0.0052
b2a44479-9271-4a2e-82f3-8c1f7120cd10	7	142069843	142092108	33	-0.525
b2a44479-9271-4a2e-82f3-8c1f7120cd10	7	142092307	154598185	7624	0.0016
b2a44479-9271-4a2e-82f3-8c1f7120cd10	7	154601461	154607903	4	-2.8606
b2a44479-9271-4a2e-82f3-8c1f7120cd10	7	154609120	159334314	3235	0.0228
b2a44479-9271-4a2e-82f3-8c1f7120cd10	8	81254	162796	2	2.6691
b2a44479-9271-4a2e-82f3-8c1f7120cd10	8	163380	213414	5	0.4932
b2a44479-9271-4a2e-82f3-8c1f7120cd10	8	214984	643041	315	0.067
b2a44479-9271-4a2e-82f3-8c1f7120cd10	8	644944	645875	8	0.753
b2a44479-9271-4a2e-82f3-8c1f7120cd10	8	645892	645908	2	4.4116
b2a44479-9271-4a2e-82f3-8c1f7120cd10	8	656117	2844412	1708	0.0322
b2a44479-9271-4a2e-82f3-8c1f7120cd10	8	2846011	2846377	7	-0.8188
b2a44479-9271-4a2e-82f3-8c1f7120cd10	8	2849649	5736610	3954	0.0217
b2a44479-9271-4a2e-82f3-8c1f7120cd10	8	5736745	5746973	28	-0.9482
b2a44479-9271-4a2e-82f3-8c1f7120cd10	8	5749566	7380497	1722	0.0371
b2a44479-9271-4a2e-82f3-8c1f7120cd10	8	7396819	8235660	50	-0.3892
b2a44479-9271-4a2e-82f3-8c1f7120cd10	8	8237241	9644369	1334	0.0154
b2a44479-9271-4a2e-82f3-8c1f7120cd10	8	9644390	9644751	7	-0.7494
b2a44479-9271-4a2e-82f3-8c1f7120cd10	8	9644826	12092042	1877	0.0187
b2a44479-9271-4a2e-82f3-8c1f7120cd10	8	12130217	12143614	6	-1.0522
b2a44479-9271-4a2e-82f3-8c1f7120cd10	8	12176798	12376789	12	0.4767
b2a44479-9271-4a2e-82f3-8c1f7120cd10	8	12376891	13942555	1315	-0.0111
b2a44479-9271-4a2e-82f3-8c1f7120cd10	8	13942589	13957728	18	-0.441
b2a44479-9271-4a2e-82f3-8c1f7120cd10	8	13957826	18406981	4022	0.0049
b2a44479-9271-4a2e-82f3-8c1f7120cd10	8	18407644	18413675	5	-2.2159
b2a44479-9271-4a2e-82f3-8c1f7120cd10	8	18413877	23544795	3938	0.0011
b2a44479-9271-4a2e-82f3-8c1f7120cd10	8	23550227	23550358	5	-1.599
b2a44479-9271-4a2e-82f3-8c1f7120cd10	8	23550392	142384318	74207	0.0029
b2a44479-9271-4a2e-82f3-8c1f7120cd10	8	142384519	142384532	2	-3.2648
b2a44479-9271-4a2e-82f3-8c1f7120cd10	8	142392565	144230585	635	0.0032
b2a44479-9271-4a2e-82f3-8c1f7120cd10	8	144231771	144831250	177	0.1537
b2a44479-9271-4a2e-82f3-8c1f7120cd10	8	144831876	144835045	2	-1.1131
b2a44479-9271-4a2e-82f3-8c1f7120cd10	8	144835600	144924592	63	0.1453
b2a44479-9271-4a2e-82f3-8c1f7120cd10	8	144925013	145072769	82	-0.0039
b2a44479-9271-4a2e-82f3-8c1f7120cd10	9	46587	20756614	18547	0.0148
b2a44479-9271-4a2e-82f3-8c1f7120cd10	9	20756866	20760086	7	-0.8074
b2a44479-9271-4a2e-82f3-8c1f7120cd10	9	20760501	22492890	1287	-0.0003
b2a44479-9271-4a2e-82f3-8c1f7120cd10	9	22501914	22502700	2	1.8101
b2a44479-9271-4a2e-82f3-8c1f7120cd10	9	22509341	29948923	5534	0.0208
b2a44479-9271-4a2e-82f3-8c1f7120cd10	9	29949676	29965086	22	0.4518
b2a44479-9271-4a2e-82f3-8c1f7120cd10	9	29969105	36894154	4374	0.0085
b2a44479-9271-4a2e-82f3-8c1f7120cd10	9	36894590	36894636	2	-1.8962
b2a44479-9271-4a2e-82f3-8c1f7120cd10	9	36894840	41644288	1502	-0.0022
b2a44479-9271-4a2e-82f3-8c1f7120cd10	9	41644336	42014203	11	-0.481
b2a44479-9271-4a2e-82f3-8c1f7120cd10	9	42037471	42179276	20	-2.1378
b2a44479-9271-4a2e-82f3-8c1f7120cd10	9	42202227	42501791	13	-0.9788
b2a44479-9271-4a2e-82f3-8c1f7120cd10	9	42524983	42727685	18	-0.5627
b2a44479-9271-4a2e-82f3-8c1f7120cd10	9	42729302	61374282	39	0.004
b2a44479-9271-4a2e-82f3-8c1f7120cd10	9	61378951	61629689	30	-1.1852
b2a44479-9271-4a2e-82f3-8c1f7120cd10	9	61633080	123325080	39794	0.0024
b2a44479-9271-4a2e-82f3-8c1f7120cd10	9	123328128	123330867	2	-1.7658
b2a44479-9271-4a2e-82f3-8c1f7120cd10	9	123331877	135319522	7191	0.0037
b2a44479-9271-4a2e-82f3-8c1f7120cd10	9	135322259	135323776	2	-1.5445
b2a44479-9271-4a2e-82f3-8c1f7120cd10	9	135324566	136161669	404	0.0178
b2a44479-9271-4a2e-82f3-8c1f7120cd10	9	136164933	136166877	3	-1.2637
b2a44479-9271-4a2e-82f3-8c1f7120cd10	9	136167429	136764124	159	0.0763
b2a44479-9271-4a2e-82f3-8c1f7120cd10	9	136765950	136780050	5	-0.5633
b2a44479-9271-4a2e-82f3-8c1f7120cd10	9	136783577	137358495	129	0.1018
b2a44479-9271-4a2e-82f3-8c1f7120cd10	9	137361190	137361381	3	1.7461
b2a44479-9271-4a2e-82f3-8c1f7120cd10	9	137378551	138160309	399	0.0749
b2a44479-9271-4a2e-82f3-8c1f7120cd10	9	138177023	138200944	8	-0.9404
b2a44479-9271-4a2e-82f3-8c1f7120cd10	10	45792	6369412	5403	0.0112
b2a44479-9271-4a2e-82f3-8c1f7120cd10	10	6369488	6369519	3	-1.6203
b2a44479-9271-4a2e-82f3-8c1f7120cd10	10	6376792	32380636	19744	0.0024
b2a44479-9271-4a2e-82f3-8c1f7120cd10	10	32382058	32387756	6	-1.1847
b2a44479-9271-4a2e-82f3-8c1f7120cd10	10	32390904	42267782	3959	0.0005
b2a44479-9271-4a2e-82f3-8c1f7120cd10	10	42272195	42335359	12	-0.7164
b2a44479-9271-4a2e-82f3-8c1f7120cd10	10	42339759	45574604	2256	0.0067
b2a44479-9271-4a2e-82f3-8c1f7120cd10	10	45577424	45578738	3	-1.4181
b2a44479-9271-4a2e-82f3-8c1f7120cd10	10	45579330	54918981	5670	0.0118
b2a44479-9271-4a2e-82f3-8c1f7120cd10	10	54919294	54929747	6	-0.8673
b2a44479-9271-4a2e-82f3-8c1f7120cd10	10	54929994	65548951	7368	0.0074
b2a44479-9271-4a2e-82f3-8c1f7120cd10	10	65548979	65563037	22	-0.4738
b2a44479-9271-4a2e-82f3-8c1f7120cd10	10	65563168	130278643	44070	0.0009
b2a44479-9271-4a2e-82f3-8c1f7120cd10	10	130279020	133654968	2154	0.0545
b2a44479-9271-4a2e-82f3-8c1f7120cd10	11	198510	3465494	1296	0.0315
b2a44479-9271-4a2e-82f3-8c1f7120cd10	11	3466435	3467200	2	-1.4132
b2a44479-9271-4a2e-82f3-8c1f7120cd10	11	3467311	4949100	1126	0.0037
b2a44479-9271-4a2e-82f3-8c1f7120cd10	11	4949113	4955042	25	-0.3773
b2a44479-9271-4a2e-82f3-8c1f7120cd10	11	4955781	5766175	784	0.0237
b2a44479-9271-4a2e-82f3-8c1f7120cd10	11	5766850	5788108	33	0.7906
b2a44479-9271-4a2e-82f3-8c1f7120cd10	11	5788231	55609022	31226	0.0041
b2a44479-9271-4a2e-82f3-8c1f7120cd10	11	55609035	55693207	52	0.636
b2a44479-9271-4a2e-82f3-8c1f7120cd10	11	55693312	80256460	13256	0.0043
b2a44479-9271-4a2e-82f3-8c1f7120cd10	11	80256469	80256520	3	-3.9006
b2a44479-9271-4a2e-82f3-8c1f7120cd10	11	80256642	80304687	63	-0.0073
b2a44479-9271-4a2e-82f3-8c1f7120cd10	11	80305032	80305076	2	1.5378
b2a44479-9271-4a2e-82f3-8c1f7120cd10	11	80305092	83938681	2648	0.0143
b2a44479-9271-4a2e-82f3-8c1f7120cd10	11	83939160	83940726	3	-1.0874
b2a44479-9271-4a2e-82f3-8c1f7120cd10	11	83942066	84097729	124	0.0349
b2a44479-9271-4a2e-82f3-8c1f7120cd10	11	84107616	84131281	17	0.7435
b2a44479-9271-4a2e-82f3-8c1f7120cd10	11	84134536	89966336	3754	0.0105
b2a44479-9271-4a2e-82f3-8c1f7120cd10	11	90043678	90077170	4	-0.861
b2a44479-9271-4a2e-82f3-8c1f7120cd10	11	90085142	91203636	792	0.0158
b2a44479-9271-4a2e-82f3-8c1f7120cd10	11	91204240	91204522	2	-1.137
b2a44479-9271-4a2e-82f3-8c1f7120cd10	11	91211618	92289319	796	0.0225
b2a44479-9271-4a2e-82f3-8c1f7120cd10	11	92291620	92294733	6	-0.9264
b2a44479-9271-4a2e-82f3-8c1f7120cd10	11	92294987	101723653	7090	0.0027
b2a44479-9271-4a2e-82f3-8c1f7120cd10	11	101727129	101727233	4	1.6086
b2a44479-9271-4a2e-82f3-8c1f7120cd10	11	101727481	132942041	22116	-0.0025
b2a44479-9271-4a2e-82f3-8c1f7120cd10	11	132945318	135074876	1609	0.0528
b2a44479-9271-4a2e-82f3-8c1f7120cd10	12	51460	9481274	6174	0.0125
b2a44479-9271-4a2e-82f3-8c1f7120cd10	12	9485313	9562969	22	-1.8431
b2a44479-9271-4a2e-82f3-8c1f7120cd10	12	9575696	11358644	1181	-0.0019
b2a44479-9271-4a2e-82f3-8c1f7120cd10	12	11359558	11390472	29	-0.9573
b2a44479-9271-4a2e-82f3-8c1f7120cd10	12	11399258	17959549	4569	0.0014
b2a44479-9271-4a2e-82f3-8c1f7120cd10	12	17961556	17963174	2	-1.4729
b2a44479-9271-4a2e-82f3-8c1f7120cd10	12	17963534	33141726	10809	0.0034
b2a44479-9271-4a2e-82f3-8c1f7120cd10	12	33148472	33148586	3	-1.2573
b2a44479-9271-4a2e-82f3-8c1f7120cd10	12	33148600	33154440	23	-2.8199
b2a44479-9271-4a2e-82f3-8c1f7120cd10	12	33155426	34198962	642	0.0188
b2a44479-9271-4a2e-82f3-8c1f7120cd10	12	34199467	38720457	647	0.0909
b2a44479-9271-4a2e-82f3-8c1f7120cd10	12	38723241	48331259	6020	0.0083
b2a44479-9271-4a2e-82f3-8c1f7120cd10	12	48331456	48331632	3	-2.4106
b2a44479-9271-4a2e-82f3-8c1f7120cd10	12	48336253	83769408	21890	0.0024
b2a44479-9271-4a2e-82f3-8c1f7120cd10	12	83769511	83771462	3	1.3253
b2a44479-9271-4a2e-82f3-8c1f7120cd10	12	83771500	98556712	9579	0.0003
b2a44479-9271-4a2e-82f3-8c1f7120cd10	12	98562467	98564210	2	-2.8193
b2a44479-9271-4a2e-82f3-8c1f7120cd10	12	98568304	129516041	20888	0.004
b2a44479-9271-4a2e-82f3-8c1f7120cd10	12	129518945	129519049	2	-3.4344
b2a44479-9271-4a2e-82f3-8c1f7120cd10	12	129519225	133201603	2356	0.0421
b2a44479-9271-4a2e-82f3-8c1f7120cd10	13	18452809	114342922	64151	0.0027
b2a44479-9271-4a2e-82f3-8c1f7120cd10	14	18239283	19011729	28	-0.1007
b2a44479-9271-4a2e-82f3-8c1f7120cd10	14	19012857	19326853	21	-0.6279
b2a44479-9271-4a2e-82f3-8c1f7120cd10	14	19367655	19956767	119	0.1695
b2a44479-9271-4a2e-82f3-8c1f7120cd10	14	19957350	21858683	1260	0.0066
b2a44479-9271-4a2e-82f3-8c1f7120cd10	14	21859138	21860397	7	-0.623
b2a44479-9271-4a2e-82f3-8c1f7120cd10	14	21860829	21991211	139	-0.0753
b2a44479-9271-4a2e-82f3-8c1f7120cd10	14	21991283	22501590	445	-0.3056
b2a44479-9271-4a2e-82f3-8c1f7120cd10	14	22502281	69551330	29591	0.0038
b2a44479-9271-4a2e-82f3-8c1f7120cd10	14	69551651	69555750	8	-0.9141
b2a44479-9271-4a2e-82f3-8c1f7120cd10	14	69555996	105588560	23288	0.0037
b2a44479-9271-4a2e-82f3-8c1f7120cd10	14	105612353	105701150	16	-0.869
b2a44479-9271-4a2e-82f3-8c1f7120cd10	14	105728140	106258891	176	0.0152
b2a44479-9271-4a2e-82f3-8c1f7120cd10	14	106260759	106266761	6	-0.7847
b2a44479-9271-4a2e-82f3-8c1f7120cd10	14	106266923	106321086	28	-0.1446
b2a44479-9271-4a2e-82f3-8c1f7120cd10	14	106340102	106346129	7	-1.6864
b2a44479-9271-4a2e-82f3-8c1f7120cd10	14	106360014	106423925	32	0.0304
b2a44479-9271-4a2e-82f3-8c1f7120cd10	14	106425447	106462183	47	-2.5533
b2a44479-9271-4a2e-82f3-8c1f7120cd10	14	106462724	106877229	195	0.0657
b2a44479-9271-4a2e-82f3-8c1f7120cd10	15	19811075	20060725	52	0.0743
b2a44479-9271-4a2e-82f3-8c1f7120cd10	15	20062609	22595648	165	0.3578
b2a44479-9271-4a2e-82f3-8c1f7120cd10	15	22606745	30252720	4623	0.0138
b2a44479-9271-4a2e-82f3-8c1f7120cd10	15	30253290	30297594	9	-1.0441
b2a44479-9271-4a2e-82f3-8c1f7120cd10	15	30300815	30515739	14	-0.053
b2a44479-9271-4a2e-82f3-8c1f7120cd10	15	30595753	30608675	2	-1.7785
b2a44479-9271-4a2e-82f3-8c1f7120cd10	15	30621384	32507144	1073	0.0117
b2a44479-9271-4a2e-82f3-8c1f7120cd10	15	32519403	32565281	3	1.2184
b2a44479-9271-4a2e-82f3-8c1f7120cd10	15	32567657	47810361	9623	0.0106
b2a44479-9271-4a2e-82f3-8c1f7120cd10	15	47811537	47812098	4	-1.1786
b2a44479-9271-4a2e-82f3-8c1f7120cd10	15	47814149	75857987	17947	0.0044
b2a44479-9271-4a2e-82f3-8c1f7120cd10	15	75858624	75858740	2	1.4099
b2a44479-9271-4a2e-82f3-8c1f7120cd10	15	75858828	76586021	397	0.0246
b2a44479-9271-4a2e-82f3-8c1f7120cd10	15	76598900	76603003	15	1.1422
b2a44479-9271-4a2e-82f3-8c1f7120cd10	15	76603426	76649672	29	0.2269
b2a44479-9271-4a2e-82f3-8c1f7120cd10	15	76655642	101032805	16951	0.0059
b2a44479-9271-4a2e-82f3-8c1f7120cd10	15	101033078	101928837	646	0.0861
b2a44479-9271-4a2e-82f3-8c1f7120cd10	16	10777	592610	248	0.1326
b2a44479-9271-4a2e-82f3-8c1f7120cd10	16	592632	12554409	9164	0.0183
b2a44479-9271-4a2e-82f3-8c1f7120cd10	16	12554945	12555002	3	0.526
b2a44479-9271-4a2e-82f3-8c1f7120cd10	16	12555121	12555138	2	2.0008
b2a44479-9271-4a2e-82f3-8c1f7120cd10	16	12556390	19934811	4055	0.0272
b2a44479-9271-4a2e-82f3-8c1f7120cd10	16	19935622	19959974	31	0.3563
b2a44479-9271-4a2e-82f3-8c1f7120cd10	16	19959989	21503753	889	0.0219
b2a44479-9271-4a2e-82f3-8c1f7120cd10	16	21503767	21582313	23	-0.3544
b2a44479-9271-4a2e-82f3-8c1f7120cd10	16	21584992	22614263	375	0.0264
b2a44479-9271-4a2e-82f3-8c1f7120cd10	16	22614281	22693199	56	-0.4063
b2a44479-9271-4a2e-82f3-8c1f7120cd10	16	22699421	55762477	12092	0.0101
b2a44479-9271-4a2e-82f3-8c1f7120cd10	16	55762598	55788532	21	-0.8322
b2a44479-9271-4a2e-82f3-8c1f7120cd10	16	55808442	55808544	3	-0.099
b2a44479-9271-4a2e-82f3-8c1f7120cd10	16	55808603	55822948	9	0.6711
b2a44479-9271-4a2e-82f3-8c1f7120cd10	16	55824881	60347593	2812	0.0054
b2a44479-9271-4a2e-82f3-8c1f7120cd10	16	60348193	60351805	3	-1.2266
b2a44479-9271-4a2e-82f3-8c1f7120cd10	16	60352008	70118419	5930	0.0038
b2a44479-9271-4a2e-82f3-8c1f7120cd10	16	70145440	70164453	12	0.5296
b2a44479-9271-4a2e-82f3-8c1f7120cd10	16	70164493	78337711	5511	0.0094
b2a44479-9271-4a2e-82f3-8c1f7120cd10	16	78338543	78350868	16	1.1788
b2a44479-9271-4a2e-82f3-8c1f7120cd10	16	78351104	90096867	10621	0.0152
b2a44479-9271-4a2e-82f3-8c1f7120cd10	17	150733	1618676	715	0.0844
b2a44479-9271-4a2e-82f3-8c1f7120cd10	17	1619493	14249691	8194	0.0112
b2a44479-9271-4a2e-82f3-8c1f7120cd10	17	14251534	16508073	1462	0.0428
b2a44479-9271-4a2e-82f3-8c1f7120cd10	17	16509028	16511542	7	-0.8157
b2a44479-9271-4a2e-82f3-8c1f7120cd10	17	16513106	16750987	97	0.0021
b2a44479-9271-4a2e-82f3-8c1f7120cd10	17	16754017	16815664	8	-0.6329
b2a44479-9271-4a2e-82f3-8c1f7120cd10	17	16815729	16838214	5	0.4651
b2a44479-9271-4a2e-82f3-8c1f7120cd10	17	16838470	18414080	905	0.0265
b2a44479-9271-4a2e-82f3-8c1f7120cd10	17	18452078	18561272	26	0.8186
b2a44479-9271-4a2e-82f3-8c1f7120cd10	17	18561907	83091923	33622	0.0135
b2a44479-9271-4a2e-82f3-8c1f7120cd10	18	48133	92133	8	-0.1536
b2a44479-9271-4a2e-82f3-8c1f7120cd10	18	97829	2059650	1460	0.0524
b2a44479-9271-4a2e-82f3-8c1f7120cd10	18	2068406	50040987	27630	0.0014
b2a44479-9271-4a2e-82f3-8c1f7120cd10	18	50044376	50044411	2	-1.9589
b2a44479-9271-4a2e-82f3-8c1f7120cd10	18	50045814	66050517	11205	0.0012
b2a44479-9271-4a2e-82f3-8c1f7120cd10	18	66054343	66061104	13	0.6424
b2a44479-9271-4a2e-82f3-8c1f7120cd10	18	66065502	66095064	47	-0.0416
b2a44479-9271-4a2e-82f3-8c1f7120cd10	18	66099904	66100052	2	-1.8062
b2a44479-9271-4a2e-82f3-8c1f7120cd10	18	66100686	69076108	2168	0.0052
b2a44479-9271-4a2e-82f3-8c1f7120cd10	18	69078869	69086089	38	-0.9248
b2a44479-9271-4a2e-82f3-8c1f7120cd10	18	69090459	71688476	1822	0.0111
b2a44479-9271-4a2e-82f3-8c1f7120cd10	18	71690284	73948865	1826	0.0536
b2a44479-9271-4a2e-82f3-8c1f7120cd10	18	73949045	79643088	4208	-0.0007
b2a44479-9271-4a2e-82f3-8c1f7120cd10	18	79646039	79646203	2	-2.5654
b2a44479-9271-4a2e-82f3-8c1f7120cd10	18	79650607	80257174	314	0.0698
b2a44479-9271-4a2e-82f3-8c1f7120cd10	19	90910	27662310	11218	0.0193
b2a44479-9271-4a2e-82f3-8c1f7120cd10	19	27662605	27706033	12	-0.7936
b2a44479-9271-4a2e-82f3-8c1f7120cd10	19	27707365	35358420	5479	0.0098
b2a44479-9271-4a2e-82f3-8c1f7120cd10	19	35364451	35370268	17	-0.5464
b2a44479-9271-4a2e-82f3-8c1f7120cd10	19	35370747	43193181	3867	0.0154
b2a44479-9271-4a2e-82f3-8c1f7120cd10	19	43198881	43252085	22	-0.8814
b2a44479-9271-4a2e-82f3-8c1f7120cd10	19	43262507	43313441	26	0.116
b2a44479-9271-4a2e-82f3-8c1f7120cd10	19	43313683	43313722	2	-1.6528
b2a44479-9271-4a2e-82f3-8c1f7120cd10	19	43313843	53022009	5073	0.0236
b2a44479-9271-4a2e-82f3-8c1f7120cd10	19	53022282	53048976	17	0.6513
b2a44479-9271-4a2e-82f3-8c1f7120cd10	19	53050987	54811794	1075	0.0421
b2a44479-9271-4a2e-82f3-8c1f7120cd10	19	54812586	54823756	6	0.8703
b2a44479-9271-4a2e-82f3-8c1f7120cd10	19	54824051	54854175	11	0.179
b2a44479-9271-4a2e-82f3-8c1f7120cd10	19	54856748	54866553	4	-0.0699
b2a44479-9271-4a2e-82f3-8c1f7120cd10	19	54866877	54867209	5	-1.8877
b2a44479-9271-4a2e-82f3-8c1f7120cd10	19	54867244	54904326	12	-0.5309
b2a44479-9271-4a2e-82f3-8c1f7120cd10	19	54904949	56470182	932	0.0001
b2a44479-9271-4a2e-82f3-8c1f7120cd10	19	56472596	56472909	2	-1.6751
b2a44479-9271-4a2e-82f3-8c1f7120cd10	19	56473006	58586487	1327	0.023
b2a44479-9271-4a2e-82f3-8c1f7120cd10	20	80664	1601122	1237	0.055
b2a44479-9271-4a2e-82f3-8c1f7120cd10	20	1601446	1613247	7	-0.7473
b2a44479-9271-4a2e-82f3-8c1f7120cd10	20	1617300	3710937	1512	0.0034
b2a44479-9271-4a2e-82f3-8c1f7120cd10	20	3716161	3717849	3	-1.2236
b2a44479-9271-4a2e-82f3-8c1f7120cd10	20	3720485	4795887	829	0.0137
b2a44479-9271-4a2e-82f3-8c1f7120cd10	20	4798891	4799343	5	-0.9499
b2a44479-9271-4a2e-82f3-8c1f7120cd10	20	4799519	12649334	6093	0.0082
b2a44479-9271-4a2e-82f3-8c1f7120cd10	20	12650073	12650157	3	-1.3799
b2a44479-9271-4a2e-82f3-8c1f7120cd10	20	12651396	15320728	1949	0.014
b2a44479-9271-4a2e-82f3-8c1f7120cd10	20	15321256	15321403	2	-1.8148
b2a44479-9271-4a2e-82f3-8c1f7120cd10	20	15321728	54065071	23336	0.0063
b2a44479-9271-4a2e-82f3-8c1f7120cd10	20	54065291	54065389	5	-0.9316
b2a44479-9271-4a2e-82f3-8c1f7120cd10	20	54065719	63588295	7096	0.0018
b2a44479-9271-4a2e-82f3-8c1f7120cd10	20	63588484	64324800	314	0.1084
b2a44479-9271-4a2e-82f3-8c1f7120cd10	21	10354168	13224711	120	0.1467
b2a44479-9271-4a2e-82f3-8c1f7120cd10	21	13227761	46100039	23394	0.0063
b2a44479-9271-4a2e-82f3-8c1f7120cd10	21	46100546	46677045	358	0.0967
b2a44479-9271-4a2e-82f3-8c1f7120cd10	22	15294547	18190590	1131	0.0186
b2a44479-9271-4a2e-82f3-8c1f7120cd10	22	18392404	22081431	1949	0.0818
b2a44479-9271-4a2e-82f3-8c1f7120cd10	22	22081907	22119549	40	-0.0356
b2a44479-9271-4a2e-82f3-8c1f7120cd10	22	22119654	22120255	5	-1.0944
b2a44479-9271-4a2e-82f3-8c1f7120cd10	22	22127104	22398127	333	0.0395
b2a44479-9271-4a2e-82f3-8c1f7120cd10	22	22398345	22398545	4	-1.2268
b2a44479-9271-4a2e-82f3-8c1f7120cd10	22	22402989	38894915	11735	0.018
b2a44479-9271-4a2e-82f3-8c1f7120cd10	22	38899250	38900899	3	-3.2763
b2a44479-9271-4a2e-82f3-8c1f7120cd10	22	38903109	38967614	39	-0.009
b2a44479-9271-4a2e-82f3-8c1f7120cd10	22	38967679	38967995	5	-0.9481
b2a44479-9271-4a2e-82f3-8c1f7120cd10	22	38969353	38969594	4	0.1317
b2a44479-9271-4a2e-82f3-8c1f7120cd10	22	38969616	38979302	14	-0.9886
b2a44479-9271-4a2e-82f3-8c1f7120cd10	22	38993700	48797027	6751	0.0137
b2a44479-9271-4a2e-82f3-8c1f7120cd10	22	48801717	50796027	1266	0.0915
b2a44479-9271-4a2e-82f3-8c1f7120cd10	X	251810	34927030	21789	0.0031
b2a44479-9271-4a2e-82f3-8c1f7120cd10	X	34929834	34933360	6	-2.1014
b2a44479-9271-4a2e-82f3-8c1f7120cd10	X	34937887	136857936	50142	0.0091
b2a44479-9271-4a2e-82f3-8c1f7120cd10	X	136858248	136858460	2	-4.9885
b2a44479-9271-4a2e-82f3-8c1f7120cd10	X	136866050	153157231	10537	0.0079
b2a44479-9271-4a2e-82f3-8c1f7120cd10	X	153157619	153167066	16	-0.8589
b2a44479-9271-4a2e-82f3-8c1f7120cd10	X	153168710	155952689	1079	0.0576
b2a44479-9271-4a2e-82f3-8c1f7120cd10	Y	2782397	56872112	6639	-0.9262
