GDC_Aliquot	Chromosome	Start	End	Num_Probes	Segment_Mean
7aca4aec-6acc-45fe-803c-a856bbf523e4	1	62920	16641879	8667	0.0145
7aca4aec-6acc-45fe-803c-a856bbf523e4	1	16641978	16935752	89	-0.506
7aca4aec-6acc-45fe-803c-a856bbf523e4	1	16949746	72297687	34020	0.0143
7aca4aec-6acc-45fe-803c-a856bbf523e4	1	72302735	72345465	48	-1.5127
7aca4aec-6acc-45fe-803c-a856bbf523e4	1	72346221	74711600	1443	0
7aca4aec-6acc-45fe-803c-a856bbf523e4	1	74718734	74720685	2	-1.7854
7aca4aec-6acc-45fe-803c-a856bbf523e4	1	74721817	75585159	487	-0.0076
7aca4aec-6acc-45fe-803c-a856bbf523e4	1	75589078	75589169	2	-2.2724
7aca4aec-6acc-45fe-803c-a856bbf523e4	1	75593824	83350274	5152	0.0086
7aca4aec-6acc-45fe-803c-a856bbf523e4	1	83350794	83359907	3	-0.9623
7aca4aec-6acc-45fe-803c-a856bbf523e4	1	83362590	105476583	13867	0.0116
7aca4aec-6acc-45fe-803c-a856bbf523e4	1	105476614	105479753	16	0.6486
7aca4aec-6acc-45fe-803c-a856bbf523e4	1	105481433	109664699	2628	0.022
7aca4aec-6acc-45fe-803c-a856bbf523e4	1	109676386	109677464	2	-2.2429
7aca4aec-6acc-45fe-803c-a856bbf523e4	1	109677968	109684893	5	0.2639
7aca4aec-6acc-45fe-803c-a856bbf523e4	1	109690352	109697556	13	-0.6849
7aca4aec-6acc-45fe-803c-a856bbf523e4	1	109702376	112147589	1948	0.0074
7aca4aec-6acc-45fe-803c-a856bbf523e4	1	112147626	112163527	35	-0.3062
7aca4aec-6acc-45fe-803c-a856bbf523e4	1	112163572	172332723	21232	0.0144
7aca4aec-6acc-45fe-803c-a856bbf523e4	1	172335216	172337190	3	-1.3919
7aca4aec-6acc-45fe-803c-a856bbf523e4	1	172340530	174827128	1410	0.0287
7aca4aec-6acc-45fe-803c-a856bbf523e4	1	174827267	174832702	17	-0.8251
7aca4aec-6acc-45fe-803c-a856bbf523e4	1	174832716	196758720	14644	0.014
7aca4aec-6acc-45fe-803c-a856bbf523e4	1	196761905	196832312	55	-0.7138
7aca4aec-6acc-45fe-803c-a856bbf523e4	1	196832525	248930189	35826	0.0132
7aca4aec-6acc-45fe-803c-a856bbf523e4	2	12784	4158097	2984	-0.01
7aca4aec-6acc-45fe-803c-a856bbf523e4	2	4166274	4175922	37	-0.9129
7aca4aec-6acc-45fe-803c-a856bbf523e4	2	4175977	38145736	23889	0.0099
7aca4aec-6acc-45fe-803c-a856bbf523e4	2	38146270	38146288	2	-1.8456
7aca4aec-6acc-45fe-803c-a856bbf523e4	2	38146410	40105711	1252	0.0142
7aca4aec-6acc-45fe-803c-a856bbf523e4	2	40108270	40108319	2	-1.5518
7aca4aec-6acc-45fe-803c-a856bbf523e4	2	40108736	52514599	8970	0.0119
7aca4aec-6acc-45fe-803c-a856bbf523e4	2	52516787	52527743	8	-0.9754
7aca4aec-6acc-45fe-803c-a856bbf523e4	2	52531615	83871450	20290	0.0091
7aca4aec-6acc-45fe-803c-a856bbf523e4	2	83874451	83878835	2	-1.581
7aca4aec-6acc-45fe-803c-a856bbf523e4	2	83879510	86816672	1693	0.0258
7aca4aec-6acc-45fe-803c-a856bbf523e4	2	86817307	87263179	91	-0.1699
7aca4aec-6acc-45fe-803c-a856bbf523e4	2	87263534	87489240	40	0.0456
7aca4aec-6acc-45fe-803c-a856bbf523e4	2	87489506	87575894	17	-0.5078
7aca4aec-6acc-45fe-803c-a856bbf523e4	2	87576101	97359885	1747	-0.0079
7aca4aec-6acc-45fe-803c-a856bbf523e4	2	97524284	97545726	9	-1.3486
7aca4aec-6acc-45fe-803c-a856bbf523e4	2	97550415	106263639	5569	0.0149
7aca4aec-6acc-45fe-803c-a856bbf523e4	2	106264257	106268901	11	-1.9174
7aca4aec-6acc-45fe-803c-a856bbf523e4	2	106270799	116714158	5676	0.0152
7aca4aec-6acc-45fe-803c-a856bbf523e4	2	116714666	116718438	2	-1.3452
7aca4aec-6acc-45fe-803c-a856bbf523e4	2	116718877	116831010	56	-0.05
7aca4aec-6acc-45fe-803c-a856bbf523e4	2	116832191	116832277	2	-2.0998
7aca4aec-6acc-45fe-803c-a856bbf523e4	2	116833669	135705261	11532	-0.0004
7aca4aec-6acc-45fe-803c-a856bbf523e4	2	135707248	135707572	3	-1.2499
7aca4aec-6acc-45fe-803c-a856bbf523e4	2	135708286	146104517	6554	-0.0044
7aca4aec-6acc-45fe-803c-a856bbf523e4	2	146106836	146109366	24	-2.024
7aca4aec-6acc-45fe-803c-a856bbf523e4	2	146120238	206666573	36398	0.0147
7aca4aec-6acc-45fe-803c-a856bbf523e4	2	206670285	206676789	10	-1.1519
7aca4aec-6acc-45fe-803c-a856bbf523e4	2	206677013	207490231	553	-0.0059
7aca4aec-6acc-45fe-803c-a856bbf523e4	2	207490454	207494612	16	-0.7535
7aca4aec-6acc-45fe-803c-a856bbf523e4	2	207494752	214858582	4688	0.0091
7aca4aec-6acc-45fe-803c-a856bbf523e4	2	214865026	214866097	2	-2.0045
7aca4aec-6acc-45fe-803c-a856bbf523e4	2	214866466	242147305	17391	0.0091
7aca4aec-6acc-45fe-803c-a856bbf523e4	3	20930	2926956	2539	-0.0097
7aca4aec-6acc-45fe-803c-a856bbf523e4	3	2927375	2931355	5	-1.2005
7aca4aec-6acc-45fe-803c-a856bbf523e4	3	2933398	36581058	24205	0.0021
7aca4aec-6acc-45fe-803c-a856bbf523e4	3	36590559	36641325	49	1.0298
7aca4aec-6acc-45fe-803c-a856bbf523e4	3	36646112	47352264	6656	0.0128
7aca4aec-6acc-45fe-803c-a856bbf523e4	3	47354111	47397599	14	-0.4256
7aca4aec-6acc-45fe-803c-a856bbf523e4	3	47398864	52989195	2241	0.0128
7aca4aec-6acc-45fe-803c-a856bbf523e4	3	52994359	53005201	37	-1.5021
7aca4aec-6acc-45fe-803c-a856bbf523e4	3	53005247	53007503	9	-0.5165
7aca4aec-6acc-45fe-803c-a856bbf523e4	3	53007838	68697108	12025	0.0073
7aca4aec-6acc-45fe-803c-a856bbf523e4	3	68697133	68698262	13	-1.3453
7aca4aec-6acc-45fe-803c-a856bbf523e4	3	68699607	75478054	4911	0.0047
7aca4aec-6acc-45fe-803c-a856bbf523e4	3	75481744	75709991	55	-0.2247
7aca4aec-6acc-45fe-803c-a856bbf523e4	3	75713194	96561690	9499	0.0074
7aca4aec-6acc-45fe-803c-a856bbf523e4	3	96566239	96568968	3	-1.0257
7aca4aec-6acc-45fe-803c-a856bbf523e4	3	96569563	96585044	7	0.0809
7aca4aec-6acc-45fe-803c-a856bbf523e4	3	96588814	96607163	11	-0.9526
7aca4aec-6acc-45fe-803c-a856bbf523e4	3	96608620	99218119	1425	0.0078
7aca4aec-6acc-45fe-803c-a856bbf523e4	3	99218940	99230464	37	-0.5791
7aca4aec-6acc-45fe-803c-a856bbf523e4	3	99230470	130044016	18713	0.0076
7aca4aec-6acc-45fe-803c-a856bbf523e4	3	130044855	130075961	31	0.5701
7aca4aec-6acc-45fe-803c-a856bbf523e4	3	130079892	162790480	20277	0.0069
7aca4aec-6acc-45fe-803c-a856bbf523e4	3	162794869	162908207	70	-1.3705
7aca4aec-6acc-45fe-803c-a856bbf523e4	3	162908784	165304048	1305	0.0067
7aca4aec-6acc-45fe-803c-a856bbf523e4	3	165304486	165305126	2	-1.3385
7aca4aec-6acc-45fe-803c-a856bbf523e4	3	165312891	175362822	6349	0.0143
7aca4aec-6acc-45fe-803c-a856bbf523e4	3	175362958	175363437	4	-1.2491
7aca4aec-6acc-45fe-803c-a856bbf523e4	3	175363536	186980310	7004	0.0116
7aca4aec-6acc-45fe-803c-a856bbf523e4	3	186983049	186983135	2	-1.2866
7aca4aec-6acc-45fe-803c-a856bbf523e4	3	186991016	193416596	4697	0.0128
7aca4aec-6acc-45fe-803c-a856bbf523e4	3	193425505	193426083	7	-0.6773
7aca4aec-6acc-45fe-803c-a856bbf523e4	3	193426315	195729040	1329	0.0335
7aca4aec-6acc-45fe-803c-a856bbf523e4	3	195729053	195826388	49	0.6244
7aca4aec-6acc-45fe-803c-a856bbf523e4	3	195830590	198169247	1132	-0.0156
7aca4aec-6acc-45fe-803c-a856bbf523e4	4	68929	9455251	5155	0.0057
7aca4aec-6acc-45fe-803c-a856bbf523e4	4	9459504	9477699	6	-1.1158
7aca4aec-6acc-45fe-803c-a856bbf523e4	4	9484440	10208766	540	-0.0048
7aca4aec-6acc-45fe-803c-a856bbf523e4	4	10212536	10229874	29	-2.5958
7aca4aec-6acc-45fe-803c-a856bbf523e4	4	10232590	10233644	7	-0.9135
7aca4aec-6acc-45fe-803c-a856bbf523e4	4	10234518	10389091	171	0.0088
7aca4aec-6acc-45fe-803c-a856bbf523e4	4	10390730	10399044	16	0.5381
7aca4aec-6acc-45fe-803c-a856bbf523e4	4	10401094	14602862	3364	0.0158
7aca4aec-6acc-45fe-803c-a856bbf523e4	4	14605334	14606377	4	-0.7731
7aca4aec-6acc-45fe-803c-a856bbf523e4	4	14607152	26287196	8174	0.0112
7aca4aec-6acc-45fe-803c-a856bbf523e4	4	26290363	26293154	3	-1.0158
7aca4aec-6acc-45fe-803c-a856bbf523e4	4	26293552	34777382	5239	0.0024
7aca4aec-6acc-45fe-803c-a856bbf523e4	4	34777403	34800585	21	-0.7545
7aca4aec-6acc-45fe-803c-a856bbf523e4	4	34801128	34812623	9	-0.2218
7aca4aec-6acc-45fe-803c-a856bbf523e4	4	34812653	34823103	11	-0.7799
7aca4aec-6acc-45fe-803c-a856bbf523e4	4	34828250	63831751	16559	0.0072
7aca4aec-6acc-45fe-803c-a856bbf523e4	4	63831799	63842540	27	-0.4271
7aca4aec-6acc-45fe-803c-a856bbf523e4	4	63850713	68509237	2876	-0.0083
7aca4aec-6acc-45fe-803c-a856bbf523e4	4	68509442	68639397	65	0.7075
7aca4aec-6acc-45fe-803c-a856bbf523e4	4	68640616	151260315	49476	0.0117
7aca4aec-6acc-45fe-803c-a856bbf523e4	4	151265210	151268380	5	-1.0866
7aca4aec-6acc-45fe-803c-a856bbf523e4	4	151271656	154881396	2279	0.0187
7aca4aec-6acc-45fe-803c-a856bbf523e4	4	154881853	154881926	3	1.1427
7aca4aec-6acc-45fe-803c-a856bbf523e4	4	154882047	156047028	842	0.0108
7aca4aec-6acc-45fe-803c-a856bbf523e4	4	156047131	156047146	2	-1.767
7aca4aec-6acc-45fe-803c-a856bbf523e4	4	156047321	162338653	3998	0.0076
7aca4aec-6acc-45fe-803c-a856bbf523e4	4	162342606	162346630	6	-0.9455
7aca4aec-6acc-45fe-803c-a856bbf523e4	4	162347904	171448195	5756	0.0071
7aca4aec-6acc-45fe-803c-a856bbf523e4	4	171453733	171456559	10	1.9813
7aca4aec-6acc-45fe-803c-a856bbf523e4	4	171456573	190106768	12486	0.0012
7aca4aec-6acc-45fe-803c-a856bbf523e4	5	15532	698390	309	0.0699
7aca4aec-6acc-45fe-803c-a856bbf523e4	5	717264	773075	22	-0.3779
7aca4aec-6acc-45fe-803c-a856bbf523e4	5	773432	8390255	6339	0.0259
7aca4aec-6acc-45fe-803c-a856bbf523e4	5	8396348	8396772	3	-1.1131
7aca4aec-6acc-45fe-803c-a856bbf523e4	5	8398273	12815668	3522	0.0407
7aca4aec-6acc-45fe-803c-a856bbf523e4	5	12815753	12838421	13	0.6897
7aca4aec-6acc-45fe-803c-a856bbf523e4	5	12849089	16125019	2224	0.0524
7aca4aec-6acc-45fe-803c-a856bbf523e4	5	16125067	16125105	2	-1.3621
7aca4aec-6acc-45fe-803c-a856bbf523e4	5	16127435	21376735	3237	0.0303
7aca4aec-6acc-45fe-803c-a856bbf523e4	5	21377730	21377744	2	-1.8308
7aca4aec-6acc-45fe-803c-a856bbf523e4	5	21385957	21449167	44	-0.0511
7aca4aec-6acc-45fe-803c-a856bbf523e4	5	21451091	21452329	5	-2.6127
7aca4aec-6acc-45fe-803c-a856bbf523e4	5	21452387	46271006	14961	0.0357
7aca4aec-6acc-45fe-803c-a856bbf523e4	5	46271828	46273400	6	-2.4464
7aca4aec-6acc-45fe-803c-a856bbf523e4	5	46278110	58030336	5074	0.0458
7aca4aec-6acc-45fe-803c-a856bbf523e4	5	58030453	58034306	10	-0.6979
7aca4aec-6acc-45fe-803c-a856bbf523e4	5	58034492	58036464	10	0.0634
7aca4aec-6acc-45fe-803c-a856bbf523e4	5	58036504	58037706	10	-0.7175
7aca4aec-6acc-45fe-803c-a856bbf523e4	5	58042530	62277185	2834	0.0529
7aca4aec-6acc-45fe-803c-a856bbf523e4	5	62277545	62280446	4	-1.0689
7aca4aec-6acc-45fe-803c-a856bbf523e4	5	62286365	70959079	4477	0.0514
7aca4aec-6acc-45fe-803c-a856bbf523e4	5	71010832	71011717	5	-0.9746
7aca4aec-6acc-45fe-803c-a856bbf523e4	5	71053366	82122944	6884	0.0602
7aca4aec-6acc-45fe-803c-a856bbf523e4	5	82123459	82131663	3	-2.9822
7aca4aec-6acc-45fe-803c-a856bbf523e4	5	82132219	105097721	13080	0.0414
7aca4aec-6acc-45fe-803c-a856bbf523e4	5	105097893	105167266	45	-1.0895
7aca4aec-6acc-45fe-803c-a856bbf523e4	5	105168236	106891826	916	0.03
7aca4aec-6acc-45fe-803c-a856bbf523e4	5	106893972	106897416	20	-1.0923
7aca4aec-6acc-45fe-803c-a856bbf523e4	5	106904875	180951710	48631	0.0431
7aca4aec-6acc-45fe-803c-a856bbf523e4	5	180951888	181015920	23	0.5725
7aca4aec-6acc-45fe-803c-a856bbf523e4	5	181018221	181363319	165	0.0369
7aca4aec-6acc-45fe-803c-a856bbf523e4	6	149661	252049	95	-0.0023
7aca4aec-6acc-45fe-803c-a856bbf523e4	6	252145	375277	101	0.2339
7aca4aec-6acc-45fe-803c-a856bbf523e4	6	375759	1826991	1282	0.0271
7aca4aec-6acc-45fe-803c-a856bbf523e4	6	1832702	1836916	4	-1.3406
7aca4aec-6acc-45fe-803c-a856bbf523e4	6	1839070	29882603	20193	0.0115
7aca4aec-6acc-45fe-803c-a856bbf523e4	6	29903859	29933799	15	-0.6755
7aca4aec-6acc-45fe-803c-a856bbf523e4	6	29940692	32593518	1181	0.0479
7aca4aec-6acc-45fe-803c-a856bbf523e4	6	32602269	32605994	3	1.2879
7aca4aec-6acc-45fe-803c-a856bbf523e4	6	32606237	32614112	10	-0.0422
7aca4aec-6acc-45fe-803c-a856bbf523e4	6	32614426	32634330	9	-1.1514
7aca4aec-6acc-45fe-803c-a856bbf523e4	6	32634492	33970222	811	0.0064
7aca4aec-6acc-45fe-803c-a856bbf523e4	6	33970966	33974928	7	-1.2018
7aca4aec-6acc-45fe-803c-a856bbf523e4	6	33976809	37246546	1880	0.0141
7aca4aec-6acc-45fe-803c-a856bbf523e4	6	37251230	37251850	2	1.3448
7aca4aec-6acc-45fe-803c-a856bbf523e4	6	37251868	48963228	7703	0.0145
7aca4aec-6acc-45fe-803c-a856bbf523e4	6	48964092	48967563	5	-0.8454
7aca4aec-6acc-45fe-803c-a856bbf523e4	6	48978926	54066621	3311	0.0072
7aca4aec-6acc-45fe-803c-a856bbf523e4	6	54067005	54067057	2	-1.9454
7aca4aec-6acc-45fe-803c-a856bbf523e4	6	54070550	78263059	13184	-0.0031
7aca4aec-6acc-45fe-803c-a856bbf523e4	6	78263079	78329517	100	0.2366
7aca4aec-6acc-45fe-803c-a856bbf523e4	6	78331916	94211367	10175	0.0043
7aca4aec-6acc-45fe-803c-a856bbf523e4	6	94212287	94212394	3	-1.1104
7aca4aec-6acc-45fe-803c-a856bbf523e4	6	94213119	103286954	5300	0.0025
7aca4aec-6acc-45fe-803c-a856bbf523e4	6	103290101	103314186	46	-1.5911
7aca4aec-6acc-45fe-803c-a856bbf523e4	6	103317795	170741917	44175	0.0077
7aca4aec-6acc-45fe-803c-a856bbf523e4	7	43355	68659	31	0.6561
7aca4aec-6acc-45fe-803c-a856bbf523e4	7	79263	15392007	10353	0.0159
7aca4aec-6acc-45fe-803c-a856bbf523e4	7	15392045	15393664	2	-2.1449
7aca4aec-6acc-45fe-803c-a856bbf523e4	7	15394440	18974579	2857	0.0335
7aca4aec-6acc-45fe-803c-a856bbf523e4	7	18974958	19749760	796	-0.0389
7aca4aec-6acc-45fe-803c-a856bbf523e4	7	19750657	26092670	4789	0.0174
7aca4aec-6acc-45fe-803c-a856bbf523e4	7	26102772	26105793	4	-0.8817
7aca4aec-6acc-45fe-803c-a856bbf523e4	7	26107599	29244525	2233	0.0209
7aca4aec-6acc-45fe-803c-a856bbf523e4	7	29247328	29266157	23	0.5667
7aca4aec-6acc-45fe-803c-a856bbf523e4	7	29266486	38352435	6407	0.0156
7aca4aec-6acc-45fe-803c-a856bbf523e4	7	38356373	38356875	2	-1.9449
7aca4aec-6acc-45fe-803c-a856bbf523e4	7	38361356	56740039	12574	0.0106
7aca4aec-6acc-45fe-803c-a856bbf523e4	7	56740072	70030672	3963	-0.0261
7aca4aec-6acc-45fe-803c-a856bbf523e4	7	70034266	96429459	15420	0.0107
7aca4aec-6acc-45fe-803c-a856bbf523e4	7	96439159	96443262	5	-1.182
7aca4aec-6acc-45fe-803c-a856bbf523e4	7	96444810	100727566	2153	0.0139
7aca4aec-6acc-45fe-803c-a856bbf523e4	7	100731621	100731642	2	-2.4876
7aca4aec-6acc-45fe-803c-a856bbf523e4	7	100735219	109789870	5314	0.0121
7aca4aec-6acc-45fe-803c-a856bbf523e4	7	109789993	109797044	13	-0.4917
7aca4aec-6acc-45fe-803c-a856bbf523e4	7	109797612	127250848	10675	0.0144
7aca4aec-6acc-45fe-803c-a856bbf523e4	7	127258569	127273060	12	-1.0127
7aca4aec-6acc-45fe-803c-a856bbf523e4	7	127274647	134100424	4084	0.011
7aca4aec-6acc-45fe-803c-a856bbf523e4	7	134100442	134110881	25	-2.2179
7aca4aec-6acc-45fe-803c-a856bbf523e4	7	134110912	143733483	6153	0.0163
7aca4aec-6acc-45fe-803c-a856bbf523e4	7	143733941	143850179	16	0.5263
7aca4aec-6acc-45fe-803c-a856bbf523e4	7	143875073	144199159	268	0.0264
7aca4aec-6acc-45fe-803c-a856bbf523e4	7	144207186	144352208	15	-1.0631
7aca4aec-6acc-45fe-803c-a856bbf523e4	7	144377836	154221793	6074	0.0031
7aca4aec-6acc-45fe-803c-a856bbf523e4	7	154223036	154223216	3	-1.5468
7aca4aec-6acc-45fe-803c-a856bbf523e4	7	154225769	156599096	1945	0.0233
7aca4aec-6acc-45fe-803c-a856bbf523e4	7	156600474	156601485	3	-1.1196
7aca4aec-6acc-45fe-803c-a856bbf523e4	7	156602214	159334314	1624	0.0196
7aca4aec-6acc-45fe-803c-a856bbf523e4	8	81254	7185818	7725	0.0429
7aca4aec-6acc-45fe-803c-a856bbf523e4	8	7296545	7397588	26	-0.4818
7aca4aec-6acc-45fe-803c-a856bbf523e4	8	7414835	7886542	20	0.3566
7aca4aec-6acc-45fe-803c-a856bbf523e4	8	7888457	7941868	8	1.3279
7aca4aec-6acc-45fe-803c-a856bbf523e4	8	7974123	8120447	11	-0.4659
7aca4aec-6acc-45fe-803c-a856bbf523e4	8	8120649	12374772	3239	0.0642
7aca4aec-6acc-45fe-803c-a856bbf523e4	8	12374907	12376708	4	-1.286
7aca4aec-6acc-45fe-803c-a856bbf523e4	8	12376742	12585546	40	0.0265
7aca4aec-6acc-45fe-803c-a856bbf523e4	8	12616034	12649562	10	-0.7686
7aca4aec-6acc-45fe-803c-a856bbf523e4	8	12670919	13745967	1035	0.0582
7aca4aec-6acc-45fe-803c-a856bbf523e4	8	13752159	13752181	2	-1.6279
7aca4aec-6acc-45fe-803c-a856bbf523e4	8	13752255	36211336	16690	0.0535
7aca4aec-6acc-45fe-803c-a856bbf523e4	8	36215045	36219621	5	-1.0196
7aca4aec-6acc-45fe-803c-a856bbf523e4	8	36220823	39393968	1706	0.0706
7aca4aec-6acc-45fe-803c-a856bbf523e4	8	39398542	39495103	34	-0.1761
7aca4aec-6acc-45fe-803c-a856bbf523e4	8	39495168	39498870	2	-2.0942
7aca4aec-6acc-45fe-803c-a856bbf523e4	8	39499202	39531605	22	-0.2907
7aca4aec-6acc-45fe-803c-a856bbf523e4	8	39537590	111273427	41994	0.0492
7aca4aec-6acc-45fe-803c-a856bbf523e4	8	111276327	111282441	8	-0.4652
7aca4aec-6acc-45fe-803c-a856bbf523e4	8	111282809	111283016	4	-1.7961
7aca4aec-6acc-45fe-803c-a856bbf523e4	8	111283031	145072769	22918	0.0514
7aca4aec-6acc-45fe-803c-a856bbf523e4	9	46587	6695986	6376	0.0111
7aca4aec-6acc-45fe-803c-a856bbf523e4	9	6701145	6708357	7	-0.895
7aca4aec-6acc-45fe-803c-a856bbf523e4	9	6712314	14589944	6995	0.0174
7aca4aec-6acc-45fe-803c-a856bbf523e4	9	14592323	14594989	6	-1.1804
7aca4aec-6acc-45fe-803c-a856bbf523e4	9	14596265	17550796	2411	0.0068
7aca4aec-6acc-45fe-803c-a856bbf523e4	9	17552211	17572368	20	-1.1887
7aca4aec-6acc-45fe-803c-a856bbf523e4	9	17573563	38989381	15308	0.014
7aca4aec-6acc-45fe-803c-a856bbf523e4	9	38996106	38996751	3	-2.0029
7aca4aec-6acc-45fe-803c-a856bbf523e4	9	39011605	67759000	447	-0.1284
7aca4aec-6acc-45fe-803c-a856bbf523e4	9	67770392	77154478	6515	0.0221
7aca4aec-6acc-45fe-803c-a856bbf523e4	9	77155482	77162488	29	1.2389
7aca4aec-6acc-45fe-803c-a856bbf523e4	9	77171212	103804216	18274	0.0084
7aca4aec-6acc-45fe-803c-a856bbf523e4	9	103806415	103807009	2	-3.2442
7aca4aec-6acc-45fe-803c-a856bbf523e4	9	103808421	110262162	5100	0.0252
7aca4aec-6acc-45fe-803c-a856bbf523e4	9	110262509	110265889	2	-2.9286
7aca4aec-6acc-45fe-803c-a856bbf523e4	9	110270151	117496799	5535	0.0132
7aca4aec-6acc-45fe-803c-a856bbf523e4	9	117497843	117498842	4	-1.0279
7aca4aec-6acc-45fe-803c-a856bbf523e4	9	117501436	138130866	12458	0.0164
7aca4aec-6acc-45fe-803c-a856bbf523e4	9	138130876	138133487	3	-5.9653
7aca4aec-6acc-45fe-803c-a856bbf523e4	9	138137547	138200944	13	-0.39
7aca4aec-6acc-45fe-803c-a856bbf523e4	10	45792	24088746	19203	0.0084
7aca4aec-6acc-45fe-803c-a856bbf523e4	10	24088747	24089125	9	-2.3967
7aca4aec-6acc-45fe-803c-a856bbf523e4	10	24089979	45798061	12227	0.007
7aca4aec-6acc-45fe-803c-a856bbf523e4	10	45798171	45936113	3	-1.373
7aca4aec-6acc-45fe-803c-a856bbf523e4	10	45998155	48523157	851	0.0042
7aca4aec-6acc-45fe-803c-a856bbf523e4	10	48524930	48524943	2	-2.7419
7aca4aec-6acc-45fe-803c-a856bbf523e4	10	48525216	79488828	21375	0.0117
7aca4aec-6acc-45fe-803c-a856bbf523e4	10	79491575	79747269	23	-0.3453
7aca4aec-6acc-45fe-803c-a856bbf523e4	10	79754419	81118403	870	0.03
7aca4aec-6acc-45fe-803c-a856bbf523e4	10	81121574	81130027	10	-1.039
7aca4aec-6acc-45fe-803c-a856bbf523e4	10	81134713	122818080	28362	0.0134
7aca4aec-6acc-45fe-803c-a856bbf523e4	10	122818241	122818365	2	-2.4356
7aca4aec-6acc-45fe-803c-a856bbf523e4	10	122819819	133654968	7734	0.0025
7aca4aec-6acc-45fe-803c-a856bbf523e4	11	198510	1623210	483	0.0074
7aca4aec-6acc-45fe-803c-a856bbf523e4	11	1623675	1635897	14	-0.4809
7aca4aec-6acc-45fe-803c-a856bbf523e4	11	1638078	3503582	808	0.0261
7aca4aec-6acc-45fe-803c-a856bbf523e4	11	3506921	3508708	2	-1.1693
7aca4aec-6acc-45fe-803c-a856bbf523e4	11	3509441	4940341	1088	0.0019
7aca4aec-6acc-45fe-803c-a856bbf523e4	11	4940578	4942489	14	0.4323
7aca4aec-6acc-45fe-803c-a856bbf523e4	11	4942873	4946420	9	-0.0607
7aca4aec-6acc-45fe-803c-a856bbf523e4	11	4947280	4955042	30	0.8129
7aca4aec-6acc-45fe-803c-a856bbf523e4	11	4955781	5500945	539	0.0218
7aca4aec-6acc-45fe-803c-a856bbf523e4	11	5500967	5501334	4	-2.2129
7aca4aec-6acc-45fe-803c-a856bbf523e4	11	5502363	5769733	248	-0.0195
7aca4aec-6acc-45fe-803c-a856bbf523e4	11	5772211	5788108	25	0.3764
7aca4aec-6acc-45fe-803c-a856bbf523e4	11	5788231	18927562	9409	0.0164
7aca4aec-6acc-45fe-803c-a856bbf523e4	11	18927778	18939631	33	-0.3272
7aca4aec-6acc-45fe-803c-a856bbf523e4	11	18939734	20747555	1622	0.0019
7aca4aec-6acc-45fe-803c-a856bbf523e4	11	20748251	20748441	2	-1.1811
7aca4aec-6acc-45fe-803c-a856bbf523e4	11	20751776	31371747	7469	0.0035
7aca4aec-6acc-45fe-803c-a856bbf523e4	11	31372721	31375533	2	-3.3845
7aca4aec-6acc-45fe-803c-a856bbf523e4	11	31376660	41852147	7436	0.0118
7aca4aec-6acc-45fe-803c-a856bbf523e4	11	41855507	41872348	18	-0.6472
7aca4aec-6acc-45fe-803c-a856bbf523e4	11	41876307	55609035	5232	0.0063
7aca4aec-6acc-45fe-803c-a856bbf523e4	11	55609158	55685533	49	0.392
7aca4aec-6acc-45fe-803c-a856bbf523e4	11	55686100	81787763	14572	0.0106
7aca4aec-6acc-45fe-803c-a856bbf523e4	11	81792426	81806116	11	-0.8308
7aca4aec-6acc-45fe-803c-a856bbf523e4	11	81811590	89796439	5278	0.0125
7aca4aec-6acc-45fe-803c-a856bbf523e4	11	89802300	89966336	14	0.4596
7aca4aec-6acc-45fe-803c-a856bbf523e4	11	90043678	107910653	12880	0.0058
7aca4aec-6acc-45fe-803c-a856bbf523e4	11	107913781	107914372	2	-3.8292
7aca4aec-6acc-45fe-803c-a856bbf523e4	11	107916987	125205405	11972	0.0127
7aca4aec-6acc-45fe-803c-a856bbf523e4	11	125205425	125213808	29	-1.1076
7aca4aec-6acc-45fe-803c-a856bbf523e4	11	125218374	134731897	7261	0.0076
7aca4aec-6acc-45fe-803c-a856bbf523e4	11	134732386	134734098	3	-1.1415
7aca4aec-6acc-45fe-803c-a856bbf523e4	11	134737977	135074876	281	-0.019
7aca4aec-6acc-45fe-803c-a856bbf523e4	12	51460	759943	418	0.0903
7aca4aec-6acc-45fe-803c-a856bbf523e4	12	760032	767080	19	-0.7026
7aca4aec-6acc-45fe-803c-a856bbf523e4	12	767122	9481274	5738	0.0501
7aca4aec-6acc-45fe-803c-a856bbf523e4	12	9485313	9575696	23	-1.8312
7aca4aec-6acc-45fe-803c-a856bbf523e4	12	9582373	33141726	16585	0.0622
7aca4aec-6acc-45fe-803c-a856bbf523e4	12	33148472	33154440	27	-0.6711
7aca4aec-6acc-45fe-803c-a856bbf523e4	12	33155426	34530413	751	0.0291
7aca4aec-6acc-45fe-803c-a856bbf523e4	12	34544311	34544372	3	-1.009
7aca4aec-6acc-45fe-803c-a856bbf523e4	12	34544468	45506042	4833	0.0399
7aca4aec-6acc-45fe-803c-a856bbf523e4	12	45510655	45515754	4	-1.4338
7aca4aec-6acc-45fe-803c-a856bbf523e4	12	45519509	81621987	22296	0.0572
7aca4aec-6acc-45fe-803c-a856bbf523e4	12	81622573	81622763	2	-2.2146
7aca4aec-6acc-45fe-803c-a856bbf523e4	12	81632569	90089573	4937	0.0606
7aca4aec-6acc-45fe-803c-a856bbf523e4	12	90097892	90098297	7	-1.0227
7aca4aec-6acc-45fe-803c-a856bbf523e4	12	90099780	90836647	472	0.0604
7aca4aec-6acc-45fe-803c-a856bbf523e4	12	90836693	90836724	2	-1.06
7aca4aec-6acc-45fe-803c-a856bbf523e4	12	90836830	93205173	1603	0.0568
7aca4aec-6acc-45fe-803c-a856bbf523e4	12	93209905	93210608	2	-1.0983
7aca4aec-6acc-45fe-803c-a856bbf523e4	12	93214468	99417270	4412	0.0567
7aca4aec-6acc-45fe-803c-a856bbf523e4	12	99417280	99417781	2	-1.2338
7aca4aec-6acc-45fe-803c-a856bbf523e4	12	99422664	101207717	1082	0.0564
7aca4aec-6acc-45fe-803c-a856bbf523e4	12	101210471	101210601	2	-1.0562
7aca4aec-6acc-45fe-803c-a856bbf523e4	12	101215369	104300975	2010	0.06
7aca4aec-6acc-45fe-803c-a856bbf523e4	12	104303324	104303536	2	-1.3427
7aca4aec-6acc-45fe-803c-a856bbf523e4	12	104304425	111684066	4765	0.0486
7aca4aec-6acc-45fe-803c-a856bbf523e4	12	111685480	111685760	2	-1.8628
7aca4aec-6acc-45fe-803c-a856bbf523e4	12	111687600	131634088	14262	0.0459
7aca4aec-6acc-45fe-803c-a856bbf523e4	12	131635702	131675211	26	0.4754
7aca4aec-6acc-45fe-803c-a856bbf523e4	12	131676123	133201603	548	0.0332
7aca4aec-6acc-45fe-803c-a856bbf523e4	13	18452809	23055048	2854	0.0387
7aca4aec-6acc-45fe-803c-a856bbf523e4	13	23055071	23059376	13	-2.3319
7aca4aec-6acc-45fe-803c-a856bbf523e4	13	23064056	24456976	1127	0.067
7aca4aec-6acc-45fe-803c-a856bbf523e4	13	24461469	24465540	5	0.7721
7aca4aec-6acc-45fe-803c-a856bbf523e4	13	24465893	37496998	9483	0.0508
7aca4aec-6acc-45fe-803c-a856bbf523e4	13	37497899	37510620	16	0.9385
7aca4aec-6acc-45fe-803c-a856bbf523e4	13	37514193	71902850	21550	0.0456
7aca4aec-6acc-45fe-803c-a856bbf523e4	13	71903417	71906467	5	1.3091
7aca4aec-6acc-45fe-803c-a856bbf523e4	13	71912345	74327218	1824	0.0702
7aca4aec-6acc-45fe-803c-a856bbf523e4	13	74327420	105286240	20819	0.0416
7aca4aec-6acc-45fe-803c-a856bbf523e4	13	105287980	106730287	1181	0.0886
7aca4aec-6acc-45fe-803c-a856bbf523e4	13	106731890	106732362	2	1.234
7aca4aec-6acc-45fe-803c-a856bbf523e4	13	106732887	107245262	369	0.042
7aca4aec-6acc-45fe-803c-a856bbf523e4	13	107248689	107249633	2	-2.9403
7aca4aec-6acc-45fe-803c-a856bbf523e4	13	107249799	114342922	4902	0.0512
7aca4aec-6acc-45fe-803c-a856bbf523e4	14	18239283	19289821	45	-0.1078
7aca4aec-6acc-45fe-803c-a856bbf523e4	14	19294457	19294475	2	1.851
7aca4aec-6acc-45fe-803c-a856bbf523e4	14	19298389	19901732	90	0.2258
7aca4aec-6acc-45fe-803c-a856bbf523e4	14	19905941	22077526	1496	0.0226
7aca4aec-6acc-45fe-803c-a856bbf523e4	14	22078084	22508264	395	0.1505
7aca4aec-6acc-45fe-803c-a856bbf523e4	14	22508844	41139155	11736	0.0121
7aca4aec-6acc-45fe-803c-a856bbf523e4	14	41141293	41188046	14	-0.6386
7aca4aec-6acc-45fe-803c-a856bbf523e4	14	41188146	105688531	41141	0.0091
7aca4aec-6acc-45fe-803c-a856bbf523e4	14	105691429	105701150	3	1.3053
7aca4aec-6acc-45fe-803c-a856bbf523e4	14	105728140	106423925	249	-0.0451
7aca4aec-6acc-45fe-803c-a856bbf523e4	14	106425447	106462183	47	-0.7403
7aca4aec-6acc-45fe-803c-a856bbf523e4	14	106462724	106877229	195	-0.0447
7aca4aec-6acc-45fe-803c-a856bbf523e4	15	19811075	20647785	140	0.0018
7aca4aec-6acc-45fe-803c-a856bbf523e4	15	20649185	22294951	62	-0.3367
7aca4aec-6acc-45fe-803c-a856bbf523e4	15	22296480	76598900	33718	0.0144
7aca4aec-6acc-45fe-803c-a856bbf523e4	15	76599170	76599700	8	1.389
7aca4aec-6acc-45fe-803c-a856bbf523e4	15	76599852	76603434	13	0.7101
7aca4aec-6acc-45fe-803c-a856bbf523e4	15	76609838	101928837	17608	0.016
7aca4aec-6acc-45fe-803c-a856bbf523e4	16	10777	6603812	3880	0.0075
7aca4aec-6acc-45fe-803c-a856bbf523e4	16	6603898	6814348	291	-0.6975
7aca4aec-6acc-45fe-803c-a856bbf523e4	16	6814818	35237149	16002	0.008
7aca4aec-6acc-45fe-803c-a856bbf523e4	16	35237450	35522700	162	0.4805
7aca4aec-6acc-45fe-803c-a856bbf523e4	16	35526596	55761136	6598	0.0072
7aca4aec-6acc-45fe-803c-a856bbf523e4	16	55762477	55788485	21	-2.4946
7aca4aec-6acc-45fe-803c-a856bbf523e4	16	55788532	55808544	4	-0.1374
7aca4aec-6acc-45fe-803c-a856bbf523e4	16	55808603	55822948	9	0.8394
7aca4aec-6acc-45fe-803c-a856bbf523e4	16	55824881	78337711	14266	0.0062
7aca4aec-6acc-45fe-803c-a856bbf523e4	16	78338543	78349243	14	-2.7263
7aca4aec-6acc-45fe-803c-a856bbf523e4	16	78350841	85893473	7799	0.0102
7aca4aec-6acc-45fe-803c-a856bbf523e4	16	85898526	85899432	2	-2.7142
7aca4aec-6acc-45fe-803c-a856bbf523e4	16	85902191	90096867	2812	0.0228
7aca4aec-6acc-45fe-803c-a856bbf523e4	17	150733	9719227	5452	0.016
7aca4aec-6acc-45fe-803c-a856bbf523e4	17	9721475	9722438	2	-1.5226
7aca4aec-6acc-45fe-803c-a856bbf523e4	17	9725257	16819487	5032	0.0037
7aca4aec-6acc-45fe-803c-a856bbf523e4	17	16834846	16838214	3	1.1039
7aca4aec-6acc-45fe-803c-a856bbf523e4	17	16838470	32059530	4764	0.0131
7aca4aec-6acc-45fe-803c-a856bbf523e4	17	32068619	32071714	3	-1.126
7aca4aec-6acc-45fe-803c-a856bbf523e4	17	32073864	36109315	3001	0.0195
7aca4aec-6acc-45fe-803c-a856bbf523e4	17	36109735	36200725	36	1.1544
7aca4aec-6acc-45fe-803c-a856bbf523e4	17	36208249	46092761	5055	0.015
7aca4aec-6acc-45fe-803c-a856bbf523e4	17	46099618	46351954	119	-0.1751
7aca4aec-6acc-45fe-803c-a856bbf523e4	17	46446345	46446360	2	1.6905
7aca4aec-6acc-45fe-803c-a856bbf523e4	17	46569894	52674853	3425	0.0126
7aca4aec-6acc-45fe-803c-a856bbf523e4	17	52682193	52682208	2	-1.2902
7aca4aec-6acc-45fe-803c-a856bbf523e4	17	52682659	57610128	3572	0.0146
7aca4aec-6acc-45fe-803c-a856bbf523e4	17	57610972	57611632	2	-2.5035
7aca4aec-6acc-45fe-803c-a856bbf523e4	17	57614632	79119130	12733	0.0177
7aca4aec-6acc-45fe-803c-a856bbf523e4	17	79119305	79119655	3	-1.1648
7aca4aec-6acc-45fe-803c-a856bbf523e4	17	79121499	83091923	1828	0.0137
7aca4aec-6acc-45fe-803c-a856bbf523e4	18	48133	21157665	10481	0.0121
7aca4aec-6acc-45fe-803c-a856bbf523e4	18	21157703	21158200	2	-1.5323
7aca4aec-6acc-45fe-803c-a856bbf523e4	18	21161899	28613572	4582	0.0078
7aca4aec-6acc-45fe-803c-a856bbf523e4	18	28615803	28616166	4	-0.9462
7aca4aec-6acc-45fe-803c-a856bbf523e4	18	28616668	29538916	538	-0.0076
7aca4aec-6acc-45fe-803c-a856bbf523e4	18	29540379	29547746	2	-1.2782
7aca4aec-6acc-45fe-803c-a856bbf523e4	18	29548115	53677765	16098	0.0137
7aca4aec-6acc-45fe-803c-a856bbf523e4	18	53680839	53683207	4	-1.4223
7aca4aec-6acc-45fe-803c-a856bbf523e4	18	53684270	63211396	6520	0.0142
7aca4aec-6acc-45fe-803c-a856bbf523e4	18	63212453	63212566	3	-1.072
7aca4aec-6acc-45fe-803c-a856bbf523e4	18	63213063	66060309	2057	0.0118
7aca4aec-6acc-45fe-803c-a856bbf523e4	18	66060363	66060903	9	-2.0615
7aca4aec-6acc-45fe-803c-a856bbf523e4	18	66061104	66239629	149	0.004
7aca4aec-6acc-45fe-803c-a856bbf523e4	18	66240197	66244352	10	-1.0135
7aca4aec-6acc-45fe-803c-a856bbf523e4	18	66244639	80257174	10273	0.0081
7aca4aec-6acc-45fe-803c-a856bbf523e4	19	90910	21632117	9605	0.0052
7aca4aec-6acc-45fe-803c-a856bbf523e4	19	21632838	21639520	6	-1.0119
7aca4aec-6acc-45fe-803c-a856bbf523e4	19	21642962	35358420	7085	-0.0042
7aca4aec-6acc-45fe-803c-a856bbf523e4	19	35364451	35370946	21	-0.6893
7aca4aec-6acc-45fe-803c-a856bbf523e4	19	35375842	42184857	3441	0.0065
7aca4aec-6acc-45fe-803c-a856bbf523e4	19	42191863	42192546	2	-1.6314
7aca4aec-6acc-45fe-803c-a856bbf523e4	19	42196376	50185560	3768	0.0118
7aca4aec-6acc-45fe-803c-a856bbf523e4	19	50186386	50195360	2	-1.5003
7aca4aec-6acc-45fe-803c-a856bbf523e4	19	50195608	54828278	2873	-0.0084
7aca4aec-6acc-45fe-803c-a856bbf523e4	19	54835675	54837236	6	-0.8803
7aca4aec-6acc-45fe-803c-a856bbf523e4	19	54852069	58586487	2285	0.0019
7aca4aec-6acc-45fe-803c-a856bbf523e4	20	80664	891823	634	0.0247
7aca4aec-6acc-45fe-803c-a856bbf523e4	20	891866	902513	5	-0.6844
7aca4aec-6acc-45fe-803c-a856bbf523e4	20	903001	1580353	565	0.0232
7aca4aec-6acc-45fe-803c-a856bbf523e4	20	1580934	1613247	41	1.6731
7aca4aec-6acc-45fe-803c-a856bbf523e4	20	1617300	60535987	38945	0.0149
7aca4aec-6acc-45fe-803c-a856bbf523e4	20	60538651	60547635	7	-0.9834
7aca4aec-6acc-45fe-803c-a856bbf523e4	20	60553323	64284715	2183	-0.0072
7aca4aec-6acc-45fe-803c-a856bbf523e4	20	64323342	64324800	5	-0.7844
7aca4aec-6acc-45fe-803c-a856bbf523e4	21	10354168	13583316	269	-0.0184
7aca4aec-6acc-45fe-803c-a856bbf523e4	21	13612103	13677975	4	1.2683
7aca4aec-6acc-45fe-803c-a856bbf523e4	21	13803967	22278814	6026	0.0105
7aca4aec-6acc-45fe-803c-a856bbf523e4	21	22283580	22292338	9	-1.1605
7aca4aec-6acc-45fe-803c-a856bbf523e4	21	22294679	25595052	2516	-0.0069
7aca4aec-6acc-45fe-803c-a856bbf523e4	21	25595851	25596761	3	-0.9381
7aca4aec-6acc-45fe-803c-a856bbf523e4	21	25597391	34269568	6259	0.0049
7aca4aec-6acc-45fe-803c-a856bbf523e4	21	34271717	34271738	2	-1.1135
7aca4aec-6acc-45fe-803c-a856bbf523e4	21	34274804	36557014	1629	0.0304
7aca4aec-6acc-45fe-803c-a856bbf523e4	21	36557831	36558060	2	-1.522
7aca4aec-6acc-45fe-803c-a856bbf523e4	21	36560880	46677045	7142	0.0193
7aca4aec-6acc-45fe-803c-a856bbf523e4	22	15294547	24685371	4751	0.0035
7aca4aec-6acc-45fe-803c-a856bbf523e4	22	24686148	24686567	3	-2.4127
7aca4aec-6acc-45fe-803c-a856bbf523e4	22	24691707	34719922	7776	-0.0028
7aca4aec-6acc-45fe-803c-a856bbf523e4	22	34723978	40749600	3583	0.0313
7aca4aec-6acc-45fe-803c-a856bbf523e4	22	40751321	40758867	6	-0.6874
7aca4aec-6acc-45fe-803c-a856bbf523e4	22	40770888	47023620	4209	0.0203
7aca4aec-6acc-45fe-803c-a856bbf523e4	22	47023922	50796027	2943	0.0023
7aca4aec-6acc-45fe-803c-a856bbf523e4	X	251810	32969337	20483	0.0199
7aca4aec-6acc-45fe-803c-a856bbf523e4	X	32969498	32970141	2	-3.208
7aca4aec-6acc-45fe-803c-a856bbf523e4	X	32971922	104003417	33296	0.0198
7aca4aec-6acc-45fe-803c-a856bbf523e4	X	104004609	104084316	59	0.5381
7aca4aec-6acc-45fe-803c-a856bbf523e4	X	104084336	151124426	27451	0.0162
7aca4aec-6acc-45fe-803c-a856bbf523e4	X	151125462	151126987	2	-2.1299
7aca4aec-6acc-45fe-803c-a856bbf523e4	X	151128083	155952689	2363	0.0195
7aca4aec-6acc-45fe-803c-a856bbf523e4	Y	2782397	3117554	150	-3.1017
7aca4aec-6acc-45fe-803c-a856bbf523e4	Y	3137227	6075631	569	-2.791
7aca4aec-6acc-45fe-803c-a856bbf523e4	Y	6076562	56872112	5921	-3.2027
