GDC_Aliquot	Chromosome	Start	End	Copy_Number	Major_Copy_Number	Minor_Copy_Number
f6346258-5379-4c15-ac48-dd4eda635a03	chr1	62920	72302815	2	1	1
f6346258-5379-4c15-ac48-dd4eda635a03	chr1	72303233	72345465	20	20	0
f6346258-5379-4c15-ac48-dd4eda635a03	chr1	72346221	121705338	2	1	1
f6346258-5379-4c15-ac48-dd4eda635a03	chr1	143541857	248930189	3	2	1
f6346258-5379-4c15-ac48-dd4eda635a03	chr2	12784	41170643	2	1	1
f6346258-5379-4c15-ac48-dd4eda635a03	chr2	41172185	51097199	1	1	0
f6346258-5379-4c15-ac48-dd4eda635a03	chr2	51097216	88826632	2	1	1
f6346258-5379-4c15-ac48-dd4eda635a03	chr2	88826703	91741787	4	2	2
f6346258-5379-4c15-ac48-dd4eda635a03	chr2	91742041	242147305	2	1	1
f6346258-5379-4c15-ac48-dd4eda635a03	chr3	20930	198169247	2	1	1
f6346258-5379-4c15-ac48-dd4eda635a03	chr4	68929	20944896	2	1	1
f6346258-5379-4c15-ac48-dd4eda635a03	chr4	20946096	20950570	1	1	0
f6346258-5379-4c15-ac48-dd4eda635a03	chr4	20950763	68478894	2	1	1
f6346258-5379-4c15-ac48-dd4eda635a03	chr4	68494770	68655691	4	4	0
f6346258-5379-4c15-ac48-dd4eda635a03	chr4	68663241	190106768	2	1	1
f6346258-5379-4c15-ac48-dd4eda635a03	chr5	15532	12605366	1	1	0
f6346258-5379-4c15-ac48-dd4eda635a03	chr5	12605846	58660999	2	1	1
f6346258-5379-4c15-ac48-dd4eda635a03	chr5	58661016	58663865	0	0	0
f6346258-5379-4c15-ac48-dd4eda635a03	chr5	58663939	61259437	2	1	1
f6346258-5379-4c15-ac48-dd4eda635a03	chr5	61260095	61277660	4	2	2
f6346258-5379-4c15-ac48-dd4eda635a03	chr5	61280070	181363319	2	1	1
f6346258-5379-4c15-ac48-dd4eda635a03	chr6	149661	24827640	2	1	1
f6346258-5379-4c15-ac48-dd4eda635a03	chr6	24828262	26031385	1	1	0
f6346258-5379-4c15-ac48-dd4eda635a03	chr6	26031583	170741917	2	1	1
f6346258-5379-4c15-ac48-dd4eda635a03	chr7	43259	76378474	2	1	1
f6346258-5379-4c15-ac48-dd4eda635a03	chr7	76378492	77105116	3	2	1
f6346258-5379-4c15-ac48-dd4eda635a03	chr7	77106361	159334314	2	1	1
f6346258-5379-4c15-ac48-dd4eda635a03	chr8	81254	46000692	3	2	1
f6346258-5379-4c15-ac48-dd4eda635a03	chr8	46007651	46835670	1	1	0
f6346258-5379-4c15-ac48-dd4eda635a03	chr8	46838916	145072769	3	2	1
f6346258-5379-4c15-ac48-dd4eda635a03	chr9	46587	87005766	2	1	1
f6346258-5379-4c15-ac48-dd4eda635a03	chr9	87006844	87424452	3	2	1
f6346258-5379-4c15-ac48-dd4eda635a03	chr9	87425559	89727601	5	4	1
f6346258-5379-4c15-ac48-dd4eda635a03	chr9	89727875	92316840	9	8	1
f6346258-5379-4c15-ac48-dd4eda635a03	chr9	92320004	138200944	2	1	1
f6346258-5379-4c15-ac48-dd4eda635a03	chr10	45792	51116291	2	1	1
f6346258-5379-4c15-ac48-dd4eda635a03	chr10	51117034	51121757	1	1	0
f6346258-5379-4c15-ac48-dd4eda635a03	chr10	51121823	79046887	2	1	1
f6346258-5379-4c15-ac48-dd4eda635a03	chr10	79048950	79314624	3	2	1
f6346258-5379-4c15-ac48-dd4eda635a03	chr10	79315059	121129041	2	1	1
f6346258-5379-4c15-ac48-dd4eda635a03	chr10	121129291	121165450	1	1	0
f6346258-5379-4c15-ac48-dd4eda635a03	chr10	121167653	133654968	2	1	1
f6346258-5379-4c15-ac48-dd4eda635a03	chr11	198510	60059551	2	1	1
f6346258-5379-4c15-ac48-dd4eda635a03	chr11	60062121	60123896	1	1	0
f6346258-5379-4c15-ac48-dd4eda635a03	chr11	60126133	69982505	2	1	1
f6346258-5379-4c15-ac48-dd4eda635a03	chr11	69982527	70003258	1	1	0
f6346258-5379-4c15-ac48-dd4eda635a03	chr11	70003328	93699862	2	1	1
f6346258-5379-4c15-ac48-dd4eda635a03	chr11	93701441	93848749	3	2	1
f6346258-5379-4c15-ac48-dd4eda635a03	chr11	93848987	97092902	2	1	1
f6346258-5379-4c15-ac48-dd4eda635a03	chr11	97094058	97185638	1	1	0
f6346258-5379-4c15-ac48-dd4eda635a03	chr11	97185901	135074876	2	1	1
f6346258-5379-4c15-ac48-dd4eda635a03	chr12	51460	11351041	2	1	1
f6346258-5379-4c15-ac48-dd4eda635a03	chr12	11358643	11433648	0	0	0
f6346258-5379-4c15-ac48-dd4eda635a03	chr12	11433708	34286943	2	1	1
f6346258-5379-4c15-ac48-dd4eda635a03	chr12	34291867	34605331	3	2	1
f6346258-5379-4c15-ac48-dd4eda635a03	chr12	34606648	105284768	2	1	1
f6346258-5379-4c15-ac48-dd4eda635a03	chr12	105288432	105296862	1	1	0
f6346258-5379-4c15-ac48-dd4eda635a03	chr12	105297746	133201603	2	1	1
f6346258-5379-4c15-ac48-dd4eda635a03	chr13	18452809	105849616	2	1	1
f6346258-5379-4c15-ac48-dd4eda635a03	chr13	105852778	107026680	3	2	1
f6346258-5379-4c15-ac48-dd4eda635a03	chr13	107028258	114342922	2	1	1
f6346258-5379-4c15-ac48-dd4eda635a03	chr14	18239283	51515970	2	1	1
f6346258-5379-4c15-ac48-dd4eda635a03	chr14	51516637	51538969	3	2	1
f6346258-5379-4c15-ac48-dd4eda635a03	chr14	51539206	106877229	2	1	1
f6346258-5379-4c15-ac48-dd4eda635a03	chr15	19811075	101928837	2	1	1
f6346258-5379-4c15-ac48-dd4eda635a03	chr16	10777	66408503	2	1	1
f6346258-5379-4c15-ac48-dd4eda635a03	chr16	66408596	66520684	3	2	1
f6346258-5379-4c15-ac48-dd4eda635a03	chr16	66523308	90096867	2	1	1
f6346258-5379-4c15-ac48-dd4eda635a03	chr17	150733	26947350	2	2	0
f6346258-5379-4c15-ac48-dd4eda635a03	chr17	26949301	28768467	4	2	2
f6346258-5379-4c15-ac48-dd4eda635a03	chr17	28777142	57237758	2	2	0
f6346258-5379-4c15-ac48-dd4eda635a03	chr17	57238438	57544167	1	1	0
f6346258-5379-4c15-ac48-dd4eda635a03	chr17	57544180	70599161	2	2	0
f6346258-5379-4c15-ac48-dd4eda635a03	chr17	70599175	70747511	3	3	0
f6346258-5379-4c15-ac48-dd4eda635a03	chr17	70759591	83091923	2	2	0
f6346258-5379-4c15-ac48-dd4eda635a03	chr18	48133	9981281	3	2	1
f6346258-5379-4c15-ac48-dd4eda635a03	chr18	9988536	80257174	2	1	1
f6346258-5379-4c15-ac48-dd4eda635a03	chr19	90910	6645430	2	1	1
f6346258-5379-4c15-ac48-dd4eda635a03	chr19	6645684	7112165	1	1	0
f6346258-5379-4c15-ac48-dd4eda635a03	chr19	7112254	24400510	2	1	1
f6346258-5379-4c15-ac48-dd4eda635a03	chr19	24413948	58586487	3	2	1
f6346258-5379-4c15-ac48-dd4eda635a03	chr20	80664	26324855	2	1	1
f6346258-5379-4c15-ac48-dd4eda635a03	chr20	26324943	64324800	4	3	1
f6346258-5379-4c15-ac48-dd4eda635a03	chr21	12973348	38684499	2	1	1
f6346258-5379-4c15-ac48-dd4eda635a03	chr21	38685584	39061304	1	1	0
f6346258-5379-4c15-ac48-dd4eda635a03	chr21	39061324	46677045	2	1	1
f6346258-5379-4c15-ac48-dd4eda635a03	chr22	16392123	50796027	2	1	1
f6346258-5379-4c15-ac48-dd4eda635a03	chrX	251810	1428177	2	1	1
f6346258-5379-4c15-ac48-dd4eda635a03	chrX	1456048	1767510	3	2	1
f6346258-5379-4c15-ac48-dd4eda635a03	chrX	1770302	2464404	2	1	1
f6346258-5379-4c15-ac48-dd4eda635a03	chrX	2464932	2474297	3	2	1
f6346258-5379-4c15-ac48-dd4eda635a03	chrX	2476642	2644012	2	1	1
f6346258-5379-4c15-ac48-dd4eda635a03	chrX	2645360	2649506	3	2	1
f6346258-5379-4c15-ac48-dd4eda635a03	chrX	2649606	2719189	2	1	1
f6346258-5379-4c15-ac48-dd4eda635a03	chrX	2719466	2743052	3	2	1
f6346258-5379-4c15-ac48-dd4eda635a03	chrX	2743811	2774669	2	1	1
f6346258-5379-4c15-ac48-dd4eda635a03	chrX	2775134	82141324	1	1	0
f6346258-5379-4c15-ac48-dd4eda635a03	chrX	82142569	82156695	0	0	0
f6346258-5379-4c15-ac48-dd4eda635a03	chrX	82156814	155699647	1	1	0
f6346258-5379-4c15-ac48-dd4eda635a03	chrX	155699837	156004181	2	1	1
f6346258-5379-4c15-ac48-dd4eda635a03	chrY	2782397	26653788	2	1	1
f6346258-5379-4c15-ac48-dd4eda635a03	chrY	56872112	56872112	1	1	0
