GDC_Aliquot	Chromosome	Start	End	Num_Probes	Segment_Mean
6bf8c9c3-5b30-4b98-be21-722ec163a4c0	1	62920	72776	4	0.324
6bf8c9c3-5b30-4b98-be21-722ec163a4c0	1	82170	3005345	601	-0.2853
6bf8c9c3-5b30-4b98-be21-722ec163a4c0	1	3005456	3033503	18	-0.7726
6bf8c9c3-5b30-4b98-be21-722ec163a4c0	1	3033770	15463238	7515	-0.2562
6bf8c9c3-5b30-4b98-be21-722ec163a4c0	1	15465931	15484726	13	-1.5037
6bf8c9c3-5b30-4b98-be21-722ec163a4c0	1	15484851	16542868	492	-0.2125
6bf8c9c3-5b30-4b98-be21-722ec163a4c0	1	16544783	16864367	58	0.1908
6bf8c9c3-5b30-4b98-be21-722ec163a4c0	1	16868660	17045902	97	-0.2109
6bf8c9c3-5b30-4b98-be21-722ec163a4c0	1	17046569	25256850	5212	-0.2652
6bf8c9c3-5b30-4b98-be21-722ec163a4c0	1	25266637	25320253	23	0.2262
6bf8c9c3-5b30-4b98-be21-722ec163a4c0	1	25320455	36418345	5769	-0.2737
6bf8c9c3-5b30-4b98-be21-722ec163a4c0	1	36422937	52482245	8891	-0.2208
6bf8c9c3-5b30-4b98-be21-722ec163a4c0	1	52482916	58366751	4415	-0.2642
6bf8c9c3-5b30-4b98-be21-722ec163a4c0	1	58367916	72290430	9637	-0.2271
6bf8c9c3-5b30-4b98-be21-722ec163a4c0	1	72290459	72297687	8	-0.9085
6bf8c9c3-5b30-4b98-be21-722ec163a4c0	1	72302735	72345465	48	0.9029
6bf8c9c3-5b30-4b98-be21-722ec163a4c0	1	72346221	77866223	3526	-0.2227
6bf8c9c3-5b30-4b98-be21-722ec163a4c0	1	77868570	78930970	605	0.1884
6bf8c9c3-5b30-4b98-be21-722ec163a4c0	1	78935774	79390370	276	-0.2473
6bf8c9c3-5b30-4b98-be21-722ec163a4c0	1	79390401	79675852	186	0.0297
6bf8c9c3-5b30-4b98-be21-722ec163a4c0	1	79680274	82185605	1719	-0.2739
6bf8c9c3-5b30-4b98-be21-722ec163a4c0	1	82185779	86307363	2821	-0.0484
6bf8c9c3-5b30-4b98-be21-722ec163a4c0	1	86311139	86312583	2	-1.4583
6bf8c9c3-5b30-4b98-be21-722ec163a4c0	1	86314399	89437321	2041	-0.042
6bf8c9c3-5b30-4b98-be21-722ec163a4c0	1	89437916	89445874	3	-1.0156
6bf8c9c3-5b30-4b98-be21-722ec163a4c0	1	89449165	90190714	474	-0.0455
6bf8c9c3-5b30-4b98-be21-722ec163a4c0	1	90191090	100646077	6545	-0.1443
6bf8c9c3-5b30-4b98-be21-722ec163a4c0	1	100652831	101237269	337	0.2622
6bf8c9c3-5b30-4b98-be21-722ec163a4c0	1	101237653	103697364	1484	-0.1625
6bf8c9c3-5b30-4b98-be21-722ec163a4c0	1	103717410	103760781	3	-1.25
6bf8c9c3-5b30-4b98-be21-722ec163a4c0	1	103760879	105476583	917	-0.1561
6bf8c9c3-5b30-4b98-be21-722ec163a4c0	1	105476614	105479753	16	0.4643
6bf8c9c3-5b30-4b98-be21-722ec163a4c0	1	105481433	109684893	2633	-0.1595
6bf8c9c3-5b30-4b98-be21-722ec163a4c0	1	109690352	109692006	10	-1.822
6bf8c9c3-5b30-4b98-be21-722ec163a4c0	1	109696900	109886400	132	-0.1818
6bf8c9c3-5b30-4b98-be21-722ec163a4c0	1	109886492	109888398	2	-1.6571
6bf8c9c3-5b30-4b98-be21-722ec163a4c0	1	109888800	116598966	4700	-0.1648
6bf8c9c3-5b30-4b98-be21-722ec163a4c0	1	116600599	118812441	1348	0.2628
6bf8c9c3-5b30-4b98-be21-722ec163a4c0	1	118814916	143656856	1005	0.1676
6bf8c9c3-5b30-4b98-be21-722ec163a4c0	1	143657500	147026222	262	0.0423
6bf8c9c3-5b30-4b98-be21-722ec163a4c0	1	147027063	147445193	288	0.2407
6bf8c9c3-5b30-4b98-be21-722ec163a4c0	1	147445856	148988030	394	0.0791
6bf8c9c3-5b30-4b98-be21-722ec163a4c0	1	148988155	152583051	1441	0.1942
6bf8c9c3-5b30-4b98-be21-722ec163a4c0	1	152583230	152614118	35	-1.8362
6bf8c9c3-5b30-4b98-be21-722ec163a4c0	1	152618018	152783832	161	0.0579
6bf8c9c3-5b30-4b98-be21-722ec163a4c0	1	152783934	152795447	35	0.3833
6bf8c9c3-5b30-4b98-be21-722ec163a4c0	1	152795471	156137384	1743	0.0545
6bf8c9c3-5b30-4b98-be21-722ec163a4c0	1	156137868	156820205	325	0.2094
6bf8c9c3-5b30-4b98-be21-722ec163a4c0	1	156824556	158896783	1551	-0.1042
6bf8c9c3-5b30-4b98-be21-722ec163a4c0	1	158898711	158899969	2	2.0405
6bf8c9c3-5b30-4b98-be21-722ec163a4c0	1	158905028	196745743	25828	-0.0808
6bf8c9c3-5b30-4b98-be21-722ec163a4c0	1	196758720	196832720	58	-0.7496
6bf8c9c3-5b30-4b98-be21-722ec163a4c0	1	196843377	199138574	1376	-0.0625
6bf8c9c3-5b30-4b98-be21-722ec163a4c0	1	199142235	199143883	8	-0.921
6bf8c9c3-5b30-4b98-be21-722ec163a4c0	1	199144712	202577166	2286	-0.0855
6bf8c9c3-5b30-4b98-be21-722ec163a4c0	1	202577973	208369838	3855	0.0599
6bf8c9c3-5b30-4b98-be21-722ec163a4c0	1	208370217	238917614	21391	-0.0822
6bf8c9c3-5b30-4b98-be21-722ec163a4c0	1	238918447	244308789	3937	-0.1145
6bf8c9c3-5b30-4b98-be21-722ec163a4c0	1	244311968	248930189	2930	-0.0722
6bf8c9c3-5b30-4b98-be21-722ec163a4c0	2	12784	3895493	2791	0.2116
6bf8c9c3-5b30-4b98-be21-722ec163a4c0	2	3903576	4158097	196	-0.0684
6bf8c9c3-5b30-4b98-be21-722ec163a4c0	2	4166274	4175577	36	-2.263
6bf8c9c3-5b30-4b98-be21-722ec163a4c0	2	4175922	4176429	6	-0.9369
6bf8c9c3-5b30-4b98-be21-722ec163a4c0	2	4182472	5562704	1141	-0.0594
6bf8c9c3-5b30-4b98-be21-722ec163a4c0	2	5562905	7952827	2078	0.0641
6bf8c9c3-5b30-4b98-be21-722ec163a4c0	2	7954314	12342467	3246	0.1186
6bf8c9c3-5b30-4b98-be21-722ec163a4c0	2	12343285	13309747	642	0.0766
6bf8c9c3-5b30-4b98-be21-722ec163a4c0	2	13310640	14563570	900	-0.0548
6bf8c9c3-5b30-4b98-be21-722ec163a4c0	2	14564825	14569897	11	-2.1201
6bf8c9c3-5b30-4b98-be21-722ec163a4c0	2	14569968	15928091	1017	-0.055
6bf8c9c3-5b30-4b98-be21-722ec163a4c0	2	15930750	16094426	94	3.8721
6bf8c9c3-5b30-4b98-be21-722ec163a4c0	2	16104716	17661283	1129	-0.0158
6bf8c9c3-5b30-4b98-be21-722ec163a4c0	2	17664029	21217025	2659	0.1013
6bf8c9c3-5b30-4b98-be21-722ec163a4c0	2	21217598	23216036	1292	-0.0562
6bf8c9c3-5b30-4b98-be21-722ec163a4c0	2	23218477	50222242	18248	0.1366
6bf8c9c3-5b30-4b98-be21-722ec163a4c0	2	50222299	52516787	1637	-0.0119
6bf8c9c3-5b30-4b98-be21-722ec163a4c0	2	52527330	52554188	33	-1.2005
6bf8c9c3-5b30-4b98-be21-722ec163a4c0	2	52554236	68279885	10360	-0.0081
6bf8c9c3-5b30-4b98-be21-722ec163a4c0	2	68282205	70116958	1214	0.044
6bf8c9c3-5b30-4b98-be21-722ec163a4c0	2	70117987	84520695	9059	-0.0102
6bf8c9c3-5b30-4b98-be21-722ec163a4c0	2	84521090	85105322	310	0.1516
6bf8c9c3-5b30-4b98-be21-722ec163a4c0	2	85105337	85106283	2	-2.0431
6bf8c9c3-5b30-4b98-be21-722ec163a4c0	2	85106853	85898043	468	0.1468
6bf8c9c3-5b30-4b98-be21-722ec163a4c0	2	85898176	86710564	495	-0.0284
6bf8c9c3-5b30-4b98-be21-722ec163a4c0	2	86725947	86726731	2	-1.9661
6bf8c9c3-5b30-4b98-be21-722ec163a4c0	2	86743283	87228594	112	0.061
6bf8c9c3-5b30-4b98-be21-722ec163a4c0	2	87229739	87516162	56	-0.2585
6bf8c9c3-5b30-4b98-be21-722ec163a4c0	2	87519870	87674944	29	-1.2353
6bf8c9c3-5b30-4b98-be21-722ec163a4c0	2	87695122	89248581	644	-0.0407
6bf8c9c3-5b30-4b98-be21-722ec163a4c0	2	89249362	90230139	141	-0.4962
6bf8c9c3-5b30-4b98-be21-722ec163a4c0	2	90235899	96688979	713	-0.006
6bf8c9c3-5b30-4b98-be21-722ec163a4c0	2	96700566	97136585	181	-0.1722
6bf8c9c3-5b30-4b98-be21-722ec163a4c0	2	97137026	97537802	56	-0.0424
6bf8c9c3-5b30-4b98-be21-722ec163a4c0	2	97540809	97545247	3	-1.6331
6bf8c9c3-5b30-4b98-be21-722ec163a4c0	2	97545726	98146696	276	-0.143
6bf8c9c3-5b30-4b98-be21-722ec163a4c0	2	98146828	98245935	72	0.0971
6bf8c9c3-5b30-4b98-be21-722ec163a4c0	2	98245990	98553050	194	0.0049
6bf8c9c3-5b30-4b98-be21-722ec163a4c0	2	98556015	98880465	173	0.1601
6bf8c9c3-5b30-4b98-be21-722ec163a4c0	2	98884010	103339684	2825	-0.1414
6bf8c9c3-5b30-4b98-be21-722ec163a4c0	2	103349964	104062712	419	0.0229
6bf8c9c3-5b30-4b98-be21-722ec163a4c0	2	104063269	106266773	1614	-0.1546
6bf8c9c3-5b30-4b98-be21-722ec163a4c0	2	106266875	106268901	7	-1.4474
6bf8c9c3-5b30-4b98-be21-722ec163a4c0	2	106270799	111260223	2576	-0.141
6bf8c9c3-5b30-4b98-be21-722ec163a4c0	2	111275965	111430941	39	0.5461
6bf8c9c3-5b30-4b98-be21-722ec163a4c0	2	111438656	116819563	3106	-0.1464
6bf8c9c3-5b30-4b98-be21-722ec163a4c0	2	116820487	117571885	476	0.0062
6bf8c9c3-5b30-4b98-be21-722ec163a4c0	2	117574253	127405047	6335	-0.1569
6bf8c9c3-5b30-4b98-be21-722ec163a4c0	2	127411677	138572845	6581	0.0202
6bf8c9c3-5b30-4b98-be21-722ec163a4c0	2	138573319	146103836	4679	-0.1535
6bf8c9c3-5b30-4b98-be21-722ec163a4c0	2	146103878	146109366	26	0.1991
6bf8c9c3-5b30-4b98-be21-722ec163a4c0	2	146120238	153538114	4561	-0.1519
6bf8c9c3-5b30-4b98-be21-722ec163a4c0	2	153542001	153630383	67	0.1364
6bf8c9c3-5b30-4b98-be21-722ec163a4c0	2	153630390	153656246	16	-0.2956
6bf8c9c3-5b30-4b98-be21-722ec163a4c0	2	153656437	162627399	5246	0.1446
6bf8c9c3-5b30-4b98-be21-722ec163a4c0	2	162633905	164420430	1018	0.2751
6bf8c9c3-5b30-4b98-be21-722ec163a4c0	2	164420611	167723892	1930	0.1325
6bf8c9c3-5b30-4b98-be21-722ec163a4c0	2	167725684	176598598	5768	0.3123
6bf8c9c3-5b30-4b98-be21-722ec163a4c0	2	176599218	182188931	3613	0.1598
6bf8c9c3-5b30-4b98-be21-722ec163a4c0	2	182190268	182194473	5	-1.1649
6bf8c9c3-5b30-4b98-be21-722ec163a4c0	2	182201207	184093244	1138	0.1735
6bf8c9c3-5b30-4b98-be21-722ec163a4c0	2	184099925	184824944	522	0.2845
6bf8c9c3-5b30-4b98-be21-722ec163a4c0	2	184825091	242147305	35130	0.1487
6bf8c9c3-5b30-4b98-be21-722ec163a4c0	3	20930	6604856	5814	0.2969
6bf8c9c3-5b30-4b98-be21-722ec163a4c0	3	6609441	6611645	23	-1.6611
6bf8c9c3-5b30-4b98-be21-722ec163a4c0	3	6613391	8198709	1396	0.2556
6bf8c9c3-5b30-4b98-be21-722ec163a4c0	3	8203642	18905334	7290	0.2995
6bf8c9c3-5b30-4b98-be21-722ec163a4c0	3	18907731	20271633	719	0.2544
6bf8c9c3-5b30-4b98-be21-722ec163a4c0	3	20273630	20274591	2	-2.5144
6bf8c9c3-5b30-4b98-be21-722ec163a4c0	3	20286589	26384700	4624	0.2851
6bf8c9c3-5b30-4b98-be21-722ec163a4c0	3	26392633	26397852	5	-1.5261
6bf8c9c3-5b30-4b98-be21-722ec163a4c0	3	26404482	31699178	3777	0.2995
6bf8c9c3-5b30-4b98-be21-722ec163a4c0	3	31699805	31700434	2	-1.2563
6bf8c9c3-5b30-4b98-be21-722ec163a4c0	3	31702358	37935926	3950	0.2977
6bf8c9c3-5b30-4b98-be21-722ec163a4c0	3	37940617	37945437	18	-2.2461
6bf8c9c3-5b30-4b98-be21-722ec163a4c0	3	37945615	38388361	277	0.3544
6bf8c9c3-5b30-4b98-be21-722ec163a4c0	3	38390894	47358421	5540	0.3045
6bf8c9c3-5b30-4b98-be21-722ec163a4c0	3	47358841	47363961	3	-1.0423
6bf8c9c3-5b30-4b98-be21-722ec163a4c0	3	47367722	47437019	26	0.3859
6bf8c9c3-5b30-4b98-be21-722ec163a4c0	3	47450332	47451230	2	-1.1281
6bf8c9c3-5b30-4b98-be21-722ec163a4c0	3	47455724	60792199	8048	0.3038
6bf8c9c3-5b30-4b98-be21-722ec163a4c0	3	60794907	60795294	4	-0.6487
6bf8c9c3-5b30-4b98-be21-722ec163a4c0	3	60798502	75519398	11178	0.2957
6bf8c9c3-5b30-4b98-be21-722ec163a4c0	3	75523398	75537654	6	-1.7531
6bf8c9c3-5b30-4b98-be21-722ec163a4c0	3	75546030	90436486	8115	0.2763
6bf8c9c3-5b30-4b98-be21-722ec163a4c0	3	90436812	99218940	2845	0.33
6bf8c9c3-5b30-4b98-be21-722ec163a4c0	3	99225614	99230577	38	-0.5137
6bf8c9c3-5b30-4b98-be21-722ec163a4c0	3	99232120	99299235	33	0.2966
6bf8c9c3-5b30-4b98-be21-722ec163a4c0	3	99302551	130044855	18666	0.3456
6bf8c9c3-5b30-4b98-be21-722ec163a4c0	3	130047743	130087393	37	0.8768
6bf8c9c3-5b30-4b98-be21-722ec163a4c0	3	130088081	133377124	2173	0.3557
6bf8c9c3-5b30-4b98-be21-722ec163a4c0	3	133377335	133378632	2	-1.9981
6bf8c9c3-5b30-4b98-be21-722ec163a4c0	3	133379442	139897300	3751	0.3352
6bf8c9c3-5b30-4b98-be21-722ec163a4c0	3	139901077	139901998	4	-0.8876
6bf8c9c3-5b30-4b98-be21-722ec163a4c0	3	139903942	162795304	14324	0.3619
6bf8c9c3-5b30-4b98-be21-722ec163a4c0	3	162795361	162815162	13	0.8532
6bf8c9c3-5b30-4b98-be21-722ec163a4c0	3	162816942	162834293	11	1.7847
6bf8c9c3-5b30-4b98-be21-722ec163a4c0	3	162845543	162908815	45	0.7179
6bf8c9c3-5b30-4b98-be21-722ec163a4c0	3	162910826	162996729	70	0.4534
6bf8c9c3-5b30-4b98-be21-722ec163a4c0	3	162999939	163001774	2	1.644
6bf8c9c3-5b30-4b98-be21-722ec163a4c0	3	163008371	167941968	2728	0.3543
6bf8c9c3-5b30-4b98-be21-722ec163a4c0	3	167942969	167943348	2	-1.6957
6bf8c9c3-5b30-4b98-be21-722ec163a4c0	3	167948129	168042776	60	0.2906
6bf8c9c3-5b30-4b98-be21-722ec163a4c0	3	168043097	173825661	3700	0.3837
6bf8c9c3-5b30-4b98-be21-722ec163a4c0	3	173829842	173835947	3	-0.6174
6bf8c9c3-5b30-4b98-be21-722ec163a4c0	3	173835993	173962823	86	0.4257
6bf8c9c3-5b30-4b98-be21-722ec163a4c0	3	173963176	175369161	1003	0.3153
6bf8c9c3-5b30-4b98-be21-722ec163a4c0	3	175369763	185703048	5977	0.361
6bf8c9c3-5b30-4b98-be21-722ec163a4c0	3	185703859	193156958	5520	0.3319
6bf8c9c3-5b30-4b98-be21-722ec163a4c0	3	193160113	193165114	20	-1.0997
6bf8c9c3-5b30-4b98-be21-722ec163a4c0	3	193168646	198169247	2693	0.3655
6bf8c9c3-5b30-4b98-be21-722ec163a4c0	4	68929	197074	67	-0.3612
6bf8c9c3-5b30-4b98-be21-722ec163a4c0	4	199231	5160662	2360	-0.4837
6bf8c9c3-5b30-4b98-be21-722ec163a4c0	4	5160764	5177975	12	-1.1986
6bf8c9c3-5b30-4b98-be21-722ec163a4c0	4	5179462	10208766	3262	-0.5078
6bf8c9c3-5b30-4b98-be21-722ec163a4c0	4	10221792	10229874	28	-2.2554
6bf8c9c3-5b30-4b98-be21-722ec163a4c0	4	10232590	18956983	6645	-0.4466
6bf8c9c3-5b30-4b98-be21-722ec163a4c0	4	18956996	25867982	4778	-0.273
6bf8c9c3-5b30-4b98-be21-722ec163a4c0	4	25869393	25872436	4	0.0151
6bf8c9c3-5b30-4b98-be21-722ec163a4c0	4	25872769	26007339	100	0.8212
6bf8c9c3-5b30-4b98-be21-722ec163a4c0	4	26007418	26016441	11	1.1958
6bf8c9c3-5b30-4b98-be21-722ec163a4c0	4	26019586	26050884	29	0.727
6bf8c9c3-5b30-4b98-be21-722ec163a4c0	4	26052429	26263090	148	0.4346
6bf8c9c3-5b30-4b98-be21-722ec163a4c0	4	26265976	27158691	486	0.583
6bf8c9c3-5b30-4b98-be21-722ec163a4c0	4	27159161	28118573	664	0.4897
6bf8c9c3-5b30-4b98-be21-722ec163a4c0	4	28119624	28464298	233	0.2587
6bf8c9c3-5b30-4b98-be21-722ec163a4c0	4	28464314	28866397	259	0.495
6bf8c9c3-5b30-4b98-be21-722ec163a4c0	4	28868589	29017227	102	0.1909
6bf8c9c3-5b30-4b98-be21-722ec163a4c0	4	29022796	31686663	1724	0.4799
6bf8c9c3-5b30-4b98-be21-722ec163a4c0	4	31688588	34777382	1785	0.0342
6bf8c9c3-5b30-4b98-be21-722ec163a4c0	4	34777403	34823103	41	0.6453
6bf8c9c3-5b30-4b98-be21-722ec163a4c0	4	34828250	35092141	171	0.0137
6bf8c9c3-5b30-4b98-be21-722ec163a4c0	4	35092418	40701994	3703	-0.0734
6bf8c9c3-5b30-4b98-be21-722ec163a4c0	4	40702128	40702175	2	-1.4886
6bf8c9c3-5b30-4b98-be21-722ec163a4c0	4	40702670	41240126	380	-0.0903
6bf8c9c3-5b30-4b98-be21-722ec163a4c0	4	41244772	45003738	2369	0.0386
6bf8c9c3-5b30-4b98-be21-722ec163a4c0	4	45003835	45004318	4	-0.9964
6bf8c9c3-5b30-4b98-be21-722ec163a4c0	4	45008952	48100626	1696	0.023
6bf8c9c3-5b30-4b98-be21-722ec163a4c0	4	48105441	49204422	631	0.1
6bf8c9c3-5b30-4b98-be21-722ec163a4c0	4	49214614	49501149	5	0.6645
6bf8c9c3-5b30-4b98-be21-722ec163a4c0	4	49501768	49656595	17	-0.5263
6bf8c9c3-5b30-4b98-be21-722ec163a4c0	4	51819533	52873095	568	0.1186
6bf8c9c3-5b30-4b98-be21-722ec163a4c0	4	52873689	57287083	3040	0.1715
6bf8c9c3-5b30-4b98-be21-722ec163a4c0	4	57287584	62802116	3379	0.1186
6bf8c9c3-5b30-4b98-be21-722ec163a4c0	4	62804218	62805944	8	-0.6165
6bf8c9c3-5b30-4b98-be21-722ec163a4c0	4	62813912	63831799	557	0.1351
6bf8c9c3-5b30-4b98-be21-722ec163a4c0	4	63831812	63842540	26	-0.4983
6bf8c9c3-5b30-4b98-be21-722ec163a4c0	4	63850713	68478894	2870	0.1226
6bf8c9c3-5b30-4b98-be21-722ec163a4c0	4	68494770	68655691	71	-0.174
6bf8c9c3-5b30-4b98-be21-722ec163a4c0	4	68663241	69946586	752	0.2154
6bf8c9c3-5b30-4b98-be21-722ec163a4c0	4	69966998	83250819	8228	0.135
6bf8c9c3-5b30-4b98-be21-722ec163a4c0	4	83251067	89063931	3631	-0.1497
6bf8c9c3-5b30-4b98-be21-722ec163a4c0	4	89063953	89989779	623	0.0436
6bf8c9c3-5b30-4b98-be21-722ec163a4c0	4	89989823	103925633	8230	-0.1433
6bf8c9c3-5b30-4b98-be21-722ec163a4c0	4	103927406	108796271	2783	-0.0007
6bf8c9c3-5b30-4b98-be21-722ec163a4c0	4	108797356	110241439	878	-0.1715
6bf8c9c3-5b30-4b98-be21-722ec163a4c0	4	110241696	114252544	2545	0.0128
6bf8c9c3-5b30-4b98-be21-722ec163a4c0	4	114254167	114261019	23	-1.3509
6bf8c9c3-5b30-4b98-be21-722ec163a4c0	4	114263073	139105029	14638	0.0213
6bf8c9c3-5b30-4b98-be21-722ec163a4c0	4	139105043	151868241	7418	-0.1533
6bf8c9c3-5b30-4b98-be21-722ec163a4c0	4	151868634	151871415	13	-0.8568
6bf8c9c3-5b30-4b98-be21-722ec163a4c0	4	151871739	157135807	3501	-0.1629
6bf8c9c3-5b30-4b98-be21-722ec163a4c0	4	157135942	157494757	188	-0.4585
6bf8c9c3-5b30-4b98-be21-722ec163a4c0	4	157495348	160952760	2168	-0.1406
6bf8c9c3-5b30-4b98-be21-722ec163a4c0	4	160952773	160963971	31	0.2104
6bf8c9c3-5b30-4b98-be21-722ec163a4c0	4	160964013	164744253	2474	-0.1372
6bf8c9c3-5b30-4b98-be21-722ec163a4c0	4	164745887	164750534	2	-1.8478
6bf8c9c3-5b30-4b98-be21-722ec163a4c0	4	164751797	171448195	4179	-0.1388
6bf8c9c3-5b30-4b98-be21-722ec163a4c0	4	171453733	171456573	11	0.9776
6bf8c9c3-5b30-4b98-be21-722ec163a4c0	4	171456625	172501371	640	-0.133
6bf8c9c3-5b30-4b98-be21-722ec163a4c0	4	172503796	172507492	7	0.7926
6bf8c9c3-5b30-4b98-be21-722ec163a4c0	4	172519981	190106768	11823	-0.1634
6bf8c9c3-5b30-4b98-be21-722ec163a4c0	5	15532	106704	41	0.6352
6bf8c9c3-5b30-4b98-be21-722ec163a4c0	5	106823	685633	265	0.0988
6bf8c9c3-5b30-4b98-be21-722ec163a4c0	5	698256	742574	18	0.8074
6bf8c9c3-5b30-4b98-be21-722ec163a4c0	5	760901	817735	15	0.3
6bf8c9c3-5b30-4b98-be21-722ec163a4c0	5	817877	833513	14	-0.6723
6bf8c9c3-5b30-4b98-be21-722ec163a4c0	5	852451	7503998	5598	0.0996
6bf8c9c3-5b30-4b98-be21-722ec163a4c0	5	7509754	7510278	2	-1.5062
6bf8c9c3-5b30-4b98-be21-722ec163a4c0	5	7512308	12800777	4225	0.1174
6bf8c9c3-5b30-4b98-be21-722ec163a4c0	5	12815668	12838421	14	-1.5198
6bf8c9c3-5b30-4b98-be21-722ec163a4c0	5	12849089	21449167	5506	0.134
6bf8c9c3-5b30-4b98-be21-722ec163a4c0	5	21451091	21451889	4	-1.9889
6bf8c9c3-5b30-4b98-be21-722ec163a4c0	5	21452329	25595069	2381	0.1296
6bf8c9c3-5b30-4b98-be21-722ec163a4c0	5	25595149	25929723	215	0.2688
6bf8c9c3-5b30-4b98-be21-722ec163a4c0	5	25933585	27166771	745	0.2023
6bf8c9c3-5b30-4b98-be21-722ec163a4c0	5	27171093	29077540	1097	0.2754
6bf8c9c3-5b30-4b98-be21-722ec163a4c0	5	29077675	29078527	11	-0.5511
6bf8c9c3-5b30-4b98-be21-722ec163a4c0	5	29082473	46246558	10494	0.2862
6bf8c9c3-5b30-4b98-be21-722ec163a4c0	5	46251204	46273400	9	-1.9844
6bf8c9c3-5b30-4b98-be21-722ec163a4c0	5	46278110	46389171	19	0.2131
6bf8c9c3-5b30-4b98-be21-722ec163a4c0	5	50146124	56088735	3629	-0.2862
6bf8c9c3-5b30-4b98-be21-722ec163a4c0	5	56089082	58025819	1420	-0.4707
6bf8c9c3-5b30-4b98-be21-722ec163a4c0	5	58030200	58037706	32	1.0143
6bf8c9c3-5b30-4b98-be21-722ec163a4c0	5	58042530	117691486	35938	-0.4447
6bf8c9c3-5b30-4b98-be21-722ec163a4c0	5	117694627	118714081	698	-1.4705
6bf8c9c3-5b30-4b98-be21-722ec163a4c0	5	118721995	120618135	1195	-0.4542
6bf8c9c3-5b30-4b98-be21-722ec163a4c0	5	120621715	121339743	471	-0.2782
6bf8c9c3-5b30-4b98-be21-722ec163a4c0	5	121346678	152134610	19219	-0.4676
6bf8c9c3-5b30-4b98-be21-722ec163a4c0	5	152135825	152140710	15	-1.2048
6bf8c9c3-5b30-4b98-be21-722ec163a4c0	5	152140861	155471492	2206	-0.4741
6bf8c9c3-5b30-4b98-be21-722ec163a4c0	5	155473737	156045045	442	-0.2801
6bf8c9c3-5b30-4b98-be21-722ec163a4c0	5	156045123	156068240	20	0.0657
6bf8c9c3-5b30-4b98-be21-722ec163a4c0	5	156068247	156920402	578	-0.3078
6bf8c9c3-5b30-4b98-be21-722ec163a4c0	5	156920983	165122697	5381	-0.4742
6bf8c9c3-5b30-4b98-be21-722ec163a4c0	5	165122932	165323697	134	-0.2532
6bf8c9c3-5b30-4b98-be21-722ec163a4c0	5	165327657	167651815	1629	-0.4737
6bf8c9c3-5b30-4b98-be21-722ec163a4c0	5	167653975	167661033	13	-1.4824
6bf8c9c3-5b30-4b98-be21-722ec163a4c0	5	167663529	170351092	2260	-0.5144
6bf8c9c3-5b30-4b98-be21-722ec163a4c0	5	170352947	180934838	6579	-0.3145
6bf8c9c3-5b30-4b98-be21-722ec163a4c0	5	180945168	181024894	33	0.074
6bf8c9c3-5b30-4b98-be21-722ec163a4c0	5	181025002	181363319	159	-0.3172
6bf8c9c3-5b30-4b98-be21-722ec163a4c0	6	149661	254283	101	0.3172
6bf8c9c3-5b30-4b98-be21-722ec163a4c0	6	257353	378703	98	0.5443
6bf8c9c3-5b30-4b98-be21-722ec163a4c0	6	379015	13787608	10676	0.3054
6bf8c9c3-5b30-4b98-be21-722ec163a4c0	6	13789003	24279317	7708	0.2645
6bf8c9c3-5b30-4b98-be21-722ec163a4c0	6	24279707	29869295	3057	0.2955
6bf8c9c3-5b30-4b98-be21-722ec163a4c0	6	29869410	29881490	16	-0.8056
6bf8c9c3-5b30-4b98-be21-722ec163a4c0	6	29882419	31309909	661	0.3177
6bf8c9c3-5b30-4b98-be21-722ec163a4c0	6	31313046	31328674	12	-1.4161
6bf8c9c3-5b30-4b98-be21-722ec163a4c0	6	31342147	32463370	496	0.3282
6bf8c9c3-5b30-4b98-be21-722ec163a4c0	6	32463515	32658841	67	-0.1284
6bf8c9c3-5b30-4b98-be21-722ec163a4c0	6	32682835	32722250	44	0.4369
6bf8c9c3-5b30-4b98-be21-722ec163a4c0	6	32723020	32723035	2	1.9545
6bf8c9c3-5b30-4b98-be21-722ec163a4c0	6	32723053	35785015	1707	0.3385
6bf8c9c3-5b30-4b98-be21-722ec163a4c0	6	35789073	35789522	4	1.2704
6bf8c9c3-5b30-4b98-be21-722ec163a4c0	6	35801944	48963228	8628	0.3403
6bf8c9c3-5b30-4b98-be21-722ec163a4c0	6	48964092	48967563	5	-0.4329
6bf8c9c3-5b30-4b98-be21-722ec163a4c0	6	48978926	49055576	54	0.2891
6bf8c9c3-5b30-4b98-be21-722ec163a4c0	6	49063224	49063404	2	-0.6887
6bf8c9c3-5b30-4b98-be21-722ec163a4c0	6	49070524	49458680	197	0.31
6bf8c9c3-5b30-4b98-be21-722ec163a4c0	6	49463856	49479582	14	1.2444
6bf8c9c3-5b30-4b98-be21-722ec163a4c0	6	49490122	49825526	204	0.2802
6bf8c9c3-5b30-4b98-be21-722ec163a4c0	6	49826204	61218924	5343	0.3375
6bf8c9c3-5b30-4b98-be21-722ec163a4c0	6	61220627	63107001	926	0.2301
6bf8c9c3-5b30-4b98-be21-722ec163a4c0	6	63111679	73882142	6946	-0.1759
6bf8c9c3-5b30-4b98-be21-722ec163a4c0	6	73882509	73891694	10	-0.9778
6bf8c9c3-5b30-4b98-be21-722ec163a4c0	6	73893839	76726815	1768	-0.1836
6bf8c9c3-5b30-4b98-be21-722ec163a4c0	6	76730151	76733530	11	-0.9488
6bf8c9c3-5b30-4b98-be21-722ec163a4c0	6	76736482	78259388	987	-0.2011
6bf8c9c3-5b30-4b98-be21-722ec163a4c0	6	78261980	78336185	117	0.172
6bf8c9c3-5b30-4b98-be21-722ec163a4c0	6	78336944	85729651	4683	-0.2006
6bf8c9c3-5b30-4b98-be21-722ec163a4c0	6	85730046	93308172	4904	-0.2523
6bf8c9c3-5b30-4b98-be21-722ec163a4c0	6	93308377	147815432	33851	-0.4164
6bf8c9c3-5b30-4b98-be21-722ec163a4c0	6	147816899	170741917	16171	-0.4522
6bf8c9c3-5b30-4b98-be21-722ec163a4c0	7	43355	7021624	3498	0.3703
6bf8c9c3-5b30-4b98-be21-722ec163a4c0	7	7023272	9081227	1862	0.4313
6bf8c9c3-5b30-4b98-be21-722ec163a4c0	7	9081244	14938369	4655	0.3518
6bf8c9c3-5b30-4b98-be21-722ec163a4c0	7	14940558	17759976	2294	0.3986
6bf8c9c3-5b30-4b98-be21-722ec163a4c0	7	17761192	38196903	14997	0.3508
6bf8c9c3-5b30-4b98-be21-722ec163a4c0	7	38197010	39037797	693	0.4272
6bf8c9c3-5b30-4b98-be21-722ec163a4c0	7	39037805	39039873	2	-1.663
6bf8c9c3-5b30-4b98-be21-722ec163a4c0	7	39040000	40588545	909	0.3861
6bf8c9c3-5b30-4b98-be21-722ec163a4c0	7	40588660	43497154	2031	0.3248
6bf8c9c3-5b30-4b98-be21-722ec163a4c0	7	43497555	43580695	72	0.4274
6bf8c9c3-5b30-4b98-be21-722ec163a4c0	7	43588569	43591769	4	-0.6327
6bf8c9c3-5b30-4b98-be21-722ec163a4c0	7	43596587	48486688	3144	0.343
6bf8c9c3-5b30-4b98-be21-722ec163a4c0	7	48493912	76587304	12578	0.2676
6bf8c9c3-5b30-4b98-be21-722ec163a4c0	7	76587945	97980107	13656	0.3776
6bf8c9c3-5b30-4b98-be21-722ec163a4c0	7	97982029	97982736	3	-1.4011
6bf8c9c3-5b30-4b98-be21-722ec163a4c0	7	97984459	109793741	6486	0.381
6bf8c9c3-5b30-4b98-be21-722ec163a4c0	7	109797035	109800864	21	-0.1088
6bf8c9c3-5b30-4b98-be21-722ec163a4c0	7	109800865	125777064	9593	0.3751
6bf8c9c3-5b30-4b98-be21-722ec163a4c0	7	125777268	125966475	134	-0.8592
6bf8c9c3-5b30-4b98-be21-722ec163a4c0	7	125970787	126404920	304	0.3466
6bf8c9c3-5b30-4b98-be21-722ec163a4c0	7	126405428	126406561	12	-1.1295
6bf8c9c3-5b30-4b98-be21-722ec163a4c0	7	126406822	134093884	4699	0.3827
6bf8c9c3-5b30-4b98-be21-722ec163a4c0	7	134093896	134113805	35	-0.0077
6bf8c9c3-5b30-4b98-be21-722ec163a4c0	7	134114093	140037421	3860	0.38
6bf8c9c3-5b30-4b98-be21-722ec163a4c0	7	140039780	140046996	3	-1.3224
6bf8c9c3-5b30-4b98-be21-722ec163a4c0	7	140048422	144013073	2419	0.412
6bf8c9c3-5b30-4b98-be21-722ec163a4c0	7	144013116	144014058	5	-0.6775
6bf8c9c3-5b30-4b98-be21-722ec163a4c0	7	144014076	144199159	138	0.3854
6bf8c9c3-5b30-4b98-be21-722ec163a4c0	7	144207186	144352208	15	0.9715
6bf8c9c3-5b30-4b98-be21-722ec163a4c0	7	144377836	145306229	594	0.3583
6bf8c9c3-5b30-4b98-be21-722ec163a4c0	7	145307199	145321701	9	-0.336
6bf8c9c3-5b30-4b98-be21-722ec163a4c0	7	145324104	159334314	9042	0.3933
6bf8c9c3-5b30-4b98-be21-722ec163a4c0	8	81254	644973	324	-0.1981
6bf8c9c3-5b30-4b98-be21-722ec163a4c0	8	645220	645875	6	0.9086
6bf8c9c3-5b30-4b98-be21-722ec163a4c0	8	645892	645908	2	3.8431
6bf8c9c3-5b30-4b98-be21-722ec163a4c0	8	656117	2844412	1706	-0.2309
6bf8c9c3-5b30-4b98-be21-722ec163a4c0	8	2846011	2846377	7	-1.2238
6bf8c9c3-5b30-4b98-be21-722ec163a4c0	8	2849649	15435453	11654	-0.183
6bf8c9c3-5b30-4b98-be21-722ec163a4c0	8	15436422	15437936	2	-3.3951
6bf8c9c3-5b30-4b98-be21-722ec163a4c0	8	15439194	25116961	7752	-0.1756
6bf8c9c3-5b30-4b98-be21-722ec163a4c0	8	25117007	25126735	24	-2.2737
6bf8c9c3-5b30-4b98-be21-722ec163a4c0	8	25133589	38430945	8491	-0.1827
6bf8c9c3-5b30-4b98-be21-722ec163a4c0	8	38432841	38432991	3	-1.4189
6bf8c9c3-5b30-4b98-be21-722ec163a4c0	8	38433569	39372806	507	-0.1657
6bf8c9c3-5b30-4b98-be21-722ec163a4c0	8	39373140	39529446	60	0.5907
6bf8c9c3-5b30-4b98-be21-722ec163a4c0	8	39530780	39973181	268	-0.1511
6bf8c9c3-5b30-4b98-be21-722ec163a4c0	8	39973438	39973681	2	-2.7156
6bf8c9c3-5b30-4b98-be21-722ec163a4c0	8	39977300	40913994	801	-0.2003
6bf8c9c3-5b30-4b98-be21-722ec163a4c0	8	40914477	40920952	3	-1.7061
6bf8c9c3-5b30-4b98-be21-722ec163a4c0	8	40926161	50119451	3507	-0.1835
6bf8c9c3-5b30-4b98-be21-722ec163a4c0	8	50119464	50120863	8	-1.2532
6bf8c9c3-5b30-4b98-be21-722ec163a4c0	8	50126018	100454733	30696	-0.1639
6bf8c9c3-5b30-4b98-be21-722ec163a4c0	8	100455246	101840061	1021	-0.0823
6bf8c9c3-5b30-4b98-be21-722ec163a4c0	8	101841610	106445027	2775	-0.1537
6bf8c9c3-5b30-4b98-be21-722ec163a4c0	8	106451593	106451655	2	-1.8049
6bf8c9c3-5b30-4b98-be21-722ec163a4c0	8	106455244	111279265	2888	-0.1634
6bf8c9c3-5b30-4b98-be21-722ec163a4c0	8	111282050	111283031	10	-1.0149
6bf8c9c3-5b30-4b98-be21-722ec163a4c0	8	111288052	119139771	4958	-0.1622
6bf8c9c3-5b30-4b98-be21-722ec163a4c0	8	119142545	119147207	4	-1.4319
6bf8c9c3-5b30-4b98-be21-722ec163a4c0	8	119150615	128735944	6685	-0.1547
6bf8c9c3-5b30-4b98-be21-722ec163a4c0	8	128739928	128751839	6	-2.6124
6bf8c9c3-5b30-4b98-be21-722ec163a4c0	8	128765208	140660167	9276	-0.1771
6bf8c9c3-5b30-4b98-be21-722ec163a4c0	8	140663423	140990563	152	-0.0284
6bf8c9c3-5b30-4b98-be21-722ec163a4c0	8	140990578	141041556	69	-0.1571
6bf8c9c3-5b30-4b98-be21-722ec163a4c0	8	141044125	142775847	927	-0.2612
6bf8c9c3-5b30-4b98-be21-722ec163a4c0	8	142779510	145072769	823	-0.184
6bf8c9c3-5b30-4b98-be21-722ec163a4c0	9	46587	216720	26	0.6613
6bf8c9c3-5b30-4b98-be21-722ec163a4c0	9	216837	1540499	1623	0.9775
6bf8c9c3-5b30-4b98-be21-722ec163a4c0	9	1542744	18070314	14682	0.9382
6bf8c9c3-5b30-4b98-be21-722ec163a4c0	9	18070820	22925117	3788	0.9793
6bf8c9c3-5b30-4b98-be21-722ec163a4c0	9	22925245	23361121	287	0.6252
6bf8c9c3-5b30-4b98-be21-722ec163a4c0	9	23361807	23373486	9	1.3763
6bf8c9c3-5b30-4b98-be21-722ec163a4c0	9	23378490	28880010	4187	0.6617
6bf8c9c3-5b30-4b98-be21-722ec163a4c0	9	28880054	32040763	2177	0.6206
6bf8c9c3-5b30-4b98-be21-722ec163a4c0	9	32047509	34921684	1867	0.6825
6bf8c9c3-5b30-4b98-be21-722ec163a4c0	9	34925204	35819303	423	1.1766
6bf8c9c3-5b30-4b98-be21-722ec163a4c0	9	35825416	36077874	170	0.9796
6bf8c9c3-5b30-4b98-be21-722ec163a4c0	9	36078236	39146302	1881	0.6761
6bf8c9c3-5b30-4b98-be21-722ec163a4c0	9	39146321	39481878	24	0.2715
6bf8c9c3-5b30-4b98-be21-722ec163a4c0	9	39483251	41093148	67	0.5317
6bf8c9c3-5b30-4b98-be21-722ec163a4c0	9	41093268	42037471	52	0.2246
6bf8c9c3-5b30-4b98-be21-722ec163a4c0	9	42042339	61405110	91	0.6861
6bf8c9c3-5b30-4b98-be21-722ec163a4c0	9	61520021	61918848	41	0.1137
6bf8c9c3-5b30-4b98-be21-722ec163a4c0	9	61952716	67402423	147	0.3625
6bf8c9c3-5b30-4b98-be21-722ec163a4c0	9	67651028	78345811	7287	0.0259
6bf8c9c3-5b30-4b98-be21-722ec163a4c0	9	78346739	88808233	7455	-0.0103
6bf8c9c3-5b30-4b98-be21-722ec163a4c0	9	88808375	92877862	2868	0.0311
6bf8c9c3-5b30-4b98-be21-722ec163a4c0	9	92878080	92878099	2	-1.4629
6bf8c9c3-5b30-4b98-be21-722ec163a4c0	9	92884838	116076035	16563	0.0231
6bf8c9c3-5b30-4b98-be21-722ec163a4c0	9	116076657	120187214	3502	-0.0227
6bf8c9c3-5b30-4b98-be21-722ec163a4c0	9	120188734	133782344	8195	0.014
6bf8c9c3-5b30-4b98-be21-722ec163a4c0	9	133782566	135809304	1183	-0.0573
6bf8c9c3-5b30-4b98-be21-722ec163a4c0	9	135809677	138200944	849	0.0036
6bf8c9c3-5b30-4b98-be21-722ec163a4c0	10	45792	3901087	3263	0.0873
6bf8c9c3-5b30-4b98-be21-722ec163a4c0	10	3904418	3904877	5	-0.8705
6bf8c9c3-5b30-4b98-be21-722ec163a4c0	10	3905635	26934974	17905	0.0818
6bf8c9c3-5b30-4b98-be21-722ec163a4c0	10	26936975	26938836	7	-0.9359
6bf8c9c3-5b30-4b98-be21-722ec163a4c0	10	26939421	32152125	3808	0.1003
6bf8c9c3-5b30-4b98-be21-722ec163a4c0	10	32152683	33295866	757	0.1804
6bf8c9c3-5b30-4b98-be21-722ec163a4c0	10	33297107	45798061	5668	0.0993
6bf8c9c3-5b30-4b98-be21-722ec163a4c0	10	45798171	45936113	3	-1.1449
6bf8c9c3-5b30-4b98-be21-722ec163a4c0	10	45998155	46836986	290	0.1308
6bf8c9c3-5b30-4b98-be21-722ec163a4c0	10	46898735	46901552	2	2.5492
6bf8c9c3-5b30-4b98-be21-722ec163a4c0	10	46967412	110776197	42272	0.0785
6bf8c9c3-5b30-4b98-be21-722ec163a4c0	10	110776961	110883982	87	1.2377
6bf8c9c3-5b30-4b98-be21-722ec163a4c0	10	110887437	121428750	7633	0.0803
6bf8c9c3-5b30-4b98-be21-722ec163a4c0	10	121434324	122370279	861	1.1978
6bf8c9c3-5b30-4b98-be21-722ec163a4c0	10	122379070	122574497	136	0.1165
6bf8c9c3-5b30-4b98-be21-722ec163a4c0	10	122584593	122591497	6	-0.8726
6bf8c9c3-5b30-4b98-be21-722ec163a4c0	10	122597296	133654968	7896	0.0594
6bf8c9c3-5b30-4b98-be21-722ec163a4c0	11	198510	1623210	483	0.0275
6bf8c9c3-5b30-4b98-be21-722ec163a4c0	11	1623675	1635897	14	-0.6456
6bf8c9c3-5b30-4b98-be21-722ec163a4c0	11	1638078	5766175	2733	0.0115
6bf8c9c3-5b30-4b98-be21-722ec163a4c0	11	5766850	5787818	31	0.3519
6bf8c9c3-5b30-4b98-be21-722ec163a4c0	11	5787909	8713684	2139	0.0154
6bf8c9c3-5b30-4b98-be21-722ec163a4c0	11	8715148	21825348	9899	0.0448
6bf8c9c3-5b30-4b98-be21-722ec163a4c0	11	21825960	32519117	7320	0.0199
6bf8c9c3-5b30-4b98-be21-722ec163a4c0	11	32519130	55606712	11821	0.0438
6bf8c9c3-5b30-4b98-be21-722ec163a4c0	11	55606727	55708084	70	0.2713
6bf8c9c3-5b30-4b98-be21-722ec163a4c0	11	55708163	61198004	3384	0.0382
6bf8c9c3-5b30-4b98-be21-722ec163a4c0	11	61248334	61248776	2	-1.6217
6bf8c9c3-5b30-4b98-be21-722ec163a4c0	11	61252993	71752517	4943	0.0272
6bf8c9c3-5b30-4b98-be21-722ec163a4c0	11	71753030	71770617	6	-0.743
6bf8c9c3-5b30-4b98-be21-722ec163a4c0	11	71771008	88289820	10613	0.0377
6bf8c9c3-5b30-4b98-be21-722ec163a4c0	11	88289899	89759710	881	0.0042
6bf8c9c3-5b30-4b98-be21-722ec163a4c0	11	89765194	89817056	10	-0.9626
6bf8c9c3-5b30-4b98-be21-722ec163a4c0	11	89834373	131162218	29298	0.0186
6bf8c9c3-5b30-4b98-be21-722ec163a4c0	11	131162353	134079584	2358	-0.031
6bf8c9c3-5b30-4b98-be21-722ec163a4c0	11	134083080	135074876	744	0.004
6bf8c9c3-5b30-4b98-be21-722ec163a4c0	12	51460	71531	5	-0.4516
6bf8c9c3-5b30-4b98-be21-722ec163a4c0	12	81888	11351157	7366	0.0675
6bf8c9c3-5b30-4b98-be21-722ec163a4c0	12	11358643	11390472	31	1.0074
6bf8c9c3-5b30-4b98-be21-722ec163a4c0	12	11399258	14576770	2471	0.0811
6bf8c9c3-5b30-4b98-be21-722ec163a4c0	12	14583845	16542949	1276	-0.0813
6bf8c9c3-5b30-4b98-be21-722ec163a4c0	12	16545594	27941830	7789	0.0516
6bf8c9c3-5b30-4b98-be21-722ec163a4c0	12	27941988	27944711	12	-0.7902
6bf8c9c3-5b30-4b98-be21-722ec163a4c0	12	27950527	28166450	148	0.0335
6bf8c9c3-5b30-4b98-be21-722ec163a4c0	12	28168263	29669447	1092	0.1018
6bf8c9c3-5b30-4b98-be21-722ec163a4c0	12	29669554	33141726	2575	0.0268
6bf8c9c3-5b30-4b98-be21-722ec163a4c0	12	33148472	33154013	24	-0.5089
6bf8c9c3-5b30-4b98-be21-722ec163a4c0	12	33154031	61867284	15095	0.0654
6bf8c9c3-5b30-4b98-be21-722ec163a4c0	12	61880090	61885804	12	-0.7828
6bf8c9c3-5b30-4b98-be21-722ec163a4c0	12	61885880	75770845	8942	0.0626
6bf8c9c3-5b30-4b98-be21-722ec163a4c0	12	75770888	94243080	11591	-0.1108
6bf8c9c3-5b30-4b98-be21-722ec163a4c0	12	94243422	94246411	4	-1.2577
6bf8c9c3-5b30-4b98-be21-722ec163a4c0	12	94246596	99398036	3617	-0.1128
6bf8c9c3-5b30-4b98-be21-722ec163a4c0	12	99401515	99404956	31	-0.6901
6bf8c9c3-5b30-4b98-be21-722ec163a4c0	12	99409315	128746768	19637	-0.1234
6bf8c9c3-5b30-4b98-be21-722ec163a4c0	12	128747597	128747752	2	-3.7727
6bf8c9c3-5b30-4b98-be21-722ec163a4c0	12	128748000	133201603	3061	-0.1497
6bf8c9c3-5b30-4b98-be21-722ec163a4c0	13	18452809	27326397	6084	-0.0579
6bf8c9c3-5b30-4b98-be21-722ec163a4c0	13	27326540	37496998	7385	-0.2083
6bf8c9c3-5b30-4b98-be21-722ec163a4c0	13	37497899	37510620	16	0.5098
6bf8c9c3-5b30-4b98-be21-722ec163a4c0	13	37514193	38478674	701	-0.187
6bf8c9c3-5b30-4b98-be21-722ec163a4c0	13	38483435	38483919	2	-1.654
6bf8c9c3-5b30-4b98-be21-722ec163a4c0	13	38490920	50269360	7920	-0.2067
6bf8c9c3-5b30-4b98-be21-722ec163a4c0	13	50269628	55218385	2930	-0.149
6bf8c9c3-5b30-4b98-be21-722ec163a4c0	13	55222349	56702782	732	-0.0681
6bf8c9c3-5b30-4b98-be21-722ec163a4c0	13	56705755	59514742	1676	0.0248
6bf8c9c3-5b30-4b98-be21-722ec163a4c0	13	59515109	60727898	716	-0.0524
6bf8c9c3-5b30-4b98-be21-722ec163a4c0	13	60728953	61028389	222	-0.1865
6bf8c9c3-5b30-4b98-be21-722ec163a4c0	13	61029247	62894979	1008	-0.058
6bf8c9c3-5b30-4b98-be21-722ec163a4c0	13	62897794	66317184	2039	-0.1494
6bf8c9c3-5b30-4b98-be21-722ec163a4c0	13	66317403	71902850	3582	-0.0043
6bf8c9c3-5b30-4b98-be21-722ec163a4c0	13	71903417	71906418	4	-2.2124
6bf8c9c3-5b30-4b98-be21-722ec163a4c0	13	71906467	79902529	5600	-0.0003
6bf8c9c3-5b30-4b98-be21-722ec163a4c0	13	79902795	88802710	5409	-0.0407
6bf8c9c3-5b30-4b98-be21-722ec163a4c0	13	88804061	89137188	199	0.0203
6bf8c9c3-5b30-4b98-be21-722ec163a4c0	13	89137294	89170499	21	0.297
6bf8c9c3-5b30-4b98-be21-722ec163a4c0	13	89172448	89763914	349	-0.003
6bf8c9c3-5b30-4b98-be21-722ec163a4c0	13	89766520	90540025	504	0.0982
6bf8c9c3-5b30-4b98-be21-722ec163a4c0	13	90543610	90548490	4	-0.5677
6bf8c9c3-5b30-4b98-be21-722ec163a4c0	13	90548923	91393325	527	0.0447
6bf8c9c3-5b30-4b98-be21-722ec163a4c0	13	91393414	97850378	4308	0.155
6bf8c9c3-5b30-4b98-be21-722ec163a4c0	13	97850475	110932159	10274	0.0545
6bf8c9c3-5b30-4b98-be21-722ec163a4c0	13	110936620	110936805	2	-1.2842
6bf8c9c3-5b30-4b98-be21-722ec163a4c0	13	110937681	113648187	1640	0.0545
6bf8c9c3-5b30-4b98-be21-722ec163a4c0	13	113648307	114342922	224	-0.0306
6bf8c9c3-5b30-4b98-be21-722ec163a4c0	14	18239283	19011729	28	0.0949
6bf8c9c3-5b30-4b98-be21-722ec163a4c0	14	19012857	19955213	139	-0.1915
6bf8c9c3-5b30-4b98-be21-722ec163a4c0	14	19956767	21881982	1293	0.2743
6bf8c9c3-5b30-4b98-be21-722ec163a4c0	14	21882826	22477230	516	0.4252
6bf8c9c3-5b30-4b98-be21-722ec163a4c0	14	22477390	26000630	2277	0.2574
6bf8c9c3-5b30-4b98-be21-722ec163a4c0	14	26001254	37665374	7350	0.154
6bf8c9c3-5b30-4b98-be21-722ec163a4c0	14	37665599	37668971	3	-1.2293
6bf8c9c3-5b30-4b98-be21-722ec163a4c0	14	37669965	41139155	2146	0.1454
6bf8c9c3-5b30-4b98-be21-722ec163a4c0	14	41141293	41188146	15	-0.6032
6bf8c9c3-5b30-4b98-be21-722ec163a4c0	14	41200899	41644235	296	0.1707
6bf8c9c3-5b30-4b98-be21-722ec163a4c0	14	41645024	43161696	960	0.0406
6bf8c9c3-5b30-4b98-be21-722ec163a4c0	14	43161853	54861917	7219	0.1583
6bf8c9c3-5b30-4b98-be21-722ec163a4c0	14	54862990	55731279	480	0.056
6bf8c9c3-5b30-4b98-be21-722ec163a4c0	14	55731806	56305252	518	0.139
6bf8c9c3-5b30-4b98-be21-722ec163a4c0	14	56306866	59952996	2411	0.047
6bf8c9c3-5b30-4b98-be21-722ec163a4c0	14	59960053	74760084	9247	0.1634
6bf8c9c3-5b30-4b98-be21-722ec163a4c0	14	74762153	79757711	3455	0.2698
6bf8c9c3-5b30-4b98-be21-722ec163a4c0	14	79760880	79762709	2	-1.581
6bf8c9c3-5b30-4b98-be21-722ec163a4c0	14	79765171	89039122	6076	0.2522
6bf8c9c3-5b30-4b98-be21-722ec163a4c0	14	89039936	90221466	805	0.1299
6bf8c9c3-5b30-4b98-be21-722ec163a4c0	14	90225413	106418444	9894	0.2815
6bf8c9c3-5b30-4b98-be21-722ec163a4c0	14	106423925	106462183	48	-0.6242
6bf8c9c3-5b30-4b98-be21-722ec163a4c0	14	106462724	106877229	195	0.2802
6bf8c9c3-5b30-4b98-be21-722ec163a4c0	15	19811075	20001686	45	-0.0897
6bf8c9c3-5b30-4b98-be21-722ec163a4c0	15	20011702	20056983	5	-1.7289
6bf8c9c3-5b30-4b98-be21-722ec163a4c0	15	20059033	21999319	128	-0.3993
6bf8c9c3-5b30-4b98-be21-722ec163a4c0	15	22003073	22299523	28	-0.8409
6bf8c9c3-5b30-4b98-be21-722ec163a4c0	15	22385639	22633586	17	0.2402
6bf8c9c3-5b30-4b98-be21-722ec163a4c0	15	22635920	30984242	4795	-0.3088
6bf8c9c3-5b30-4b98-be21-722ec163a4c0	15	30985474	30997195	5	0.1507
6bf8c9c3-5b30-4b98-be21-722ec163a4c0	15	30997246	30998178	2	-2.5107
6bf8c9c3-5b30-4b98-be21-722ec163a4c0	15	30998244	53492794	14063	-0.2819
6bf8c9c3-5b30-4b98-be21-722ec163a4c0	15	53492842	53493082	5	-1.5046
6bf8c9c3-5b30-4b98-be21-722ec163a4c0	15	53498050	65979434	8480	-0.2764
6bf8c9c3-5b30-4b98-be21-722ec163a4c0	15	65979486	75071535	5652	-0.3103
6bf8c9c3-5b30-4b98-be21-722ec163a4c0	15	75072182	76586021	650	-0.278
6bf8c9c3-5b30-4b98-be21-722ec163a4c0	15	76598900	76599700	9	-2.2969
6bf8c9c3-5b30-4b98-be21-722ec163a4c0	15	76599852	76603434	13	-1.3398
6bf8c9c3-5b30-4b98-be21-722ec163a4c0	15	76609838	101928837	17591	-0.301
6bf8c9c3-5b30-4b98-be21-722ec163a4c0	16	10777	19933041	13461	0.0765
6bf8c9c3-5b30-4b98-be21-722ec163a4c0	16	19934328	19954553	28	-0.8093
6bf8c9c3-5b30-4b98-be21-722ec163a4c0	16	19956040	22546611	1277	0.0756
6bf8c9c3-5b30-4b98-be21-722ec163a4c0	16	22546990	22719033	88	0.284
6bf8c9c3-5b30-4b98-be21-722ec163a4c0	16	22719118	35225338	5301	0.0677
6bf8c9c3-5b30-4b98-be21-722ec163a4c0	16	35232200	35521195	167	0.6817
6bf8c9c3-5b30-4b98-be21-722ec163a4c0	16	35522700	46441986	135	0.0557
6bf8c9c3-5b30-4b98-be21-722ec163a4c0	16	46444015	55371085	6107	0.3072
6bf8c9c3-5b30-4b98-be21-722ec163a4c0	16	55371537	55762682	360	0.2078
6bf8c9c3-5b30-4b98-be21-722ec163a4c0	16	55764310	55788532	18	1.0227
6bf8c9c3-5b30-4b98-be21-722ec163a4c0	16	55808442	70105639	8749	0.1759
6bf8c9c3-5b30-4b98-be21-722ec163a4c0	16	70117657	70146223	6	-0.6889
6bf8c9c3-5b30-4b98-be21-722ec163a4c0	16	70146293	76310593	3570	0.1841
6bf8c9c3-5b30-4b98-be21-722ec163a4c0	16	76310667	76310863	2	1.6008
6bf8c9c3-5b30-4b98-be21-722ec163a4c0	16	76312096	77561388	1107	0.1594
6bf8c9c3-5b30-4b98-be21-722ec163a4c0	16	77561438	77561468	2	-0.9802
6bf8c9c3-5b30-4b98-be21-722ec163a4c0	16	77562124	78337711	836	0.1731
6bf8c9c3-5b30-4b98-be21-722ec163a4c0	16	78338543	78350868	17	-0.3768
6bf8c9c3-5b30-4b98-be21-722ec163a4c0	16	78351104	89871832	10483	0.1867
6bf8c9c3-5b30-4b98-be21-722ec163a4c0	16	89871855	90096867	127	0.1182
6bf8c9c3-5b30-4b98-be21-722ec163a4c0	17	150733	16759600	10467	0.1428
6bf8c9c3-5b30-4b98-be21-722ec163a4c0	17	16759737	16838214	11	0.9839
6bf8c9c3-5b30-4b98-be21-722ec163a4c0	17	16838470	18414080	906	0.1396
6bf8c9c3-5b30-4b98-be21-722ec163a4c0	17	18452078	18561907	27	-1.4163
6bf8c9c3-5b30-4b98-be21-722ec163a4c0	17	18565883	22728509	1475	0.1396
6bf8c9c3-5b30-4b98-be21-722ec163a4c0	17	22728514	28452035	776	-0.1295
6bf8c9c3-5b30-4b98-be21-722ec163a4c0	17	28454323	28455301	2	-2.7493
6bf8c9c3-5b30-4b98-be21-722ec163a4c0	17	28462253	37833659	5562	-0.1235
6bf8c9c3-5b30-4b98-be21-722ec163a4c0	17	37833988	41265456	1572	0.132
6bf8c9c3-5b30-4b98-be21-722ec163a4c0	17	41266762	41273921	21	-0.5945
6bf8c9c3-5b30-4b98-be21-722ec163a4c0	17	41273934	42088282	522	0.1022
6bf8c9c3-5b30-4b98-be21-722ec163a4c0	17	42094309	42111459	10	1.2142
6bf8c9c3-5b30-4b98-be21-722ec163a4c0	17	42116853	42167750	20	0.5291
6bf8c9c3-5b30-4b98-be21-722ec163a4c0	17	42170234	42178326	5	-0.5349
6bf8c9c3-5b30-4b98-be21-722ec163a4c0	17	42182787	42630942	206	0.5843
6bf8c9c3-5b30-4b98-be21-722ec163a4c0	17	42633025	42882695	92	-0.4649
6bf8c9c3-5b30-4b98-be21-722ec163a4c0	17	42883833	42954068	38	0.4667
6bf8c9c3-5b30-4b98-be21-722ec163a4c0	17	42956213	42962595	6	-0.4326
6bf8c9c3-5b30-4b98-be21-722ec163a4c0	17	42971493	43036325	45	0.5866
6bf8c9c3-5b30-4b98-be21-722ec163a4c0	17	43045257	43544056	268	-0.3236
6bf8c9c3-5b30-4b98-be21-722ec163a4c0	17	43544115	45117838	783	-0.4407
6bf8c9c3-5b30-4b98-be21-722ec163a4c0	17	45118296	45118446	3	-1.8267
6bf8c9c3-5b30-4b98-be21-722ec163a4c0	17	45118614	45571174	159	-0.4618
6bf8c9c3-5b30-4b98-be21-722ec163a4c0	17	45577724	45582060	7	0.2707
6bf8c9c3-5b30-4b98-be21-722ec163a4c0	17	45587327	46085732	337	-0.4166
6bf8c9c3-5b30-4b98-be21-722ec163a4c0	17	46088437	46286804	124	0.3357
6bf8c9c3-5b30-4b98-be21-722ec163a4c0	17	46323701	53034620	3681	-0.4379
6bf8c9c3-5b30-4b98-be21-722ec163a4c0	17	53035026	53036087	4	-1.6509
6bf8c9c3-5b30-4b98-be21-722ec163a4c0	17	53036639	58887071	4045	-0.4411
6bf8c9c3-5b30-4b98-be21-722ec163a4c0	17	58889863	83091923	13825	-0.2906
6bf8c9c3-5b30-4b98-be21-722ec163a4c0	18	48133	5478761	3867	-0.4421
6bf8c9c3-5b30-4b98-be21-722ec163a4c0	18	5478847	14008337	6093	-0.4852
6bf8c9c3-5b30-4b98-be21-722ec163a4c0	18	14008596	24480951	2327	-0.4265
6bf8c9c3-5b30-4b98-be21-722ec163a4c0	18	24482852	28310236	2574	-0.4775
6bf8c9c3-5b30-4b98-be21-722ec163a4c0	18	28310673	37237149	5642	-0.4296
6bf8c9c3-5b30-4b98-be21-722ec163a4c0	18	37241025	37688842	308	-0.5851
6bf8c9c3-5b30-4b98-be21-722ec163a4c0	18	37689709	40678763	1943	-0.4497
6bf8c9c3-5b30-4b98-be21-722ec163a4c0	18	40680456	40689848	22	0.1296
6bf8c9c3-5b30-4b98-be21-722ec163a4c0	18	40690108	62320408	14806	-0.4698
6bf8c9c3-5b30-4b98-be21-722ec163a4c0	18	62330201	63125363	454	-0.8952
6bf8c9c3-5b30-4b98-be21-722ec163a4c0	18	63125380	63154799	58	-0.5098
6bf8c9c3-5b30-4b98-be21-722ec163a4c0	18	63154814	63295904	199	-0.8836
6bf8c9c3-5b30-4b98-be21-722ec163a4c0	18	63299164	67143231	2662	-0.4403
6bf8c9c3-5b30-4b98-be21-722ec163a4c0	18	67146068	67146134	2	-2.0133
6bf8c9c3-5b30-4b98-be21-722ec163a4c0	18	67146639	73846047	5072	-0.4311
6bf8c9c3-5b30-4b98-be21-722ec163a4c0	18	73848579	79541753	4247	-0.5212
6bf8c9c3-5b30-4b98-be21-722ec163a4c0	18	79542944	79632379	43	0.1034
6bf8c9c3-5b30-4b98-be21-722ec163a4c0	18	79635113	79813896	86	-0.5737
6bf8c9c3-5b30-4b98-be21-722ec163a4c0	18	79814431	80018212	91	0.0557
6bf8c9c3-5b30-4b98-be21-722ec163a4c0	18	80020683	80257174	146	-0.516
6bf8c9c3-5b30-4b98-be21-722ec163a4c0	19	90910	10089663	3869	-0.0124
6bf8c9c3-5b30-4b98-be21-722ec163a4c0	19	10102310	10103147	2	-1.4146
6bf8c9c3-5b30-4b98-be21-722ec163a4c0	19	10104385	14897086	2192	-0.0072
6bf8c9c3-5b30-4b98-be21-722ec163a4c0	19	14897788	15190909	249	0.3555
6bf8c9c3-5b30-4b98-be21-722ec163a4c0	19	15191023	15191509	3	0.5227
6bf8c9c3-5b30-4b98-be21-722ec163a4c0	19	15191581	15644632	229	1.0123
6bf8c9c3-5b30-4b98-be21-722ec163a4c0	19	15645703	16123727	367	0.6592
6bf8c9c3-5b30-4b98-be21-722ec163a4c0	19	16123744	21632117	2697	0.2293
6bf8c9c3-5b30-4b98-be21-722ec163a4c0	19	21632838	21642962	7	-0.5841
6bf8c9c3-5b30-4b98-be21-722ec163a4c0	19	21649919	22343510	410	0.1973
6bf8c9c3-5b30-4b98-be21-722ec163a4c0	19	22345044	24173458	1067	0.1024
6bf8c9c3-5b30-4b98-be21-722ec163a4c0	19	24174509	35358420	5611	-0.1706
6bf8c9c3-5b30-4b98-be21-722ec163a4c0	19	35364451	35370946	21	-0.8895
6bf8c9c3-5b30-4b98-be21-722ec163a4c0	19	35375842	51639099	8031	-0.1453
6bf8c9c3-5b30-4b98-be21-722ec163a4c0	19	51639362	51644944	10	-1.394
6bf8c9c3-5b30-4b98-be21-722ec163a4c0	19	51651652	53013829	938	-0.1139
6bf8c9c3-5b30-4b98-be21-722ec163a4c0	19	53015494	53048976	22	0.6017
6bf8c9c3-5b30-4b98-be21-722ec163a4c0	19	53050987	58586487	3375	-0.145
6bf8c9c3-5b30-4b98-be21-722ec163a4c0	20	80664	1571811	1183	0.183
6bf8c9c3-5b30-4b98-be21-722ec163a4c0	20	1576544	1579897	15	-0.9545
6bf8c9c3-5b30-4b98-be21-722ec163a4c0	20	1579916	1601122	40	-0.3699
6bf8c9c3-5b30-4b98-be21-722ec163a4c0	20	1601446	7940345	4731	0.1841
6bf8c9c3-5b30-4b98-be21-722ec163a4c0	20	7942272	9445053	1225	0.2553
6bf8c9c3-5b30-4b98-be21-722ec163a4c0	20	9445066	21735062	9700	0.1882
6bf8c9c3-5b30-4b98-be21-722ec163a4c0	20	21740005	22008972	170	3.9611
6bf8c9c3-5b30-4b98-be21-722ec163a4c0	20	22016477	23723651	1396	2.4875
6bf8c9c3-5b30-4b98-be21-722ec163a4c0	20	23727212	25275630	1147	2.2674
6bf8c9c3-5b30-4b98-be21-722ec163a4c0	20	25277732	25495005	88	2.5463
6bf8c9c3-5b30-4b98-be21-722ec163a4c0	20	25501030	26324943	312	0.5966
6bf8c9c3-5b30-4b98-be21-722ec163a4c0	20	30185676	36407432	2526	0.344
6bf8c9c3-5b30-4b98-be21-722ec163a4c0	20	36409462	36418546	4	-0.851
6bf8c9c3-5b30-4b98-be21-722ec163a4c0	20	36419964	44406520	5598	0.3166
6bf8c9c3-5b30-4b98-be21-722ec163a4c0	20	44407111	44408051	3	-0.9177
6bf8c9c3-5b30-4b98-be21-722ec163a4c0	20	44408373	52031054	5244	0.3337
6bf8c9c3-5b30-4b98-be21-722ec163a4c0	20	52036258	52037861	4	-1.3469
6bf8c9c3-5b30-4b98-be21-722ec163a4c0	20	52038037	52716973	464	0.3416
6bf8c9c3-5b30-4b98-be21-722ec163a4c0	20	52718884	52719468	3	-0.7649
6bf8c9c3-5b30-4b98-be21-722ec163a4c0	20	52719921	52962962	186	0.3304
6bf8c9c3-5b30-4b98-be21-722ec163a4c0	20	52963248	54065071	910	0.3801
6bf8c9c3-5b30-4b98-be21-722ec163a4c0	20	54065291	54065389	5	-0.4998
6bf8c9c3-5b30-4b98-be21-722ec163a4c0	20	54065719	64260467	7380	0.3131
6bf8c9c3-5b30-4b98-be21-722ec163a4c0	20	64261403	64324800	26	0.4832
6bf8c9c3-5b30-4b98-be21-722ec163a4c0	21	10354168	10420991	11	-0.0757
6bf8c9c3-5b30-4b98-be21-722ec163a4c0	21	10427776	12996806	79	0.2578
6bf8c9c3-5b30-4b98-be21-722ec163a4c0	21	12996886	19933207	4427	-0.1274
6bf8c9c3-5b30-4b98-be21-722ec163a4c0	21	19933455	19967540	18	-1.1608
6bf8c9c3-5b30-4b98-be21-722ec163a4c0	21	19971271	45244037	18479	-0.1456
6bf8c9c3-5b30-4b98-be21-722ec163a4c0	21	45244078	46366609	591	-0.2225
6bf8c9c3-5b30-4b98-be21-722ec163a4c0	21	46367201	46677045	231	-0.1519
6bf8c9c3-5b30-4b98-be21-722ec163a4c0	22	15294547	22379789	3432	-0.1339
6bf8c9c3-5b30-4b98-be21-722ec163a4c0	22	22385945	22385950	2	-1.8366
6bf8c9c3-5b30-4b98-be21-722ec163a4c0	22	22385952	22398345	19	-0.1739
6bf8c9c3-5b30-4b98-be21-722ec163a4c0	22	22398407	22398545	3	-1.4468
6bf8c9c3-5b30-4b98-be21-722ec163a4c0	22	22402989	23987520	931	-0.1245
6bf8c9c3-5b30-4b98-be21-722ec163a4c0	22	23988078	23989773	2	-3.0543
6bf8c9c3-5b30-4b98-be21-722ec163a4c0	22	23990431	27906126	3443	-0.1562
6bf8c9c3-5b30-4b98-be21-722ec163a4c0	22	27907105	33777419	3803	-0.0008
6bf8c9c3-5b30-4b98-be21-722ec163a4c0	22	33778960	33778998	4	-2.2386
6bf8c9c3-5b30-4b98-be21-722ec163a4c0	22	33785435	35708683	1698	-0.0113
6bf8c9c3-5b30-4b98-be21-722ec163a4c0	22	35709935	38894915	1848	-0.1239
6bf8c9c3-5b30-4b98-be21-722ec163a4c0	22	38899250	38900899	3	-3.0632
6bf8c9c3-5b30-4b98-be21-722ec163a4c0	22	38903109	43238985	2389	-0.1186
6bf8c9c3-5b30-4b98-be21-722ec163a4c0	22	43239201	50733402	5664	-0.312
6bf8c9c3-5b30-4b98-be21-722ec163a4c0	22	50736945	50796027	17	-0.0836
6bf8c9c3-5b30-4b98-be21-722ec163a4c0	X	251810	155550401	83346	-0.0037
6bf8c9c3-5b30-4b98-be21-722ec163a4c0	X	155550509	155556117	9	-1.8471
6bf8c9c3-5b30-4b98-be21-722ec163a4c0	X	155557895	155952689	96	0.0085
6bf8c9c3-5b30-4b98-be21-722ec163a4c0	Y	2782397	56872112	6638	-1.1368
