GDC_Aliquot	Chromosome	Start	End	Num_Probes	Segment_Mean
c95142c6-639c-44ff-8c12-a28bc642feda	1	62920	98588	12	0.6799
c95142c6-639c-44ff-8c12-a28bc642feda	1	98602	1956930	311	-0.3733
c95142c6-639c-44ff-8c12-a28bc642feda	1	1958678	5342810	1966	-0.4816
c95142c6-639c-44ff-8c12-a28bc642feda	1	5343525	29803607	13676	-0.3289
c95142c6-639c-44ff-8c12-a28bc642feda	1	29805346	30895010	879	-0.4529
c95142c6-639c-44ff-8c12-a28bc642feda	1	30895082	55490685	13742	-0.3313
c95142c6-639c-44ff-8c12-a28bc642feda	1	55491599	58165368	2228	-0.3872
c95142c6-639c-44ff-8c12-a28bc642feda	1	58165455	72303233	9771	-0.319
c95142c6-639c-44ff-8c12-a28bc642feda	1	72303253	72343689	39	-1.1569
c95142c6-639c-44ff-8c12-a28bc642feda	1	72343748	76702883	2794	-0.3582
c95142c6-639c-44ff-8c12-a28bc642feda	1	76703898	76727974	21	0.3461
c95142c6-639c-44ff-8c12-a28bc642feda	1	76730909	78723819	1187	-0.3244
c95142c6-639c-44ff-8c12-a28bc642feda	1	78724112	81422771	1764	-0.38
c95142c6-639c-44ff-8c12-a28bc642feda	1	81422917	81422920	2	1.797
c95142c6-639c-44ff-8c12-a28bc642feda	1	81422982	83126410	1214	-0.4133
c95142c6-639c-44ff-8c12-a28bc642feda	1	83126540	121601998	23661	-0.3328
c95142c6-639c-44ff-8c12-a28bc642feda	1	121705338	152582700	2431	0.3059
c95142c6-639c-44ff-8c12-a28bc642feda	1	152583051	152613242	30	1.0299
c95142c6-639c-44ff-8c12-a28bc642feda	1	152613641	158896783	3809	0.2798
c95142c6-639c-44ff-8c12-a28bc642feda	1	158898711	158899969	2	3.102
c95142c6-639c-44ff-8c12-a28bc642feda	1	158905028	168474407	6945	0.2766
c95142c6-639c-44ff-8c12-a28bc642feda	1	168474971	169265291	689	0.3785
c95142c6-639c-44ff-8c12-a28bc642feda	1	169268642	169272528	5	1.2856
c95142c6-639c-44ff-8c12-a28bc642feda	1	169273163	169454557	107	0.3498
c95142c6-639c-44ff-8c12-a28bc642feda	1	169454572	177516646	5179	0.2608
c95142c6-639c-44ff-8c12-a28bc642feda	1	177521155	178696995	766	0.3305
c95142c6-639c-44ff-8c12-a28bc642feda	1	178697037	178702586	17	0.8377
c95142c6-639c-44ff-8c12-a28bc642feda	1	178702615	179022504	179	0.3611
c95142c6-639c-44ff-8c12-a28bc642feda	1	179023312	193244080	9590	0.2524
c95142c6-639c-44ff-8c12-a28bc642feda	1	193244261	193244329	3	1.6957
c95142c6-639c-44ff-8c12-a28bc642feda	1	193244344	196745743	2286	0.2647
c95142c6-639c-44ff-8c12-a28bc642feda	1	196758720	196769652	8	-0.4894
c95142c6-639c-44ff-8c12-a28bc642feda	1	196769851	196801565	34	0.7771
c95142c6-639c-44ff-8c12-a28bc642feda	1	196802150	196869965	34	-0.4572
c95142c6-639c-44ff-8c12-a28bc642feda	1	196870033	196878339	20	-1.29
c95142c6-639c-44ff-8c12-a28bc642feda	1	196878845	196936029	26	-0.4933
c95142c6-639c-44ff-8c12-a28bc642feda	1	196940515	199142235	1307	0.2414
c95142c6-639c-44ff-8c12-a28bc642feda	1	199142298	199144712	8	-1.0743
c95142c6-639c-44ff-8c12-a28bc642feda	1	199145110	236085372	25125	0.2761
c95142c6-639c-44ff-8c12-a28bc642feda	1	236086547	238800564	2267	0.2184
c95142c6-639c-44ff-8c12-a28bc642feda	1	238801412	239585649	526	0.3333
c95142c6-639c-44ff-8c12-a28bc642feda	1	239585914	242147281	2033	0.2452
c95142c6-639c-44ff-8c12-a28bc642feda	1	242157358	242166903	17	-0.3554
c95142c6-639c-44ff-8c12-a28bc642feda	1	242167781	243135116	656	0.1675
c95142c6-639c-44ff-8c12-a28bc642feda	1	243135657	243189078	19	0.8698
c95142c6-639c-44ff-8c12-a28bc642feda	1	243190549	244267975	742	0.2175
c95142c6-639c-44ff-8c12-a28bc642feda	1	244268866	248572774	2766	0.3045
c95142c6-639c-44ff-8c12-a28bc642feda	1	248574146	248645808	35	-1.7441
c95142c6-639c-44ff-8c12-a28bc642feda	1	248646068	248930189	138	0.2091
c95142c6-639c-44ff-8c12-a28bc642feda	2	12784	1318101	871	0.0818
c95142c6-639c-44ff-8c12-a28bc642feda	2	1323864	1990448	438	-0.0732
c95142c6-639c-44ff-8c12-a28bc642feda	2	1990663	7392869	4511	0.0693
c95142c6-639c-44ff-8c12-a28bc642feda	2	7393304	32405480	16715	0.1299
c95142c6-639c-44ff-8c12-a28bc642feda	2	32410216	32597634	94	0.449
c95142c6-639c-44ff-8c12-a28bc642feda	2	32600858	34476668	1419	0.1206
c95142c6-639c-44ff-8c12-a28bc642feda	2	34483565	34492416	19	0.8256
c95142c6-639c-44ff-8c12-a28bc642feda	2	34492601	40381231	4313	0.139
c95142c6-639c-44ff-8c12-a28bc642feda	2	40385644	40386349	3	-1.6236
c95142c6-639c-44ff-8c12-a28bc642feda	2	40387528	41011095	498	0.0966
c95142c6-639c-44ff-8c12-a28bc642feda	2	41011303	41018747	22	-0.8073
c95142c6-639c-44ff-8c12-a28bc642feda	2	41024093	124891206	48543	0.127
c95142c6-639c-44ff-8c12-a28bc642feda	2	124894355	124900785	6	-1.565
c95142c6-639c-44ff-8c12-a28bc642feda	2	124902115	127094445	1335	0.1278
c95142c6-639c-44ff-8c12-a28bc642feda	2	127099470	127100370	3	1.7056
c95142c6-639c-44ff-8c12-a28bc642feda	2	127101070	134448164	4255	0.1072
c95142c6-639c-44ff-8c12-a28bc642feda	2	134448413	134451571	2	-2.2175
c95142c6-639c-44ff-8c12-a28bc642feda	2	134451583	137751711	2042	0.0862
c95142c6-639c-44ff-8c12-a28bc642feda	2	137751822	137754783	5	-1.1781
c95142c6-639c-44ff-8c12-a28bc642feda	2	137757882	142157810	2856	0.1202
c95142c6-639c-44ff-8c12-a28bc642feda	2	142162721	144683731	1450	0.0416
c95142c6-639c-44ff-8c12-a28bc642feda	2	144684237	146107511	825	0.107
c95142c6-639c-44ff-8c12-a28bc642feda	2	146107526	146120842	21	1.0299
c95142c6-639c-44ff-8c12-a28bc642feda	2	146120874	155396545	5612	0.1098
c95142c6-639c-44ff-8c12-a28bc642feda	2	155396598	176394114	12768	0.1445
c95142c6-639c-44ff-8c12-a28bc642feda	2	176402448	176407805	2	2.0348
c95142c6-639c-44ff-8c12-a28bc642feda	2	176410410	194755786	10903	0.1416
c95142c6-639c-44ff-8c12-a28bc642feda	2	194758953	195315291	334	0.2672
c95142c6-639c-44ff-8c12-a28bc642feda	2	195315562	198298927	1704	0.1361
c95142c6-639c-44ff-8c12-a28bc642feda	2	198302364	199297967	627	0.2371
c95142c6-639c-44ff-8c12-a28bc642feda	2	199298043	202425290	1758	0.1319
c95142c6-639c-44ff-8c12-a28bc642feda	2	202425310	202448774	47	0.5841
c95142c6-639c-44ff-8c12-a28bc642feda	2	202448792	205274718	1687	0.1611
c95142c6-639c-44ff-8c12-a28bc642feda	2	205274964	205305552	24	0.1009
c95142c6-639c-44ff-8c12-a28bc642feda	2	205306252	205569892	187	-0.1462
c95142c6-639c-44ff-8c12-a28bc642feda	2	205570085	212520793	4435	0.113
c95142c6-639c-44ff-8c12-a28bc642feda	2	212520898	212521351	2	-1.8785
c95142c6-639c-44ff-8c12-a28bc642feda	2	212522839	213481090	639	0.0807
c95142c6-639c-44ff-8c12-a28bc642feda	2	213486266	213490966	6	-0.9924
c95142c6-639c-44ff-8c12-a28bc642feda	2	213495320	236297564	14714	0.1189
c95142c6-639c-44ff-8c12-a28bc642feda	2	236300249	242147305	3470	0.0937
c95142c6-639c-44ff-8c12-a28bc642feda	3	20930	936953	736	0.063
c95142c6-639c-44ff-8c12-a28bc642feda	3	937659	11575834	8871	-0.024
c95142c6-639c-44ff-8c12-a28bc642feda	3	11575964	12658016	869	0.0619
c95142c6-639c-44ff-8c12-a28bc642feda	3	12658121	12666277	11	0.7098
c95142c6-639c-44ff-8c12-a28bc642feda	3	12666341	12726437	25	0.0814
c95142c6-639c-44ff-8c12-a28bc642feda	3	12727195	29854052	11688	-0.0267
c95142c6-639c-44ff-8c12-a28bc642feda	3	29855371	30269583	334	0.1096
c95142c6-639c-44ff-8c12-a28bc642feda	3	30271273	30271984	2	1.3681
c95142c6-639c-44ff-8c12-a28bc642feda	3	30272419	31446153	910	0.0736
c95142c6-639c-44ff-8c12-a28bc642feda	3	31447658	46751887	9618	0.0089
c95142c6-639c-44ff-8c12-a28bc642feda	3	46760327	46808099	40	-2.2292
c95142c6-639c-44ff-8c12-a28bc642feda	3	46817989	54593680	3623	0.0344
c95142c6-639c-44ff-8c12-a28bc642feda	3	54596240	56106993	1264	-0.0599
c95142c6-639c-44ff-8c12-a28bc642feda	3	56107528	60038503	2574	0.003
c95142c6-639c-44ff-8c12-a28bc642feda	3	60039157	60394131	386	-1.1013
c95142c6-639c-44ff-8c12-a28bc642feda	3	60394526	60401097	4	-5.0051
c95142c6-639c-44ff-8c12-a28bc642feda	3	60401132	60429527	35	-1.237
c95142c6-639c-44ff-8c12-a28bc642feda	3	60431306	60612884	221	-0.1475
c95142c6-639c-44ff-8c12-a28bc642feda	3	60618756	60831661	223	-0.6819
c95142c6-639c-44ff-8c12-a28bc642feda	3	60834427	63128733	1944	0.0032
c95142c6-639c-44ff-8c12-a28bc642feda	3	63142557	63150093	7	-1.1005
c95142c6-639c-44ff-8c12-a28bc642feda	3	63156515	68697133	4244	-0.0007
c95142c6-639c-44ff-8c12-a28bc642feda	3	68697295	68698262	12	-0.9645
c95142c6-639c-44ff-8c12-a28bc642feda	3	68699607	162790480	54797	-0.0074
c95142c6-639c-44ff-8c12-a28bc642feda	3	162794869	162908207	70	0.6109
c95142c6-639c-44ff-8c12-a28bc642feda	3	162908784	165337681	1340	-0.0182
c95142c6-639c-44ff-8c12-a28bc642feda	3	165341484	165344686	14	0.6356
c95142c6-639c-44ff-8c12-a28bc642feda	3	165344699	167362825	1125	-0.0021
c95142c6-639c-44ff-8c12-a28bc642feda	3	167367507	173256741	3676	0.0571
c95142c6-639c-44ff-8c12-a28bc642feda	3	173257915	174739350	995	0.0071
c95142c6-639c-44ff-8c12-a28bc642feda	3	174739896	174986439	157	-0.2975
c95142c6-639c-44ff-8c12-a28bc642feda	3	174988161	174989260	3	0.5134
c95142c6-639c-44ff-8c12-a28bc642feda	3	174991928	175106043	84	-0.6604
c95142c6-639c-44ff-8c12-a28bc642feda	3	175108799	175130876	12	-1.8313
c95142c6-639c-44ff-8c12-a28bc642feda	3	175136723	175351767	205	-0.6413
c95142c6-639c-44ff-8c12-a28bc642feda	3	175351890	178431390	1903	0.0434
c95142c6-639c-44ff-8c12-a28bc642feda	3	178435668	182326551	2250	-0.0458
c95142c6-639c-44ff-8c12-a28bc642feda	3	182327641	198111342	10026	0.0304
c95142c6-639c-44ff-8c12-a28bc642feda	3	198111467	198169247	19	-0.6655
c95142c6-639c-44ff-8c12-a28bc642feda	4	68929	3697884	1488	-0.2636
c95142c6-639c-44ff-8c12-a28bc642feda	4	3697936	3884081	75	-0.3778
c95142c6-639c-44ff-8c12-a28bc642feda	4	3896017	4165406	68	-0.8115
c95142c6-639c-44ff-8c12-a28bc642feda	4	4169608	6219662	1684	-0.3609
c95142c6-639c-44ff-8c12-a28bc642feda	4	6219887	10208766	2358	-0.2957
c95142c6-639c-44ff-8c12-a28bc642feda	4	10221792	10227668	13	0.6702
c95142c6-639c-44ff-8c12-a28bc642feda	4	10227684	22175839	8843	-0.2838
c95142c6-639c-44ff-8c12-a28bc642feda	4	22180041	24045935	1245	-0.2095
c95142c6-639c-44ff-8c12-a28bc642feda	4	24045990	24046568	3	-1.8005
c95142c6-639c-44ff-8c12-a28bc642feda	4	24047650	24881465	593	-0.2191
c95142c6-639c-44ff-8c12-a28bc642feda	4	24884414	34764149	6252	-0.2917
c95142c6-639c-44ff-8c12-a28bc642feda	4	34768684	34828382	52	0.1857
c95142c6-639c-44ff-8c12-a28bc642feda	4	34830196	48078519	8288	-0.2695
c95142c6-639c-44ff-8c12-a28bc642feda	4	48078556	49508382	655	-0.1008
c95142c6-639c-44ff-8c12-a28bc642feda	4	49509185	63828222	7556	-0.2891
c95142c6-639c-44ff-8c12-a28bc642feda	4	63831751	63842411	25	0.3575
c95142c6-639c-44ff-8c12-a28bc642feda	4	63842490	68338682	2830	-0.3022
c95142c6-639c-44ff-8c12-a28bc642feda	4	68339208	68509442	43	0.1766
c95142c6-639c-44ff-8c12-a28bc642feda	4	68509630	68564418	24	-0.4544
c95142c6-639c-44ff-8c12-a28bc642feda	4	68564432	68570854	7	-1.6153
c95142c6-639c-44ff-8c12-a28bc642feda	4	68570901	69257792	344	-0.1911
c95142c6-639c-44ff-8c12-a28bc642feda	4	69261926	69362906	50	0.3346
c95142c6-639c-44ff-8c12-a28bc642feda	4	69362938	69523998	114	-0.2098
c95142c6-639c-44ff-8c12-a28bc642feda	4	69524143	69525061	2	-2.5747
c95142c6-639c-44ff-8c12-a28bc642feda	4	69526170	72550201	1744	-0.2707
c95142c6-639c-44ff-8c12-a28bc642feda	4	72553717	72559288	11	-1.5171
c95142c6-639c-44ff-8c12-a28bc642feda	4	72559595	72603999	37	-0.2891
c95142c6-639c-44ff-8c12-a28bc642feda	4	72607752	72608343	2	-2.2211
c95142c6-639c-44ff-8c12-a28bc642feda	4	72608964	73233515	390	-0.2943
c95142c6-639c-44ff-8c12-a28bc642feda	4	73241329	76594347	2122	-0.1848
c95142c6-639c-44ff-8c12-a28bc642feda	4	76595426	104154792	16724	-0.2733
c95142c6-639c-44ff-8c12-a28bc642feda	4	104158609	104162959	2	-2.7327
c95142c6-639c-44ff-8c12-a28bc642feda	4	104172001	107145640	1660	-0.2417
c95142c6-639c-44ff-8c12-a28bc642feda	4	107145671	107150731	12	0.5105
c95142c6-639c-44ff-8c12-a28bc642feda	4	107152350	109922272	1615	-0.2678
c95142c6-639c-44ff-8c12-a28bc642feda	4	109922382	109922986	2	-2.3237
c95142c6-639c-44ff-8c12-a28bc642feda	4	109925640	114254167	2796	-0.251
c95142c6-639c-44ff-8c12-a28bc642feda	4	114254188	114263224	28	0.678
c95142c6-639c-44ff-8c12-a28bc642feda	4	114263234	171448195	34529	-0.2631
c95142c6-639c-44ff-8c12-a28bc642feda	4	171453733	171456625	12	1.3521
c95142c6-639c-44ff-8c12-a28bc642feda	4	171459220	172066777	396	-0.2994
c95142c6-639c-44ff-8c12-a28bc642feda	4	172067997	172079670	16	0.3981
c95142c6-639c-44ff-8c12-a28bc642feda	4	172080680	179172552	4361	-0.2633
c95142c6-639c-44ff-8c12-a28bc642feda	4	179176834	179177184	2	-2.2128
c95142c6-639c-44ff-8c12-a28bc642feda	4	179180768	180209402	738	-0.2874
c95142c6-639c-44ff-8c12-a28bc642feda	4	180215918	180216027	3	-2.2208
c95142c6-639c-44ff-8c12-a28bc642feda	4	180216063	180217172	6	-4.6699
c95142c6-639c-44ff-8c12-a28bc642feda	4	180225002	184936899	3504	-0.3045
c95142c6-639c-44ff-8c12-a28bc642feda	4	184939165	184943933	4	-2.3758
c95142c6-639c-44ff-8c12-a28bc642feda	4	184949640	185030816	64	-0.4629
c95142c6-639c-44ff-8c12-a28bc642feda	4	185032315	188100779	2096	-0.2078
c95142c6-639c-44ff-8c12-a28bc642feda	4	188106360	190106768	1253	-0.3388
c95142c6-639c-44ff-8c12-a28bc642feda	5	15532	685633	306	-0.166
c95142c6-639c-44ff-8c12-a28bc642feda	5	698256	863682	49	0.3792
c95142c6-639c-44ff-8c12-a28bc642feda	5	866255	1817666	524	-0.2545
c95142c6-639c-44ff-8c12-a28bc642feda	5	1818516	1890119	40	-0.6585
c95142c6-639c-44ff-8c12-a28bc642feda	5	1891707	3313814	1376	-0.1837
c95142c6-639c-44ff-8c12-a28bc642feda	5	3314007	3314484	2	-2.0808
c95142c6-639c-44ff-8c12-a28bc642feda	5	3314798	4336382	876	-0.2376
c95142c6-639c-44ff-8c12-a28bc642feda	5	4338468	8478748	3545	-0.1433
c95142c6-639c-44ff-8c12-a28bc642feda	5	8482808	10521901	1769	-0.0621
c95142c6-639c-44ff-8c12-a28bc642feda	5	10523889	11161513	579	-0.1632
c95142c6-639c-44ff-8c12-a28bc642feda	5	11162524	11162659	3	-1.9516
c95142c6-639c-44ff-8c12-a28bc642feda	5	11167165	12785150	1080	-0.1746
c95142c6-639c-44ff-8c12-a28bc642feda	5	12790757	12819904	12	0.7211
c95142c6-639c-44ff-8c12-a28bc642feda	5	12819964	13353119	231	-0.1285
c95142c6-639c-44ff-8c12-a28bc642feda	5	13362664	13387886	20	-1.1843
c95142c6-639c-44ff-8c12-a28bc642feda	5	13388476	21449167	5245	-0.091
c95142c6-639c-44ff-8c12-a28bc642feda	5	21451091	21452329	5	-1.647
c95142c6-639c-44ff-8c12-a28bc642feda	5	21452387	52575488	16184	-0.1113
c95142c6-639c-44ff-8c12-a28bc642feda	5	52575669	53722665	869	-0.0237
c95142c6-639c-44ff-8c12-a28bc642feda	5	53723749	53871596	71	-0.2317
c95142c6-639c-44ff-8c12-a28bc642feda	5	53873676	54358401	345	-0.4944
c95142c6-639c-44ff-8c12-a28bc642feda	5	54358794	95569674	24063	-0.0883
c95142c6-639c-44ff-8c12-a28bc642feda	5	95573830	100237846	2786	-0.0259
c95142c6-639c-44ff-8c12-a28bc642feda	5	100238961	111106438	6633	-0.0986
c95142c6-639c-44ff-8c12-a28bc642feda	5	111106791	112250524	754	-0.1613
c95142c6-639c-44ff-8c12-a28bc642feda	5	112250732	112250790	2	-1.8804
c95142c6-639c-44ff-8c12-a28bc642feda	5	112252183	114450718	1746	-0.1458
c95142c6-639c-44ff-8c12-a28bc642feda	5	114452454	121768317	5105	-0.0941
c95142c6-639c-44ff-8c12-a28bc642feda	5	121768402	128443138	4282	-0.0423
c95142c6-639c-44ff-8c12-a28bc642feda	5	128445770	130801938	1327	-0.1214
c95142c6-639c-44ff-8c12-a28bc642feda	5	130802121	137094215	3882	-0.0562
c95142c6-639c-44ff-8c12-a28bc642feda	5	137094958	137917756	583	-0.1806
c95142c6-639c-44ff-8c12-a28bc642feda	5	137918406	142192400	2009	-0.0593
c95142c6-639c-44ff-8c12-a28bc642feda	5	142192565	144822998	1820	-0.1301
c95142c6-639c-44ff-8c12-a28bc642feda	5	144823080	151087768	4206	-0.0736
c95142c6-639c-44ff-8c12-a28bc642feda	5	151087840	156049762	3454	-0.1322
c95142c6-639c-44ff-8c12-a28bc642feda	5	156049910	156055719	13	-0.9197
c95142c6-639c-44ff-8c12-a28bc642feda	5	156068240	163421457	4895	-0.1093
c95142c6-639c-44ff-8c12-a28bc642feda	5	163422096	163430396	2	-1.7326
c95142c6-639c-44ff-8c12-a28bc642feda	5	163431168	166411869	1954	-0.1379
c95142c6-639c-44ff-8c12-a28bc642feda	5	166412657	166422950	34	-0.9511
c95142c6-639c-44ff-8c12-a28bc642feda	5	166423045	168840902	1792	-0.124
c95142c6-639c-44ff-8c12-a28bc642feda	5	168841366	168841382	2	-2.1397
c95142c6-639c-44ff-8c12-a28bc642feda	5	168843239	169410484	505	-0.1402
c95142c6-639c-44ff-8c12-a28bc642feda	5	169411547	169416461	5	-1.2195
c95142c6-639c-44ff-8c12-a28bc642feda	5	169416719	169633574	138	-0.1419
c95142c6-639c-44ff-8c12-a28bc642feda	5	169640343	170782979	1017	-0.2685
c95142c6-639c-44ff-8c12-a28bc642feda	5	170783993	176652573	3942	-0.1089
c95142c6-639c-44ff-8c12-a28bc642feda	5	176654094	176823835	104	-0.378
c95142c6-639c-44ff-8c12-a28bc642feda	5	176825527	179354715	1230	-0.1158
c95142c6-639c-44ff-8c12-a28bc642feda	5	179355812	181363319	1117	-0.077
c95142c6-639c-44ff-8c12-a28bc642feda	6	149661	303017	126	-0.0552
c95142c6-639c-44ff-8c12-a28bc642feda	6	303121	473595	161	-0.2473
c95142c6-639c-44ff-8c12-a28bc642feda	6	475154	15456939	11712	-0.0091
c95142c6-639c-44ff-8c12-a28bc642feda	6	15457903	15504897	50	-0.3841
c95142c6-639c-44ff-8c12-a28bc642feda	6	15505302	29947974	9580	-0.0152
c95142c6-639c-44ff-8c12-a28bc642feda	6	29948591	29969534	16	-1.4926
c95142c6-639c-44ff-8c12-a28bc642feda	6	29971000	32463515	1121	-0.0102
c95142c6-639c-44ff-8c12-a28bc642feda	6	32463775	32606604	39	1.3547
c95142c6-639c-44ff-8c12-a28bc642feda	6	32610305	32722250	71	0.2102
c95142c6-639c-44ff-8c12-a28bc642feda	6	32723020	32723053	3	1.75
c95142c6-639c-44ff-8c12-a28bc642feda	6	32732907	41401877	5672	-0.0201
c95142c6-639c-44ff-8c12-a28bc642feda	6	41403380	54066269	7933	0.0115
c95142c6-639c-44ff-8c12-a28bc642feda	6	54066286	54067057	8	0.9692
c95142c6-639c-44ff-8c12-a28bc642feda	6	54070550	64618227	4207	-0.0013
c95142c6-639c-44ff-8c12-a28bc642feda	6	64621634	66299161	1119	-0.0552
c95142c6-639c-44ff-8c12-a28bc642feda	6	66301114	66333465	41	0.338
c95142c6-639c-44ff-8c12-a28bc642feda	6	66333534	73882509	5001	-0.0388
c95142c6-639c-44ff-8c12-a28bc642feda	6	73882741	73891694	9	-2.1333
c95142c6-639c-44ff-8c12-a28bc642feda	6	73893839	76305231	1468	-0.011
c95142c6-639c-44ff-8c12-a28bc642feda	6	76307183	76307339	6	1.036
c95142c6-639c-44ff-8c12-a28bc642feda	6	76307352	78309491	1358	-0.0499
c95142c6-639c-44ff-8c12-a28bc642feda	6	78309523	78325468	44	-0.4489
c95142c6-639c-44ff-8c12-a28bc642feda	6	78329517	82429789	2662	0.0164
c95142c6-639c-44ff-8c12-a28bc642feda	6	82432226	93601655	7128	-0.0326
c95142c6-639c-44ff-8c12-a28bc642feda	6	93605178	94481005	559	0.0373
c95142c6-639c-44ff-8c12-a28bc642feda	6	94483388	94484007	2	1.8169
c95142c6-639c-44ff-8c12-a28bc642feda	6	94486928	103286950	5086	-0.0356
c95142c6-639c-44ff-8c12-a28bc642feda	6	103286954	103304152	26	1.3697
c95142c6-639c-44ff-8c12-a28bc642feda	6	103304167	103314186	21	0.6586
c95142c6-639c-44ff-8c12-a28bc642feda	6	103317795	124555797	12961	-0.0238
c95142c6-639c-44ff-8c12-a28bc642feda	6	124556865	139944961	10182	0.0155
c95142c6-639c-44ff-8c12-a28bc642feda	6	139945116	151980558	7771	-0.0178
c95142c6-639c-44ff-8c12-a28bc642feda	6	151983097	151990758	11	-1.101
c95142c6-639c-44ff-8c12-a28bc642feda	6	151990773	152986348	798	-0.1111
c95142c6-639c-44ff-8c12-a28bc642feda	6	152987063	153636235	433	-0.0308
c95142c6-639c-44ff-8c12-a28bc642feda	6	153639651	153640284	2	-2.05
c95142c6-639c-44ff-8c12-a28bc642feda	6	153640764	161087739	4965	-0.0094
c95142c6-639c-44ff-8c12-a28bc642feda	6	161087971	161827137	606	-0.0964
c95142c6-639c-44ff-8c12-a28bc642feda	6	161829490	162251789	404	-0.4357
c95142c6-639c-44ff-8c12-a28bc642feda	6	162251853	162361829	86	0.0089
c95142c6-639c-44ff-8c12-a28bc642feda	6	162362155	165251810	2180	-0.1129
c95142c6-639c-44ff-8c12-a28bc642feda	6	165254075	167212660	1536	-0.0297
c95142c6-639c-44ff-8c12-a28bc642feda	6	167212720	167247074	19	0.481
c95142c6-639c-44ff-8c12-a28bc642feda	6	167247187	167265426	10	-0.0383
c95142c6-639c-44ff-8c12-a28bc642feda	6	167267069	167354673	62	-0.8425
c95142c6-639c-44ff-8c12-a28bc642feda	6	167356911	170741917	2000	-0.0939
c95142c6-639c-44ff-8c12-a28bc642feda	7	43355	6081068	3117	0.3027
c95142c6-639c-44ff-8c12-a28bc642feda	7	6083054	6097232	9	-1.1013
c95142c6-639c-44ff-8c12-a28bc642feda	7	6106007	6797437	283	0.3545
c95142c6-639c-44ff-8c12-a28bc642feda	7	6799093	6824452	5	-1.3629
c95142c6-639c-44ff-8c12-a28bc642feda	7	6824616	22395161	12599	0.3525
c95142c6-639c-44ff-8c12-a28bc642feda	7	22395853	22396868	2	-2.6127
c95142c6-639c-44ff-8c12-a28bc642feda	7	22399135	55664879	23487	0.3303
c95142c6-639c-44ff-8c12-a28bc642feda	7	55665013	56652313	409	0.2748
c95142c6-639c-44ff-8c12-a28bc642feda	7	56655405	57497294	357	0.096
c95142c6-639c-44ff-8c12-a28bc642feda	7	57497981	62696259	233	0.276
c95142c6-639c-44ff-8c12-a28bc642feda	7	62696353	62701896	9	-0.6203
c95142c6-639c-44ff-8c12-a28bc642feda	7	62720732	70060012	3427	0.2531
c95142c6-639c-44ff-8c12-a28bc642feda	7	70063025	91728554	12480	0.3335
c95142c6-639c-44ff-8c12-a28bc642feda	7	91728979	91729718	7	1.4079
c95142c6-639c-44ff-8c12-a28bc642feda	7	91730021	110689132	10979	0.3254
c95142c6-639c-44ff-8c12-a28bc642feda	7	110689599	110904661	139	0.049
c95142c6-639c-44ff-8c12-a28bc642feda	7	110905291	116227839	3055	0.3154
c95142c6-639c-44ff-8c12-a28bc642feda	7	116227981	118646351	1604	0.4013
c95142c6-639c-44ff-8c12-a28bc642feda	7	118653071	119048560	231	0.313
c95142c6-639c-44ff-8c12-a28bc642feda	7	119052637	119059798	5	-0.9798
c95142c6-639c-44ff-8c12-a28bc642feda	7	119071578	126405502	4368	0.3248
c95142c6-639c-44ff-8c12-a28bc642feda	7	126405597	126406546	9	-0.8457
c95142c6-639c-44ff-8c12-a28bc642feda	7	126406561	153450553	16703	0.3138
c95142c6-639c-44ff-8c12-a28bc642feda	7	153450560	153450627	2	-2.2998
c95142c6-639c-44ff-8c12-a28bc642feda	7	153450630	154312612	579	0.2198
c95142c6-639c-44ff-8c12-a28bc642feda	7	154313063	157741413	2514	0.3236
c95142c6-639c-44ff-8c12-a28bc642feda	7	157743285	158251020	300	0.1631
c95142c6-639c-44ff-8c12-a28bc642feda	7	158251843	158252371	2	-3.1242
c95142c6-639c-44ff-8c12-a28bc642feda	7	158258641	159334314	680	0.2967
c95142c6-639c-44ff-8c12-a28bc642feda	8	81254	644973	324	0.0812
c95142c6-639c-44ff-8c12-a28bc642feda	8	645220	645875	6	1.4839
c95142c6-639c-44ff-8c12-a28bc642feda	8	645892	645908	2	5.3209
c95142c6-639c-44ff-8c12-a28bc642feda	8	656117	1418902	564	0.0785
c95142c6-639c-44ff-8c12-a28bc642feda	8	1419196	1422186	9	-1.0075
c95142c6-639c-44ff-8c12-a28bc642feda	8	1423639	4140085	2774	0.117
c95142c6-639c-44ff-8c12-a28bc642feda	8	4141366	4146769	25	-1.8986
c95142c6-639c-44ff-8c12-a28bc642feda	8	4146976	7182331	3993	0.1433
c95142c6-639c-44ff-8c12-a28bc642feda	8	7185818	7380497	25	-1.8719
c95142c6-639c-44ff-8c12-a28bc642feda	8	7396819	7513956	13	-0.5073
c95142c6-639c-44ff-8c12-a28bc642feda	8	7514723	8007744	21	0.8004
c95142c6-639c-44ff-8c12-a28bc642feda	8	8078333	8214781	14	-0.449
c95142c6-639c-44ff-8c12-a28bc642feda	8	8234503	9206749	918	0.2459
c95142c6-639c-44ff-8c12-a28bc642feda	8	9206779	10249872	876	0.141
c95142c6-639c-44ff-8c12-a28bc642feda	8	10249949	10648697	340	0.0106
c95142c6-639c-44ff-8c12-a28bc642feda	8	10648725	10957350	285	0.1886
c95142c6-639c-44ff-8c12-a28bc642feda	8	10958407	10961147	3	-1.1775
c95142c6-639c-44ff-8c12-a28bc642feda	8	10962531	11556824	457	0.1852
c95142c6-639c-44ff-8c12-a28bc642feda	8	11557736	11559819	6	-1.0792
c95142c6-639c-44ff-8c12-a28bc642feda	8	11565074	12177488	327	0.1201
c95142c6-639c-44ff-8c12-a28bc642feda	8	12323772	12389977	29	-0.6644
c95142c6-639c-44ff-8c12-a28bc642feda	8	12418301	13741668	1038	0.1801
c95142c6-639c-44ff-8c12-a28bc642feda	8	13741714	13752159	25	-1.1578
c95142c6-639c-44ff-8c12-a28bc642feda	8	13752181	16324007	2398	0.1143
c95142c6-639c-44ff-8c12-a28bc642feda	8	16324657	19651366	2999	0.2197
c95142c6-639c-44ff-8c12-a28bc642feda	8	19652335	21067343	1219	0.1308
c95142c6-639c-44ff-8c12-a28bc642feda	8	21069510	21076820	6	-1.4707
c95142c6-639c-44ff-8c12-a28bc642feda	8	21077120	25114672	2706	0.1904
c95142c6-639c-44ff-8c12-a28bc642feda	8	25116928	25122457	20	0.8989
c95142c6-639c-44ff-8c12-a28bc642feda	8	25122472	31199093	4195	0.1981
c95142c6-639c-44ff-8c12-a28bc642feda	8	31199115	36257385	3115	0.1276
c95142c6-639c-44ff-8c12-a28bc642feda	8	36258450	39378084	1675	0.199
c95142c6-639c-44ff-8c12-a28bc642feda	8	39389156	39531260	60	0.5951
c95142c6-639c-44ff-8c12-a28bc642feda	8	39531496	46026549	2601	0.179
c95142c6-639c-44ff-8c12-a28bc642feda	8	46028400	46706809	217	-0.0006
c95142c6-639c-44ff-8c12-a28bc642feda	8	46712686	51006172	2314	0.1632
c95142c6-639c-44ff-8c12-a28bc642feda	8	51010217	51015211	2	-1.6441
c95142c6-639c-44ff-8c12-a28bc642feda	8	51016296	51740123	475	0.1357
c95142c6-639c-44ff-8c12-a28bc642feda	8	51741008	52793185	674	0.2308
c95142c6-639c-44ff-8c12-a28bc642feda	8	52793603	54296370	963	0.1252
c95142c6-639c-44ff-8c12-a28bc642feda	8	54296488	54298558	7	-1.5582
c95142c6-639c-44ff-8c12-a28bc642feda	8	54298653	56073619	1244	0.1529
c95142c6-639c-44ff-8c12-a28bc642feda	8	56078823	56082863	6	-1.5855
c95142c6-639c-44ff-8c12-a28bc642feda	8	56085921	60076892	2605	0.1326
c95142c6-639c-44ff-8c12-a28bc642feda	8	60086539	64342279	2738	0.1988
c95142c6-639c-44ff-8c12-a28bc642feda	8	64344946	64346546	2	-1.5176
c95142c6-639c-44ff-8c12-a28bc642feda	8	64347074	66124338	910	0.1311
c95142c6-639c-44ff-8c12-a28bc642feda	8	66124875	66125229	2	-2.1201
c95142c6-639c-44ff-8c12-a28bc642feda	8	66127154	74396083	5275	0.161
c95142c6-639c-44ff-8c12-a28bc642feda	8	74406948	74415359	5	-3.0596
c95142c6-639c-44ff-8c12-a28bc642feda	8	74416300	111279265	21840	0.1735
c95142c6-639c-44ff-8c12-a28bc642feda	8	111282050	111283031	10	1.5465
c95142c6-639c-44ff-8c12-a28bc642feda	8	111288052	114628588	1840	0.1497
c95142c6-639c-44ff-8c12-a28bc642feda	8	114628679	114629502	13	0.7432
c95142c6-639c-44ff-8c12-a28bc642feda	8	114638468	117583747	1867	0.1357
c95142c6-639c-44ff-8c12-a28bc642feda	8	117584753	119927418	1752	0.2141
c95142c6-639c-44ff-8c12-a28bc642feda	8	119928412	119929288	2	-2.0813
c95142c6-639c-44ff-8c12-a28bc642feda	8	119929457	128393112	5889	0.201
c95142c6-639c-44ff-8c12-a28bc642feda	8	128394131	141511277	9998	0.1485
c95142c6-639c-44ff-8c12-a28bc642feda	8	141512685	142675901	635	-0.0846
c95142c6-639c-44ff-8c12-a28bc642feda	8	142676105	145072769	858	0.1594
c95142c6-639c-44ff-8c12-a28bc642feda	9	46587	5302749	5416	-0.0002
c95142c6-639c-44ff-8c12-a28bc642feda	9	5311567	5337682	10	-1.0251
c95142c6-639c-44ff-8c12-a28bc642feda	9	5337707	8558331	2807	0.0274
c95142c6-639c-44ff-8c12-a28bc642feda	9	8558709	9376286	686	0.1373
c95142c6-639c-44ff-8c12-a28bc642feda	9	9380737	11688155	2075	0.0173
c95142c6-639c-44ff-8c12-a28bc642feda	9	11689346	11695757	8	0.7914
c95142c6-639c-44ff-8c12-a28bc642feda	9	11695785	13413049	1257	0.1447
c95142c6-639c-44ff-8c12-a28bc642feda	9	13415198	15881159	2022	0.0261
c95142c6-639c-44ff-8c12-a28bc642feda	9	15881675	17407326	1371	-0.0721
c95142c6-639c-44ff-8c12-a28bc642feda	9	17409152	18667681	1149	0.0459
c95142c6-639c-44ff-8c12-a28bc642feda	9	18671469	18785351	137	-0.3186
c95142c6-639c-44ff-8c12-a28bc642feda	9	18786183	28309880	7196	0.0139
c95142c6-639c-44ff-8c12-a28bc642feda	9	28310572	28311631	2	2.4654
c95142c6-639c-44ff-8c12-a28bc642feda	9	28312063	28895615	436	-0.0216
c95142c6-639c-44ff-8c12-a28bc642feda	9	28900297	28900549	2	-2.1977
c95142c6-639c-44ff-8c12-a28bc642feda	9	28909726	36942627	5174	-0.0014
c95142c6-639c-44ff-8c12-a28bc642feda	9	36943131	36946139	2	1.7708
c95142c6-639c-44ff-8c12-a28bc642feda	9	36950286	41533430	1411	-0.01
c95142c6-639c-44ff-8c12-a28bc642feda	9	41569585	41569592	7	-0.964
c95142c6-639c-44ff-8c12-a28bc642feda	9	41570345	63580418	182	0.0578
c95142c6-639c-44ff-8c12-a28bc642feda	9	63590317	63592813	7	2.3753
c95142c6-639c-44ff-8c12-a28bc642feda	9	63614182	70416322	1733	0.013
c95142c6-639c-44ff-8c12-a28bc642feda	9	70417471	70775125	268	-0.1376
c95142c6-639c-44ff-8c12-a28bc642feda	9	70776665	78610254	5547	0.0199
c95142c6-639c-44ff-8c12-a28bc642feda	9	78610257	80164242	1170	-0.0882
c95142c6-639c-44ff-8c12-a28bc642feda	9	80166521	86859374	4662	-0.0169
c95142c6-639c-44ff-8c12-a28bc642feda	9	86859798	89193144	1707	-0.0781
c95142c6-639c-44ff-8c12-a28bc642feda	9	89194013	101316884	7976	-0.0049
c95142c6-639c-44ff-8c12-a28bc642feda	9	101318358	101322952	5	1.1906
c95142c6-639c-44ff-8c12-a28bc642feda	9	101323377	114325122	9763	0.0227
c95142c6-639c-44ff-8c12-a28bc642feda	9	114326042	114330749	2	-2.0731
c95142c6-639c-44ff-8c12-a28bc642feda	9	114330830	116090405	1361	-0.022
c95142c6-639c-44ff-8c12-a28bc642feda	9	116092945	116099821	9	0.8576
c95142c6-639c-44ff-8c12-a28bc642feda	9	116100416	117457535	1220	-0.0447
c95142c6-639c-44ff-8c12-a28bc642feda	9	117458102	118611254	902	0.0469
c95142c6-639c-44ff-8c12-a28bc642feda	9	118613156	120609078	1663	-0.0514
c95142c6-639c-44ff-8c12-a28bc642feda	9	120611222	133306648	7617	0.0195
c95142c6-639c-44ff-8c12-a28bc642feda	9	133307013	133307252	6	1.1368
c95142c6-639c-44ff-8c12-a28bc642feda	9	133316268	133620476	146	0.0672
c95142c6-639c-44ff-8c12-a28bc642feda	9	133621377	135276268	996	-0.0528
c95142c6-639c-44ff-8c12-a28bc642feda	9	135279515	135347092	63	-0.3946
c95142c6-639c-44ff-8c12-a28bc642feda	9	135348041	135401795	31	-0.1743
c95142c6-639c-44ff-8c12-a28bc642feda	9	135402232	136536903	445	0.0145
c95142c6-639c-44ff-8c12-a28bc642feda	9	136537159	136540611	5	-1.0208
c95142c6-639c-44ff-8c12-a28bc642feda	9	136540917	138044300	472	0.0373
c95142c6-639c-44ff-8c12-a28bc642feda	9	138044505	138200944	118	-0.2274
c95142c6-639c-44ff-8c12-a28bc642feda	10	45792	4107564	3452	-0.0516
c95142c6-639c-44ff-8c12-a28bc642feda	10	4112192	6088114	1676	0.0448
c95142c6-639c-44ff-8c12-a28bc642feda	10	6091795	6684804	575	-0.0219
c95142c6-639c-44ff-8c12-a28bc642feda	10	6684831	7633070	916	-0.1174
c95142c6-639c-44ff-8c12-a28bc642feda	10	7635240	15888996	6728	-0.0333
c95142c6-639c-44ff-8c12-a28bc642feda	10	15889001	15889011	2	-2.4266
c95142c6-639c-44ff-8c12-a28bc642feda	10	15889027	18853517	2224	-0.0234
c95142c6-639c-44ff-8c12-a28bc642feda	10	18855536	18855780	2	-2.8521
c95142c6-639c-44ff-8c12-a28bc642feda	10	18857618	24086334	3563	-0.0294
c95142c6-639c-44ff-8c12-a28bc642feda	10	24088745	24088753	7	1.3583
c95142c6-639c-44ff-8c12-a28bc642feda	10	24088989	32404925	5951	-0.0126
c95142c6-639c-44ff-8c12-a28bc642feda	10	32408728	33367191	657	0.0795
c95142c6-639c-44ff-8c12-a28bc642feda	10	33367633	35321703	1254	-0.0169
c95142c6-639c-44ff-8c12-a28bc642feda	10	35322626	36495975	834	-0.069
c95142c6-639c-44ff-8c12-a28bc642feda	10	36498543	36499180	4	-1.1259
c95142c6-639c-44ff-8c12-a28bc642feda	10	36504814	37524662	578	-0.0481
c95142c6-639c-44ff-8c12-a28bc642feda	10	37532970	37533061	3	-1.6307
c95142c6-639c-44ff-8c12-a28bc642feda	10	37536561	46514459	3160	-0.0539
c95142c6-639c-44ff-8c12-a28bc642feda	10	46522514	46526248	14	0.4924
c95142c6-639c-44ff-8c12-a28bc642feda	10	46526265	46810571	39	-0.652
c95142c6-639c-44ff-8c12-a28bc642feda	10	46836986	56756643	6519	-0.0206
c95142c6-639c-44ff-8c12-a28bc642feda	10	56756761	56776292	43	-0.8338
c95142c6-639c-44ff-8c12-a28bc642feda	10	56776303	57443289	542	-0.0388
c95142c6-639c-44ff-8c12-a28bc642feda	10	57450745	57451013	4	-2.4216
c95142c6-639c-44ff-8c12-a28bc642feda	10	57458735	57482850	9	-0.51
c95142c6-639c-44ff-8c12-a28bc642feda	10	57484718	62244574	3417	0.0226
c95142c6-639c-44ff-8c12-a28bc642feda	10	62246013	63241673	635	-0.067
c95142c6-639c-44ff-8c12-a28bc642feda	10	63242028	63417103	90	-0.3746
c95142c6-639c-44ff-8c12-a28bc642feda	10	63422948	70644051	4857	-0.0081
c95142c6-639c-44ff-8c12-a28bc642feda	10	70647395	70794736	129	-0.249
c95142c6-639c-44ff-8c12-a28bc642feda	10	70795038	71123402	257	-0.0189
c95142c6-639c-44ff-8c12-a28bc642feda	10	71124027	71788943	529	-0.0926
c95142c6-639c-44ff-8c12-a28bc642feda	10	71792729	75678612	1799	0.0228
c95142c6-639c-44ff-8c12-a28bc642feda	10	75679021	75701456	24	-0.0408
c95142c6-639c-44ff-8c12-a28bc642feda	10	75703990	75912084	149	-0.2446
c95142c6-639c-44ff-8c12-a28bc642feda	10	75912395	83069207	5245	-0.0538
c95142c6-639c-44ff-8c12-a28bc642feda	10	83070030	87184499	2810	-0.0125
c95142c6-639c-44ff-8c12-a28bc642feda	10	87185250	87353136	28	0.5429
c95142c6-639c-44ff-8c12-a28bc642feda	10	87357543	92315067	3415	-0.0006
c95142c6-639c-44ff-8c12-a28bc642feda	10	92320936	96573003	2615	0.0546
c95142c6-639c-44ff-8c12-a28bc642feda	10	96574583	105296521	5148	-0.003
c95142c6-639c-44ff-8c12-a28bc642feda	10	105297280	105299412	3	-2.8589
c95142c6-639c-44ff-8c12-a28bc642feda	10	105302718	109597421	3178	-0.0628
c95142c6-639c-44ff-8c12-a28bc642feda	10	109600833	118993011	6524	0.0129
c95142c6-639c-44ff-8c12-a28bc642feda	10	118993314	118994784	2	-2.0872
c95142c6-639c-44ff-8c12-a28bc642feda	10	118994819	123075126	3232	0.0005
c95142c6-639c-44ff-8c12-a28bc642feda	10	123079981	124727490	1156	-0.0847
c95142c6-639c-44ff-8c12-a28bc642feda	10	124728612	128732353	3029	-0.0202
c95142c6-639c-44ff-8c12-a28bc642feda	10	128733177	130381157	1307	-0.0879
c95142c6-639c-44ff-8c12-a28bc642feda	10	130383003	131914230	1242	-0.2123
c95142c6-639c-44ff-8c12-a28bc642feda	10	131914424	133654968	816	-0.0391
c95142c6-639c-44ff-8c12-a28bc642feda	11	198510	4946166	2407	-0.1814
c95142c6-639c-44ff-8c12-a28bc642feda	11	4946420	4955042	31	0.3615
c95142c6-639c-44ff-8c12-a28bc642feda	11	4955781	7788131	2302	-0.1722
c95142c6-639c-44ff-8c12-a28bc642feda	11	7791493	7810711	7	-1.855
c95142c6-639c-44ff-8c12-a28bc642feda	11	7815462	18479463	7592	-0.1816
c95142c6-639c-44ff-8c12-a28bc642feda	11	18480107	18918546	280	-0.3365
c95142c6-639c-44ff-8c12-a28bc642feda	11	18918775	55592042	21721	-0.2746
c95142c6-639c-44ff-8c12-a28bc642feda	11	55592077	55728463	97	0.1272
c95142c6-639c-44ff-8c12-a28bc642feda	11	55728514	105053135	30742	-0.2712
c95142c6-639c-44ff-8c12-a28bc642feda	11	105053236	105060506	8	-1.4405
c95142c6-639c-44ff-8c12-a28bc642feda	11	105061029	122073322	11468	-0.2755
c95142c6-639c-44ff-8c12-a28bc642feda	11	122073976	128947470	5288	-0.3289
c95142c6-639c-44ff-8c12-a28bc642feda	11	128947581	130915310	1227	-0.2203
c95142c6-639c-44ff-8c12-a28bc642feda	11	130921347	135074876	3306	-0.3556
c95142c6-639c-44ff-8c12-a28bc642feda	12	51460	271179	130	-0.2043
c95142c6-639c-44ff-8c12-a28bc642feda	12	271245	1755698	873	0.055
c95142c6-639c-44ff-8c12-a28bc642feda	12	1757038	3312660	1132	-0.0461
c95142c6-639c-44ff-8c12-a28bc642feda	12	3316411	3319262	6	-0.9496
c95142c6-639c-44ff-8c12-a28bc642feda	12	3319593	8289689	3399	-0.0365
c95142c6-639c-44ff-8c12-a28bc642feda	12	8296516	8335693	11	0.4292
c95142c6-639c-44ff-8c12-a28bc642feda	12	8336125	9481274	599	-0.1648
c95142c6-639c-44ff-8c12-a28bc642feda	12	9485313	9575696	23	1.0064
c95142c6-639c-44ff-8c12-a28bc642feda	12	9582373	10388453	600	-0.0901
c95142c6-639c-44ff-8c12-a28bc642feda	12	10388696	12026046	1228	-0.0032
c95142c6-639c-44ff-8c12-a28bc642feda	12	12029879	16460912	3055	0.0416
c95142c6-639c-44ff-8c12-a28bc642feda	12	16461379	20991368	2827	-0.0208
c95142c6-639c-44ff-8c12-a28bc642feda	12	20991497	20991608	4	-2.1719
c95142c6-639c-44ff-8c12-a28bc642feda	12	20991644	27495047	4657	-0.019
c95142c6-639c-44ff-8c12-a28bc642feda	12	27495118	27498429	24	-0.7815
c95142c6-639c-44ff-8c12-a28bc642feda	12	27504228	30087113	1876	0.0003
c95142c6-639c-44ff-8c12-a28bc642feda	12	30087207	30090789	18	0.536
c95142c6-639c-44ff-8c12-a28bc642feda	12	30091000	33141564	2242	-0.017
c95142c6-639c-44ff-8c12-a28bc642feda	12	33141577	33172081	50	0.3746
c95142c6-639c-44ff-8c12-a28bc642feda	12	33175458	34104546	568	0.0481
c95142c6-639c-44ff-8c12-a28bc642feda	12	34106209	34400860	143	-0.2337
c95142c6-639c-44ff-8c12-a28bc642feda	12	34404654	63558675	15475	-0.0221
c95142c6-639c-44ff-8c12-a28bc642feda	12	63567670	63725129	51	0.6124
c95142c6-639c-44ff-8c12-a28bc642feda	12	63726862	96486063	20901	-0.0194
c95142c6-639c-44ff-8c12-a28bc642feda	12	96486464	97787858	1026	-0.108
c95142c6-639c-44ff-8c12-a28bc642feda	12	97787983	99401870	1033	-0.0163
c95142c6-639c-44ff-8c12-a28bc642feda	12	99401959	99404956	28	-0.641
c95142c6-639c-44ff-8c12-a28bc642feda	12	99409315	107805541	5648	-0.0323
c95142c6-639c-44ff-8c12-a28bc642feda	12	107805554	107813456	12	-0.7004
c95142c6-639c-44ff-8c12-a28bc642feda	12	107815797	113826936	3523	-0.0163
c95142c6-639c-44ff-8c12-a28bc642feda	12	113830228	114207551	382	-0.2304
c95142c6-639c-44ff-8c12-a28bc642feda	12	114208457	119512562	4029	-0.0445
c95142c6-639c-44ff-8c12-a28bc642feda	12	119515050	119515232	2	-2.1204
c95142c6-639c-44ff-8c12-a28bc642feda	12	119515893	123631389	1891	-0.0004
c95142c6-639c-44ff-8c12-a28bc642feda	12	123633221	123637162	4	1.3817
c95142c6-639c-44ff-8c12-a28bc642feda	12	123637841	123672215	23	0.1714
c95142c6-639c-44ff-8c12-a28bc642feda	12	123673306	123673404	5	1.0612
c95142c6-639c-44ff-8c12-a28bc642feda	12	123675474	125405606	1116	-0.0146
c95142c6-639c-44ff-8c12-a28bc642feda	12	125408139	130028387	4106	-0.0785
c95142c6-639c-44ff-8c12-a28bc642feda	12	130034810	130035119	2	2.4683
c95142c6-639c-44ff-8c12-a28bc642feda	12	130035265	131184279	921	-0.0628
c95142c6-639c-44ff-8c12-a28bc642feda	12	131187314	131326303	97	-0.3214
c95142c6-639c-44ff-8c12-a28bc642feda	12	131329259	131330389	3	-1.6611
c95142c6-639c-44ff-8c12-a28bc642feda	12	131330777	131413152	65	-0.2377
c95142c6-639c-44ff-8c12-a28bc642feda	12	131413400	133201603	810	-0.0503
c95142c6-639c-44ff-8c12-a28bc642feda	13	18452809	19547319	530	0.7244
c95142c6-639c-44ff-8c12-a28bc642feda	13	19549755	19549770	2	-2.049
c95142c6-639c-44ff-8c12-a28bc642feda	13	19550361	34165392	10678	0.7882
c95142c6-639c-44ff-8c12-a28bc642feda	13	34165495	36522601	1545	0.7104
c95142c6-639c-44ff-8c12-a28bc642feda	13	36522751	37496998	694	0.7656
c95142c6-639c-44ff-8c12-a28bc642feda	13	37497899	37510184	13	-0.8523
c95142c6-639c-44ff-8c12-a28bc642feda	13	37510406	41561456	2811	0.7448
c95142c6-639c-44ff-8c12-a28bc642feda	13	41561823	45702631	2842	0.8325
c95142c6-639c-44ff-8c12-a28bc642feda	13	45702933	47755093	1464	0.7584
c95142c6-639c-44ff-8c12-a28bc642feda	13	47755094	47755101	5	-0.6185
c95142c6-639c-44ff-8c12-a28bc642feda	13	47759962	49325232	1043	0.7345
c95142c6-639c-44ff-8c12-a28bc642feda	13	49329198	53941319	2614	0.832
c95142c6-639c-44ff-8c12-a28bc642feda	13	53942891	57189399	1730	0.764
c95142c6-639c-44ff-8c12-a28bc642feda	13	57189617	57496265	191	1.0184
c95142c6-639c-44ff-8c12-a28bc642feda	13	57496316	66375238	5261	0.7634
c95142c6-639c-44ff-8c12-a28bc642feda	13	66377027	66812541	343	0.9374
c95142c6-639c-44ff-8c12-a28bc642feda	13	66815638	71236864	2813	0.778
c95142c6-639c-44ff-8c12-a28bc642feda	13	71237213	73753149	1730	0.8556
c95142c6-639c-44ff-8c12-a28bc642feda	13	73755021	105071132	21049	0.7672
c95142c6-639c-44ff-8c12-a28bc642feda	13	105071305	105370372	241	0.8347
c95142c6-639c-44ff-8c12-a28bc642feda	13	105370636	105374205	2	2.5873
c95142c6-639c-44ff-8c12-a28bc642feda	13	105374508	106847495	1205	0.8477
c95142c6-639c-44ff-8c12-a28bc642feda	13	106848741	114342922	5172	0.782
c95142c6-639c-44ff-8c12-a28bc642feda	14	18239283	21534209	1218	-0.2139
c95142c6-639c-44ff-8c12-a28bc642feda	14	21534327	21580443	18	-0.0721
c95142c6-639c-44ff-8c12-a28bc642feda	14	21582009	21587633	11	1.3232
c95142c6-639c-44ff-8c12-a28bc642feda	14	21604196	22509351	777	-0.0513
c95142c6-639c-44ff-8c12-a28bc642feda	14	22509405	66703052	27753	-0.2488
c95142c6-639c-44ff-8c12-a28bc642feda	14	66706904	79486430	8216	-0.3431
c95142c6-639c-44ff-8c12-a28bc642feda	14	79486587	79710929	191	-0.9357
c95142c6-639c-44ff-8c12-a28bc642feda	14	79713774	85818410	4058	-0.3632
c95142c6-639c-44ff-8c12-a28bc642feda	14	85819968	85845829	15	-1.7201
c95142c6-639c-44ff-8c12-a28bc642feda	14	85849791	98824997	9021	-0.3646
c95142c6-639c-44ff-8c12-a28bc642feda	14	98826452	98912731	78	-0.6785
c95142c6-639c-44ff-8c12-a28bc642feda	14	98913371	105795472	3355	-0.341
c95142c6-639c-44ff-8c12-a28bc642feda	14	105796355	106290131	167	-0.2129
c95142c6-639c-44ff-8c12-a28bc642feda	14	106290365	106297273	7	1.2341
c95142c6-639c-44ff-8c12-a28bc642feda	14	106297409	106345838	19	-0.0758
c95142c6-639c-44ff-8c12-a28bc642feda	14	106346115	106365807	6	-1.2063
c95142c6-639c-44ff-8c12-a28bc642feda	14	106369985	106502306	85	-0.0842
c95142c6-639c-44ff-8c12-a28bc642feda	14	106503707	106877229	185	-0.3997
c95142c6-639c-44ff-8c12-a28bc642feda	15	19811075	20373168	88	-0.0967
c95142c6-639c-44ff-8c12-a28bc642feda	15	20376198	20376202	5	-1.3682
c95142c6-639c-44ff-8c12-a28bc642feda	15	20376309	20670989	58	-0.029
c95142c6-639c-44ff-8c12-a28bc642feda	15	20981071	21065721	10	-1.0841
c95142c6-639c-44ff-8c12-a28bc642feda	15	21067891	21417107	14	-0.3606
c95142c6-639c-44ff-8c12-a28bc642feda	15	21975606	21999319	3	1.594
c95142c6-639c-44ff-8c12-a28bc642feda	15	22003073	23808239	636	-0.0359
c95142c6-639c-44ff-8c12-a28bc642feda	15	23809194	23813946	21	-1.1917
c95142c6-639c-44ff-8c12-a28bc642feda	15	23814160	27671788	2725	-0.0729
c95142c6-639c-44ff-8c12-a28bc642feda	15	27673477	27682660	14	-1.2267
c95142c6-639c-44ff-8c12-a28bc642feda	15	27683648	30077828	1234	-0.0981
c95142c6-639c-44ff-8c12-a28bc642feda	15	30094208	30621384	39	-0.8607
c95142c6-639c-44ff-8c12-a28bc642feda	15	30628421	31634389	656	0.0169
c95142c6-639c-44ff-8c12-a28bc642feda	15	31635980	31819328	113	-0.2262
c95142c6-639c-44ff-8c12-a28bc642feda	15	31819947	32212063	272	-0.0122
c95142c6-639c-44ff-8c12-a28bc642feda	15	32217691	32219354	5	-2.0189
c95142c6-639c-44ff-8c12-a28bc642feda	15	32219403	32507144	21	-0.586
c95142c6-639c-44ff-8c12-a28bc642feda	15	32519403	34439084	1489	0.0273
c95142c6-639c-44ff-8c12-a28bc642feda	15	34447671	34503285	45	0.3979
c95142c6-639c-44ff-8c12-a28bc642feda	15	34503476	76599170	26358	0.0034
c95142c6-639c-44ff-8c12-a28bc642feda	15	76599286	76603434	20	0.591
c95142c6-639c-44ff-8c12-a28bc642feda	15	76609838	83878525	4404	-0.0183
c95142c6-639c-44ff-8c12-a28bc642feda	15	83878795	83879115	2	1.6411
c95142c6-639c-44ff-8c12-a28bc642feda	15	83879146	84807155	311	0.0201
c95142c6-639c-44ff-8c12-a28bc642feda	15	84810071	85603524	473	0.1038
c95142c6-639c-44ff-8c12-a28bc642feda	15	85605082	86052749	390	-0.0163
c95142c6-639c-44ff-8c12-a28bc642feda	15	86053359	86059073	5	-1.0046
c95142c6-639c-44ff-8c12-a28bc642feda	15	86064754	87194049	1001	-0.0224
c95142c6-639c-44ff-8c12-a28bc642feda	15	87194379	88730970	1120	-0.1052
c95142c6-639c-44ff-8c12-a28bc642feda	15	88731151	95046584	4793	-0.0001
c95142c6-639c-44ff-8c12-a28bc642feda	15	95047940	96872725	1368	-0.0736
c95142c6-639c-44ff-8c12-a28bc642feda	15	96873006	99938199	2145	0.0177
c95142c6-639c-44ff-8c12-a28bc642feda	15	99942106	100389839	401	-0.1854
c95142c6-639c-44ff-8c12-a28bc642feda	15	100393924	101928837	1136	-0.0047
c95142c6-639c-44ff-8c12-a28bc642feda	16	10777	5360370	2391	-0.2689
c95142c6-639c-44ff-8c12-a28bc642feda	16	5360388	6962471	1922	-0.3785
c95142c6-639c-44ff-8c12-a28bc642feda	16	6963199	6963567	2	2.3653
c95142c6-639c-44ff-8c12-a28bc642feda	16	6965769	7839633	1127	-0.3657
c95142c6-639c-44ff-8c12-a28bc642feda	16	7839985	17128470	6542	-0.2725
c95142c6-639c-44ff-8c12-a28bc642feda	16	17131678	17132257	5	-2.4296
c95142c6-639c-44ff-8c12-a28bc642feda	16	17132469	55762682	14821	-0.2766
c95142c6-639c-44ff-8c12-a28bc642feda	16	55764310	55764867	3	3.1916
c95142c6-639c-44ff-8c12-a28bc642feda	16	55770436	58726035	1769	-0.2629
c95142c6-639c-44ff-8c12-a28bc642feda	16	58727546	58727676	2	-2.2533
c95142c6-639c-44ff-8c12-a28bc642feda	16	58728407	59179849	308	-0.1969
c95142c6-639c-44ff-8c12-a28bc642feda	16	59180961	63055466	2470	-0.3168
c95142c6-639c-44ff-8c12-a28bc642feda	16	63059058	63059106	2	-2.3964
c95142c6-639c-44ff-8c12-a28bc642feda	16	63060373	66206150	2379	-0.3139
c95142c6-639c-44ff-8c12-a28bc642feda	16	66206387	78337711	7298	-0.2534
c95142c6-639c-44ff-8c12-a28bc642feda	16	78338543	78350868	17	-1.8957
c95142c6-639c-44ff-8c12-a28bc642feda	16	78351104	78902209	741	-0.3255
c95142c6-639c-44ff-8c12-a28bc642feda	16	78905621	79221177	453	-0.6322
c95142c6-639c-44ff-8c12-a28bc642feda	16	79224440	81113494	1967	-0.3079
c95142c6-639c-44ff-8c12-a28bc642feda	16	81113509	81115716	2	-3.5683
c95142c6-639c-44ff-8c12-a28bc642feda	16	81115741	90096867	7379	-0.3217
c95142c6-639c-44ff-8c12-a28bc642feda	17	150733	2998264	1453	-0.0086
c95142c6-639c-44ff-8c12-a28bc642feda	17	3012823	3019393	10	-1.0147
c95142c6-639c-44ff-8c12-a28bc642feda	17	3027743	33680632	14946	-0.0124
c95142c6-639c-44ff-8c12-a28bc642feda	17	33681077	34662519	904	-0.1715
c95142c6-639c-44ff-8c12-a28bc642feda	17	34662970	36109139	876	-0.0244
c95142c6-639c-44ff-8c12-a28bc642feda	17	36109735	36157718	35	0.5129
c95142c6-639c-44ff-8c12-a28bc642feda	17	36200725	41224178	2502	0.0208
c95142c6-639c-44ff-8c12-a28bc642feda	17	41231308	41237517	5	-1.6976
c95142c6-639c-44ff-8c12-a28bc642feda	17	41239604	41265456	12	-0.1003
c95142c6-639c-44ff-8c12-a28bc642feda	17	41266762	41277074	35	0.7998
c95142c6-639c-44ff-8c12-a28bc642feda	17	41277149	43354897	1093	0.0184
c95142c6-639c-44ff-8c12-a28bc642feda	17	43361222	43362553	3	-1.3895
c95142c6-639c-44ff-8c12-a28bc642feda	17	43366336	45571174	1044	0.014
c95142c6-639c-44ff-8c12-a28bc642feda	17	45577724	46008901	285	-0.1496
c95142c6-639c-44ff-8c12-a28bc642feda	17	46011571	51402945	2623	0.0319
c95142c6-639c-44ff-8c12-a28bc642feda	17	51403889	51403897	2	2.1069
c95142c6-639c-44ff-8c12-a28bc642feda	17	51404749	51462832	42	0.0278
c95142c6-639c-44ff-8c12-a28bc642feda	17	51464816	51464858	2	-2.191
c95142c6-639c-44ff-8c12-a28bc642feda	17	51465357	73837819	14273	0.0059
c95142c6-639c-44ff-8c12-a28bc642feda	17	73837862	74259063	291	-0.2161
c95142c6-639c-44ff-8c12-a28bc642feda	17	74259508	77393507	1619	-0.0126
c95142c6-639c-44ff-8c12-a28bc642feda	17	77394155	77394593	2	-2.8723
c95142c6-639c-44ff-8c12-a28bc642feda	17	77394822	77858748	313	-0.0714
c95142c6-639c-44ff-8c12-a28bc642feda	17	77864587	77864788	2	-2.1124
c95142c6-639c-44ff-8c12-a28bc642feda	17	77870847	83091923	2507	-0.0118
c95142c6-639c-44ff-8c12-a28bc642feda	18	48133	2023812	1431	-0.3253
c95142c6-639c-44ff-8c12-a28bc642feda	18	2027952	2048608	19	0.3379
c95142c6-639c-44ff-8c12-a28bc642feda	18	2050683	5960166	2759	-0.3233
c95142c6-639c-44ff-8c12-a28bc642feda	18	5960389	5980878	30	-1.0383
c95142c6-639c-44ff-8c12-a28bc642feda	18	5981159	7748663	1312	-0.3821
c95142c6-639c-44ff-8c12-a28bc642feda	18	7752786	7755228	2	2.3646
c95142c6-639c-44ff-8c12-a28bc642feda	18	7755354	15127522	4759	-0.3409
c95142c6-639c-44ff-8c12-a28bc642feda	18	15128570	23703103	1452	-0.2091
c95142c6-639c-44ff-8c12-a28bc642feda	18	23707401	27812938	2742	-0.3705
c95142c6-639c-44ff-8c12-a28bc642feda	18	27816526	27817568	3	-1.9341
c95142c6-639c-44ff-8c12-a28bc642feda	18	27818587	30506568	1597	-0.3788
c95142c6-639c-44ff-8c12-a28bc642feda	18	30507053	31459028	653	-0.222
c95142c6-639c-44ff-8c12-a28bc642feda	18	31461686	31462381	3	-1.658
c95142c6-639c-44ff-8c12-a28bc642feda	18	31467464	33038522	1077	-0.2773
c95142c6-639c-44ff-8c12-a28bc642feda	18	33039480	37267584	2612	-0.331
c95142c6-639c-44ff-8c12-a28bc642feda	18	37271793	40020249	1775	-0.417
c95142c6-639c-44ff-8c12-a28bc642feda	18	40020274	40678118	450	-0.3577
c95142c6-639c-44ff-8c12-a28bc642feda	18	40678132	40690108	35	0.2133
c95142c6-639c-44ff-8c12-a28bc642feda	18	40690234	42929162	1513	-0.3433
c95142c6-639c-44ff-8c12-a28bc642feda	18	42929339	42929628	2	-2.098
c95142c6-639c-44ff-8c12-a28bc642feda	18	42930153	43309610	229	-0.3384
c95142c6-639c-44ff-8c12-a28bc642feda	18	43311432	43312042	2	1.456
c95142c6-639c-44ff-8c12-a28bc642feda	18	43312333	43763849	266	-0.348
c95142c6-639c-44ff-8c12-a28bc642feda	18	43764052	46366874	1688	-0.3988
c95142c6-639c-44ff-8c12-a28bc642feda	18	46367253	46368619	3	-2.1472
c95142c6-639c-44ff-8c12-a28bc642feda	18	46374967	46619524	181	-0.39
c95142c6-639c-44ff-8c12-a28bc642feda	18	46620070	46695659	62	-0.6947
c95142c6-639c-44ff-8c12-a28bc642feda	18	46698880	47712386	579	-0.393
c95142c6-639c-44ff-8c12-a28bc642feda	18	47712917	58377221	7423	-0.3327
c95142c6-639c-44ff-8c12-a28bc642feda	18	58379772	58379794	2	-2.9811
c95142c6-639c-44ff-8c12-a28bc642feda	18	58383251	58429283	22	-0.4943
c95142c6-639c-44ff-8c12-a28bc642feda	18	58429546	58432175	2	1.5034
c95142c6-639c-44ff-8c12-a28bc642feda	18	58432260	60250510	1381	-0.3672
c95142c6-639c-44ff-8c12-a28bc642feda	18	60250552	60254981	14	0.3724
c95142c6-639c-44ff-8c12-a28bc642feda	18	60254998	66054343	4040	-0.3405
c95142c6-639c-44ff-8c12-a28bc642feda	18	66060256	66065592	16	0.5188
c95142c6-639c-44ff-8c12-a28bc642feda	18	66065631	66095064	43	-0.3079
c95142c6-639c-44ff-8c12-a28bc642feda	18	66099904	66108359	4	-1.8159
c95142c6-639c-44ff-8c12-a28bc642feda	18	66109894	68021370	1330	-0.395
c95142c6-639c-44ff-8c12-a28bc642feda	18	68023504	73592026	4173	-0.3292
c95142c6-639c-44ff-8c12-a28bc642feda	18	73592615	78405831	3807	-0.3957
c95142c6-639c-44ff-8c12-a28bc642feda	18	78408275	78408749	2	-3.0574
c95142c6-639c-44ff-8c12-a28bc642feda	18	78408940	80257174	1019	-0.4216
c95142c6-639c-44ff-8c12-a28bc642feda	19	90910	12405858	4930	-0.0007
c95142c6-639c-44ff-8c12-a28bc642feda	19	12405871	12434070	33	0.5861
c95142c6-639c-44ff-8c12-a28bc642feda	19	12435375	15673342	1610	0.0051
c95142c6-639c-44ff-8c12-a28bc642feda	19	15679275	15680807	2	1.97
c95142c6-639c-44ff-8c12-a28bc642feda	19	15680854	19749686	1914	0.0005
c95142c6-639c-44ff-8c12-a28bc642feda	19	19750873	19752822	2	-2.1075
c95142c6-639c-44ff-8c12-a28bc642feda	19	19758535	21085249	777	0.0064
c95142c6-639c-44ff-8c12-a28bc642feda	19	21087644	32409721	5489	-0.0759
c95142c6-639c-44ff-8c12-a28bc642feda	19	32410016	36265950	2354	0.0182
c95142c6-639c-44ff-8c12-a28bc642feda	19	36267995	36315613	3	-2.192
c95142c6-639c-44ff-8c12-a28bc642feda	19	36316398	37927565	816	-0.0804
c95142c6-639c-44ff-8c12-a28bc642feda	19	37930536	42712819	2412	0.0186
c95142c6-639c-44ff-8c12-a28bc642feda	19	42720410	42786621	21	-0.2682
c95142c6-639c-44ff-8c12-a28bc642feda	19	42790238	43038679	111	-0.9023
c95142c6-639c-44ff-8c12-a28bc642feda	19	43044862	48701670	2837	0.0242
c95142c6-639c-44ff-8c12-a28bc642feda	19	48702888	48705416	4	-1.3689
c95142c6-639c-44ff-8c12-a28bc642feda	19	48705721	51298362	1155	0.0198
c95142c6-639c-44ff-8c12-a28bc642feda	19	51298370	58281698	4428	-0.0722
c95142c6-639c-44ff-8c12-a28bc642feda	19	58285439	58586487	145	0.0853
c95142c6-639c-44ff-8c12-a28bc642feda	20	80664	82279	16	0.561
c95142c6-639c-44ff-8c12-a28bc642feda	20	84659	237412	105	1.1059
c95142c6-639c-44ff-8c12-a28bc642feda	20	239621	1580353	1080	0.7985
c95142c6-639c-44ff-8c12-a28bc642feda	20	1580934	1613247	41	-0.1351
c95142c6-639c-44ff-8c12-a28bc642feda	20	1617300	7624284	4457	0.8168
c95142c6-639c-44ff-8c12-a28bc642feda	20	7624771	7625126	3	-2.4034
c95142c6-639c-44ff-8c12-a28bc642feda	20	7626978	14758639	5388	0.829
c95142c6-639c-44ff-8c12-a28bc642feda	20	14758662	14897577	140	0.5678
c95142c6-639c-44ff-8c12-a28bc642feda	20	14897650	14971676	88	0.0841
c95142c6-639c-44ff-8c12-a28bc642feda	20	14973040	15952999	901	0.74
c95142c6-639c-44ff-8c12-a28bc642feda	20	15953927	22725818	5365	0.8364
c95142c6-639c-44ff-8c12-a28bc642feda	20	22728987	23181665	398	0.7725
c95142c6-639c-44ff-8c12-a28bc642feda	20	23184378	23193119	7	-0.5444
c95142c6-639c-44ff-8c12-a28bc642feda	20	23195875	23746654	441	0.7942
c95142c6-639c-44ff-8c12-a28bc642feda	20	23746655	23748764	2	-1.2782
c95142c6-639c-44ff-8c12-a28bc642feda	20	23750775	25399034	1180	0.7769
c95142c6-639c-44ff-8c12-a28bc642feda	20	25404755	25448603	19	1.3999
c95142c6-639c-44ff-8c12-a28bc642feda	20	25451466	26229118	292	0.7844
c95142c6-639c-44ff-8c12-a28bc642feda	20	26229816	30400790	82	0.5277
c95142c6-639c-44ff-8c12-a28bc642feda	20	30406589	32979039	848	0.8239
c95142c6-639c-44ff-8c12-a28bc642feda	20	32983165	32983216	2	-2.9089
c95142c6-639c-44ff-8c12-a28bc642feda	20	32984094	54065056	14019	0.7984
c95142c6-639c-44ff-8c12-a28bc642feda	20	54065071	54065719	7	-0.2808
c95142c6-639c-44ff-8c12-a28bc642feda	20	54068669	57009990	2408	0.7904
c95142c6-639c-44ff-8c12-a28bc642feda	20	57011758	57012392	2	-0.99
c95142c6-639c-44ff-8c12-a28bc642feda	20	57019630	60994460	3194	0.8055
c95142c6-639c-44ff-8c12-a28bc642feda	20	60994681	61083358	132	0.5597
c95142c6-639c-44ff-8c12-a28bc642feda	20	61084217	64324800	1655	0.781
c95142c6-639c-44ff-8c12-a28bc642feda	21	10354168	10524066	24	-0.3669
c95142c6-639c-44ff-8c12-a28bc642feda	21	10529144	13028693	73	0.2418
c95142c6-639c-44ff-8c12-a28bc642feda	21	13080541	13160229	12	-1.353
c95142c6-639c-44ff-8c12-a28bc642feda	21	13166157	45340335	22874	-0.3571
c95142c6-639c-44ff-8c12-a28bc642feda	21	45344382	45591428	110	-0.7319
c95142c6-639c-44ff-8c12-a28bc642feda	21	45592695	46677045	649	-0.3384
c95142c6-639c-44ff-8c12-a28bc642feda	22	15294547	20125730	1910	-0.3947
c95142c6-639c-44ff-8c12-a28bc642feda	22	20127933	20291006	80	-0.934
c95142c6-639c-44ff-8c12-a28bc642feda	22	20291560	28419654	6089	-0.3979
c95142c6-639c-44ff-8c12-a28bc642feda	22	28424883	31595519	1767	-0.3072
c95142c6-639c-44ff-8c12-a28bc642feda	22	31596342	31729144	80	-0.7663
c95142c6-639c-44ff-8c12-a28bc642feda	22	31735670	36174780	3604	-0.3742
c95142c6-639c-44ff-8c12-a28bc642feda	22	36176467	36183118	10	-1.983
c95142c6-639c-44ff-8c12-a28bc642feda	22	36183164	36412940	161	-0.5083
c95142c6-639c-44ff-8c12-a28bc642feda	22	36415774	46967360	6476	-0.3279
c95142c6-639c-44ff-8c12-a28bc642feda	22	46969920	48935200	1776	-0.4408
c95142c6-639c-44ff-8c12-a28bc642feda	22	48940621	49799689	770	-0.6318
c95142c6-639c-44ff-8c12-a28bc642feda	22	49800465	50796027	421	-0.3523
c95142c6-639c-44ff-8c12-a28bc642feda	X	251810	4256885	1059	0.0096
c95142c6-639c-44ff-8c12-a28bc642feda	X	4257508	4257511	2	-3.2516
c95142c6-639c-44ff-8c12-a28bc642feda	X	4261027	10292463	4747	-0.0312
c95142c6-639c-44ff-8c12-a28bc642feda	X	10293237	18043000	5129	0.0608
c95142c6-639c-44ff-8c12-a28bc642feda	X	18045062	97410406	39207	0.0044
c95142c6-639c-44ff-8c12-a28bc642feda	X	97411809	97516742	47	-0.4889
c95142c6-639c-44ff-8c12-a28bc642feda	X	97520745	133822291	19973	0.0056
c95142c6-639c-44ff-8c12-a28bc642feda	X	133825832	150607330	10438	-0.0372
c95142c6-639c-44ff-8c12-a28bc642feda	X	150612325	150659704	42	-0.5465
c95142c6-639c-44ff-8c12-a28bc642feda	X	150666602	153574924	1827	-0.0574
c95142c6-639c-44ff-8c12-a28bc642feda	X	153580010	154838329	488	0.0223
c95142c6-639c-44ff-8c12-a28bc642feda	X	154839780	154857657	6	1.2878
c95142c6-639c-44ff-8c12-a28bc642feda	X	154860563	155952689	361	0.0957
c95142c6-639c-44ff-8c12-a28bc642feda	Y	2782397	6167430	749	-2.3565
c95142c6-639c-44ff-8c12-a28bc642feda	Y	6171310	6171622	2	-7.6439
c95142c6-639c-44ff-8c12-a28bc642feda	Y	6180233	6233384	33	-2.1122
c95142c6-639c-44ff-8c12-a28bc642feda	Y	6249869	9326090	1440	-2.7958
c95142c6-639c-44ff-8c12-a28bc642feda	Y	9326723	9554275	29	-4.4399
c95142c6-639c-44ff-8c12-a28bc642feda	Y	9554586	23586854	4193	-2.6656
c95142c6-639c-44ff-8c12-a28bc642feda	Y	23784615	56872112	192	-2.3505
