GDC_Aliquot	Chromosome	Start	End	Num_Probes	Segment_Mean
008b77cd-44a6-469d-a563-308c7ff70fc0	1	62920	1195347	111	0.1057
008b77cd-44a6-469d-a563-308c7ff70fc0	1	1220663	1527386	82	0.4985
008b77cd-44a6-469d-a563-308c7ff70fc0	1	1532186	2819255	338	0.149
008b77cd-44a6-469d-a563-308c7ff70fc0	1	2820141	4559456	1073	0.0077
008b77cd-44a6-469d-a563-308c7ff70fc0	1	4559980	5311519	673	-0.0513
008b77cd-44a6-469d-a563-308c7ff70fc0	1	5311874	16569132	6375	0.03
008b77cd-44a6-469d-a563-308c7ff70fc0	1	16570326	16788139	53	0.5168
008b77cd-44a6-469d-a563-308c7ff70fc0	1	16855942	16935393	54	-0.2704
008b77cd-44a6-469d-a563-308c7ff70fc0	1	16935737	29528044	7087	0.0427
008b77cd-44a6-469d-a563-308c7ff70fc0	1	29528163	30162805	489	-0.0307
008b77cd-44a6-469d-a563-308c7ff70fc0	1	30164550	30258675	97	0.0539
008b77cd-44a6-469d-a563-308c7ff70fc0	1	30258730	30264526	5	-0.8366
008b77cd-44a6-469d-a563-308c7ff70fc0	1	30265508	34626073	2565	0.034
008b77cd-44a6-469d-a563-308c7ff70fc0	1	34637053	34637435	6	-0.6569
008b77cd-44a6-469d-a563-308c7ff70fc0	1	34637541	34638721	11	-0.1615
008b77cd-44a6-469d-a563-308c7ff70fc0	1	34638795	34638890	3	-0.7463
008b77cd-44a6-469d-a563-308c7ff70fc0	1	34648667	45367288	6017	0.0245
008b77cd-44a6-469d-a563-308c7ff70fc0	1	45372677	48635537	1878	0.0694
008b77cd-44a6-469d-a563-308c7ff70fc0	1	48635777	49546616	534	0.0208
008b77cd-44a6-469d-a563-308c7ff70fc0	1	49558284	49559862	4	-0.953
008b77cd-44a6-469d-a563-308c7ff70fc0	1	49569377	49975797	152	0.0147
008b77cd-44a6-469d-a563-308c7ff70fc0	1	49983240	50125820	66	0.3306
008b77cd-44a6-469d-a563-308c7ff70fc0	1	50125893	58277891	5397	0.0374
008b77cd-44a6-469d-a563-308c7ff70fc0	1	58279731	71533795	9246	0.0634
008b77cd-44a6-469d-a563-308c7ff70fc0	1	71534238	72303233	480	0.033
008b77cd-44a6-469d-a563-308c7ff70fc0	1	72303253	72346221	46	-1.466
008b77cd-44a6-469d-a563-308c7ff70fc0	1	72346757	103586648	20029	0.0487
008b77cd-44a6-469d-a563-308c7ff70fc0	1	103587546	103717410	16	-0.5298
008b77cd-44a6-469d-a563-308c7ff70fc0	1	103717617	103765540	9	0.0103
008b77cd-44a6-469d-a563-308c7ff70fc0	1	103765752	105470754	910	0.0488
008b77cd-44a6-469d-a563-308c7ff70fc0	1	105476583	105479753	17	0.6262
008b77cd-44a6-469d-a563-308c7ff70fc0	1	105481433	108197991	1946	0.0569
008b77cd-44a6-469d-a563-308c7ff70fc0	1	108200892	108223733	14	-0.2987
008b77cd-44a6-469d-a563-308c7ff70fc0	1	108226680	108274557	2	1.2162
008b77cd-44a6-469d-a563-308c7ff70fc0	1	108310648	109684893	676	0.0725
008b77cd-44a6-469d-a563-308c7ff70fc0	1	109690352	109697556	13	-0.4925
008b77cd-44a6-469d-a563-308c7ff70fc0	1	109702376	112153465	1953	0.0399
008b77cd-44a6-469d-a563-308c7ff70fc0	1	112153571	112154768	23	0.556
008b77cd-44a6-469d-a563-308c7ff70fc0	1	112163334	143494500	5166	0.0478
008b77cd-44a6-469d-a563-308c7ff70fc0	1	143541857	143546851	3	-1.0977
008b77cd-44a6-469d-a563-308c7ff70fc0	1	143547055	143811517	115	-2.4174
008b77cd-44a6-469d-a563-308c7ff70fc0	1	143890323	143942271	7	-0.9212
008b77cd-44a6-469d-a563-308c7ff70fc0	1	144432083	152582700	2315	0.0746
008b77cd-44a6-469d-a563-308c7ff70fc0	1	152583051	152614118	36	1.1981
008b77cd-44a6-469d-a563-308c7ff70fc0	1	152618018	153745744	846	0.0378
008b77cd-44a6-469d-a563-308c7ff70fc0	1	153745996	153746270	2	-1.7497
008b77cd-44a6-469d-a563-308c7ff70fc0	1	153752734	174826737	14168	0.0455
008b77cd-44a6-469d-a563-308c7ff70fc0	1	174826800	174833313	27	0.4329
008b77cd-44a6-469d-a563-308c7ff70fc0	1	174833703	178692461	2514	0.0432
008b77cd-44a6-469d-a563-308c7ff70fc0	1	178692730	178715712	53	0.268
008b77cd-44a6-469d-a563-308c7ff70fc0	1	178715863	189679027	7334	0.0462
008b77cd-44a6-469d-a563-308c7ff70fc0	1	189679353	189679397	2	-1.2749
008b77cd-44a6-469d-a563-308c7ff70fc0	1	189682917	196762956	4743	0.0497
008b77cd-44a6-469d-a563-308c7ff70fc0	1	196769493	196846661	57	0.3831
008b77cd-44a6-469d-a563-308c7ff70fc0	1	196847600	201959105	3351	0.0335
008b77cd-44a6-469d-a563-308c7ff70fc0	1	201961161	202086613	70	0.3433
008b77cd-44a6-469d-a563-308c7ff70fc0	1	202086810	202598144	267	0.1105
008b77cd-44a6-469d-a563-308c7ff70fc0	1	202598425	202598658	3	0.9601
008b77cd-44a6-469d-a563-308c7ff70fc0	1	202599414	204008405	903	0.0503
008b77cd-44a6-469d-a563-308c7ff70fc0	1	204008420	204016578	5	-0.5551
008b77cd-44a6-469d-a563-308c7ff70fc0	1	204016876	204546171	459	0.0322
008b77cd-44a6-469d-a563-308c7ff70fc0	1	204549714	204649445	76	0.3468
008b77cd-44a6-469d-a563-308c7ff70fc0	1	204655829	227237600	15331	0.0496
008b77cd-44a6-469d-a563-308c7ff70fc0	1	227238371	227238705	3	-1.2888
008b77cd-44a6-469d-a563-308c7ff70fc0	1	227241477	244619592	12623	0.0478
008b77cd-44a6-469d-a563-308c7ff70fc0	1	244620856	244633828	14	0.5207
008b77cd-44a6-469d-a563-308c7ff70fc0	1	244634322	248930189	2727	0.0476
008b77cd-44a6-469d-a563-308c7ff70fc0	2	12784	8302030	6537	0.0246
008b77cd-44a6-469d-a563-308c7ff70fc0	2	8302255	12484492	3073	0.0628
008b77cd-44a6-469d-a563-308c7ff70fc0	2	12484626	13121378	431	-0.0251
008b77cd-44a6-469d-a563-308c7ff70fc0	2	13121947	26030657	8727	0.0501
008b77cd-44a6-469d-a563-308c7ff70fc0	2	26032394	32498214	3870	0.0199
008b77cd-44a6-469d-a563-308c7ff70fc0	2	32499271	32651085	72	0.2909
008b77cd-44a6-469d-a563-308c7ff70fc0	2	32654095	33537896	658	0.0515
008b77cd-44a6-469d-a563-308c7ff70fc0	2	33540701	33543045	2	-2.45
008b77cd-44a6-469d-a563-308c7ff70fc0	2	33545200	34295406	636	0.0553
008b77cd-44a6-469d-a563-308c7ff70fc0	2	34298911	34300513	2	1.0787
008b77cd-44a6-469d-a563-308c7ff70fc0	2	34300900	34458223	93	0.0526
008b77cd-44a6-469d-a563-308c7ff70fc0	2	34460213	34474248	3	-0.5776
008b77cd-44a6-469d-a563-308c7ff70fc0	2	34476327	34511990	45	-1.8461
008b77cd-44a6-469d-a563-308c7ff70fc0	2	34512096	37577821	2297	0.0277
008b77cd-44a6-469d-a563-308c7ff70fc0	2	37578003	37579401	3	-1.0176
008b77cd-44a6-469d-a563-308c7ff70fc0	2	37581739	37636632	43	-0.0145
008b77cd-44a6-469d-a563-308c7ff70fc0	2	37636926	37636998	2	-1.2852
008b77cd-44a6-469d-a563-308c7ff70fc0	2	37637927	47257883	7165	0.0447
008b77cd-44a6-469d-a563-308c7ff70fc0	2	47258279	47394360	56	0.3909
008b77cd-44a6-469d-a563-308c7ff70fc0	2	47407308	48621927	655	0.0244
008b77cd-44a6-469d-a563-308c7ff70fc0	2	48622866	48634765	5	-0.7354
008b77cd-44a6-469d-a563-308c7ff70fc0	2	48634978	48986462	269	0.0474
008b77cd-44a6-469d-a563-308c7ff70fc0	2	48990777	49041291	51	-1.0962
008b77cd-44a6-469d-a563-308c7ff70fc0	2	49041665	49115024	50	-0.7037
008b77cd-44a6-469d-a563-308c7ff70fc0	2	49115665	51507538	1755	0.0248
008b77cd-44a6-469d-a563-308c7ff70fc0	2	51507548	51507941	3	-1.0474
008b77cd-44a6-469d-a563-308c7ff70fc0	2	51508177	52527330	655	0.0139
008b77cd-44a6-469d-a563-308c7ff70fc0	2	52527342	52554404	39	0.7905
008b77cd-44a6-469d-a563-308c7ff70fc0	2	52560811	146104517	53285	0.0361
008b77cd-44a6-469d-a563-308c7ff70fc0	2	146106836	146120238	25	-1.8099
008b77cd-44a6-469d-a563-308c7ff70fc0	2	146120827	208776536	37822	0.0558
008b77cd-44a6-469d-a563-308c7ff70fc0	2	208776965	208777324	2	-2.2118
008b77cd-44a6-469d-a563-308c7ff70fc0	2	208778721	228510663	12841	0.0442
008b77cd-44a6-469d-a563-308c7ff70fc0	2	228515105	229772837	871	-0.3686
008b77cd-44a6-469d-a563-308c7ff70fc0	2	229776896	230393900	340	0.0463
008b77cd-44a6-469d-a563-308c7ff70fc0	2	230400636	230404071	4	0.7372
008b77cd-44a6-469d-a563-308c7ff70fc0	2	230405779	231457296	561	0.0213
008b77cd-44a6-469d-a563-308c7ff70fc0	2	231467023	240711081	6051	-0.3998
008b77cd-44a6-469d-a563-308c7ff70fc0	2	240716127	241080417	145	0.0152
008b77cd-44a6-469d-a563-308c7ff70fc0	2	241081801	242106609	443	-0.3539
008b77cd-44a6-469d-a563-308c7ff70fc0	2	242106874	242147305	8	-0.0167
008b77cd-44a6-469d-a563-308c7ff70fc0	3	20930	182919	154	-0.0893
008b77cd-44a6-469d-a563-308c7ff70fc0	3	188339	191117	4	-3.677
008b77cd-44a6-469d-a563-308c7ff70fc0	3	193194	999245	660	-0.0055
008b77cd-44a6-469d-a563-308c7ff70fc0	3	1002741	2782874	1596	-0.0603
008b77cd-44a6-469d-a563-308c7ff70fc0	3	2782989	5626019	2521	0.0327
008b77cd-44a6-469d-a563-308c7ff70fc0	3	5631953	5632733	2	-1.6799
008b77cd-44a6-469d-a563-308c7ff70fc0	3	5633029	16195501	7964	0.0373
008b77cd-44a6-469d-a563-308c7ff70fc0	3	16197556	16199877	9	-0.6343
008b77cd-44a6-469d-a563-308c7ff70fc0	3	16202089	21706349	3357	0.0441
008b77cd-44a6-469d-a563-308c7ff70fc0	3	21707297	21728565	18	-0.3525
008b77cd-44a6-469d-a563-308c7ff70fc0	3	21731222	21774974	61	0.0512
008b77cd-44a6-469d-a563-308c7ff70fc0	3	21775789	21944976	191	-0.1558
008b77cd-44a6-469d-a563-308c7ff70fc0	3	21949340	59725291	23782	0.0379
008b77cd-44a6-469d-a563-308c7ff70fc0	3	59727665	61248234	1667	-0.061
008b77cd-44a6-469d-a563-308c7ff70fc0	3	61248361	61632414	288	0.0486
008b77cd-44a6-469d-a563-308c7ff70fc0	3	61635075	61638382	6	-0.5627
008b77cd-44a6-469d-a563-308c7ff70fc0	3	61640752	62693933	888	0.0439
008b77cd-44a6-469d-a563-308c7ff70fc0	3	62702010	62703268	8	-0.522
008b77cd-44a6-469d-a563-308c7ff70fc0	3	62703531	68697013	4635	0.0505
008b77cd-44a6-469d-a563-308c7ff70fc0	3	68697108	68698262	14	-1.5538
008b77cd-44a6-469d-a563-308c7ff70fc0	3	68699607	75519398	4931	0.0456
008b77cd-44a6-469d-a563-308c7ff70fc0	3	75523398	75537654	6	0.944
008b77cd-44a6-469d-a563-308c7ff70fc0	3	75546030	81545929	3400	0.0595
008b77cd-44a6-469d-a563-308c7ff70fc0	3	81546941	81548156	3	-1.0977
008b77cd-44a6-469d-a563-308c7ff70fc0	3	81551646	87784025	3352	0.0517
008b77cd-44a6-469d-a563-308c7ff70fc0	3	87785260	87796807	6	-0.8312
008b77cd-44a6-469d-a563-308c7ff70fc0	3	87798026	99218940	4218	0.0432
008b77cd-44a6-469d-a563-308c7ff70fc0	3	99225614	99230577	38	0.4024
008b77cd-44a6-469d-a563-308c7ff70fc0	3	99232120	103248705	2235	0.0533
008b77cd-44a6-469d-a563-308c7ff70fc0	3	103248960	103250477	2	-1.2551
008b77cd-44a6-469d-a563-308c7ff70fc0	3	103253860	108463543	3347	0.0524
008b77cd-44a6-469d-a563-308c7ff70fc0	3	108466011	108594795	67	0.4411
008b77cd-44a6-469d-a563-308c7ff70fc0	3	108600728	162795304	33382	0.0453
008b77cd-44a6-469d-a563-308c7ff70fc0	3	162795361	162906065	63	0.6333
008b77cd-44a6-469d-a563-308c7ff70fc0	3	162906093	162996729	76	-0.0153
008b77cd-44a6-469d-a563-308c7ff70fc0	3	162999939	163001774	2	-2.421
008b77cd-44a6-469d-a563-308c7ff70fc0	3	163008371	173484718	6259	0.057
008b77cd-44a6-469d-a563-308c7ff70fc0	3	173485316	173718697	163	-0.1061
008b77cd-44a6-469d-a563-308c7ff70fc0	3	173719686	175362822	1163	0.0643
008b77cd-44a6-469d-a563-308c7ff70fc0	3	175362958	175363437	4	-1.3777
008b77cd-44a6-469d-a563-308c7ff70fc0	3	175363536	175382103	25	0.1003
008b77cd-44a6-469d-a563-308c7ff70fc0	3	175382608	175403815	19	-0.3363
008b77cd-44a6-469d-a563-308c7ff70fc0	3	175403980	175528477	108	0.0164
008b77cd-44a6-469d-a563-308c7ff70fc0	3	175532653	175572276	19	-0.3946
008b77cd-44a6-469d-a563-308c7ff70fc0	3	175572556	185226155	5590	0.0524
008b77cd-44a6-469d-a563-308c7ff70fc0	3	185229142	185268955	22	0.4384
008b77cd-44a6-469d-a563-308c7ff70fc0	3	185271645	188850864	2664	0.0386
008b77cd-44a6-469d-a563-308c7ff70fc0	3	188851117	192890762	2881	0.0782
008b77cd-44a6-469d-a563-308c7ff70fc0	3	192890809	193164615	201	0.0116
008b77cd-44a6-469d-a563-308c7ff70fc0	3	193164677	193164983	4	-0.8511
008b77cd-44a6-469d-a563-308c7ff70fc0	3	193165080	195558822	1486	0.0707
008b77cd-44a6-469d-a563-308c7ff70fc0	3	195559056	195720051	26	0.6585
008b77cd-44a6-469d-a563-308c7ff70fc0	3	195728637	195847245	60	0.1736
008b77cd-44a6-469d-a563-308c7ff70fc0	3	195855609	195974457	44	0.6991
008b77cd-44a6-469d-a563-308c7ff70fc0	3	195982791	198169247	1081	0.0757
008b77cd-44a6-469d-a563-308c7ff70fc0	4	68929	1737005	619	0.0667
008b77cd-44a6-469d-a563-308c7ff70fc0	4	1750693	1802549	17	0.4705
008b77cd-44a6-469d-a563-308c7ff70fc0	4	1814963	5163328	1795	0.0394
008b77cd-44a6-469d-a563-308c7ff70fc0	4	5163348	5177975	10	-0.9023
008b77cd-44a6-469d-a563-308c7ff70fc0	4	5179462	6108672	818	-0.0026
008b77cd-44a6-469d-a563-308c7ff70fc0	4	6110413	9421524	1883	0.0621
008b77cd-44a6-469d-a563-308c7ff70fc0	4	9422531	9455251	19	-0.091
008b77cd-44a6-469d-a563-308c7ff70fc0	4	9459504	9484440	7	1.0521
008b77cd-44a6-469d-a563-308c7ff70fc0	4	9494650	10208766	539	0.0495
008b77cd-44a6-469d-a563-308c7ff70fc0	4	10221792	10229874	28	-1.8142
008b77cd-44a6-469d-a563-308c7ff70fc0	4	10232590	10233644	7	-0.651
008b77cd-44a6-469d-a563-308c7ff70fc0	4	10234518	34777432	16980	0.0492
008b77cd-44a6-469d-a563-308c7ff70fc0	4	34784878	34819718	36	0.5145
008b77cd-44a6-469d-a563-308c7ff70fc0	4	34822561	36008312	771	0.0556
008b77cd-44a6-469d-a563-308c7ff70fc0	4	36009771	36012790	7	-0.2153
008b77cd-44a6-469d-a563-308c7ff70fc0	4	36013359	36013896	4	-1.2011
008b77cd-44a6-469d-a563-308c7ff70fc0	4	36015896	38024768	1482	0.0663
008b77cd-44a6-469d-a563-308c7ff70fc0	4	38027159	38323826	223	0.3904
008b77cd-44a6-469d-a563-308c7ff70fc0	4	38326286	40698556	1399	0.0544
008b77cd-44a6-469d-a563-308c7ff70fc0	4	40701994	40702175	3	1.0815
008b77cd-44a6-469d-a563-308c7ff70fc0	4	40702670	43143380	1642	0.0547
008b77cd-44a6-469d-a563-308c7ff70fc0	4	43143414	43148055	10	-0.7001
008b77cd-44a6-469d-a563-308c7ff70fc0	4	43154418	45003738	1103	0.0201
008b77cd-44a6-469d-a563-308c7ff70fc0	4	45003835	45004318	4	-0.8285
008b77cd-44a6-469d-a563-308c7ff70fc0	4	45008952	46194361	649	0.0444
008b77cd-44a6-469d-a563-308c7ff70fc0	4	46202166	46210750	4	-1.0651
008b77cd-44a6-469d-a563-308c7ff70fc0	4	46210775	49214614	1680	0.0807
008b77cd-44a6-469d-a563-308c7ff70fc0	4	49289175	49289338	2	-2.2638
008b77cd-44a6-469d-a563-308c7ff70fc0	4	49295203	61071220	6083	0.0384
008b77cd-44a6-469d-a563-308c7ff70fc0	4	61075217	61076234	2	-1.4341
008b77cd-44a6-469d-a563-308c7ff70fc0	4	61079968	62802116	939	0.0147
008b77cd-44a6-469d-a563-308c7ff70fc0	4	62804218	62805944	8	-1.91
008b77cd-44a6-469d-a563-308c7ff70fc0	4	62813912	63827261	555	0.027
008b77cd-44a6-469d-a563-308c7ff70fc0	4	63828222	63851308	31	0.3964
008b77cd-44a6-469d-a563-308c7ff70fc0	4	63852325	68418873	2858	0.0433
008b77cd-44a6-469d-a563-308c7ff70fc0	4	68422420	68429081	4	1.0286
008b77cd-44a6-469d-a563-308c7ff70fc0	4	68439221	69252259	384	0.0554
008b77cd-44a6-469d-a563-308c7ff70fc0	4	69252275	69370433	64	-0.4242
008b77cd-44a6-469d-a563-308c7ff70fc0	4	69374263	69523998	107	0.0685
008b77cd-44a6-469d-a563-308c7ff70fc0	4	69524143	69525061	2	-2.6683
008b77cd-44a6-469d-a563-308c7ff70fc0	4	69526170	69529454	8	-0.5255
008b77cd-44a6-469d-a563-308c7ff70fc0	4	69529620	77315088	4888	0.0702
008b77cd-44a6-469d-a563-308c7ff70fc0	4	77315465	77339128	22	-0.297
008b77cd-44a6-469d-a563-308c7ff70fc0	4	77342320	114252500	22308	0.0597
008b77cd-44a6-469d-a563-308c7ff70fc0	4	114252544	114263096	26	0.8014
008b77cd-44a6-469d-a563-308c7ff70fc0	4	114263110	129667392	9130	0.0576
008b77cd-44a6-469d-a563-308c7ff70fc0	4	129669376	134118349	2424	0.0139
008b77cd-44a6-469d-a563-308c7ff70fc0	4	134119069	153065214	11293	0.0599
008b77cd-44a6-469d-a563-308c7ff70fc0	4	153071308	153170373	84	0.396
008b77cd-44a6-469d-a563-308c7ff70fc0	4	153177296	160952848	5045	0.0625
008b77cd-44a6-469d-a563-308c7ff70fc0	4	160958866	160963756	21	-2.3898
008b77cd-44a6-469d-a563-308c7ff70fc0	4	160963767	178097753	10744	0.0522
008b77cd-44a6-469d-a563-308c7ff70fc0	4	178097801	181136119	2186	0.0052
008b77cd-44a6-469d-a563-308c7ff70fc0	4	181136240	185059786	2893	0.0399
008b77cd-44a6-469d-a563-308c7ff70fc0	4	185063530	188061058	2067	0.0895
008b77cd-44a6-469d-a563-308c7ff70fc0	4	188062888	188300104	138	0.0095
008b77cd-44a6-469d-a563-308c7ff70fc0	4	188300206	188300221	2	1.3923
008b77cd-44a6-469d-a563-308c7ff70fc0	4	188300270	189065876	617	0.0008
008b77cd-44a6-469d-a563-308c7ff70fc0	4	189067095	189069532	7	-0.7874
008b77cd-44a6-469d-a563-308c7ff70fc0	4	189071423	190106768	520	0.0144
008b77cd-44a6-469d-a563-308c7ff70fc0	5	15532	445158	197	0.0431
008b77cd-44a6-469d-a563-308c7ff70fc0	5	445859	574208	39	0.3497
008b77cd-44a6-469d-a563-308c7ff70fc0	5	575190	685633	70	0.0179
008b77cd-44a6-469d-a563-308c7ff70fc0	5	698256	773453	27	0.6968
008b77cd-44a6-469d-a563-308c7ff70fc0	5	779766	896700	38	0.0761
008b77cd-44a6-469d-a563-308c7ff70fc0	5	905586	908425	3	-1.224
008b77cd-44a6-469d-a563-308c7ff70fc0	5	913276	3092396	1659	0.0111
008b77cd-44a6-469d-a563-308c7ff70fc0	5	3092961	3097077	6	-0.8445
008b77cd-44a6-469d-a563-308c7ff70fc0	5	3097297	8406868	4638	0.013
008b77cd-44a6-469d-a563-308c7ff70fc0	5	8407192	14497691	4768	0.0523
008b77cd-44a6-469d-a563-308c7ff70fc0	5	14498618	14612234	62	0.3746
008b77cd-44a6-469d-a563-308c7ff70fc0	5	14615260	17341056	1761	0.051
008b77cd-44a6-469d-a563-308c7ff70fc0	5	17341538	17356130	10	-0.7373
008b77cd-44a6-469d-a563-308c7ff70fc0	5	17358160	21376735	2393	0.0437
008b77cd-44a6-469d-a563-308c7ff70fc0	5	21377730	21377744	2	-1.84
008b77cd-44a6-469d-a563-308c7ff70fc0	5	21385957	45781280	14888	0.0406
008b77cd-44a6-469d-a563-308c7ff70fc0	5	45781718	50276884	176	0.211
008b77cd-44a6-469d-a563-308c7ff70fc0	5	50277291	63309977	8529	0.0536
008b77cd-44a6-469d-a563-308c7ff70fc0	5	63317814	63863924	324	-0.0575
008b77cd-44a6-469d-a563-308c7ff70fc0	5	63870145	69550476	3507	0.0473
008b77cd-44a6-469d-a563-308c7ff70fc0	5	69571467	71095358	24	0.4451
008b77cd-44a6-469d-a563-308c7ff70fc0	5	71095426	172086352	64160	0.0474
008b77cd-44a6-469d-a563-308c7ff70fc0	5	172086427	172150696	56	0.3541
008b77cd-44a6-469d-a563-308c7ff70fc0	5	172151318	173778055	1192	0.0455
008b77cd-44a6-469d-a563-308c7ff70fc0	5	173778222	173779213	6	-1.0317
008b77cd-44a6-469d-a563-308c7ff70fc0	5	173779368	175946505	1659	0.0409
008b77cd-44a6-469d-a563-308c7ff70fc0	5	175960543	175993893	7	0.8349
008b77cd-44a6-469d-a563-308c7ff70fc0	5	175999690	177740962	730	0.0416
008b77cd-44a6-469d-a563-308c7ff70fc0	5	177770954	177771448	2	1.2269
008b77cd-44a6-469d-a563-308c7ff70fc0	5	177800550	178297919	188	0.05
008b77cd-44a6-469d-a563-308c7ff70fc0	5	178302959	178461508	115	0.0056
008b77cd-44a6-469d-a563-308c7ff70fc0	5	178463054	178465955	5	-0.9908
008b77cd-44a6-469d-a563-308c7ff70fc0	5	178466880	180947484	1490	0.0249
008b77cd-44a6-469d-a563-308c7ff70fc0	5	180947523	181006225	21	-0.449
008b77cd-44a6-469d-a563-308c7ff70fc0	5	181006264	181363319	169	0.0239
008b77cd-44a6-469d-a563-308c7ff70fc0	6	149661	294474	122	-0.16
008b77cd-44a6-469d-a563-308c7ff70fc0	6	294725	365720	71	0.0837
008b77cd-44a6-469d-a563-308c7ff70fc0	6	366333	856224	405	-0.1922
008b77cd-44a6-469d-a563-308c7ff70fc0	6	856766	895584	44	-0.4979
008b77cd-44a6-469d-a563-308c7ff70fc0	6	896615	3408878	2023	-0.1514
008b77cd-44a6-469d-a563-308c7ff70fc0	6	3409730	3413203	9	-0.7779
008b77cd-44a6-469d-a563-308c7ff70fc0	6	3415068	4379678	798	-0.1528
008b77cd-44a6-469d-a563-308c7ff70fc0	6	4380668	4381879	3	-1.1626
008b77cd-44a6-469d-a563-308c7ff70fc0	6	4383079	8925113	3722	-0.1489
008b77cd-44a6-469d-a563-308c7ff70fc0	6	8927278	8927279	2	-1.5746
008b77cd-44a6-469d-a563-308c7ff70fc0	6	8928735	19039888	7577	-0.1556
008b77cd-44a6-469d-a563-308c7ff70fc0	6	19041950	19042587	3	-1.5851
008b77cd-44a6-469d-a563-308c7ff70fc0	6	19044471	29869295	6881	-0.1436
008b77cd-44a6-469d-a563-308c7ff70fc0	6	29869410	29906865	22	-0.8127
008b77cd-44a6-469d-a563-308c7ff70fc0	6	29906932	31313046	658	-0.1429
008b77cd-44a6-469d-a563-308c7ff70fc0	6	31318499	31318754	3	-2.268
008b77cd-44a6-469d-a563-308c7ff70fc0	6	31319334	32606394	543	-0.1386
008b77cd-44a6-469d-a563-308c7ff70fc0	6	32606604	32633540	15	-0.8651
008b77cd-44a6-469d-a563-308c7ff70fc0	6	32634330	32713791	40	-0.0873
008b77cd-44a6-469d-a563-308c7ff70fc0	6	32713868	32814610	94	-0.3377
008b77cd-44a6-469d-a563-308c7ff70fc0	6	32814805	46431083	8624	-0.1547
008b77cd-44a6-469d-a563-308c7ff70fc0	6	46432639	65000836	9433	-0.1205
008b77cd-44a6-469d-a563-308c7ff70fc0	6	65001506	65003899	3	-1.4372
008b77cd-44a6-469d-a563-308c7ff70fc0	6	65007491	70834627	3906	-0.1277
008b77cd-44a6-469d-a563-308c7ff70fc0	6	70834672	76731220	3801	-0.1449
008b77cd-44a6-469d-a563-308c7ff70fc0	6	76731658	76742972	15	0.386
008b77cd-44a6-469d-a563-308c7ff70fc0	6	76743040	78261980	981	-0.1626
008b77cd-44a6-469d-a563-308c7ff70fc0	6	78261995	78318053	104	0.3232
008b77cd-44a6-469d-a563-308c7ff70fc0	6	78322600	78661494	238	-0.1572
008b77cd-44a6-469d-a563-308c7ff70fc0	6	78664338	78665008	2	-1.7442
008b77cd-44a6-469d-a563-308c7ff70fc0	6	78665459	80574921	1200	-0.1411
008b77cd-44a6-469d-a563-308c7ff70fc0	6	80574999	80579817	29	-0.8705
008b77cd-44a6-469d-a563-308c7ff70fc0	6	80584624	85757821	3247	-0.1281
008b77cd-44a6-469d-a563-308c7ff70fc0	6	85764650	85840324	45	-1.2378
008b77cd-44a6-469d-a563-308c7ff70fc0	6	85846278	93990370	5290	-0.1559
008b77cd-44a6-469d-a563-308c7ff70fc0	6	93991236	94642318	437	-0.2539
008b77cd-44a6-469d-a563-308c7ff70fc0	6	94643124	103290209	5002	-0.1365
008b77cd-44a6-469d-a563-308c7ff70fc0	6	103290313	103320903	47	0.2684
008b77cd-44a6-469d-a563-308c7ff70fc0	6	103320921	124114927	12694	-0.1386
008b77cd-44a6-469d-a563-308c7ff70fc0	6	124116761	124149616	19	0.3738
008b77cd-44a6-469d-a563-308c7ff70fc0	6	124150388	135138610	7167	-0.1283
008b77cd-44a6-469d-a563-308c7ff70fc0	6	135142859	135335212	212	0.272
008b77cd-44a6-469d-a563-308c7ff70fc0	6	135336600	147024087	7375	-0.133
008b77cd-44a6-469d-a563-308c7ff70fc0	6	147026431	147026982	2	-1.7386
008b77cd-44a6-469d-a563-308c7ff70fc0	6	147027139	161482203	10071	-0.1445
008b77cd-44a6-469d-a563-308c7ff70fc0	6	161482949	170741917	6643	-0.1799
008b77cd-44a6-469d-a563-308c7ff70fc0	7	43355	3162639	1251	0.1911
008b77cd-44a6-469d-a563-308c7ff70fc0	7	3162656	4275435	960	0.1229
008b77cd-44a6-469d-a563-308c7ff70fc0	7	4276624	5126599	527	0.1904
008b77cd-44a6-469d-a563-308c7ff70fc0	7	5127531	5128884	2	1.2546
008b77cd-44a6-469d-a563-308c7ff70fc0	7	5130782	5911197	327	0.2126
008b77cd-44a6-469d-a563-308c7ff70fc0	7	5916628	5999094	13	0.692
008b77cd-44a6-469d-a563-308c7ff70fc0	7	5999270	6902838	376	0.196
008b77cd-44a6-469d-a563-308c7ff70fc0	7	6903028	6921171	5	-0.5748
008b77cd-44a6-469d-a563-308c7ff70fc0	7	6924028	8980245	1811	0.2194
008b77cd-44a6-469d-a563-308c7ff70fc0	7	8980507	9033475	51	-0.0412
008b77cd-44a6-469d-a563-308c7ff70fc0	7	9035664	15305382	4981	0.2096
008b77cd-44a6-469d-a563-308c7ff70fc0	7	15305492	17033114	1414	0.2594
008b77cd-44a6-469d-a563-308c7ff70fc0	7	17035152	19627165	2263	0.193
008b77cd-44a6-469d-a563-308c7ff70fc0	7	19637924	19642525	4	-0.7471
008b77cd-44a6-469d-a563-308c7ff70fc0	7	19643054	19913829	173	0.2135
008b77cd-44a6-469d-a563-308c7ff70fc0	7	19918763	20643898	545	0.2856
008b77cd-44a6-469d-a563-308c7ff70fc0	7	20644787	38251113	12674	0.2099
008b77cd-44a6-469d-a563-308c7ff70fc0	7	38254500	38263833	7	0.5359
008b77cd-44a6-469d-a563-308c7ff70fc0	7	38271122	38301061	65	0.9229
008b77cd-44a6-469d-a563-308c7ff70fc0	7	38301430	38342370	45	0.5987
008b77cd-44a6-469d-a563-308c7ff70fc0	7	38345240	54305455	11002	0.1957
008b77cd-44a6-469d-a563-308c7ff70fc0	7	54318812	54318824	6	3.3458
008b77cd-44a6-469d-a563-308c7ff70fc0	7	54325795	56908389	1615	0.1945
008b77cd-44a6-469d-a563-308c7ff70fc0	7	56997653	57016425	4	1.331
008b77cd-44a6-469d-a563-308c7ff70fc0	7	57048761	67533348	2302	0.2193
008b77cd-44a6-469d-a563-308c7ff70fc0	7	67533636	69801093	1498	0.1199
008b77cd-44a6-469d-a563-308c7ff70fc0	7	69804315	75808367	2581	0.1806
008b77cd-44a6-469d-a563-308c7ff70fc0	7	75809445	75809462	2	-1.4398
008b77cd-44a6-469d-a563-308c7ff70fc0	7	75810378	76514576	272	0.212
008b77cd-44a6-469d-a563-308c7ff70fc0	7	76524031	76550397	7	-0.5521
008b77cd-44a6-469d-a563-308c7ff70fc0	7	76568113	85445932	5872	0.2208
008b77cd-44a6-469d-a563-308c7ff70fc0	7	85448431	85483231	22	-0.1524
008b77cd-44a6-469d-a563-308c7ff70fc0	7	85484537	88558005	1723	0.2153
008b77cd-44a6-469d-a563-308c7ff70fc0	7	88563524	89753028	809	0.1339
008b77cd-44a6-469d-a563-308c7ff70fc0	7	89753079	97777749	5161	0.2098
008b77cd-44a6-469d-a563-308c7ff70fc0	7	97788295	97791340	5	-1.2388
008b77cd-44a6-469d-a563-308c7ff70fc0	7	97791778	102676662	2028	0.2031
008b77cd-44a6-469d-a563-308c7ff70fc0	7	102695668	102696393	3	-1.0601
008b77cd-44a6-469d-a563-308c7ff70fc0	7	102696593	111420729	5671	0.2133
008b77cd-44a6-469d-a563-308c7ff70fc0	7	111425236	111426603	6	-0.9017
008b77cd-44a6-469d-a563-308c7ff70fc0	7	111429358	112571688	727	0.1923
008b77cd-44a6-469d-a563-308c7ff70fc0	7	112572382	112576299	8	-0.3985
008b77cd-44a6-469d-a563-308c7ff70fc0	7	112578335	115824076	1720	0.1999
008b77cd-44a6-469d-a563-308c7ff70fc0	7	115824413	116294646	350	0.2435
008b77cd-44a6-469d-a563-308c7ff70fc0	7	116294957	116301612	6	-0.5278
008b77cd-44a6-469d-a563-308c7ff70fc0	7	116303460	124218195	4746	0.24
008b77cd-44a6-469d-a563-308c7ff70fc0	7	124218552	126404920	1382	0.2056
008b77cd-44a6-469d-a563-308c7ff70fc0	7	126405428	126406827	18	-0.2526
008b77cd-44a6-469d-a563-308c7ff70fc0	7	126412712	134093899	4695	0.2058
008b77cd-44a6-469d-a563-308c7ff70fc0	7	134100424	134114444	37	-0.3939
008b77cd-44a6-469d-a563-308c7ff70fc0	7	134121491	142069843	5196	0.2049
008b77cd-44a6-469d-a563-308c7ff70fc0	7	142069880	142092307	33	-0.5626
008b77cd-44a6-469d-a563-308c7ff70fc0	7	142099190	142563940	344	0.2127
008b77cd-44a6-469d-a563-308c7ff70fc0	7	142581256	142785841	102	0.5407
008b77cd-44a6-469d-a563-308c7ff70fc0	7	142801993	144176859	755	0.212
008b77cd-44a6-469d-a563-308c7ff70fc0	7	144199159	144343967	15	0.6744
008b77cd-44a6-469d-a563-308c7ff70fc0	7	144352208	150092385	3580	0.2011
008b77cd-44a6-469d-a563-308c7ff70fc0	7	150097966	150108987	6	-0.7798
008b77cd-44a6-469d-a563-308c7ff70fc0	7	150112933	150855785	459	0.2141
008b77cd-44a6-469d-a563-308c7ff70fc0	7	150856669	150863234	9	-1.2513
008b77cd-44a6-469d-a563-308c7ff70fc0	7	150865574	150868870	12	0.2947
008b77cd-44a6-469d-a563-308c7ff70fc0	7	150870653	150875482	6	-1.3395
008b77cd-44a6-469d-a563-308c7ff70fc0	7	150877476	157946642	4720	0.2014
008b77cd-44a6-469d-a563-308c7ff70fc0	7	157947664	158011019	61	-0.0133
008b77cd-44a6-469d-a563-308c7ff70fc0	7	158017089	158600094	307	0.2124
008b77cd-44a6-469d-a563-308c7ff70fc0	7	158600272	158920562	207	0.3186
008b77cd-44a6-469d-a563-308c7ff70fc0	7	158921525	159155209	173	0.1195
008b77cd-44a6-469d-a563-308c7ff70fc0	7	159156259	159156673	2	-1.4031
008b77cd-44a6-469d-a563-308c7ff70fc0	7	159161823	159334314	111	0.1808
008b77cd-44a6-469d-a563-308c7ff70fc0	8	81254	644973	324	0.0976
008b77cd-44a6-469d-a563-308c7ff70fc0	8	645220	645790	5	1.094
008b77cd-44a6-469d-a563-308c7ff70fc0	8	645875	645908	3	3.3912
008b77cd-44a6-469d-a563-308c7ff70fc0	8	656117	2052508	1049	0.1863
008b77cd-44a6-469d-a563-308c7ff70fc0	8	2052548	3726178	1685	0.1634
008b77cd-44a6-469d-a563-308c7ff70fc0	8	3726550	3742050	37	-0.1475
008b77cd-44a6-469d-a563-308c7ff70fc0	8	3742232	3858610	156	0.1458
008b77cd-44a6-469d-a563-308c7ff70fc0	8	3859946	3865607	7	-0.3435
008b77cd-44a6-469d-a563-308c7ff70fc0	8	3865662	3907892	71	0.1971
008b77cd-44a6-469d-a563-308c7ff70fc0	8	3908780	3908988	2	-0.9548
008b77cd-44a6-469d-a563-308c7ff70fc0	8	3910546	4050285	223	0.1937
008b77cd-44a6-469d-a563-308c7ff70fc0	8	4050319	4050928	4	-0.7925
008b77cd-44a6-469d-a563-308c7ff70fc0	8	4052574	4192953	251	0.1988
008b77cd-44a6-469d-a563-308c7ff70fc0	8	4193021	4194806	11	-0.2986
008b77cd-44a6-469d-a563-308c7ff70fc0	8	4194844	4210281	26	0.1918
008b77cd-44a6-469d-a563-308c7ff70fc0	8	4210308	4218866	21	-0.1544
008b77cd-44a6-469d-a563-308c7ff70fc0	8	4219153	4233890	33	0.1012
008b77cd-44a6-469d-a563-308c7ff70fc0	8	4233939	4241960	17	-0.3088
008b77cd-44a6-469d-a563-308c7ff70fc0	8	4242262	5221732	1405	0.1572
008b77cd-44a6-469d-a563-308c7ff70fc0	8	5223522	5260993	55	-0.0612
008b77cd-44a6-469d-a563-308c7ff70fc0	8	5262042	5391663	159	0.1842
008b77cd-44a6-469d-a563-308c7ff70fc0	8	5391708	5477133	77	-0.0031
008b77cd-44a6-469d-a563-308c7ff70fc0	8	5477391	5507766	70	0.2407
008b77cd-44a6-469d-a563-308c7ff70fc0	8	5508480	5736610	311	0.0132
008b77cd-44a6-469d-a563-308c7ff70fc0	8	5736745	5968019	319	0.1977
008b77cd-44a6-469d-a563-308c7ff70fc0	8	5968573	6098014	161	0.0699
008b77cd-44a6-469d-a563-308c7ff70fc0	8	6101073	6102302	4	-0.807
008b77cd-44a6-469d-a563-308c7ff70fc0	8	6103513	6209399	153	0.0854
008b77cd-44a6-469d-a563-308c7ff70fc0	8	6209411	6956923	956	0.1933
008b77cd-44a6-469d-a563-308c7ff70fc0	8	6957134	6957806	6	-0.7138
008b77cd-44a6-469d-a563-308c7ff70fc0	8	6958057	7167045	124	0.1716
008b77cd-44a6-469d-a563-308c7ff70fc0	8	7172468	7185818	5	-0.8869
008b77cd-44a6-469d-a563-308c7ff70fc0	8	7296545	9103507	907	0.2422
008b77cd-44a6-469d-a563-308c7ff70fc0	8	9105018	16400830	5953	0.1692
008b77cd-44a6-469d-a563-308c7ff70fc0	8	16401388	16417152	33	-0.5048
008b77cd-44a6-469d-a563-308c7ff70fc0	8	16421186	16617061	163	0.1252
008b77cd-44a6-469d-a563-308c7ff70fc0	8	16619032	19280118	2424	0.2275
008b77cd-44a6-469d-a563-308c7ff70fc0	8	19284131	21924900	2231	0.1641
008b77cd-44a6-469d-a563-308c7ff70fc0	8	21925518	22395734	217	0.221
008b77cd-44a6-469d-a563-308c7ff70fc0	8	22395972	22535296	83	0.3472
008b77cd-44a6-469d-a563-308c7ff70fc0	8	22535557	25113490	1738	0.1929
008b77cd-44a6-469d-a563-308c7ff70fc0	8	25113973	25114672	4	-0.3319
008b77cd-44a6-469d-a563-308c7ff70fc0	8	25116928	25126818	27	0.7561
008b77cd-44a6-469d-a563-308c7ff70fc0	8	25133589	25217432	60	0.2524
008b77cd-44a6-469d-a563-308c7ff70fc0	8	25217717	25873935	524	0.1615
008b77cd-44a6-469d-a563-308c7ff70fc0	8	25874064	27021561	897	0.2195
008b77cd-44a6-469d-a563-308c7ff70fc0	8	27022006	27029290	7	-0.4337
008b77cd-44a6-469d-a563-308c7ff70fc0	8	27029697	31220255	2742	0.2173
008b77cd-44a6-469d-a563-308c7ff70fc0	8	31220751	36460240	3219	0.1681
008b77cd-44a6-469d-a563-308c7ff70fc0	8	36466793	40324598	2222	0.2361
008b77cd-44a6-469d-a563-308c7ff70fc0	8	40326278	40331992	34	-0.4609
008b77cd-44a6-469d-a563-308c7ff70fc0	8	40335391	40374912	33	0.1558
008b77cd-44a6-469d-a563-308c7ff70fc0	8	40378368	40380618	6	-0.4758
008b77cd-44a6-469d-a563-308c7ff70fc0	8	40381056	40914477	412	0.1855
008b77cd-44a6-469d-a563-308c7ff70fc0	8	40920333	40920952	2	-1.9233
008b77cd-44a6-469d-a563-308c7ff70fc0	8	40926161	43038751	1256	0.1766
008b77cd-44a6-469d-a563-308c7ff70fc0	8	43042692	46456232	371	0.2921
008b77cd-44a6-469d-a563-308c7ff70fc0	8	46471179	46473470	3	-1.6323
008b77cd-44a6-469d-a563-308c7ff70fc0	8	46485467	111279265	39315	0.2081
008b77cd-44a6-469d-a563-308c7ff70fc0	8	111282050	111283031	10	1.5343
008b77cd-44a6-469d-a563-308c7ff70fc0	8	111288052	114622325	1824	0.2106
008b77cd-44a6-469d-a563-308c7ff70fc0	8	114622424	114623472	11	-0.8098
008b77cd-44a6-469d-a563-308c7ff70fc0	8	114626121	114629340	19	-0.2904
008b77cd-44a6-469d-a563-308c7ff70fc0	8	114629356	114719680	51	0.2389
008b77cd-44a6-469d-a563-308c7ff70fc0	8	114719701	114726195	3	-0.8617
008b77cd-44a6-469d-a563-308c7ff70fc0	8	114726789	120814582	4145	0.2013
008b77cd-44a6-469d-a563-308c7ff70fc0	8	120815228	120815257	3	-0.647
008b77cd-44a6-469d-a563-308c7ff70fc0	8	120816679	127412547	4585	0.2134
008b77cd-44a6-469d-a563-308c7ff70fc0	8	127419449	127742317	268	0.5151
008b77cd-44a6-469d-a563-308c7ff70fc0	8	127742443	140600965	10024	0.1995
008b77cd-44a6-469d-a563-308c7ff70fc0	8	140601844	141574208	557	0.2913
008b77cd-44a6-469d-a563-308c7ff70fc0	8	141574629	144200893	1093	0.2107
008b77cd-44a6-469d-a563-308c7ff70fc0	8	144200964	145072769	346	0.3302
008b77cd-44a6-469d-a563-308c7ff70fc0	9	46587	1073696	1038	0.0474
008b77cd-44a6-469d-a563-308c7ff70fc0	9	1075173	1081038	6	-0.8992
008b77cd-44a6-469d-a563-308c7ff70fc0	9	1081428	9869448	8397	0.0472
008b77cd-44a6-469d-a563-308c7ff70fc0	9	9869714	9974811	165	-0.1016
008b77cd-44a6-469d-a563-308c7ff70fc0	9	9975172	10236440	234	0.0318
008b77cd-44a6-469d-a563-308c7ff70fc0	9	10236629	10237682	5	-0.9517
008b77cd-44a6-469d-a563-308c7ff70fc0	9	10246034	11995307	1416	0.0206
008b77cd-44a6-469d-a563-308c7ff70fc0	9	11996163	11996270	2	-1.8742
008b77cd-44a6-469d-a563-308c7ff70fc0	9	11996759	22492890	8588	0.0594
008b77cd-44a6-469d-a563-308c7ff70fc0	9	22501914	22502700	2	-3.7796
008b77cd-44a6-469d-a563-308c7ff70fc0	9	22509341	26037976	2513	0.0533
008b77cd-44a6-469d-a563-308c7ff70fc0	9	26049350	26051020	4	-1.1291
008b77cd-44a6-469d-a563-308c7ff70fc0	9	26051858	29959653	3032	0.046
008b77cd-44a6-469d-a563-308c7ff70fc0	9	29959702	29970413	15	-0.4338
008b77cd-44a6-469d-a563-308c7ff70fc0	9	29972113	40949742	5805	0.0429
008b77cd-44a6-469d-a563-308c7ff70fc0	9	40952530	42719891	128	-0.2613
008b77cd-44a6-469d-a563-308c7ff70fc0	9	42720266	63762250	162	0.0209
008b77cd-44a6-469d-a563-308c7ff70fc0	9	63763088	64965577	40	-0.4069
008b77cd-44a6-469d-a563-308c7ff70fc0	9	64965589	69496230	1006	0.0679
008b77cd-44a6-469d-a563-308c7ff70fc0	9	69496348	69496666	5	-0.6577
008b77cd-44a6-469d-a563-308c7ff70fc0	9	69496681	70930679	1056	0.0089
008b77cd-44a6-469d-a563-308c7ff70fc0	9	70932129	78834976	5613	0.0683
008b77cd-44a6-469d-a563-308c7ff70fc0	9	78835687	80769153	1434	0.0193
008b77cd-44a6-469d-a563-308c7ff70fc0	9	80770050	84602732	2680	0.0603
008b77cd-44a6-469d-a563-308c7ff70fc0	9	84606789	87307480	1905	0.0165
008b77cd-44a6-469d-a563-308c7ff70fc0	9	87307974	87313847	4	-0.9336
008b77cd-44a6-469d-a563-308c7ff70fc0	9	87314544	87326608	13	0.14
008b77cd-44a6-469d-a563-308c7ff70fc0	9	87326925	87391089	50	-0.0897
008b77cd-44a6-469d-a563-308c7ff70fc0	9	87392354	87395180	6	0.2009
008b77cd-44a6-469d-a563-308c7ff70fc0	9	87396313	87403518	8	-0.6302
008b77cd-44a6-469d-a563-308c7ff70fc0	9	87403861	87907679	479	0.0065
008b77cd-44a6-469d-a563-308c7ff70fc0	9	87939236	87939304	2	-1.5997
008b77cd-44a6-469d-a563-308c7ff70fc0	9	87943042	103693821	10512	0.0374
008b77cd-44a6-469d-a563-308c7ff70fc0	9	103696912	110262162	5191	0.0741
008b77cd-44a6-469d-a563-308c7ff70fc0	9	110262509	110265889	2	-3.2249
008b77cd-44a6-469d-a563-308c7ff70fc0	9	110270151	114320531	2911	0.0676
008b77cd-44a6-469d-a563-308c7ff70fc0	9	114325122	114326042	2	1.6288
008b77cd-44a6-469d-a563-308c7ff70fc0	9	114330749	138200944	15107	0.0399
008b77cd-44a6-469d-a563-308c7ff70fc0	10	45792	1244688	706	0.0586
008b77cd-44a6-469d-a563-308c7ff70fc0	10	1245732	1252451	2	1.2304
008b77cd-44a6-469d-a563-308c7ff70fc0	10	1253424	1709827	438	0.0048
008b77cd-44a6-469d-a563-308c7ff70fc0	10	1710718	1711367	2	-1.3229
008b77cd-44a6-469d-a563-308c7ff70fc0	10	1713937	6688943	4586	0.0464
008b77cd-44a6-469d-a563-308c7ff70fc0	10	6688961	10595247	3295	0.0114
008b77cd-44a6-469d-a563-308c7ff70fc0	10	10595338	12322207	1282	0.0492
008b77cd-44a6-469d-a563-308c7ff70fc0	10	12322542	14602456	2124	-0.4028
008b77cd-44a6-469d-a563-308c7ff70fc0	10	14606638	17753678	2410	0.0328
008b77cd-44a6-469d-a563-308c7ff70fc0	10	17775579	17885034	13	0.3805
008b77cd-44a6-469d-a563-308c7ff70fc0	10	17896194	17910884	3	-2.1019
008b77cd-44a6-469d-a563-308c7ff70fc0	10	17929793	23979431	4262	0.0174
008b77cd-44a6-469d-a563-308c7ff70fc0	10	23980265	25931892	1405	0.0669
008b77cd-44a6-469d-a563-308c7ff70fc0	10	25932298	26934974	671	0.024
008b77cd-44a6-469d-a563-308c7ff70fc0	10	26936975	26939544	13	0.5917
008b77cd-44a6-469d-a563-308c7ff70fc0	10	26941064	30957581	3022	0.0307
008b77cd-44a6-469d-a563-308c7ff70fc0	10	30962405	30962809	10	-0.5683
008b77cd-44a6-469d-a563-308c7ff70fc0	10	30962850	46321709	7421	0.0367
008b77cd-44a6-469d-a563-308c7ff70fc0	10	46324033	46324327	2	-1.6171
008b77cd-44a6-469d-a563-308c7ff70fc0	10	46328716	56785229	6662	0.0282
008b77cd-44a6-469d-a563-308c7ff70fc0	10	56786944	65546400	6104	0.0596
008b77cd-44a6-469d-a563-308c7ff70fc0	10	65546518	65554688	29	-0.3361
008b77cd-44a6-469d-a563-308c7ff70fc0	10	65563037	79491575	9225	0.0306
008b77cd-44a6-469d-a563-308c7ff70fc0	10	79523511	79799558	28	0.3672
008b77cd-44a6-469d-a563-308c7ff70fc0	10	79802431	83271134	2480	0.0303
008b77cd-44a6-469d-a563-308c7ff70fc0	10	83272502	83272630	2	-1.2925
008b77cd-44a6-469d-a563-308c7ff70fc0	10	83274209	87105532	2682	0.0448
008b77cd-44a6-469d-a563-308c7ff70fc0	10	87108914	87683553	199	0.3199
008b77cd-44a6-469d-a563-308c7ff70fc0	10	87684042	89183582	1216	0.0529
008b77cd-44a6-469d-a563-308c7ff70fc0	10	89183852	89183902	2	-1.2523
008b77cd-44a6-469d-a563-308c7ff70fc0	10	89183979	93765309	2945	0.0501
008b77cd-44a6-469d-a563-308c7ff70fc0	10	93765574	93910136	98	0.3524
008b77cd-44a6-469d-a563-308c7ff70fc0	10	93911303	105296521	6804	0.033
008b77cd-44a6-469d-a563-308c7ff70fc0	10	105297280	105299412	3	-0.8332
008b77cd-44a6-469d-a563-308c7ff70fc0	10	105302718	106816723	1110	0.0335
008b77cd-44a6-469d-a563-308c7ff70fc0	10	106817215	107555317	604	-0.0249
008b77cd-44a6-469d-a563-308c7ff70fc0	10	107555509	107941162	337	0.0643
008b77cd-44a6-469d-a563-308c7ff70fc0	10	107942525	107943760	3	-0.948
008b77cd-44a6-469d-a563-308c7ff70fc0	10	107943890	108859504	656	0.028
008b77cd-44a6-469d-a563-308c7ff70fc0	10	108861574	117307346	5808	0.0575
008b77cd-44a6-469d-a563-308c7ff70fc0	10	117312230	122584593	4134	0.0355
008b77cd-44a6-469d-a563-308c7ff70fc0	10	122584707	122591497	5	-0.8277
008b77cd-44a6-469d-a563-308c7ff70fc0	10	122597296	127214414	3282	0.0121
008b77cd-44a6-469d-a563-308c7ff70fc0	10	127216414	127217544	3	-1.1424
008b77cd-44a6-469d-a563-308c7ff70fc0	10	127218597	128680270	1195	0.0375
008b77cd-44a6-469d-a563-308c7ff70fc0	10	128680458	131367906	2245	-0.0254
008b77cd-44a6-469d-a563-308c7ff70fc0	10	131370731	131668345	224	0.0464
008b77cd-44a6-469d-a563-308c7ff70fc0	10	131669199	131670522	3	-0.8812
008b77cd-44a6-469d-a563-308c7ff70fc0	10	131672464	133521815	875	0.025
008b77cd-44a6-469d-a563-308c7ff70fc0	10	133522726	133534223	7	-0.6287
008b77cd-44a6-469d-a563-308c7ff70fc0	10	133534753	133654968	70	0.0434
008b77cd-44a6-469d-a563-308c7ff70fc0	11	198510	235619	19	0.2463
008b77cd-44a6-469d-a563-308c7ff70fc0	11	235915	302565	42	0.5554
008b77cd-44a6-469d-a563-308c7ff70fc0	11	307036	2097889	581	0.1994
008b77cd-44a6-469d-a563-308c7ff70fc0	11	2098340	2261674	53	0.5052
008b77cd-44a6-469d-a563-308c7ff70fc0	11	2273307	2457965	79	0.2093
008b77cd-44a6-469d-a563-308c7ff70fc0	11	2458715	2468693	6	0.8655
008b77cd-44a6-469d-a563-308c7ff70fc0	11	2469180	4286769	979	0.198
008b77cd-44a6-469d-a563-308c7ff70fc0	11	4298482	4363567	11	0.6688
008b77cd-44a6-469d-a563-308c7ff70fc0	11	4365435	4718309	422	0.1895
008b77cd-44a6-469d-a563-308c7ff70fc0	11	4719435	4719515	2	-0.8263
008b77cd-44a6-469d-a563-308c7ff70fc0	11	4720724	4904581	162	0.1777
008b77cd-44a6-469d-a563-308c7ff70fc0	11	4904703	4909853	7	-0.409
008b77cd-44a6-469d-a563-308c7ff70fc0	11	4912427	4946420	57	0.1376
008b77cd-44a6-469d-a563-308c7ff70fc0	11	4947280	4955042	30	-1.6426
008b77cd-44a6-469d-a563-308c7ff70fc0	11	4955781	5499745	538	0.1394
008b77cd-44a6-469d-a563-308c7ff70fc0	11	5500921	5501180	4	-0.6503
008b77cd-44a6-469d-a563-308c7ff70fc0	11	5501298	5762693	241	0.2171
008b77cd-44a6-469d-a563-308c7ff70fc0	11	5766175	5787909	33	-0.681
008b77cd-44a6-469d-a563-308c7ff70fc0	11	5788108	9258915	2509	0.2073
008b77cd-44a6-469d-a563-308c7ff70fc0	11	9274337	9367843	28	0.4801
008b77cd-44a6-469d-a563-308c7ff70fc0	11	9368176	18919323	6876	0.2087
008b77cd-44a6-469d-a563-308c7ff70fc0	11	18927525	18940586	47	-0.1881
008b77cd-44a6-469d-a563-308c7ff70fc0	11	18949158	21390345	2252	0.2046
008b77cd-44a6-469d-a563-308c7ff70fc0	11	21390485	21402727	21	-0.1258
008b77cd-44a6-469d-a563-308c7ff70fc0	11	21404217	21579884	138	0.1916
008b77cd-44a6-469d-a563-308c7ff70fc0	11	21579951	21583650	5	-0.2836
008b77cd-44a6-469d-a563-308c7ff70fc0	11	21584207	21807030	162	0.2034
008b77cd-44a6-469d-a563-308c7ff70fc0	11	21807674	21808405	2	-0.6094
008b77cd-44a6-469d-a563-308c7ff70fc0	11	21808468	21825348	17	0.2691
008b77cd-44a6-469d-a563-308c7ff70fc0	11	21825960	21827206	5	-0.801
008b77cd-44a6-469d-a563-308c7ff70fc0	11	21829111	28720554	4794	0.2091
008b77cd-44a6-469d-a563-308c7ff70fc0	11	28722907	30153418	906	0.1617
008b77cd-44a6-469d-a563-308c7ff70fc0	11	30154019	30154307	4	-0.6514
008b77cd-44a6-469d-a563-308c7ff70fc0	11	30154474	32424382	1554	0.1619
008b77cd-44a6-469d-a563-308c7ff70fc0	11	32425801	32929532	288	0.1894
008b77cd-44a6-469d-a563-308c7ff70fc0	11	32936449	37023071	3215	0.2252
008b77cd-44a6-469d-a563-308c7ff70fc0	11	37024578	42785494	3824	0.1796
008b77cd-44a6-469d-a563-308c7ff70fc0	11	42791601	42794936	2	-1.4798
008b77cd-44a6-469d-a563-308c7ff70fc0	11	42796489	54619253	4236	0.1957
008b77cd-44a6-469d-a563-308c7ff70fc0	11	54623008	55593955	349	0.0516
008b77cd-44a6-469d-a563-308c7ff70fc0	11	55595864	55662497	43	0.3295
008b77cd-44a6-469d-a563-308c7ff70fc0	11	55663588	56613455	639	0.0516
008b77cd-44a6-469d-a563-308c7ff70fc0	11	56615631	64880896	4515	-0.1401
008b77cd-44a6-469d-a563-308c7ff70fc0	11	64881750	65906682	398	-0.037
008b77cd-44a6-469d-a563-308c7ff70fc0	11	65906792	73879458	3787	-0.1707
008b77cd-44a6-469d-a563-308c7ff70fc0	11	73883987	74086475	114	0.0641
008b77cd-44a6-469d-a563-308c7ff70fc0	11	74088956	82521799	5660	-0.1575
008b77cd-44a6-469d-a563-308c7ff70fc0	11	82522003	82527353	3	-1.1231
008b77cd-44a6-469d-a563-308c7ff70fc0	11	82530136	82616427	65	-0.2278
008b77cd-44a6-469d-a563-308c7ff70fc0	11	82617212	82619162	4	-0.8142
008b77cd-44a6-469d-a563-308c7ff70fc0	11	82620225	84400166	1130	-0.1639
008b77cd-44a6-469d-a563-308c7ff70fc0	11	84400341	87664609	2215	-0.1186
008b77cd-44a6-469d-a563-308c7ff70fc0	11	87666886	92052595	2741	-0.1546
008b77cd-44a6-469d-a563-308c7ff70fc0	11	92052873	92067277	15	-0.6975
008b77cd-44a6-469d-a563-308c7ff70fc0	11	92067501	100473574	6199	-0.1397
008b77cd-44a6-469d-a563-308c7ff70fc0	11	100474255	103339456	2151	-0.1003
008b77cd-44a6-469d-a563-308c7ff70fc0	11	103339486	113156919	6463	-0.1458
008b77cd-44a6-469d-a563-308c7ff70fc0	11	113157223	113158376	3	-1.609
008b77cd-44a6-469d-a563-308c7ff70fc0	11	113158850	134414608	15686	-0.1558
008b77cd-44a6-469d-a563-308c7ff70fc0	11	134416303	134481991	57	-0.4526
008b77cd-44a6-469d-a563-308c7ff70fc0	11	134482145	135074876	483	-0.1932
008b77cd-44a6-469d-a563-308c7ff70fc0	12	51460	11062773	7235	0.0381
008b77cd-44a6-469d-a563-308c7ff70fc0	12	11064250	11088933	12	-0.8905
008b77cd-44a6-469d-a563-308c7ff70fc0	12	11099275	21440754	6986	0.0673
008b77cd-44a6-469d-a563-308c7ff70fc0	12	21441920	25731248	3149	0.0297
008b77cd-44a6-469d-a563-308c7ff70fc0	12	25733298	30086381	3132	0.0589
008b77cd-44a6-469d-a563-308c7ff70fc0	12	30086486	30090756	22	-0.4995
008b77cd-44a6-469d-a563-308c7ff70fc0	12	30090789	31104761	868	0.0432
008b77cd-44a6-469d-a563-308c7ff70fc0	12	31108764	31254189	90	0.5194
008b77cd-44a6-469d-a563-308c7ff70fc0	12	31256945	33141710	1297	0.0387
008b77cd-44a6-469d-a563-308c7ff70fc0	12	33141726	33155563	32	0.4168
008b77cd-44a6-469d-a563-308c7ff70fc0	12	33155608	34314940	690	0.0414
008b77cd-44a6-469d-a563-308c7ff70fc0	12	34315590	37959924	192	0.1947
008b77cd-44a6-469d-a563-308c7ff70fc0	12	37960014	42899425	3137	0.0252
008b77cd-44a6-469d-a563-308c7ff70fc0	12	42900595	42968326	60	-0.2416
008b77cd-44a6-469d-a563-308c7ff70fc0	12	42970456	45510655	1509	0.0599
008b77cd-44a6-469d-a563-308c7ff70fc0	12	45512057	45514957	2	-2.7269
008b77cd-44a6-469d-a563-308c7ff70fc0	12	45515754	107153294	38944	0.0511
008b77cd-44a6-469d-a563-308c7ff70fc0	12	107153500	131242840	16575	0.0171
008b77cd-44a6-469d-a563-308c7ff70fc0	12	131248112	131250185	10	-0.5763
008b77cd-44a6-469d-a563-308c7ff70fc0	12	131250680	131330274	60	0.0477
008b77cd-44a6-469d-a563-308c7ff70fc0	12	131330389	131330777	2	-1.5614
008b77cd-44a6-469d-a563-308c7ff70fc0	12	131331668	131613387	287	-0.0047
008b77cd-44a6-469d-a563-308c7ff70fc0	12	131613508	131636170	18	0.1869
008b77cd-44a6-469d-a563-308c7ff70fc0	12	131648039	131648790	13	0.6061
008b77cd-44a6-469d-a563-308c7ff70fc0	12	131657925	133201603	559	0.0767
008b77cd-44a6-469d-a563-308c7ff70fc0	13	18452809	19561562	539	-0.3147
008b77cd-44a6-469d-a563-308c7ff70fc0	13	19569598	19951054	183	-0.1573
008b77cd-44a6-469d-a563-308c7ff70fc0	13	19952621	23055011	2131	-0.3443
008b77cd-44a6-469d-a563-308c7ff70fc0	13	23055025	23059376	16	0.2137
008b77cd-44a6-469d-a563-308c7ff70fc0	13	23064056	23684197	477	-0.321
008b77cd-44a6-469d-a563-308c7ff70fc0	13	23685108	23911776	167	0.0648
008b77cd-44a6-469d-a563-308c7ff70fc0	13	23911963	23921773	9	-0.5187
008b77cd-44a6-469d-a563-308c7ff70fc0	13	23922979	23971911	33	0.3016
008b77cd-44a6-469d-a563-308c7ff70fc0	13	23978427	24214670	280	0.091
008b77cd-44a6-469d-a563-308c7ff70fc0	13	24215005	24299200	77	0.2891
008b77cd-44a6-469d-a563-308c7ff70fc0	13	24304328	24611349	209	0.123
008b77cd-44a6-469d-a563-308c7ff70fc0	13	24611732	25631260	666	0.0367
008b77cd-44a6-469d-a563-308c7ff70fc0	13	25631763	25845787	163	-0.1313
008b77cd-44a6-469d-a563-308c7ff70fc0	13	25848015	25949545	78	-0.325
008b77cd-44a6-469d-a563-308c7ff70fc0	13	25949724	27942688	1500	-0.0981
008b77cd-44a6-469d-a563-308c7ff70fc0	13	27945217	27976441	13	0.154
008b77cd-44a6-469d-a563-308c7ff70fc0	13	27981123	33169449	3948	-0.3247
008b77cd-44a6-469d-a563-308c7ff70fc0	13	33171505	33171520	2	-1.8415
008b77cd-44a6-469d-a563-308c7ff70fc0	13	33172392	33182475	15	-0.4189
008b77cd-44a6-469d-a563-308c7ff70fc0	13	33182492	33183948	5	0.0039
008b77cd-44a6-469d-a563-308c7ff70fc0	13	33185584	33188016	7	-0.9128
008b77cd-44a6-469d-a563-308c7ff70fc0	13	33188188	35980587	1910	-0.3301
008b77cd-44a6-469d-a563-308c7ff70fc0	13	35983461	37445331	994	-0.0881
008b77cd-44a6-469d-a563-308c7ff70fc0	13	37445628	37496998	62	-0.3089
008b77cd-44a6-469d-a563-308c7ff70fc0	13	37497899	37514237	18	0.165
008b77cd-44a6-469d-a563-308c7ff70fc0	13	37514250	37555773	58	-0.3802
008b77cd-44a6-469d-a563-308c7ff70fc0	13	37560650	37719345	135	-0.1196
008b77cd-44a6-469d-a563-308c7ff70fc0	13	37721443	38191063	311	0.0717
008b77cd-44a6-469d-a563-308c7ff70fc0	13	38193322	38389147	140	-0.1148
008b77cd-44a6-469d-a563-308c7ff70fc0	13	38389255	38478674	54	0.0768
008b77cd-44a6-469d-a563-308c7ff70fc0	13	38483435	38483919	2	1.2358
008b77cd-44a6-469d-a563-308c7ff70fc0	13	38490920	38585050	73	0.0556
008b77cd-44a6-469d-a563-308c7ff70fc0	13	38585980	38622009	27	-0.1456
008b77cd-44a6-469d-a563-308c7ff70fc0	13	38622441	38755555	99	0.0484
008b77cd-44a6-469d-a563-308c7ff70fc0	13	38761844	39236508	347	0.1958
008b77cd-44a6-469d-a563-308c7ff70fc0	13	39241003	39350062	137	0.0518
008b77cd-44a6-469d-a563-308c7ff70fc0	13	39352629	39642485	254	0.222
008b77cd-44a6-469d-a563-308c7ff70fc0	13	39642966	39871272	129	0.0721
008b77cd-44a6-469d-a563-308c7ff70fc0	13	39877495	40230428	258	0.2292
008b77cd-44a6-469d-a563-308c7ff70fc0	13	40230499	41175222	582	0.0655
008b77cd-44a6-469d-a563-308c7ff70fc0	13	41175378	41554375	206	-0.0962
008b77cd-44a6-469d-a563-308c7ff70fc0	13	41560668	42887507	998	-0.2988
008b77cd-44a6-469d-a563-308c7ff70fc0	13	42888286	43221433	241	-0.4409
008b77cd-44a6-469d-a563-308c7ff70fc0	13	43221535	45394464	1427	-0.3093
008b77cd-44a6-469d-a563-308c7ff70fc0	13	45395440	45446175	16	0.2104
008b77cd-44a6-469d-a563-308c7ff70fc0	13	45448112	70148099	14935	-0.303
008b77cd-44a6-469d-a563-308c7ff70fc0	13	70149160	70167267	17	-0.8135
008b77cd-44a6-469d-a563-308c7ff70fc0	13	70168196	72182207	1349	-0.2811
008b77cd-44a6-469d-a563-308c7ff70fc0	13	72182286	72959879	547	-0.0931
008b77cd-44a6-469d-a563-308c7ff70fc0	13	72967235	73118653	84	0.1468
008b77cd-44a6-469d-a563-308c7ff70fc0	13	73126603	74458127	1063	-0.0787
008b77cd-44a6-469d-a563-308c7ff70fc0	13	74460662	105153350	20618	-0.3138
008b77cd-44a6-469d-a563-308c7ff70fc0	13	105153555	105635089	376	-0.4772
008b77cd-44a6-469d-a563-308c7ff70fc0	13	105635241	114342922	6177	-0.322
008b77cd-44a6-469d-a563-308c7ff70fc0	14	18239283	18625765	13	-0.1982
008b77cd-44a6-469d-a563-308c7ff70fc0	14	18639714	19294475	34	0.2545
008b77cd-44a6-469d-a563-308c7ff70fc0	14	19298389	19675350	16	-0.3315
008b77cd-44a6-469d-a563-308c7ff70fc0	14	19689684	19955213	103	0.2253
008b77cd-44a6-469d-a563-308c7ff70fc0	14	19956767	21925817	1352	-0.1209
008b77cd-44a6-469d-a563-308c7ff70fc0	14	21925968	22166912	218	0.186
008b77cd-44a6-469d-a563-308c7ff70fc0	14	22167317	22499949	270	0.4688
008b77cd-44a6-469d-a563-308c7ff70fc0	14	22500013	22509792	32	0.1682
008b77cd-44a6-469d-a563-308c7ff70fc0	14	22514241	22606210	78	-0.1291
008b77cd-44a6-469d-a563-308c7ff70fc0	14	22606288	22796827	124	0.0258
008b77cd-44a6-469d-a563-308c7ff70fc0	14	22798846	35366536	7899	-0.1419
008b77cd-44a6-469d-a563-308c7ff70fc0	14	35368009	35451986	50	0.1247
008b77cd-44a6-469d-a563-308c7ff70fc0	14	35453648	36389114	551	-0.1129
008b77cd-44a6-469d-a563-308c7ff70fc0	14	36389840	36392151	2	-1.3673
008b77cd-44a6-469d-a563-308c7ff70fc0	14	36393117	41139155	3028	-0.1371
008b77cd-44a6-469d-a563-308c7ff70fc0	14	41141293	41188146	15	0.3818
008b77cd-44a6-469d-a563-308c7ff70fc0	14	41200899	69551330	17834	-0.1459
008b77cd-44a6-469d-a563-308c7ff70fc0	14	69551651	69555750	8	-2.2321
008b77cd-44a6-469d-a563-308c7ff70fc0	14	69555996	73540003	2627	-0.1547
008b77cd-44a6-469d-a563-308c7ff70fc0	14	73540147	73563211	9	0.5491
008b77cd-44a6-469d-a563-308c7ff70fc0	14	73564027	92937521	12739	-0.154
008b77cd-44a6-469d-a563-308c7ff70fc0	14	92941426	93284746	192	0.0673
008b77cd-44a6-469d-a563-308c7ff70fc0	14	93285704	97730794	3340	-0.1607
008b77cd-44a6-469d-a563-308c7ff70fc0	14	97733644	98996659	1122	-0.2113
008b77cd-44a6-469d-a563-308c7ff70fc0	14	98997497	106253393	3457	-0.1513
008b77cd-44a6-469d-a563-308c7ff70fc0	14	106257142	106271566	11	-0.7167
008b77cd-44a6-469d-a563-308c7ff70fc0	14	106279645	106290131	5	-0.2426
008b77cd-44a6-469d-a563-308c7ff70fc0	14	106290365	106475361	109	0.1335
008b77cd-44a6-469d-a563-308c7ff70fc0	14	106487515	106877229	193	-0.1716
008b77cd-44a6-469d-a563-308c7ff70fc0	15	19811075	20064520	54	-0.0591
008b77cd-44a6-469d-a563-308c7ff70fc0	15	20187568	20373168	34	0.4961
008b77cd-44a6-469d-a563-308c7ff70fc0	15	20376198	20376202	5	-1.1254
008b77cd-44a6-469d-a563-308c7ff70fc0	15	20376309	22299523	113	0.4155
008b77cd-44a6-469d-a563-308c7ff70fc0	15	22385639	22855085	117	0.0572
008b77cd-44a6-469d-a563-308c7ff70fc0	15	22855446	23410189	205	0.1883
008b77cd-44a6-469d-a563-308c7ff70fc0	15	23411377	30215235	4311	0.0192
008b77cd-44a6-469d-a563-308c7ff70fc0	15	30230885	30708877	52	-0.6413
008b77cd-44a6-469d-a563-308c7ff70fc0	15	30712583	31707442	665	0.0495
008b77cd-44a6-469d-a563-308c7ff70fc0	15	31719286	32381666	379	0.5401
008b77cd-44a6-469d-a563-308c7ff70fc0	15	32382193	59363379	17218	0.0444
008b77cd-44a6-469d-a563-308c7ff70fc0	15	59366558	59746646	266	0.3524
008b77cd-44a6-469d-a563-308c7ff70fc0	15	59749438	76586021	10513	0.0373
008b77cd-44a6-469d-a563-308c7ff70fc0	15	76598900	76599170	2	-0.9982
008b77cd-44a6-469d-a563-308c7ff70fc0	15	76599286	76602857	12	-2.5404
008b77cd-44a6-469d-a563-308c7ff70fc0	15	76603003	76603434	8	-0.8035
008b77cd-44a6-469d-a563-308c7ff70fc0	15	76609838	83871965	4415	0.0366
008b77cd-44a6-469d-a563-308c7ff70fc0	15	83871986	83874798	6	-0.8558
008b77cd-44a6-469d-a563-308c7ff70fc0	15	83878525	84156533	175	0.0207
008b77cd-44a6-469d-a563-308c7ff70fc0	15	84158730	84388506	7	0.5359
008b77cd-44a6-469d-a563-308c7ff70fc0	15	84390750	84894748	190	0.0268
008b77cd-44a6-469d-a563-308c7ff70fc0	15	84894777	85839693	641	0.1202
008b77cd-44a6-469d-a563-308c7ff70fc0	15	85840428	87399757	1357	0.0271
008b77cd-44a6-469d-a563-308c7ff70fc0	15	87401723	87402043	2	-1.4818
008b77cd-44a6-469d-a563-308c7ff70fc0	15	87403296	99968257	9305	0.0407
008b77cd-44a6-469d-a563-308c7ff70fc0	15	99970183	100223411	262	-0.0802
008b77cd-44a6-469d-a563-308c7ff70fc0	15	100224933	101928837	1264	0.067
008b77cd-44a6-469d-a563-308c7ff70fc0	16	10777	4509531	1870	0.0573
008b77cd-44a6-469d-a563-308c7ff70fc0	16	4510056	4570296	38	0.3881
008b77cd-44a6-469d-a563-308c7ff70fc0	16	4582345	5558150	718	0.0395
008b77cd-44a6-469d-a563-308c7ff70fc0	16	5558336	6290644	854	-0.0127
008b77cd-44a6-469d-a563-308c7ff70fc0	16	6291291	6294587	5	-0.9207
008b77cd-44a6-469d-a563-308c7ff70fc0	16	6295882	6722741	554	-0.0122
008b77cd-44a6-469d-a563-308c7ff70fc0	16	6722947	6723807	2	-1.8822
008b77cd-44a6-469d-a563-308c7ff70fc0	16	6724492	6822824	145	-0.0162
008b77cd-44a6-469d-a563-308c7ff70fc0	16	6823787	6848961	30	-0.3996
008b77cd-44a6-469d-a563-308c7ff70fc0	16	6849803	7958304	1387	-0.0062
008b77cd-44a6-469d-a563-308c7ff70fc0	16	7959110	14651129	5486	0.0445
008b77cd-44a6-469d-a563-308c7ff70fc0	16	14652868	16765944	712	0.1623
008b77cd-44a6-469d-a563-308c7ff70fc0	16	16766091	18088127	965	0.0116
008b77cd-44a6-469d-a563-308c7ff70fc0	16	18104860	18144432	3	1.0228
008b77cd-44a6-469d-a563-308c7ff70fc0	16	18148869	18666789	23	0.0599
008b77cd-44a6-469d-a563-308c7ff70fc0	16	18688534	18704933	2	-1.1727
008b77cd-44a6-469d-a563-308c7ff70fc0	16	18705983	21735632	1725	0.0264
008b77cd-44a6-469d-a563-308c7ff70fc0	16	21750145	22042753	69	0.4479
008b77cd-44a6-469d-a563-308c7ff70fc0	16	22045790	22407380	183	0.1449
008b77cd-44a6-469d-a563-308c7ff70fc0	16	22408871	22720003	103	-0.1693
008b77cd-44a6-469d-a563-308c7ff70fc0	16	22720828	25799578	2054	0.0139
008b77cd-44a6-469d-a563-308c7ff70fc0	16	25804344	25805801	3	-1.2967
008b77cd-44a6-469d-a563-308c7ff70fc0	16	25811342	28587591	1968	0.0052
008b77cd-44a6-469d-a563-308c7ff70fc0	16	28588956	29261283	162	0.172
008b77cd-44a6-469d-a563-308c7ff70fc0	16	29265473	29268429	2	-0.5111
008b77cd-44a6-469d-a563-308c7ff70fc0	16	29269203	29269734	3	-1.7075
008b77cd-44a6-469d-a563-308c7ff70fc0	16	29270444	29300932	17	-0.0216
008b77cd-44a6-469d-a563-308c7ff70fc0	16	29314300	29772358	86	0.206
008b77cd-44a6-469d-a563-308c7ff70fc0	16	29780400	29793557	3	-0.6623
008b77cd-44a6-469d-a563-308c7ff70fc0	16	29801675	30295647	141	0.2023
008b77cd-44a6-469d-a563-308c7ff70fc0	16	30308694	35155852	812	0.0303
008b77cd-44a6-469d-a563-308c7ff70fc0	16	35156695	35504422	211	-0.0986
008b77cd-44a6-469d-a563-308c7ff70fc0	16	35504887	55782331	6625	0.0352
008b77cd-44a6-469d-a563-308c7ff70fc0	16	55782734	55788532	5	0.9006
008b77cd-44a6-469d-a563-308c7ff70fc0	16	55808442	57326377	930	0.0299
008b77cd-44a6-469d-a563-308c7ff70fc0	16	57327434	57541485	107	0.2391
008b77cd-44a6-469d-a563-308c7ff70fc0	16	57543134	63135496	3583	0.0296
008b77cd-44a6-469d-a563-308c7ff70fc0	16	63137290	63142173	5	-0.6746
008b77cd-44a6-469d-a563-308c7ff70fc0	16	63143198	65516641	1686	0.0187
008b77cd-44a6-469d-a563-308c7ff70fc0	16	65517345	76404391	6117	0.0503
008b77cd-44a6-469d-a563-308c7ff70fc0	16	76405278	83760390	7996	0.0173
008b77cd-44a6-469d-a563-308c7ff70fc0	16	83760392	83760401	2	-1.3614
008b77cd-44a6-469d-a563-308c7ff70fc0	16	83760419	86753996	2720	0.0509
008b77cd-44a6-469d-a563-308c7ff70fc0	16	86754729	86755202	4	-0.9073
008b77cd-44a6-469d-a563-308c7ff70fc0	16	86756098	88459876	1097	0.0084
008b77cd-44a6-469d-a563-308c7ff70fc0	16	88469691	88571375	16	0.1886
008b77cd-44a6-469d-a563-308c7ff70fc0	16	88571388	88579409	4	1.6029
008b77cd-44a6-469d-a563-308c7ff70fc0	16	88579725	90096867	659	0.1296
008b77cd-44a6-469d-a563-308c7ff70fc0	17	150733	1155682	524	-0.291
008b77cd-44a6-469d-a563-308c7ff70fc0	17	1156736	15331578	9326	-0.4075
008b77cd-44a6-469d-a563-308c7ff70fc0	17	15331845	15339298	4	-2.0539
008b77cd-44a6-469d-a563-308c7ff70fc0	17	15344437	22728414	3037	-0.3715
008b77cd-44a6-469d-a563-308c7ff70fc0	17	22728509	27822889	487	0.236
008b77cd-44a6-469d-a563-308c7ff70fc0	17	27826999	28110766	154	0.3906
008b77cd-44a6-469d-a563-308c7ff70fc0	17	28111827	28682158	230	0.5766
008b77cd-44a6-469d-a563-308c7ff70fc0	17	28682731	28738193	17	0.474
008b77cd-44a6-469d-a563-308c7ff70fc0	17	28739945	28936521	78	0.3195
008b77cd-44a6-469d-a563-308c7ff70fc0	17	28936989	29445072	251	0.5081
008b77cd-44a6-469d-a563-308c7ff70fc0	17	29452420	30587006	499	0.0318
008b77cd-44a6-469d-a563-308c7ff70fc0	17	30587625	32452031	827	0.0797
008b77cd-44a6-469d-a563-308c7ff70fc0	17	32452335	32474769	14	0.4962
008b77cd-44a6-469d-a563-308c7ff70fc0	17	32478777	32945942	279	0.0762
008b77cd-44a6-469d-a563-308c7ff70fc0	17	32946860	33077314	130	0.2074
008b77cd-44a6-469d-a563-308c7ff70fc0	17	33077652	33283485	197	0.0759
008b77cd-44a6-469d-a563-308c7ff70fc0	17	33283534	33681077	409	0.0352
008b77cd-44a6-469d-a563-308c7ff70fc0	17	33681369	33684171	4	-0.6785
008b77cd-44a6-469d-a563-308c7ff70fc0	17	33684959	33717390	31	0.0969
008b77cd-44a6-469d-a563-308c7ff70fc0	17	33718767	33733690	13	0.5129
008b77cd-44a6-469d-a563-308c7ff70fc0	17	33737341	35020493	1103	0.0084
008b77cd-44a6-469d-a563-308c7ff70fc0	17	35026152	35235445	128	0.4684
008b77cd-44a6-469d-a563-308c7ff70fc0	17	35235857	36667449	714	0.0716
008b77cd-44a6-469d-a563-308c7ff70fc0	17	36671680	36779231	102	0.462
008b77cd-44a6-469d-a563-308c7ff70fc0	17	36779345	37413783	412	0.2165
008b77cd-44a6-469d-a563-308c7ff70fc0	17	37414542	38742847	511	0.6236
008b77cd-44a6-469d-a563-308c7ff70fc0	17	38745924	38756275	8	0.3402
008b77cd-44a6-469d-a563-308c7ff70fc0	17	38764564	39167089	211	0.0591
008b77cd-44a6-469d-a563-308c7ff70fc0	17	39173757	39208740	16	0.2963
008b77cd-44a6-469d-a563-308c7ff70fc0	17	39214442	39391342	74	0.5878
008b77cd-44a6-469d-a563-308c7ff70fc0	17	39391644	39694769	123	0.3596
008b77cd-44a6-469d-a563-308c7ff70fc0	17	39694787	39818958	114	0.593
008b77cd-44a6-469d-a563-308c7ff70fc0	17	39820216	40371961	236	0.3772
008b77cd-44a6-469d-a563-308c7ff70fc0	17	40373855	41371357	690	0.0799
008b77cd-44a6-469d-a563-308c7ff70fc0	17	41372886	41445003	60	0.4485
008b77cd-44a6-469d-a563-308c7ff70fc0	17	41445989	50768481	4583	0.069
008b77cd-44a6-469d-a563-308c7ff70fc0	17	50769254	51002897	125	0.251
008b77cd-44a6-469d-a563-308c7ff70fc0	17	51003649	52927530	1349	0.0715
008b77cd-44a6-469d-a563-308c7ff70fc0	17	52928073	53189571	168	-0.0467
008b77cd-44a6-469d-a563-308c7ff70fc0	17	53189635	61330597	5119	0.0747
008b77cd-44a6-469d-a563-308c7ff70fc0	17	61330940	61625732	186	0.2522
008b77cd-44a6-469d-a563-308c7ff70fc0	17	61627574	78717841	10467	0.0666
008b77cd-44a6-469d-a563-308c7ff70fc0	17	78720796	78992703	148	0.3328
008b77cd-44a6-469d-a563-308c7ff70fc0	17	78993700	80655063	937	0.0663
008b77cd-44a6-469d-a563-308c7ff70fc0	17	80655993	80660379	2	2.1263
008b77cd-44a6-469d-a563-308c7ff70fc0	17	80660500	83091923	950	0.0751
008b77cd-44a6-469d-a563-308c7ff70fc0	18	48133	392795	221	-0.3692
008b77cd-44a6-469d-a563-308c7ff70fc0	18	393413	394762	2	-2.3098
008b77cd-44a6-469d-a563-308c7ff70fc0	18	395016	4310725	2869	-0.3598
008b77cd-44a6-469d-a563-308c7ff70fc0	18	4310797	4311534	4	-1.5896
008b77cd-44a6-469d-a563-308c7ff70fc0	18	4313530	5962015	1128	-0.3613
008b77cd-44a6-469d-a563-308c7ff70fc0	18	5963764	5968129	11	-1.4264
008b77cd-44a6-469d-a563-308c7ff70fc0	18	5968266	40680506	18561	-0.3723
008b77cd-44a6-469d-a563-308c7ff70fc0	18	40680516	40689848	18	-1.2882
008b77cd-44a6-469d-a563-308c7ff70fc0	18	40690108	71369798	21313	-0.3709
008b77cd-44a6-469d-a563-308c7ff70fc0	18	71370602	73943450	2083	-0.4499
008b77cd-44a6-469d-a563-308c7ff70fc0	18	73943708	80257174	4529	-0.3958
008b77cd-44a6-469d-a563-308c7ff70fc0	19	90910	1375356	296	0.1242
008b77cd-44a6-469d-a563-308c7ff70fc0	19	1376724	4431541	878	0.0219
008b77cd-44a6-469d-a563-308c7ff70fc0	19	4432113	4749822	82	0.1936
008b77cd-44a6-469d-a563-308c7ff70fc0	19	4752590	11053013	3011	0.0098
008b77cd-44a6-469d-a563-308c7ff70fc0	19	11057986	11066732	3	-1.1384
008b77cd-44a6-469d-a563-308c7ff70fc0	19	11069603	12581187	774	0.0369
008b77cd-44a6-469d-a563-308c7ff70fc0	19	12586552	12587288	2	-1.2388
008b77cd-44a6-469d-a563-308c7ff70fc0	19	12589709	19877200	3545	0.0239
008b77cd-44a6-469d-a563-308c7ff70fc0	19	19879175	20970252	645	0.117
008b77cd-44a6-469d-a563-308c7ff70fc0	19	20970273	20972765	5	-1.1348
008b77cd-44a6-469d-a563-308c7ff70fc0	19	20972787	24304880	1907	0.0117
008b77cd-44a6-469d-a563-308c7ff70fc0	19	24320970	27578429	55	0.3122
008b77cd-44a6-469d-a563-308c7ff70fc0	19	27579291	35364547	5514	0.015
008b77cd-44a6-469d-a563-308c7ff70fc0	19	35365141	35370877	18	-0.4763
008b77cd-44a6-469d-a563-308c7ff70fc0	19	35370946	40560077	2633	0.0129
008b77cd-44a6-469d-a563-308c7ff70fc0	19	40560555	42936292	1113	0.0635
008b77cd-44a6-469d-a563-308c7ff70fc0	19	42939470	42961019	14	-0.4334
008b77cd-44a6-469d-a563-308c7ff70fc0	19	42962604	50298794	3518	0.0504
008b77cd-44a6-469d-a563-308c7ff70fc0	19	50303135	51639677	763	-0.0048
008b77cd-44a6-469d-a563-308c7ff70fc0	19	51641117	51644364	6	-0.5292
008b77cd-44a6-469d-a563-308c7ff70fc0	19	51644683	51644944	2	-1.6655
008b77cd-44a6-469d-a563-308c7ff70fc0	19	51651652	54215083	1731	0.0296
008b77cd-44a6-469d-a563-308c7ff70fc0	19	54215099	54257872	25	0.4363
008b77cd-44a6-469d-a563-308c7ff70fc0	19	54265466	58388626	2495	0.0189
008b77cd-44a6-469d-a563-308c7ff70fc0	19	58389073	58458732	45	0.3543
008b77cd-44a6-469d-a563-308c7ff70fc0	19	58468715	58586487	41	0.13
008b77cd-44a6-469d-a563-308c7ff70fc0	20	80664	1580353	1204	0.2053
008b77cd-44a6-469d-a563-308c7ff70fc0	20	1580934	1613247	41	2.5046
008b77cd-44a6-469d-a563-308c7ff70fc0	20	1617300	3748858	1530	0.1749
008b77cd-44a6-469d-a563-308c7ff70fc0	20	3752840	4112213	219	0.2991
008b77cd-44a6-469d-a563-308c7ff70fc0	20	4112472	4798963	599	0.1515
008b77cd-44a6-469d-a563-308c7ff70fc0	20	4799054	4799343	2	-1.1919
008b77cd-44a6-469d-a563-308c7ff70fc0	20	4799519	14914274	7702	0.2
008b77cd-44a6-469d-a563-308c7ff70fc0	20	14915307	15045889	110	-0.1401
008b77cd-44a6-469d-a563-308c7ff70fc0	20	15046099	15320728	235	0.1617
008b77cd-44a6-469d-a563-308c7ff70fc0	20	15321256	15321728	3	-1.5837
008b77cd-44a6-469d-a563-308c7ff70fc0	20	15324612	20624052	4597	0.2055
008b77cd-44a6-469d-a563-308c7ff70fc0	20	20632378	24535743	2874	0.1665
008b77cd-44a6-469d-a563-308c7ff70fc0	20	24537101	25375317	559	0.2126
008b77cd-44a6-469d-a563-308c7ff70fc0	20	25385429	25433137	20	0.5122
008b77cd-44a6-469d-a563-308c7ff70fc0	20	25433783	26285930	324	0.1652
008b77cd-44a6-469d-a563-308c7ff70fc0	20	26290672	30367103	46	0.6434
008b77cd-44a6-469d-a563-308c7ff70fc0	20	30374569	30377631	3	-0.3652
008b77cd-44a6-469d-a563-308c7ff70fc0	20	30381395	35525704	2110	0.6785
008b77cd-44a6-469d-a563-308c7ff70fc0	20	35527132	36978502	620	0.6623
008b77cd-44a6-469d-a563-308c7ff70fc0	20	36984415	37093604	153	0.5103
008b77cd-44a6-469d-a563-308c7ff70fc0	20	37093618	43905015	4816	0.6523
008b77cd-44a6-469d-a563-308c7ff70fc0	20	43905484	57007781	9630	0.6833
008b77cd-44a6-469d-a563-308c7ff70fc0	20	57007975	57300912	253	0.7899
008b77cd-44a6-469d-a563-308c7ff70fc0	20	57304008	60389867	2439	0.6807
008b77cd-44a6-469d-a563-308c7ff70fc0	20	60391869	61595039	1084	0.6205
008b77cd-44a6-469d-a563-308c7ff70fc0	20	61601871	63526293	894	0.7014
008b77cd-44a6-469d-a563-308c7ff70fc0	20	63526406	64165220	243	0.8069
008b77cd-44a6-469d-a563-308c7ff70fc0	20	64170027	64284715	85	0.6728
008b77cd-44a6-469d-a563-308c7ff70fc0	20	64323342	64324800	5	0.2009
008b77cd-44a6-469d-a563-308c7ff70fc0	21	10354168	13583316	269	-0.1709
008b77cd-44a6-469d-a563-308c7ff70fc0	21	13612103	13677975	4	-1.3328
008b77cd-44a6-469d-a563-308c7ff70fc0	21	13803967	46677045	23596	-0.1596
008b77cd-44a6-469d-a563-308c7ff70fc0	22	15294547	15570064	12	-0.1649
008b77cd-44a6-469d-a563-308c7ff70fc0	22	15583346	15696762	7	-1.4002
008b77cd-44a6-469d-a563-308c7ff70fc0	22	15729257	20235118	1959	-0.1405
008b77cd-44a6-469d-a563-308c7ff70fc0	22	20236344	21726043	822	-0.0461
008b77cd-44a6-469d-a563-308c7ff70fc0	22	21726576	25535705	2718	-0.1285
008b77cd-44a6-469d-a563-308c7ff70fc0	22	25536575	25742050	116	-0.1974
008b77cd-44a6-469d-a563-308c7ff70fc0	22	25742085	25742863	5	0.7317
008b77cd-44a6-469d-a563-308c7ff70fc0	22	25743126	28650252	2599	-0.1955
008b77cd-44a6-469d-a563-308c7ff70fc0	22	28656963	29069689	252	0.0303
008b77cd-44a6-469d-a563-308c7ff70fc0	22	29070331	38947911	6740	-0.1686
008b77cd-44a6-469d-a563-308c7ff70fc0	22	38950674	39003307	41	0.2048
008b77cd-44a6-469d-a563-308c7ff70fc0	22	39007789	42496433	1877	-0.172
008b77cd-44a6-469d-a563-308c7ff70fc0	22	42496576	42538456	24	0.5374
008b77cd-44a6-469d-a563-308c7ff70fc0	22	42546956	48956708	4927	-0.1831
008b77cd-44a6-469d-a563-308c7ff70fc0	22	48957301	49479847	535	-0.284
008b77cd-44a6-469d-a563-308c7ff70fc0	22	49482244	49692757	161	-0.1856
008b77cd-44a6-469d-a563-308c7ff70fc0	22	49693160	49694314	3	-1.9114
008b77cd-44a6-469d-a563-308c7ff70fc0	22	49697404	50796027	479	-0.0906
008b77cd-44a6-469d-a563-308c7ff70fc0	X	251810	3102515	312	0.1393
008b77cd-44a6-469d-a563-308c7ff70fc0	X	3106347	3111077	8	-0.4163
008b77cd-44a6-469d-a563-308c7ff70fc0	X	3111421	3132271	25	0.1981
008b77cd-44a6-469d-a563-308c7ff70fc0	X	3132747	3133553	3	-1.0341
008b77cd-44a6-469d-a563-308c7ff70fc0	X	3136722	9658058	4959	0.0166
008b77cd-44a6-469d-a563-308c7ff70fc0	X	9658268	21939684	7606	0.0503
008b77cd-44a6-469d-a563-308c7ff70fc0	X	21940221	32999408	7596	0.0292
008b77cd-44a6-469d-a563-308c7ff70fc0	X	33000064	33011230	11	-0.5009
008b77cd-44a6-469d-a563-308c7ff70fc0	X	33011672	33940284	635	0.0028
008b77cd-44a6-469d-a563-308c7ff70fc0	X	33941147	34068929	105	-0.1621
008b77cd-44a6-469d-a563-308c7ff70fc0	X	34073562	55053933	10565	0.0183
008b77cd-44a6-469d-a563-308c7ff70fc0	X	55057829	55147899	41	-0.6179
008b77cd-44a6-469d-a563-308c7ff70fc0	X	55151214	58291553	1506	0.0419
008b77cd-44a6-469d-a563-308c7ff70fc0	X	58291715	62956696	119	0.1885
008b77cd-44a6-469d-a563-308c7ff70fc0	X	62958590	112468139	24768	0.0162
008b77cd-44a6-469d-a563-308c7ff70fc0	X	112474685	112499268	15	-0.9466
008b77cd-44a6-469d-a563-308c7ff70fc0	X	112499549	151696763	23437	0.0121
008b77cd-44a6-469d-a563-308c7ff70fc0	X	151698513	152149960	328	-0.5809
008b77cd-44a6-469d-a563-308c7ff70fc0	X	152152971	153023626	489	0.0286
008b77cd-44a6-469d-a563-308c7ff70fc0	X	153024515	153036866	17	-0.4241
008b77cd-44a6-469d-a563-308c7ff70fc0	X	153037475	155952689	1135	0.0594
008b77cd-44a6-469d-a563-308c7ff70fc0	Y	2782397	2973927	94	-3.0604
008b77cd-44a6-469d-a563-308c7ff70fc0	Y	2978021	6249869	691	-2.5455
008b77cd-44a6-469d-a563-308c7ff70fc0	Y	6252391	56872112	5855	-3.0755
