GDC_Aliquot	Chromosome	Start	End	Num_Probes	Segment_Mean
5595c1d2-7af3-4ba3-a428-db5f4a0faea0	1	62920	86341	11	-1.1648
5595c1d2-7af3-4ba3-a428-db5f4a0faea0	1	98588	1575421	199	-0.2457
5595c1d2-7af3-4ba3-a428-db5f4a0faea0	1	1696479	1741164	16	-2.2984
5595c1d2-7af3-4ba3-a428-db5f4a0faea0	1	1756148	10610834	5120	-0.2797
5595c1d2-7af3-4ba3-a428-db5f4a0faea0	1	10611363	10619664	3	-1.7822
5595c1d2-7af3-4ba3-a428-db5f4a0faea0	1	10621749	16686246	3313	-0.2749
5595c1d2-7af3-4ba3-a428-db5f4a0faea0	1	16689764	16863509	22	0.1167
5595c1d2-7af3-4ba3-a428-db5f4a0faea0	1	16864367	16955930	57	-0.7065
5595c1d2-7af3-4ba3-a428-db5f4a0faea0	1	16956580	25256850	5250	-0.2762
5595c1d2-7af3-4ba3-a428-db5f4a0faea0	1	25266637	25319167	20	-1.6751
5595c1d2-7af3-4ba3-a428-db5f4a0faea0	1	25319693	48555917	12777	-0.2649
5595c1d2-7af3-4ba3-a428-db5f4a0faea0	1	48556590	48949530	324	-0.7409
5595c1d2-7af3-4ba3-a428-db5f4a0faea0	1	48953643	54841907	3043	-0.2395
5595c1d2-7af3-4ba3-a428-db5f4a0faea0	1	54842020	54842366	3	-2.0002
5595c1d2-7af3-4ba3-a428-db5f4a0faea0	1	54842564	72303233	12527	-0.2393
5595c1d2-7af3-4ba3-a428-db5f4a0faea0	1	72303253	72346221	46	-1.4305
5595c1d2-7af3-4ba3-a428-db5f4a0faea0	1	72346757	95689620	15168	-0.2375
5595c1d2-7af3-4ba3-a428-db5f4a0faea0	1	95690160	95690510	2	-2.7284
5595c1d2-7af3-4ba3-a428-db5f4a0faea0	1	95690660	105476583	5753	-0.2326
5595c1d2-7af3-4ba3-a428-db5f4a0faea0	1	105476614	105479753	16	-1.7096
5595c1d2-7af3-4ba3-a428-db5f4a0faea0	1	105481433	106199033	471	-0.2068
5595c1d2-7af3-4ba3-a428-db5f4a0faea0	1	106199579	106200860	2	-1.9745
5595c1d2-7af3-4ba3-a428-db5f4a0faea0	1	106201239	108013376	1311	-0.226
5595c1d2-7af3-4ba3-a428-db5f4a0faea0	1	108014481	108016793	4	-1.1869
5595c1d2-7af3-4ba3-a428-db5f4a0faea0	1	108022969	108187137	145	-0.2378
5595c1d2-7af3-4ba3-a428-db5f4a0faea0	1	108191613	108194874	3	-3.2814
5595c1d2-7af3-4ba3-a428-db5f4a0faea0	1	108196482	109684893	693	-0.2737
5595c1d2-7af3-4ba3-a428-db5f4a0faea0	1	109690352	109703508	16	0.8727
5595c1d2-7af3-4ba3-a428-db5f4a0faea0	1	109707613	110783996	789	-0.2626
5595c1d2-7af3-4ba3-a428-db5f4a0faea0	1	110784923	110860873	104	-0.0637
5595c1d2-7af3-4ba3-a428-db5f4a0faea0	1	110860935	112147704	1046	-0.2701
5595c1d2-7af3-4ba3-a428-db5f4a0faea0	1	112153343	112154619	23	-1.77
5595c1d2-7af3-4ba3-a428-db5f4a0faea0	1	112154754	121601998	5151	-0.2426
5595c1d2-7af3-4ba3-a428-db5f4a0faea0	1	121705338	143734438	98	0.5872
5595c1d2-7af3-4ba3-a428-db5f4a0faea0	1	143748012	147610227	633	0.3829
5595c1d2-7af3-4ba3-a428-db5f4a0faea0	1	147611154	151930179	1306	0.3019
5595c1d2-7af3-4ba3-a428-db5f4a0faea0	1	151931158	152583051	406	0.3825
5595c1d2-7af3-4ba3-a428-db5f4a0faea0	1	152583230	152614100	34	-1.7072
5595c1d2-7af3-4ba3-a428-db5f4a0faea0	1	152614118	160176383	4659	0.3388
5595c1d2-7af3-4ba3-a428-db5f4a0faea0	1	160176704	160177153	4	-0.5961
5595c1d2-7af3-4ba3-a428-db5f4a0faea0	1	160178881	161649268	812	0.3175
5595c1d2-7af3-4ba3-a428-db5f4a0faea0	1	161678447	161678831	2	1.7135
5595c1d2-7af3-4ba3-a428-db5f4a0faea0	1	161680585	174408247	9327	0.3595
5595c1d2-7af3-4ba3-a428-db5f4a0faea0	1	174408383	174624024	110	0.0904
5595c1d2-7af3-4ba3-a428-db5f4a0faea0	1	174624074	196762956	14761	0.3606
5595c1d2-7af3-4ba3-a428-db5f4a0faea0	1	196769493	196802150	39	0.8848
5595c1d2-7af3-4ba3-a428-db5f4a0faea0	1	196820098	196843377	16	0.5568
5595c1d2-7af3-4ba3-a428-db5f4a0faea0	1	196843400	196846661	2	4.4815
5595c1d2-7af3-4ba3-a428-db5f4a0faea0	1	196847600	197811690	516	0.4055
5595c1d2-7af3-4ba3-a428-db5f4a0faea0	1	197815902	199142235	860	0.3534
5595c1d2-7af3-4ba3-a428-db5f4a0faea0	1	199142298	199145262	10	0.8994
5595c1d2-7af3-4ba3-a428-db5f4a0faea0	1	199145619	209038528	6669	0.3456
5595c1d2-7af3-4ba3-a428-db5f4a0faea0	1	209038623	209897717	726	0.4116
5595c1d2-7af3-4ba3-a428-db5f4a0faea0	1	209908268	209910639	3	-2.2129
5595c1d2-7af3-4ba3-a428-db5f4a0faea0	1	209913207	248574146	26855	0.3518
5595c1d2-7af3-4ba3-a428-db5f4a0faea0	1	248585893	248633912	32	-0.6061
5595c1d2-7af3-4ba3-a428-db5f4a0faea0	1	248645563	248930189	141	0.4179
5595c1d2-7af3-4ba3-a428-db5f4a0faea0	2	12784	34466002	24070	0.0532
5595c1d2-7af3-4ba3-a428-db5f4a0faea0	2	34474248	34511990	46	-2.0657
5595c1d2-7af3-4ba3-a428-db5f4a0faea0	2	34512096	35742057	869	0.0594
5595c1d2-7af3-4ba3-a428-db5f4a0faea0	2	35742319	35762881	10	0.8121
5595c1d2-7af3-4ba3-a428-db5f4a0faea0	2	35772407	37460377	1339	0.0562
5595c1d2-7af3-4ba3-a428-db5f4a0faea0	2	37461159	37889545	359	-0.0635
5595c1d2-7af3-4ba3-a428-db5f4a0faea0	2	37892174	52527423	10428	0.0512
5595c1d2-7af3-4ba3-a428-db5f4a0faea0	2	52527590	52554404	36	0.6662
5595c1d2-7af3-4ba3-a428-db5f4a0faea0	2	52560811	63280735	6961	0.0516
5595c1d2-7af3-4ba3-a428-db5f4a0faea0	2	63283767	63591725	151	-0.2438
5595c1d2-7af3-4ba3-a428-db5f4a0faea0	2	63594529	68650833	3479	0.0549
5595c1d2-7af3-4ba3-a428-db5f4a0faea0	2	68653679	68654481	2	-2.0259
5595c1d2-7af3-4ba3-a428-db5f4a0faea0	2	68655815	77293325	5423	0.0574
5595c1d2-7af3-4ba3-a428-db5f4a0faea0	2	77293747	77670984	229	-0.2569
5595c1d2-7af3-4ba3-a428-db5f4a0faea0	2	77673296	77674179	2	0.3163
5595c1d2-7af3-4ba3-a428-db5f4a0faea0	2	77689636	77712387	13	-0.7447
5595c1d2-7af3-4ba3-a428-db5f4a0faea0	2	77713657	77737747	20	-1.5533
5595c1d2-7af3-4ba3-a428-db5f4a0faea0	2	77737781	77944986	155	-0.7896
5595c1d2-7af3-4ba3-a428-db5f4a0faea0	2	77947651	97359885	7395	0.0604
5595c1d2-7af3-4ba3-a428-db5f4a0faea0	2	97524284	97545247	8	2.0233
5595c1d2-7af3-4ba3-a428-db5f4a0faea0	2	97545726	106263639	5569	0.0565
5595c1d2-7af3-4ba3-a428-db5f4a0faea0	2	106264257	106270799	12	-1.8744
5595c1d2-7af3-4ba3-a428-db5f4a0faea0	2	106270952	146104517	23808	0.0469
5595c1d2-7af3-4ba3-a428-db5f4a0faea0	2	146106836	146109366	24	0.8436
5595c1d2-7af3-4ba3-a428-db5f4a0faea0	2	146120238	147958673	959	0.0668
5595c1d2-7af3-4ba3-a428-db5f4a0faea0	2	147963023	147970770	3	-1.6633
5595c1d2-7af3-4ba3-a428-db5f4a0faea0	2	147972798	152930971	3236	0.0542
5595c1d2-7af3-4ba3-a428-db5f4a0faea0	2	152939554	152940270	3	-2.1553
5595c1d2-7af3-4ba3-a428-db5f4a0faea0	2	152944055	159381818	3785	0.0622
5595c1d2-7af3-4ba3-a428-db5f4a0faea0	2	159384745	159584822	102	-0.2681
5595c1d2-7af3-4ba3-a428-db5f4a0faea0	2	159585233	163780342	2495	0.0612
5595c1d2-7af3-4ba3-a428-db5f4a0faea0	2	163786978	163788616	4	-5.3489
5595c1d2-7af3-4ba3-a428-db5f4a0faea0	2	163790132	214858582	31060	0.0635
5595c1d2-7af3-4ba3-a428-db5f4a0faea0	2	214865026	214866097	2	-1.5158
5595c1d2-7af3-4ba3-a428-db5f4a0faea0	2	214866466	227375482	8229	0.0521
5595c1d2-7af3-4ba3-a428-db5f4a0faea0	2	227381813	227389512	5	0.8841
5595c1d2-7af3-4ba3-a428-db5f4a0faea0	2	227389556	228819276	908	0.069
5595c1d2-7af3-4ba3-a428-db5f4a0faea0	2	228819984	241789329	8104	0.0217
5595c1d2-7af3-4ba3-a428-db5f4a0faea0	2	241793625	242147305	140	0.1417
5595c1d2-7af3-4ba3-a428-db5f4a0faea0	3	20930	6604856	5807	-0.2304
5595c1d2-7af3-4ba3-a428-db5f4a0faea0	3	6609441	6611645	23	-1.0781
5595c1d2-7af3-4ba3-a428-db5f4a0faea0	3	6613391	7059546	358	-0.2194
5595c1d2-7af3-4ba3-a428-db5f4a0faea0	3	7060264	7062263	3	-1.6496
5595c1d2-7af3-4ba3-a428-db5f4a0faea0	3	7062318	17205471	7389	-0.2055
5595c1d2-7af3-4ba3-a428-db5f4a0faea0	3	17208111	26756331	6559	-0.186
5595c1d2-7af3-4ba3-a428-db5f4a0faea0	3	26761254	26776168	16	-0.7391
5595c1d2-7af3-4ba3-a428-db5f4a0faea0	3	26778226	42412533	10415	-0.1817
5595c1d2-7af3-4ba3-a428-db5f4a0faea0	3	42414076	46760327	2554	-0.218
5595c1d2-7af3-4ba3-a428-db5f4a0faea0	3	46760374	46806126	37	0.1042
5595c1d2-7af3-4ba3-a428-db5f4a0faea0	3	46807689	53673835	2949	-0.2157
5595c1d2-7af3-4ba3-a428-db5f4a0faea0	3	53675055	53675582	2	-3.9986
5595c1d2-7af3-4ba3-a428-db5f4a0faea0	3	53675824	59948219	4360	-0.2073
5595c1d2-7af3-4ba3-a428-db5f4a0faea0	3	59949517	60049517	173	-0.7326
5595c1d2-7af3-4ba3-a428-db5f4a0faea0	3	60052274	60052906	3	-2.6321
5595c1d2-7af3-4ba3-a428-db5f4a0faea0	3	60053285	60074233	34	-0.387
5595c1d2-7af3-4ba3-a428-db5f4a0faea0	3	60074912	60198640	148	-0.7733
5595c1d2-7af3-4ba3-a428-db5f4a0faea0	3	60203633	60406004	195	-0.3115
5595c1d2-7af3-4ba3-a428-db5f4a0faea0	3	60411891	60441084	47	0.0359
5595c1d2-7af3-4ba3-a428-db5f4a0faea0	3	60447491	60456038	10	-0.7158
5595c1d2-7af3-4ba3-a428-db5f4a0faea0	3	60459520	60549998	113	-1.6926
5595c1d2-7af3-4ba3-a428-db5f4a0faea0	3	60550687	60673834	127	-0.6593
5595c1d2-7af3-4ba3-a428-db5f4a0faea0	3	60674387	60815239	162	-0.2922
5595c1d2-7af3-4ba3-a428-db5f4a0faea0	3	60821406	61085325	266	-0.7756
5595c1d2-7af3-4ba3-a428-db5f4a0faea0	3	61088556	61994962	702	-0.2065
5595c1d2-7af3-4ba3-a428-db5f4a0faea0	3	61995910	75511990	10184	0.128
5595c1d2-7af3-4ba3-a428-db5f4a0faea0	3	75519398	75529707	5	-1.5105
5595c1d2-7af3-4ba3-a428-db5f4a0faea0	3	75537120	99218940	10973	0.1386
5595c1d2-7af3-4ba3-a428-db5f4a0faea0	3	99225614	99230212	27	0.5539
5595c1d2-7af3-4ba3-a428-db5f4a0faea0	3	99230225	130067896	18730	0.1271
5595c1d2-7af3-4ba3-a428-db5f4a0faea0	3	130067910	130087393	28	0.646
5595c1d2-7af3-4ba3-a428-db5f4a0faea0	3	130088081	162795304	20267	0.1239
5595c1d2-7af3-4ba3-a428-db5f4a0faea0	3	162795361	162908207	67	-0.7926
5595c1d2-7af3-4ba3-a428-db5f4a0faea0	3	162908784	174685977	7144	0.1437
5595c1d2-7af3-4ba3-a428-db5f4a0faea0	3	174700748	174862996	103	-0.1992
5595c1d2-7af3-4ba3-a428-db5f4a0faea0	3	174863036	174934352	46	0.0869
5595c1d2-7af3-4ba3-a428-db5f4a0faea0	3	174936947	175061307	88	-0.2392
5595c1d2-7af3-4ba3-a428-db5f4a0faea0	3	175068193	175372453	288	0.1186
5595c1d2-7af3-4ba3-a428-db5f4a0faea0	3	175373237	175681996	232	-0.2321
5595c1d2-7af3-4ba3-a428-db5f4a0faea0	3	175694136	193160173	11270	0.1143
5595c1d2-7af3-4ba3-a428-db5f4a0faea0	3	193160256	193165114	18	-1.167
5595c1d2-7af3-4ba3-a428-db5f4a0faea0	3	193168646	195558822	1482	0.1239
5595c1d2-7af3-4ba3-a428-db5f4a0faea0	3	195559056	195768450	52	0.4187
5595c1d2-7af3-4ba3-a428-db5f4a0faea0	3	195768501	196046906	108	0.0702
5595c1d2-7af3-4ba3-a428-db5f4a0faea0	3	196049719	196049993	4	1.0831
5595c1d2-7af3-4ba3-a428-db5f4a0faea0	3	196050340	196557559	239	0.0539
5595c1d2-7af3-4ba3-a428-db5f4a0faea0	3	196557566	196705296	81	-0.183
5595c1d2-7af3-4ba3-a428-db5f4a0faea0	3	196710914	198125948	720	0.1584
5595c1d2-7af3-4ba3-a428-db5f4a0faea0	3	198142659	198169247	5	-0.2388
5595c1d2-7af3-4ba3-a428-db5f4a0faea0	4	68929	3712714	1492	-0.7747
5595c1d2-7af3-4ba3-a428-db5f4a0faea0	4	3713876	3713923	2	-3.6277
5595c1d2-7af3-4ba3-a428-db5f4a0faea0	4	3717299	8720526	3546	-0.7859
5595c1d2-7af3-4ba3-a428-db5f4a0faea0	4	8722817	10208766	601	-0.3741
5595c1d2-7af3-4ba3-a428-db5f4a0faea0	4	10221792	10227652	12	0.7422
5595c1d2-7af3-4ba3-a428-db5f4a0faea0	4	10227668	12340485	1777	-0.361
5595c1d2-7af3-4ba3-a428-db5f4a0faea0	4	12341335	12342622	5	-1.9598
5595c1d2-7af3-4ba3-a428-db5f4a0faea0	4	12347791	49295203	24178	-0.3821
5595c1d2-7af3-4ba3-a428-db5f4a0faea0	4	49501149	49656595	18	0.4748
5595c1d2-7af3-4ba3-a428-db5f4a0faea0	4	51819533	63828222	7545	-0.3838
5595c1d2-7af3-4ba3-a428-db5f4a0faea0	4	63831751	63840033	20	-1.1665
5595c1d2-7af3-4ba3-a428-db5f4a0faea0	4	63841863	63842540	8	-2.7352
5595c1d2-7af3-4ba3-a428-db5f4a0faea0	4	63850713	84676366	12824	-0.3666
5595c1d2-7af3-4ba3-a428-db5f4a0faea0	4	84680145	84890468	112	-0.7939
5595c1d2-7af3-4ba3-a428-db5f4a0faea0	4	84890494	90129533	3294	-0.3641
5595c1d2-7af3-4ba3-a428-db5f4a0faea0	4	90130486	90843781	422	-0.8302
5595c1d2-7af3-4ba3-a428-db5f4a0faea0	4	90846710	137171085	27160	-0.3609
5595c1d2-7af3-4ba3-a428-db5f4a0faea0	4	137171266	137172260	13	-1.2257
5595c1d2-7af3-4ba3-a428-db5f4a0faea0	4	137173804	172068149	21758	-0.3734
5595c1d2-7af3-4ba3-a428-db5f4a0faea0	4	172068222	172068354	6	-1.8461
5595c1d2-7af3-4ba3-a428-db5f4a0faea0	4	172068368	190106768	12054	-0.3897
5595c1d2-7af3-4ba3-a428-db5f4a0faea0	5	15532	12800777	10183	0.0176
5595c1d2-7af3-4ba3-a428-db5f4a0faea0	5	12815668	12838421	14	-0.9354
5595c1d2-7af3-4ba3-a428-db5f4a0faea0	5	12849089	46251204	20456	0.0295
5595c1d2-7af3-4ba3-a428-db5f4a0faea0	5	46270906	46273400	8	-1.9713
5595c1d2-7af3-4ba3-a428-db5f4a0faea0	5	46278110	55039815	3110	0.0217
5595c1d2-7af3-4ba3-a428-db5f4a0faea0	5	55042990	55051196	5	-0.893
5595c1d2-7af3-4ba3-a428-db5f4a0faea0	5	55052226	55652905	300	-0.0007
5595c1d2-7af3-4ba3-a428-db5f4a0faea0	5	55653361	57055039	1034	-0.1375
5595c1d2-7af3-4ba3-a428-db5f4a0faea0	5	57060251	59201147	1568	0.008
5595c1d2-7af3-4ba3-a428-db5f4a0faea0	5	59204976	59219655	16	-0.3374
5595c1d2-7af3-4ba3-a428-db5f4a0faea0	5	59224224	59429303	194	-0.7547
5595c1d2-7af3-4ba3-a428-db5f4a0faea0	5	59429677	59675206	187	-0.3781
5595c1d2-7af3-4ba3-a428-db5f4a0faea0	5	59676424	59710257	18	0.0429
5595c1d2-7af3-4ba3-a428-db5f4a0faea0	5	59714871	59742439	15	-0.7243
5595c1d2-7af3-4ba3-a428-db5f4a0faea0	5	59744864	59841962	63	-0.2863
5595c1d2-7af3-4ba3-a428-db5f4a0faea0	5	59844517	60032956	118	-1.884
5595c1d2-7af3-4ba3-a428-db5f4a0faea0	5	60034056	60098171	29	-0.8166
5595c1d2-7af3-4ba3-a428-db5f4a0faea0	5	60104216	60143443	12	-0.1852
5595c1d2-7af3-4ba3-a428-db5f4a0faea0	5	60151156	60297929	79	-1.9433
5595c1d2-7af3-4ba3-a428-db5f4a0faea0	5	60299520	60326565	12	-0.6897
5595c1d2-7af3-4ba3-a428-db5f4a0faea0	5	60331748	60382958	39	-0.2845
5595c1d2-7af3-4ba3-a428-db5f4a0faea0	5	60395976	60402254	3	-0.6954
5595c1d2-7af3-4ba3-a428-db5f4a0faea0	5	60402847	88162605	15907	0.0066
5595c1d2-7af3-4ba3-a428-db5f4a0faea0	5	88164958	113056695	14838	-0.7354
5595c1d2-7af3-4ba3-a428-db5f4a0faea0	5	113057603	113057820	2	-3.7186
5595c1d2-7af3-4ba3-a428-db5f4a0faea0	5	113060013	115050412	1401	-0.7672
5595c1d2-7af3-4ba3-a428-db5f4a0faea0	5	115054129	133795438	12093	0.0135
5595c1d2-7af3-4ba3-a428-db5f4a0faea0	5	133795782	133799875	4	-1.9989
5595c1d2-7af3-4ba3-a428-db5f4a0faea0	5	133802374	135486593	1026	-0.0152
5595c1d2-7af3-4ba3-a428-db5f4a0faea0	5	135489795	135489993	2	-1.3195
5595c1d2-7af3-4ba3-a428-db5f4a0faea0	5	135492523	136782427	906	0.0575
5595c1d2-7af3-4ba3-a428-db5f4a0faea0	5	136782708	140838209	2067	-0.0164
5595c1d2-7af3-4ba3-a428-db5f4a0faea0	5	140838745	140852154	10	0.6756
5595c1d2-7af3-4ba3-a428-db5f4a0faea0	5	140852165	147445352	4314	-0.001
5595c1d2-7af3-4ba3-a428-db5f4a0faea0	5	147448157	147450394	3	-1.7023
5595c1d2-7af3-4ba3-a428-db5f4a0faea0	5	147450827	151856653	3000	0.0091
5595c1d2-7af3-4ba3-a428-db5f4a0faea0	5	151858028	151858056	2	-2.8973
5595c1d2-7af3-4ba3-a428-db5f4a0faea0	5	151858409	152135923	223	0.0145
5595c1d2-7af3-4ba3-a428-db5f4a0faea0	5	152135937	152140710	12	-0.538
5595c1d2-7af3-4ba3-a428-db5f4a0faea0	5	152140861	169926462	12273	0.008
5595c1d2-7af3-4ba3-a428-db5f4a0faea0	5	169926753	169928549	4	-1.1712
5595c1d2-7af3-4ba3-a428-db5f4a0faea0	5	169929080	169970056	53	-0.1155
5595c1d2-7af3-4ba3-a428-db5f4a0faea0	5	169972786	169973390	2	-1.7631
5595c1d2-7af3-4ba3-a428-db5f4a0faea0	5	169973633	173775504	2734	-0.0262
5595c1d2-7af3-4ba3-a428-db5f4a0faea0	5	173778055	173779213	7	-1.0949
5595c1d2-7af3-4ba3-a428-db5f4a0faea0	5	173779368	181363319	4380	-0.0221
5595c1d2-7af3-4ba3-a428-db5f4a0faea0	6	149661	254283	101	0.0671
5595c1d2-7af3-4ba3-a428-db5f4a0faea0	6	257353	302306	24	0.5265
5595c1d2-7af3-4ba3-a428-db5f4a0faea0	6	303017	323326	9	-0.1165
5595c1d2-7af3-4ba3-a428-db5f4a0faea0	6	323576	366333	60	0.3267
5595c1d2-7af3-4ba3-a428-db5f4a0faea0	6	373453	1878948	1316	0.0842
5595c1d2-7af3-4ba3-a428-db5f4a0faea0	6	1881857	1966615	65	-0.2666
5595c1d2-7af3-4ba3-a428-db5f4a0faea0	6	1970356	14838212	10079	0.0783
5595c1d2-7af3-4ba3-a428-db5f4a0faea0	6	14839819	14841727	3	-1.3222
5595c1d2-7af3-4ba3-a428-db5f4a0faea0	6	14843529	17738271	2093	0.0606
5595c1d2-7af3-4ba3-a428-db5f4a0faea0	6	17742456	22885085	3829	0.1136
5595c1d2-7af3-4ba3-a428-db5f4a0faea0	6	22885228	23060763	125	0.0416
5595c1d2-7af3-4ba3-a428-db5f4a0faea0	6	23060767	23060771	2	-1.4359
5595c1d2-7af3-4ba3-a428-db5f4a0faea0	6	23064026	24586524	1126	0.0898
5595c1d2-7af3-4ba3-a428-db5f4a0faea0	6	24591150	24592412	2	-1.3633
5595c1d2-7af3-4ba3-a428-db5f4a0faea0	6	24593051	28285233	2107	0.0678
5595c1d2-7af3-4ba3-a428-db5f4a0faea0	6	28285755	28287500	4	-1.7826
5595c1d2-7af3-4ba3-a428-db5f4a0faea0	6	28290810	44950074	9726	0.0653
5595c1d2-7af3-4ba3-a428-db5f4a0faea0	6	44951547	45164527	121	-0.2112
5595c1d2-7af3-4ba3-a428-db5f4a0faea0	6	45168610	45497623	153	0.0799
5595c1d2-7af3-4ba3-a428-db5f4a0faea0	6	45498016	53574101	5239	0.1126
5595c1d2-7af3-4ba3-a428-db5f4a0faea0	6	53575387	53582821	4	-0.9715
5595c1d2-7af3-4ba3-a428-db5f4a0faea0	6	53582846	54066286	407	0.1157
5595c1d2-7af3-4ba3-a428-db5f4a0faea0	6	54066353	54067057	7	-0.8292
5595c1d2-7af3-4ba3-a428-db5f4a0faea0	6	54070550	65001506	4468	0.1209
5595c1d2-7af3-4ba3-a428-db5f4a0faea0	6	65003844	65003899	2	-1.8949
5595c1d2-7af3-4ba3-a428-db5f4a0faea0	6	65007491	65684197	457	0.1258
5595c1d2-7af3-4ba3-a428-db5f4a0faea0	6	65689589	65693959	23	-1.1806
5595c1d2-7af3-4ba3-a428-db5f4a0faea0	6	65697234	73882509	5436	0.1111
5595c1d2-7af3-4ba3-a428-db5f4a0faea0	6	73882741	73885038	6	1.0372
5595c1d2-7af3-4ba3-a428-db5f4a0faea0	6	73887573	78240510	2757	0.1066
5595c1d2-7af3-4ba3-a428-db5f4a0faea0	6	78246139	78332056	131	0.3709
5595c1d2-7af3-4ba3-a428-db5f4a0faea0	6	78332092	83272632	3161	0.1286
5595c1d2-7af3-4ba3-a428-db5f4a0faea0	6	83283469	93261921	6415	0.0893
5595c1d2-7af3-4ba3-a428-db5f4a0faea0	6	93262641	95561667	1203	0.132
5595c1d2-7af3-4ba3-a428-db5f4a0faea0	6	95562546	95611604	31	-0.3531
5595c1d2-7af3-4ba3-a428-db5f4a0faea0	6	95617125	103290164	4657	0.1107
5595c1d2-7af3-4ba3-a428-db5f4a0faea0	6	103290209	103314186	44	-0.5256
5595c1d2-7af3-4ba3-a428-db5f4a0faea0	6	103317795	104468605	740	0.1109
5595c1d2-7af3-4ba3-a428-db5f4a0faea0	6	104469260	104470088	2	-1.2061
5595c1d2-7af3-4ba3-a428-db5f4a0faea0	6	104470558	112390714	4912	0.0958
5595c1d2-7af3-4ba3-a428-db5f4a0faea0	6	112391641	112392666	2	-1.4347
5595c1d2-7af3-4ba3-a428-db5f4a0faea0	6	112392762	113900791	1013	0.1022
5595c1d2-7af3-4ba3-a428-db5f4a0faea0	6	113903677	113903852	2	-2.0391
5595c1d2-7af3-4ba3-a428-db5f4a0faea0	6	113904647	162180084	31522	0.1042
5595c1d2-7af3-4ba3-a428-db5f4a0faea0	6	162180195	162240958	50	-0.5777
5595c1d2-7af3-4ba3-a428-db5f4a0faea0	6	162243137	162382425	110	-0.2451
5595c1d2-7af3-4ba3-a428-db5f4a0faea0	6	162383913	170741917	5807	0.0792
5595c1d2-7af3-4ba3-a428-db5f4a0faea0	7	43355	9175917	5436	0.0666
5595c1d2-7af3-4ba3-a428-db5f4a0faea0	7	9183039	9184091	6	-1.2251
5595c1d2-7af3-4ba3-a428-db5f4a0faea0	7	9187340	29178543	15569	0.1065
5595c1d2-7af3-4ba3-a428-db5f4a0faea0	7	29179446	29179478	2	-1.6433
5595c1d2-7af3-4ba3-a428-db5f4a0faea0	7	29180029	29651467	427	0.1147
5595c1d2-7af3-4ba3-a428-db5f4a0faea0	7	29651597	29651845	3	-1.1344
5595c1d2-7af3-4ba3-a428-db5f4a0faea0	7	29654002	55062000	17629	0.1017
5595c1d2-7af3-4ba3-a428-db5f4a0faea0	7	55063307	76374359	7646	0.0725
5595c1d2-7af3-4ba3-a428-db5f4a0faea0	7	76374650	86175011	6319	0.1092
5595c1d2-7af3-4ba3-a428-db5f4a0faea0	7	86179721	86181343	3	-1.5127
5595c1d2-7af3-4ba3-a428-db5f4a0faea0	7	86183680	90139872	2394	0.0985
5595c1d2-7af3-4ba3-a428-db5f4a0faea0	7	90146435	90242406	68	-0.1757
5595c1d2-7af3-4ba3-a428-db5f4a0faea0	7	90242436	91729639	1051	0.0966
5595c1d2-7af3-4ba3-a428-db5f4a0faea0	7	91729718	91730276	5	-1.8665
5595c1d2-7af3-4ba3-a428-db5f4a0faea0	7	91731675	97777749	3777	0.1088
5595c1d2-7af3-4ba3-a428-db5f4a0faea0	7	97788295	97791340	5	-1.176
5595c1d2-7af3-4ba3-a428-db5f4a0faea0	7	97791778	108421914	5685	0.082
5595c1d2-7af3-4ba3-a428-db5f4a0faea0	7	108422473	108422794	3	-1.646
5595c1d2-7af3-4ba3-a428-db5f4a0faea0	7	108423670	109793741	890	0.114
5595c1d2-7af3-4ba3-a428-db5f4a0faea0	7	109797035	109797616	10	-0.4841
5595c1d2-7af3-4ba3-a428-db5f4a0faea0	7	109797618	109800865	12	0.0513
5595c1d2-7af3-4ba3-a428-db5f4a0faea0	7	109800866	109813925	14	-0.8988
5595c1d2-7af3-4ba3-a428-db5f4a0faea0	7	109814172	111388412	1050	0.1154
5595c1d2-7af3-4ba3-a428-db5f4a0faea0	7	111389330	111561480	111	-0.1678
5595c1d2-7af3-4ba3-a428-db5f4a0faea0	7	111561897	126079078	8644	0.1188
5595c1d2-7af3-4ba3-a428-db5f4a0faea0	7	126079396	126079402	2	-1.8127
5595c1d2-7af3-4ba3-a428-db5f4a0faea0	7	126081764	126405597	222	0.0972
5595c1d2-7af3-4ba3-a428-db5f4a0faea0	7	126405632	126406822	10	1.3007
5595c1d2-7af3-4ba3-a428-db5f4a0faea0	7	126406823	134093899	4695	0.0878
5595c1d2-7af3-4ba3-a428-db5f4a0faea0	7	134100424	134114401	35	-0.4494
5595c1d2-7af3-4ba3-a428-db5f4a0faea0	7	134114444	154598185	12847	0.0914
5595c1d2-7af3-4ba3-a428-db5f4a0faea0	7	154601461	154607903	4	1.4199
5595c1d2-7af3-4ba3-a428-db5f4a0faea0	7	154609120	154635962	26	0.1154
5595c1d2-7af3-4ba3-a428-db5f4a0faea0	7	154636288	154636708	3	-1.2637
5595c1d2-7af3-4ba3-a428-db5f4a0faea0	7	154637850	159324709	3187	0.0889
5595c1d2-7af3-4ba3-a428-db5f4a0faea0	7	159324804	159334314	16	-1.1501
5595c1d2-7af3-4ba3-a428-db5f4a0faea0	8	81254	213414	7	-0.1732
5595c1d2-7af3-4ba3-a428-db5f4a0faea0	8	214984	5668141	5855	-0.5845
5595c1d2-7af3-4ba3-a428-db5f4a0faea0	8	5668461	5672879	5	-2.4044
5595c1d2-7af3-4ba3-a428-db5f4a0faea0	8	5673036	7064587	1777	-0.6013
5595c1d2-7af3-4ba3-a428-db5f4a0faea0	8	7067590	7396819	57	-0.2028
5595c1d2-7af3-4ba3-a428-db5f4a0faea0	8	7397588	12143614	3254	-0.6066
5595c1d2-7af3-4ba3-a428-db5f4a0faea0	8	12176798	12496252	37	-0.1586
5595c1d2-7af3-4ba3-a428-db5f4a0faea0	8	12519969	14427181	1731	-0.5358
5595c1d2-7af3-4ba3-a428-db5f4a0faea0	8	14427702	14428696	3	-2.1481
5595c1d2-7af3-4ba3-a428-db5f4a0faea0	8	14428811	17418630	2618	-0.5446
5595c1d2-7af3-4ba3-a428-db5f4a0faea0	8	17419121	17421882	3	-2.5455
5595c1d2-7af3-4ba3-a428-db5f4a0faea0	8	17422353	25119126	6012	-0.5471
5595c1d2-7af3-4ba3-a428-db5f4a0faea0	8	25119160	25122472	12	0.4037
5595c1d2-7af3-4ba3-a428-db5f4a0faea0	8	25126554	39356427	8982	-0.5455
5595c1d2-7af3-4ba3-a428-db5f4a0faea0	8	39357136	39603261	117	-0.2414
5595c1d2-7af3-4ba3-a428-db5f4a0faea0	8	39603359	43067847	2280	-0.5527
5595c1d2-7af3-4ba3-a428-db5f4a0faea0	8	43068274	49966087	2135	-0.2455
5595c1d2-7af3-4ba3-a428-db5f4a0faea0	8	49967674	49970270	2	-3.141
5595c1d2-7af3-4ba3-a428-db5f4a0faea0	8	49970669	58778003	5849	-0.2569
5595c1d2-7af3-4ba3-a428-db5f4a0faea0	8	58783529	59128229	264	0.2638
5595c1d2-7af3-4ba3-a428-db5f4a0faea0	8	59128787	59130571	7	-0.3894
5595c1d2-7af3-4ba3-a428-db5f4a0faea0	8	59135293	59888171	403	0.2853
5595c1d2-7af3-4ba3-a428-db5f4a0faea0	8	59888892	59889252	2	-1.1152
5595c1d2-7af3-4ba3-a428-db5f4a0faea0	8	59891119	61928067	1406	0.2993
5595c1d2-7af3-4ba3-a428-db5f4a0faea0	8	61931167	61931955	3	-1.222
5595c1d2-7af3-4ba3-a428-db5f4a0faea0	8	61932039	111279265	29588	0.298
5595c1d2-7af3-4ba3-a428-db5f4a0faea0	8	111282050	111283031	10	1.1402
5595c1d2-7af3-4ba3-a428-db5f4a0faea0	8	111288052	145072769	22915	0.2943
5595c1d2-7af3-4ba3-a428-db5f4a0faea0	9	46587	602903	508	0.0213
5595c1d2-7af3-4ba3-a428-db5f4a0faea0	9	606699	606893	3	-1.9973
5595c1d2-7af3-4ba3-a428-db5f4a0faea0	9	606961	1446459	947	0.0258
5595c1d2-7af3-4ba3-a428-db5f4a0faea0	9	1446987	1450320	12	-5.0649
5595c1d2-7af3-4ba3-a428-db5f4a0faea0	9	1453039	1816187	506	0.0434
5595c1d2-7af3-4ba3-a428-db5f4a0faea0	9	1816285	1817448	3	-1.1893
5595c1d2-7af3-4ba3-a428-db5f4a0faea0	9	1817749	5078443	3261	0.0793
5595c1d2-7af3-4ba3-a428-db5f4a0faea0	9	5079156	5081766	9	-0.6837
5595c1d2-7af3-4ba3-a428-db5f4a0faea0	9	5081852	11992604	5999	0.0784
5595c1d2-7af3-4ba3-a428-db5f4a0faea0	9	11995297	11996270	4	-1.1337
5595c1d2-7af3-4ba3-a428-db5f4a0faea0	9	11996759	16898260	4041	0.0909
5595c1d2-7af3-4ba3-a428-db5f4a0faea0	9	16903448	16906361	5	-0.9232
5595c1d2-7af3-4ba3-a428-db5f4a0faea0	9	16906558	22492890	4540	0.0913
5595c1d2-7af3-4ba3-a428-db5f4a0faea0	9	22501914	22502700	2	-3.2621
5595c1d2-7af3-4ba3-a428-db5f4a0faea0	9	22509341	42109137	11437	0.0783
5595c1d2-7af3-4ba3-a428-db5f4a0faea0	9	42112551	61647899	116	0.4053
5595c1d2-7af3-4ba3-a428-db5f4a0faea0	9	61665362	73398521	3860	0.0867
5595c1d2-7af3-4ba3-a428-db5f4a0faea0	9	73405942	73411750	4	-2.0266
5595c1d2-7af3-4ba3-a428-db5f4a0faea0	9	73413807	77210747	2872	0.0859
5595c1d2-7af3-4ba3-a428-db5f4a0faea0	9	77211125	77436821	123	-0.2021
5595c1d2-7af3-4ba3-a428-db5f4a0faea0	9	77437127	110262162	23197	0.0735
5595c1d2-7af3-4ba3-a428-db5f4a0faea0	9	110262509	110265889	2	-2.1875
5595c1d2-7af3-4ba3-a428-db5f4a0faea0	9	110270151	138200944	17998	0.0605
5595c1d2-7af3-4ba3-a428-db5f4a0faea0	10	45792	20551945	16989	0.088
5595c1d2-7af3-4ba3-a428-db5f4a0faea0	10	20561183	20564605	6	-1.1304
5595c1d2-7af3-4ba3-a428-db5f4a0faea0	10	20573498	24086334	2195	0.084
5595c1d2-7af3-4ba3-a428-db5f4a0faea0	10	24088745	24089125	11	1.2047
5595c1d2-7af3-4ba3-a428-db5f4a0faea0	10	24089979	29811627	4120	0.0979
5595c1d2-7af3-4ba3-a428-db5f4a0faea0	10	29812290	29814034	2	-1.5703
5595c1d2-7af3-4ba3-a428-db5f4a0faea0	10	29814056	38783090	5735	0.0881
5595c1d2-7af3-4ba3-a428-db5f4a0faea0	10	41715085	41806669	22	0.6352
5595c1d2-7af3-4ba3-a428-db5f4a0faea0	10	42118988	46532940	2609	0.0858
5595c1d2-7af3-4ba3-a428-db5f4a0faea0	10	46538819	47016654	43	0.5178
5595c1d2-7af3-4ba3-a428-db5f4a0faea0	10	47024340	47559592	280	0.0799
5595c1d2-7af3-4ba3-a428-db5f4a0faea0	10	47559596	48187568	28	0.4708
5595c1d2-7af3-4ba3-a428-db5f4a0faea0	10	48188464	48523157	246	0.108
5595c1d2-7af3-4ba3-a428-db5f4a0faea0	10	48524930	48524943	2	-1.6984
5595c1d2-7af3-4ba3-a428-db5f4a0faea0	10	48525216	50971130	1626	0.0839
5595c1d2-7af3-4ba3-a428-db5f4a0faea0	10	50972159	51239785	199	-0.1898
5595c1d2-7af3-4ba3-a428-db5f4a0faea0	10	51239802	54920517	2935	0.1082
5595c1d2-7af3-4ba3-a428-db5f4a0faea0	10	54923330	54924277	2	-3.0117
5595c1d2-7af3-4ba3-a428-db5f4a0faea0	10	54927534	57154742	1554	0.1183
5595c1d2-7af3-4ba3-a428-db5f4a0faea0	10	57155081	57158352	4	-1.0831
5595c1d2-7af3-4ba3-a428-db5f4a0faea0	10	57158939	65546400	5801	0.1161
5595c1d2-7af3-4ba3-a428-db5f4a0faea0	10	65546518	65554688	29	-0.6878
5595c1d2-7af3-4ba3-a428-db5f4a0faea0	10	65563037	66022240	402	0.1161
5595c1d2-7af3-4ba3-a428-db5f4a0faea0	10	66024671	66025279	2	-2.1482
5595c1d2-7af3-4ba3-a428-db5f4a0faea0	10	66030637	130472507	43806	0.0997
5595c1d2-7af3-4ba3-a428-db5f4a0faea0	10	130472578	130472631	2	-2.1206
5595c1d2-7af3-4ba3-a428-db5f4a0faea0	10	130472877	130746967	231	-0.0047
5595c1d2-7af3-4ba3-a428-db5f4a0faea0	10	130748920	130754182	8	-1.4255
5595c1d2-7af3-4ba3-a428-db5f4a0faea0	10	130758117	133654968	1754	0.0475
5595c1d2-7af3-4ba3-a428-db5f4a0faea0	11	198510	1623675	484	0.2742
5595c1d2-7af3-4ba3-a428-db5f4a0faea0	11	1624736	1627184	3	-0.7713
5595c1d2-7af3-4ba3-a428-db5f4a0faea0	11	1627418	1632338	7	0.3371
5595c1d2-7af3-4ba3-a428-db5f4a0faea0	11	1633335	1633531	2	-1.321
5595c1d2-7af3-4ba3-a428-db5f4a0faea0	11	1635897	2905340	551	0.2484
5595c1d2-7af3-4ba3-a428-db5f4a0faea0	11	2915616	4274526	703	0.0922
5595c1d2-7af3-4ba3-a428-db5f4a0faea0	11	4280126	4363567	17	0.7489
5595c1d2-7af3-4ba3-a428-db5f4a0faea0	11	4365435	4947280	650	0.1017
5595c1d2-7af3-4ba3-a428-db5f4a0faea0	11	4949013	4955042	29	1.0415
5595c1d2-7af3-4ba3-a428-db5f4a0faea0	11	4955781	5766175	784	0.101
5595c1d2-7af3-4ba3-a428-db5f4a0faea0	11	5766850	5787909	32	-2.3983
5595c1d2-7af3-4ba3-a428-db5f4a0faea0	11	5788108	31371747	18528	0.1164
5595c1d2-7af3-4ba3-a428-db5f4a0faea0	11	31372721	31375533	2	-1.8569
5595c1d2-7af3-4ba3-a428-db5f4a0faea0	11	31376660	37096276	4316	0.112
5595c1d2-7af3-4ba3-a428-db5f4a0faea0	11	37096556	37096715	2	-2.632
5595c1d2-7af3-4ba3-a428-db5f4a0faea0	11	37100469	46887030	6444	0.1104
5595c1d2-7af3-4ba3-a428-db5f4a0faea0	11	46891996	54567874	1546	-0.143
5595c1d2-7af3-4ba3-a428-db5f4a0faea0	11	54571429	55608804	375	0.1338
5595c1d2-7af3-4ba3-a428-db5f4a0faea0	11	55609022	55662497	34	0.6884
5595c1d2-7af3-4ba3-a428-db5f4a0faea0	11	55663588	60631682	3061	0.1377
5595c1d2-7af3-4ba3-a428-db5f4a0faea0	11	60632681	81271219	11041	-0.1841
5595c1d2-7af3-4ba3-a428-db5f4a0faea0	11	81274905	81286716	36	-0.5434
5595c1d2-7af3-4ba3-a428-db5f4a0faea0	11	81288503	81747654	385	-0.213
5595c1d2-7af3-4ba3-a428-db5f4a0faea0	11	81747925	95451191	9183	-0.1532
5595c1d2-7af3-4ba3-a428-db5f4a0faea0	11	95452865	95453749	4	-1.5679
5595c1d2-7af3-4ba3-a428-db5f4a0faea0	11	95455006	100621781	3833	-0.1472
5595c1d2-7af3-4ba3-a428-db5f4a0faea0	11	100622319	100650324	41	-0.6795
5595c1d2-7af3-4ba3-a428-db5f4a0faea0	11	100658821	101723653	968	-0.1244
5595c1d2-7af3-4ba3-a428-db5f4a0faea0	11	101727129	101727233	4	1.2669
5595c1d2-7af3-4ba3-a428-db5f4a0faea0	11	101727481	131665529	21054	-0.1627
5595c1d2-7af3-4ba3-a428-db5f4a0faea0	11	131666230	135074876	2642	-0.2109
5595c1d2-7af3-4ba3-a428-db5f4a0faea0	12	51460	186440	73	0.0517
5595c1d2-7af3-4ba3-a428-db5f4a0faea0	12	187079	190376	3	-1.4623
5595c1d2-7af3-4ba3-a428-db5f4a0faea0	12	190721	2126723	1189	0.0597
5595c1d2-7af3-4ba3-a428-db5f4a0faea0	12	2136696	2141912	10	-1.4877
5595c1d2-7af3-4ba3-a428-db5f4a0faea0	12	2142145	2145343	22	-0.7869
5595c1d2-7af3-4ba3-a428-db5f4a0faea0	12	2145453	2148754	9	-1.5967
5595c1d2-7af3-4ba3-a428-db5f4a0faea0	12	2148857	9343297	4808	0.0623
5595c1d2-7af3-4ba3-a428-db5f4a0faea0	12	9343806	9481274	61	-0.1272
5595c1d2-7af3-4ba3-a428-db5f4a0faea0	12	9485313	9582373	24	1.171
5595c1d2-7af3-4ba3-a428-db5f4a0faea0	12	9582374	11083616	1043	0.0772
5595c1d2-7af3-4ba3-a428-db5f4a0faea0	12	11084237	11088933	3	1.3076
5595c1d2-7af3-4ba3-a428-db5f4a0faea0	12	11099275	30082648	13260	0.08
5595c1d2-7af3-4ba3-a428-db5f4a0faea0	12	30086334	30090698	22	-0.7851
5595c1d2-7af3-4ba3-a428-db5f4a0faea0	12	30090732	37593924	3112	0.071
5595c1d2-7af3-4ba3-a428-db5f4a0faea0	12	37618765	37620216	2	-1.734
5595c1d2-7af3-4ba3-a428-db5f4a0faea0	12	37640556	45510655	4756	0.0719
5595c1d2-7af3-4ba3-a428-db5f4a0faea0	12	45512057	45515754	3	-1.4655
5595c1d2-7af3-4ba3-a428-db5f4a0faea0	12	45519509	48331236	1716	0.0763
5595c1d2-7af3-4ba3-a428-db5f4a0faea0	12	48331259	48331632	4	-1.3235
5595c1d2-7af3-4ba3-a428-db5f4a0faea0	12	48336253	48601294	150	0.113
5595c1d2-7af3-4ba3-a428-db5f4a0faea0	12	48601771	52431120	1990	0.0487
5595c1d2-7af3-4ba3-a428-db5f4a0faea0	12	52432055	52434655	2	-1.4069
5595c1d2-7af3-4ba3-a428-db5f4a0faea0	12	52435471	57938019	3059	0.0391
5595c1d2-7af3-4ba3-a428-db5f4a0faea0	12	57938568	65724729	4882	0.0843
5595c1d2-7af3-4ba3-a428-db5f4a0faea0	12	65726038	70189972	3201	0.0502
5595c1d2-7af3-4ba3-a428-db5f4a0faea0	12	70191448	84603811	9143	0.087
5595c1d2-7af3-4ba3-a428-db5f4a0faea0	12	84605998	84606143	2	-1.7013
5595c1d2-7af3-4ba3-a428-db5f4a0faea0	12	84606894	92224914	4514	0.0871
5595c1d2-7af3-4ba3-a428-db5f4a0faea0	12	92225635	92225792	2	-1.332
5595c1d2-7af3-4ba3-a428-db5f4a0faea0	12	92227261	99398014	5021	0.0608
5595c1d2-7af3-4ba3-a428-db5f4a0faea0	12	99398036	99404956	32	-0.6538
5595c1d2-7af3-4ba3-a428-db5f4a0faea0	12	99409315	107345809	5332	0.0699
5595c1d2-7af3-4ba3-a428-db5f4a0faea0	12	107347164	119790988	8483	0.0455
5595c1d2-7af3-4ba3-a428-db5f4a0faea0	12	119791867	119791877	2	-1.7906
5595c1d2-7af3-4ba3-a428-db5f4a0faea0	12	119792138	132735860	8668	0.0305
5595c1d2-7af3-4ba3-a428-db5f4a0faea0	12	132739647	133201603	212	0.1244
5595c1d2-7af3-4ba3-a428-db5f4a0faea0	13	18452809	31957934	9563	0.5342
5595c1d2-7af3-4ba3-a428-db5f4a0faea0	13	31957984	31964271	18	-0.0345
5595c1d2-7af3-4ba3-a428-db5f4a0faea0	13	31964286	37496998	3900	0.5305
5595c1d2-7af3-4ba3-a428-db5f4a0faea0	13	37497899	37514193	17	0.0087
5595c1d2-7af3-4ba3-a428-db5f4a0faea0	13	37514237	38478674	700	0.5442
5595c1d2-7af3-4ba3-a428-db5f4a0faea0	13	38483435	38483919	2	-1.5271
5595c1d2-7af3-4ba3-a428-db5f4a0faea0	13	38490920	39293765	622	0.5359
5595c1d2-7af3-4ba3-a428-db5f4a0faea0	13	39293780	39293993	4	-0.6638
5595c1d2-7af3-4ba3-a428-db5f4a0faea0	13	39294325	52523849	8573	0.5282
5595c1d2-7af3-4ba3-a428-db5f4a0faea0	13	52527964	52531650	2	-1.1825
5595c1d2-7af3-4ba3-a428-db5f4a0faea0	13	52543744	60645681	4707	0.5481
5595c1d2-7af3-4ba3-a428-db5f4a0faea0	13	60646425	60646441	2	-1.2881
5595c1d2-7af3-4ba3-a428-db5f4a0faea0	13	60646659	114342922	36039	0.5427
5595c1d2-7af3-4ba3-a428-db5f4a0faea0	14	18239283	18639714	14	-0.1975
5595c1d2-7af3-4ba3-a428-db5f4a0faea0	14	18640726	19955213	153	0.4633
5595c1d2-7af3-4ba3-a428-db5f4a0faea0	14	19956767	52288667	20371	-0.2287
5595c1d2-7af3-4ba3-a428-db5f4a0faea0	14	52288839	52288897	2	-2.2063
5595c1d2-7af3-4ba3-a428-db5f4a0faea0	14	52289565	69547262	11021	-0.2421
5595c1d2-7af3-4ba3-a428-db5f4a0faea0	14	69551330	69555750	9	-1.2559
5595c1d2-7af3-4ba3-a428-db5f4a0faea0	14	69555996	86525793	11272	-0.2524
5595c1d2-7af3-4ba3-a428-db5f4a0faea0	14	86526340	86526540	2	-2.9096
5595c1d2-7af3-4ba3-a428-db5f4a0faea0	14	86529823	105520403	11963	-0.2632
5595c1d2-7af3-4ba3-a428-db5f4a0faea0	14	105521701	106416146	272	-0.0985
5595c1d2-7af3-4ba3-a428-db5f4a0faea0	14	106418444	106462169	48	-0.896
5595c1d2-7af3-4ba3-a428-db5f4a0faea0	14	106462183	106696326	117	-0.2668
5595c1d2-7af3-4ba3-a428-db5f4a0faea0	14	106696342	106776512	16	0.2229
5595c1d2-7af3-4ba3-a428-db5f4a0faea0	14	106779223	106877229	63	-0.2367
5595c1d2-7af3-4ba3-a428-db5f4a0faea0	15	19811075	19986758	41	-0.3002
5595c1d2-7af3-4ba3-a428-db5f4a0faea0	15	19986916	22635920	183	0.0969
5595c1d2-7af3-4ba3-a428-db5f4a0faea0	15	22646628	39318465	10660	-0.3337
5595c1d2-7af3-4ba3-a428-db5f4a0faea0	15	39318657	39320353	3	-2.2479
5595c1d2-7af3-4ba3-a428-db5f4a0faea0	15	39320675	59731125	12454	-0.3347
5595c1d2-7af3-4ba3-a428-db5f4a0faea0	15	59731534	59731728	2	-3.2252
5595c1d2-7af3-4ba3-a428-db5f4a0faea0	15	59737746	76586021	10495	-0.351
5595c1d2-7af3-4ba3-a428-db5f4a0faea0	15	76598900	76603434	22	0.6342
5595c1d2-7af3-4ba3-a428-db5f4a0faea0	15	76609838	82065510	3490	-0.3421
5595c1d2-7af3-4ba3-a428-db5f4a0faea0	15	82066365	82066945	2	-2.6809
5595c1d2-7af3-4ba3-a428-db5f4a0faea0	15	82067767	101928837	14084	-0.3552
5595c1d2-7af3-4ba3-a428-db5f4a0faea0	16	10777	2598739	887	0.3327
5595c1d2-7af3-4ba3-a428-db5f4a0faea0	16	2601276	2679700	18	0.7925
5595c1d2-7af3-4ba3-a428-db5f4a0faea0	16	2688178	5310633	1411	0.3107
5595c1d2-7af3-4ba3-a428-db5f4a0faea0	16	5311794	5715906	511	0.074
5595c1d2-7af3-4ba3-a428-db5f4a0faea0	16	5720212	6162856	507	-0.3871
5595c1d2-7af3-4ba3-a428-db5f4a0faea0	16	6163136	6327254	184	-0.8027
5595c1d2-7af3-4ba3-a428-db5f4a0faea0	16	6327498	6327786	2	-7.5064
5595c1d2-7af3-4ba3-a428-db5f4a0faea0	16	6327802	6375751	64	-1.8124
5595c1d2-7af3-4ba3-a428-db5f4a0faea0	16	6376716	6458154	96	-4.4431
5595c1d2-7af3-4ba3-a428-db5f4a0faea0	16	6458250	6501088	45	-1.9979
5595c1d2-7af3-4ba3-a428-db5f4a0faea0	16	6502164	6613643	164	-4.7871
5595c1d2-7af3-4ba3-a428-db5f4a0faea0	16	6614053	6644145	43	-1.6529
5595c1d2-7af3-4ba3-a428-db5f4a0faea0	16	6647124	6659030	14	-5.22
5595c1d2-7af3-4ba3-a428-db5f4a0faea0	16	6660468	6702045	52	-1.7647
5595c1d2-7af3-4ba3-a428-db5f4a0faea0	16	6702990	6881013	243	-4.6093
5595c1d2-7af3-4ba3-a428-db5f4a0faea0	16	6884269	6894188	12	-1.5185
5595c1d2-7af3-4ba3-a428-db5f4a0faea0	16	6898174	6948153	57	-0.7221
5595c1d2-7af3-4ba3-a428-db5f4a0faea0	16	6949202	6962471	17	-1.9177
5595c1d2-7af3-4ba3-a428-db5f4a0faea0	16	6963199	7096656	160	-0.4183
5595c1d2-7af3-4ba3-a428-db5f4a0faea0	16	7097014	7465900	493	0.0644
5595c1d2-7af3-4ba3-a428-db5f4a0faea0	16	7468357	21735181	9522	0.3341
5595c1d2-7af3-4ba3-a428-db5f4a0faea0	16	21735632	21776197	7	-0.6125
5595c1d2-7af3-4ba3-a428-db5f4a0faea0	16	21806139	54531827	11358	0.3425
5595c1d2-7af3-4ba3-a428-db5f4a0faea0	16	54533020	54533441	6	-0.7415
5595c1d2-7af3-4ba3-a428-db5f4a0faea0	16	54536947	55747873	1034	0.3251
5595c1d2-7af3-4ba3-a428-db5f4a0faea0	16	55747946	55756974	11	0.11
5595c1d2-7af3-4ba3-a428-db5f4a0faea0	16	55759166	55788532	25	-0.9241
5595c1d2-7af3-4ba3-a428-db5f4a0faea0	16	55808442	55824881	13	0.729
5595c1d2-7af3-4ba3-a428-db5f4a0faea0	16	55834527	56320167	340	0.3241
5595c1d2-7af3-4ba3-a428-db5f4a0faea0	16	56321537	75208831	11196	0.4648
5595c1d2-7af3-4ba3-a428-db5f4a0faea0	16	75212144	75214869	3	-0.7008
5595c1d2-7af3-4ba3-a428-db5f4a0faea0	16	75218408	78337711	2729	0.4639
5595c1d2-7af3-4ba3-a428-db5f4a0faea0	16	78338543	78338714	2	-2.2982
5595c1d2-7af3-4ba3-a428-db5f4a0faea0	16	78338949	90064327	10612	0.45
5595c1d2-7af3-4ba3-a428-db5f4a0faea0	16	90066378	90096867	17	0.206
5595c1d2-7af3-4ba3-a428-db5f4a0faea0	17	150733	18455632	11330	-0.5852
5595c1d2-7af3-4ba3-a428-db5f4a0faea0	17	18455635	18561907	25	-1.5343
5595c1d2-7af3-4ba3-a428-db5f4a0faea0	17	18565883	21774057	1245	-0.5145
5595c1d2-7af3-4ba3-a428-db5f4a0faea0	17	22050386	22311652	56	0.1565
5595c1d2-7af3-4ba3-a428-db5f4a0faea0	17	22316315	22322017	7	-0.8595
5595c1d2-7af3-4ba3-a428-db5f4a0faea0	17	22323408	27082500	224	0.1504
5595c1d2-7af3-4ba3-a428-db5f4a0faea0	17	27083795	27113153	12	0.6085
5595c1d2-7af3-4ba3-a428-db5f4a0faea0	17	27113281	28761608	821	0.1296
5595c1d2-7af3-4ba3-a428-db5f4a0faea0	17	28764805	32607637	1750	0.0815
5595c1d2-7af3-4ba3-a428-db5f4a0faea0	17	32608753	33681077	925	0.1428
5595c1d2-7af3-4ba3-a428-db5f4a0faea0	17	33681369	33853172	163	-0.0772
5595c1d2-7af3-4ba3-a428-db5f4a0faea0	17	33853457	34436715	538	0.1026
5595c1d2-7af3-4ba3-a428-db5f4a0faea0	17	34437462	34556108	130	-0.0762
5595c1d2-7af3-4ba3-a428-db5f4a0faea0	17	34556237	41266762	3520	0.1024
5595c1d2-7af3-4ba3-a428-db5f4a0faea0	17	41266774	41274198	22	-0.5806
5595c1d2-7af3-4ba3-a428-db5f4a0faea0	17	41274279	41277060	11	0.1383
5595c1d2-7af3-4ba3-a428-db5f4a0faea0	17	41277074	41277289	5	0.846
5595c1d2-7af3-4ba3-a428-db5f4a0faea0	17	41282110	45497555	2134	0.0951
5595c1d2-7af3-4ba3-a428-db5f4a0faea0	17	45508731	45571174	5	-1.6476
5595c1d2-7af3-4ba3-a428-db5f4a0faea0	17	45577724	83091923	22033	0.1161
5595c1d2-7af3-4ba3-a428-db5f4a0faea0	18	48133	14144901	9964	-0.7324
5595c1d2-7af3-4ba3-a428-db5f4a0faea0	18	14149484	21941727	747	-0.5832
5595c1d2-7af3-4ba3-a428-db5f4a0faea0	18	21943617	48275769	16980	-0.7008
5595c1d2-7af3-4ba3-a428-db5f4a0faea0	18	48277870	48291377	8	-2.4739
5595c1d2-7af3-4ba3-a428-db5f4a0faea0	18	48291896	51311956	2155	-0.7096
5595c1d2-7af3-4ba3-a428-db5f4a0faea0	18	51311969	51314308	3	-3.2179
5595c1d2-7af3-4ba3-a428-db5f4a0faea0	18	51314867	57074410	3727	-0.6976
5595c1d2-7af3-4ba3-a428-db5f4a0faea0	18	57076913	57078987	4	-2.8761
5595c1d2-7af3-4ba3-a428-db5f4a0faea0	18	57079287	64508642	5389	-0.7182
5595c1d2-7af3-4ba3-a428-db5f4a0faea0	18	64508842	64509065	2	-5.0352
5595c1d2-7af3-4ba3-a428-db5f4a0faea0	18	64510272	73043955	6170	-0.6863
5595c1d2-7af3-4ba3-a428-db5f4a0faea0	18	73045802	79048881	4608	-0.7768
5595c1d2-7af3-4ba3-a428-db5f4a0faea0	18	79049118	80257174	612	-0.6769
5595c1d2-7af3-4ba3-a428-db5f4a0faea0	19	90910	6932551	2273	0.2298
5595c1d2-7af3-4ba3-a428-db5f4a0faea0	19	6937623	6940178	3	-0.8425
5595c1d2-7af3-4ba3-a428-db5f4a0faea0	19	6940273	7171810	130	0.2607
5595c1d2-7af3-4ba3-a428-db5f4a0faea0	19	7176963	7178187	2	-1.4345
5595c1d2-7af3-4ba3-a428-db5f4a0faea0	19	7178777	12304714	2466	0.2272
5595c1d2-7af3-4ba3-a428-db5f4a0faea0	19	12305420	16134007	2038	0.2801
5595c1d2-7af3-4ba3-a428-db5f4a0faea0	19	16134072	19652826	1554	0.2351
5595c1d2-7af3-4ba3-a428-db5f4a0faea0	19	19652953	24268427	2658	0.2899
5595c1d2-7af3-4ba3-a428-db5f4a0faea0	19	24271979	24282155	14	-0.2486
5595c1d2-7af3-4ba3-a428-db5f4a0faea0	19	24304880	35754157	5792	0.3072
5595c1d2-7af3-4ba3-a428-db5f4a0faea0	19	35759716	37563218	862	0.2218
5595c1d2-7af3-4ba3-a428-db5f4a0faea0	19	37564501	42065261	2331	0.3122
5595c1d2-7af3-4ba3-a428-db5f4a0faea0	19	42068892	42805160	294	0.2514
5595c1d2-7af3-4ba3-a428-db5f4a0faea0	19	42811459	42980783	77	0.7511
5595c1d2-7af3-4ba3-a428-db5f4a0faea0	19	42985803	53016285	5215	0.2631
5595c1d2-7af3-4ba3-a428-db5f4a0faea0	19	53017128	53050987	21	0.9124
5595c1d2-7af3-4ba3-a428-db5f4a0faea0	19	53051066	54736528	1054	0.3079
5595c1d2-7af3-4ba3-a428-db5f4a0faea0	19	54736640	54822372	24	0.791
5595c1d2-7af3-4ba3-a428-db5f4a0faea0	19	54822429	55761691	452	0.309
5595c1d2-7af3-4ba3-a428-db5f4a0faea0	19	55766684	55784873	10	0.8998
5595c1d2-7af3-4ba3-a428-db5f4a0faea0	19	55785216	58586487	1835	0.3001
5595c1d2-7af3-4ba3-a428-db5f4a0faea0	20	80664	1580305	1202	0.5795
5595c1d2-7af3-4ba3-a428-db5f4a0faea0	20	1580353	1601561	37	1.8854
5595c1d2-7af3-4ba3-a428-db5f4a0faea0	20	1609611	5933117	3142	0.5601
5595c1d2-7af3-4ba3-a428-db5f4a0faea0	20	5933778	8147472	1720	0.6089
5595c1d2-7af3-4ba3-a428-db5f4a0faea0	20	8147795	8171066	21	0.2811
5595c1d2-7af3-4ba3-a428-db5f4a0faea0	20	8175363	11602517	2824	0.6229
5595c1d2-7af3-4ba3-a428-db5f4a0faea0	20	11605589	12192263	377	0.5586
5595c1d2-7af3-4ba3-a428-db5f4a0faea0	20	12193372	12225293	25	0.275
5595c1d2-7af3-4ba3-a428-db5f4a0faea0	20	12225443	14240734	1465	0.5865
5595c1d2-7af3-4ba3-a428-db5f4a0faea0	20	14243891	14602861	203	0.3783
5595c1d2-7af3-4ba3-a428-db5f4a0faea0	20	14603987	14777833	119	-0.0151
5595c1d2-7af3-4ba3-a428-db5f4a0faea0	20	14778002	14849950	86	-0.5285
5595c1d2-7af3-4ba3-a428-db5f4a0faea0	20	14850979	15026552	157	-2.2778
5595c1d2-7af3-4ba3-a428-db5f4a0faea0	20	15026708	15034795	9	-5.3246
5595c1d2-7af3-4ba3-a428-db5f4a0faea0	20	15035620	15071868	38	-1.2219
5595c1d2-7af3-4ba3-a428-db5f4a0faea0	20	15071929	15212106	125	-0.5621
5595c1d2-7af3-4ba3-a428-db5f4a0faea0	20	15212428	15256406	36	-0.0071
5595c1d2-7af3-4ba3-a428-db5f4a0faea0	20	15256565	15257226	2	-0.7608
5595c1d2-7af3-4ba3-a428-db5f4a0faea0	20	15258823	15424005	147	0.3514
5595c1d2-7af3-4ba3-a428-db5f4a0faea0	20	15424676	15604967	183	0.5615
5595c1d2-7af3-4ba3-a428-db5f4a0faea0	20	15605620	15628647	28	0.4197
5595c1d2-7af3-4ba3-a428-db5f4a0faea0	20	15629318	25534541	7787	0.6065
5595c1d2-7af3-4ba3-a428-db5f4a0faea0	20	25539356	30374569	321	0.5664
5595c1d2-7af3-4ba3-a428-db5f4a0faea0	20	30374604	30385555	4	-0.2528
5595c1d2-7af3-4ba3-a428-db5f4a0faea0	20	30396674	31644486	193	0.6063
5595c1d2-7af3-4ba3-a428-db5f4a0faea0	20	31644649	37072159	2612	0.532
5595c1d2-7af3-4ba3-a428-db5f4a0faea0	20	37072242	37102518	79	0.3496
5595c1d2-7af3-4ba3-a428-db5f4a0faea0	20	37103095	39055928	1209	0.5451
5595c1d2-7af3-4ba3-a428-db5f4a0faea0	20	39056573	54031269	10740	0.576
5595c1d2-7af3-4ba3-a428-db5f4a0faea0	20	54034615	54042112	36	0.0022
5595c1d2-7af3-4ba3-a428-db5f4a0faea0	20	54046035	64284215	7447	0.5956
5595c1d2-7af3-4ba3-a428-db5f4a0faea0	20	64284715	64324800	6	-0.1896
5595c1d2-7af3-4ba3-a428-db5f4a0faea0	21	10354168	10569525	55	0.024
5595c1d2-7af3-4ba3-a428-db5f4a0faea0	21	10571815	10775586	32	-0.5029
5595c1d2-7af3-4ba3-a428-db5f4a0faea0	21	12973348	30238751	12260	0.0309
5595c1d2-7af3-4ba3-a428-db5f4a0faea0	21	30239103	38096195	5451	0.002
5595c1d2-7af3-4ba3-a428-db5f4a0faea0	21	38098028	41727214	3300	0.0302
5595c1d2-7af3-4ba3-a428-db5f4a0faea0	21	41729736	41730428	4	-1.939
5595c1d2-7af3-4ba3-a428-db5f4a0faea0	21	41730694	46677045	2749	-0.0122
5595c1d2-7af3-4ba3-a428-db5f4a0faea0	22	15294547	48955627	22053	-0.297
5595c1d2-7af3-4ba3-a428-db5f4a0faea0	22	48955650	49415663	479	-0.4412
5595c1d2-7af3-4ba3-a428-db5f4a0faea0	22	49415841	50796027	696	-0.2683
5595c1d2-7af3-4ba3-a428-db5f4a0faea0	X	251810	7044924	3308	0.0001
5595c1d2-7af3-4ba3-a428-db5f4a0faea0	X	7045196	7078990	46	-0.7385
5595c1d2-7af3-4ba3-a428-db5f4a0faea0	X	7082427	7123316	34	-0.1118
5595c1d2-7af3-4ba3-a428-db5f4a0faea0	X	7123374	7181368	39	0.1397
5595c1d2-7af3-4ba3-a428-db5f4a0faea0	X	7181684	7334635	94	-0.1373
5595c1d2-7af3-4ba3-a428-db5f4a0faea0	X	7340146	7643274	236	-0.7743
5595c1d2-7af3-4ba3-a428-db5f4a0faea0	X	7643674	7854192	152	-0.4953
5595c1d2-7af3-4ba3-a428-db5f4a0faea0	X	7859475	7883344	31	-0.0682
5595c1d2-7af3-4ba3-a428-db5f4a0faea0	X	7884204	7907497	33	-0.4097
5595c1d2-7af3-4ba3-a428-db5f4a0faea0	X	7909869	7939812	28	-0.6679
5595c1d2-7af3-4ba3-a428-db5f4a0faea0	X	7939954	8019802	51	-0.0736
5595c1d2-7af3-4ba3-a428-db5f4a0faea0	X	8020605	8177692	127	-0.2547
5595c1d2-7af3-4ba3-a428-db5f4a0faea0	X	8183618	9605751	1068	-0.0097
5595c1d2-7af3-4ba3-a428-db5f4a0faea0	X	9610158	9610705	2	-2.6089
5595c1d2-7af3-4ba3-a428-db5f4a0faea0	X	9613189	10662574	800	-0.0171
5595c1d2-7af3-4ba3-a428-db5f4a0faea0	X	10663903	11022647	200	-0.2875
5595c1d2-7af3-4ba3-a428-db5f4a0faea0	X	11030572	144258596	70407	0.0104
5595c1d2-7af3-4ba3-a428-db5f4a0faea0	X	144260927	144261330	2	-2.2849
5595c1d2-7af3-4ba3-a428-db5f4a0faea0	X	144262699	155952689	6982	0.0054
5595c1d2-7af3-4ba3-a428-db5f4a0faea0	Y	2782397	3117554	150	-2.8282
5595c1d2-7af3-4ba3-a428-db5f4a0faea0	Y	3137227	6076562	569	-2.322
5595c1d2-7af3-4ba3-a428-db5f4a0faea0	Y	6080059	13478396	2545	-2.9503
5595c1d2-7af3-4ba3-a428-db5f4a0faea0	Y	13478462	13482643	3	-7.6487
5595c1d2-7af3-4ba3-a428-db5f4a0faea0	Y	13483009	56872112	3372	-2.9418
