GDC_Aliquot	Chromosome	Start	End	Copy_Number	Major_Copy_Number	Minor_Copy_Number
b81541d3-ada7-448f-a303-c6035bd1c263	chr1	62920	72245505	3	2	1
b81541d3-ada7-448f-a303-c6035bd1c263	chr1	72250943	72346221	6	4	2
b81541d3-ada7-448f-a303-c6035bd1c263	chr1	72346757	112147704	3	2	1
b81541d3-ada7-448f-a303-c6035bd1c263	chr1	112153052	112154768	0	0	0
b81541d3-ada7-448f-a303-c6035bd1c263	chr1	112163334	196893150	3	2	1
b81541d3-ada7-448f-a303-c6035bd1c263	chr1	196895397	197928366	4	3	1
b81541d3-ada7-448f-a303-c6035bd1c263	chr1	197933228	214790804	3	2	1
b81541d3-ada7-448f-a303-c6035bd1c263	chr1	214791758	214800147	6	4	2
b81541d3-ada7-448f-a303-c6035bd1c263	chr1	214801395	224875721	3	2	1
b81541d3-ada7-448f-a303-c6035bd1c263	chr1	224876110	225774419	4	3	1
b81541d3-ada7-448f-a303-c6035bd1c263	chr1	225775010	248930189	3	2	1
b81541d3-ada7-448f-a303-c6035bd1c263	chr2	12784	196973	4	3	1
b81541d3-ada7-448f-a303-c6035bd1c263	chr2	202993	85793542	4	2	2
b81541d3-ada7-448f-a303-c6035bd1c263	chr2	85793820	86778064	4	3	1
b81541d3-ada7-448f-a303-c6035bd1c263	chr2	86778196	88826632	4	2	2
b81541d3-ada7-448f-a303-c6035bd1c263	chr2	88826703	94751090	7	4	3
b81541d3-ada7-448f-a303-c6035bd1c263	chr2	94754549	153569486	4	2	2
b81541d3-ada7-448f-a303-c6035bd1c263	chr2	153574227	154225346	4	3	1
b81541d3-ada7-448f-a303-c6035bd1c263	chr2	154235992	190612010	4	2	2
b81541d3-ada7-448f-a303-c6035bd1c263	chr2	190614729	190995776	4	3	1
b81541d3-ada7-448f-a303-c6035bd1c263	chr2	190995803	237416756	4	2	2
b81541d3-ada7-448f-a303-c6035bd1c263	chr2	237417790	237879441	3	2	1
b81541d3-ada7-448f-a303-c6035bd1c263	chr2	237880553	242147305	4	2	2
b81541d3-ada7-448f-a303-c6035bd1c263	chr3	20930	21949340	4	2	2
b81541d3-ada7-448f-a303-c6035bd1c263	chr3	21958000	21959454	3	2	1
b81541d3-ada7-448f-a303-c6035bd1c263	chr3	21966375	24177388	4	2	2
b81541d3-ada7-448f-a303-c6035bd1c263	chr3	24178030	25106065	5	3	2
b81541d3-ada7-448f-a303-c6035bd1c263	chr3	25106221	25355374	4	3	1
b81541d3-ada7-448f-a303-c6035bd1c263	chr3	25355474	45127637	4	2	2
b81541d3-ada7-448f-a303-c6035bd1c263	chr3	45127999	54144485	4	4	0
b81541d3-ada7-448f-a303-c6035bd1c263	chr3	54148215	54852823	5	4	1
b81541d3-ada7-448f-a303-c6035bd1c263	chr3	54853841	60838058	4	2	2
b81541d3-ada7-448f-a303-c6035bd1c263	chr3	60838588	61016190	3	2	1
b81541d3-ada7-448f-a303-c6035bd1c263	chr3	61018527	97001085	4	2	2
b81541d3-ada7-448f-a303-c6035bd1c263	chr3	97001760	97433070	4	3	1
b81541d3-ada7-448f-a303-c6035bd1c263	chr3	97433810	102217294	4	2	2
b81541d3-ada7-448f-a303-c6035bd1c263	chr3	102219533	103268927	5	3	2
b81541d3-ada7-448f-a303-c6035bd1c263	chr3	103269483	120971539	4	2	2
b81541d3-ada7-448f-a303-c6035bd1c263	chr3	120971913	122610327	5	3	2
b81541d3-ada7-448f-a303-c6035bd1c263	chr3	122610935	153778991	4	2	2
b81541d3-ada7-448f-a303-c6035bd1c263	chr3	153779146	154599696	5	3	2
b81541d3-ada7-448f-a303-c6035bd1c263	chr3	154599740	160470483	4	2	2
b81541d3-ada7-448f-a303-c6035bd1c263	chr3	160472046	161652780	5	3	2
b81541d3-ada7-448f-a303-c6035bd1c263	chr3	161654001	176165167	4	2	2
b81541d3-ada7-448f-a303-c6035bd1c263	chr3	176165961	176190309	2	2	0
b81541d3-ada7-448f-a303-c6035bd1c263	chr3	176196300	198169247	4	2	2
b81541d3-ada7-448f-a303-c6035bd1c263	chr4	68929	129113085	3	2	1
b81541d3-ada7-448f-a303-c6035bd1c263	chr4	129114600	129120740	2	1	1
b81541d3-ada7-448f-a303-c6035bd1c263	chr4	129122166	190106768	3	2	1
b81541d3-ada7-448f-a303-c6035bd1c263	chr5	15532	58025819	3	2	1
b81541d3-ada7-448f-a303-c6035bd1c263	chr5	58030200	58037706	32	32	0
b81541d3-ada7-448f-a303-c6035bd1c263	chr5	58042530	61674116	3	2	1
b81541d3-ada7-448f-a303-c6035bd1c263	chr5	61677470	84729562	3	3	0
b81541d3-ada7-448f-a303-c6035bd1c263	chr5	84730030	84758161	2	2	0
b81541d3-ada7-448f-a303-c6035bd1c263	chr5	84768369	153568777	3	3	0
b81541d3-ada7-448f-a303-c6035bd1c263	chr5	153568791	153580109	2	2	0
b81541d3-ada7-448f-a303-c6035bd1c263	chr5	153580209	153739869	3	3	0
b81541d3-ada7-448f-a303-c6035bd1c263	chr5	153740488	153743928	1	1	0
b81541d3-ada7-448f-a303-c6035bd1c263	chr5	153752746	181363319	3	3	0
b81541d3-ada7-448f-a303-c6035bd1c263	chr6	149661	76687620	3	2	1
b81541d3-ada7-448f-a303-c6035bd1c263	chr6	76687678	76743040	1	1	0
b81541d3-ada7-448f-a303-c6035bd1c263	chr6	76743087	80663272	3	2	1
b81541d3-ada7-448f-a303-c6035bd1c263	chr6	80664433	81384257	3	3	0
b81541d3-ada7-448f-a303-c6035bd1c263	chr6	81388229	82823305	3	2	1
b81541d3-ada7-448f-a303-c6035bd1c263	chr6	82824811	82844832	5	3	2
b81541d3-ada7-448f-a303-c6035bd1c263	chr6	82849833	156931529	3	2	1
b81541d3-ada7-448f-a303-c6035bd1c263	chr6	156933953	157139421	2	2	0
b81541d3-ada7-448f-a303-c6035bd1c263	chr6	157146023	170741917	3	2	1
b81541d3-ada7-448f-a303-c6035bd1c263	chr7	43259	64284215	4	2	2
b81541d3-ada7-448f-a303-c6035bd1c263	chr7	64284551	64291905	3	2	1
b81541d3-ada7-448f-a303-c6035bd1c263	chr7	64295728	101322320	4	2	2
b81541d3-ada7-448f-a303-c6035bd1c263	chr7	101323817	101492117	9	5	4
b81541d3-ada7-448f-a303-c6035bd1c263	chr7	101494033	124723206	4	2	2
b81541d3-ada7-448f-a303-c6035bd1c263	chr7	124723743	125424332	5	3	2
b81541d3-ada7-448f-a303-c6035bd1c263	chr7	125424829	133150445	4	2	2
b81541d3-ada7-448f-a303-c6035bd1c263	chr7	133150506	134054837	5	3	2
b81541d3-ada7-448f-a303-c6035bd1c263	chr7	134058640	159334314	4	2	2
b81541d3-ada7-448f-a303-c6035bd1c263	chr8	81254	273389	4	3	1
b81541d3-ada7-448f-a303-c6035bd1c263	chr8	275168	4849537	4	2	2
b81541d3-ada7-448f-a303-c6035bd1c263	chr8	4850446	5288381	5	3	2
b81541d3-ada7-448f-a303-c6035bd1c263	chr8	5291862	31920501	4	2	2
b81541d3-ada7-448f-a303-c6035bd1c263	chr8	31921102	32598735	5	3	2
b81541d3-ada7-448f-a303-c6035bd1c263	chr8	32598993	35638343	4	2	2
b81541d3-ada7-448f-a303-c6035bd1c263	chr8	35643344	37315799	5	3	2
b81541d3-ada7-448f-a303-c6035bd1c263	chr8	37315861	41109645	4	2	2
b81541d3-ada7-448f-a303-c6035bd1c263	chr8	41110498	41505020	5	3	2
b81541d3-ada7-448f-a303-c6035bd1c263	chr8	41505049	68183800	4	2	2
b81541d3-ada7-448f-a303-c6035bd1c263	chr8	68184182	68244425	5	3	2
b81541d3-ada7-448f-a303-c6035bd1c263	chr8	68245441	145072769	4	2	2
b81541d3-ada7-448f-a303-c6035bd1c263	chr9	46587	138200944	3	2	1
b81541d3-ada7-448f-a303-c6035bd1c263	chr10	45792	2382548	4	2	2
b81541d3-ada7-448f-a303-c6035bd1c263	chr10	2382612	2550717	4	3	1
b81541d3-ada7-448f-a303-c6035bd1c263	chr10	2550885	21350042	4	2	2
b81541d3-ada7-448f-a303-c6035bd1c263	chr10	21350300	22454537	5	3	2
b81541d3-ada7-448f-a303-c6035bd1c263	chr10	22454762	24024472	4	2	2
b81541d3-ada7-448f-a303-c6035bd1c263	chr10	24027347	24816603	5	3	2
b81541d3-ada7-448f-a303-c6035bd1c263	chr10	24819880	37087408	4	2	2
b81541d3-ada7-448f-a303-c6035bd1c263	chr10	37088033	42358241	5	3	2
b81541d3-ada7-448f-a303-c6035bd1c263	chr10	42358254	68200334	4	2	2
b81541d3-ada7-448f-a303-c6035bd1c263	chr10	68201078	68804363	5	3	2
b81541d3-ada7-448f-a303-c6035bd1c263	chr10	68806019	75482615	4	2	2
b81541d3-ada7-448f-a303-c6035bd1c263	chr10	75486007	75901911	5	3	2
b81541d3-ada7-448f-a303-c6035bd1c263	chr10	75902151	80234562	4	2	2
b81541d3-ada7-448f-a303-c6035bd1c263	chr10	80237322	83858790	5	3	2
b81541d3-ada7-448f-a303-c6035bd1c263	chr10	83862356	88281558	4	2	2
b81541d3-ada7-448f-a303-c6035bd1c263	chr10	88281585	88768421	5	3	2
b81541d3-ada7-448f-a303-c6035bd1c263	chr10	88773478	104833455	4	2	2
b81541d3-ada7-448f-a303-c6035bd1c263	chr10	104833818	105074213	5	3	2
b81541d3-ada7-448f-a303-c6035bd1c263	chr10	105074406	130607653	4	2	2
b81541d3-ada7-448f-a303-c6035bd1c263	chr10	130607664	130771923	4	3	1
b81541d3-ada7-448f-a303-c6035bd1c263	chr10	130771952	133654968	4	2	2
b81541d3-ada7-448f-a303-c6035bd1c263	chr11	198510	2097889	4	2	2
b81541d3-ada7-448f-a303-c6035bd1c263	chr11	2098340	2199710	8	5	3
b81541d3-ada7-448f-a303-c6035bd1c263	chr11	2201585	2212939	6	4	2
b81541d3-ada7-448f-a303-c6035bd1c263	chr11	2217166	12881896	4	2	2
b81541d3-ada7-448f-a303-c6035bd1c263	chr11	12882207	12944604	5	3	2
b81541d3-ada7-448f-a303-c6035bd1c263	chr11	12945000	15409297	5	4	1
b81541d3-ada7-448f-a303-c6035bd1c263	chr11	15409682	57751375	4	2	2
b81541d3-ada7-448f-a303-c6035bd1c263	chr11	57759156	58125955	2	1	1
b81541d3-ada7-448f-a303-c6035bd1c263	chr11	58130134	58383469	5	3	2
b81541d3-ada7-448f-a303-c6035bd1c263	chr11	58385060	81481599	4	2	2
b81541d3-ada7-448f-a303-c6035bd1c263	chr11	81481914	81517474	6	3	3
b81541d3-ada7-448f-a303-c6035bd1c263	chr11	81518442	85898763	4	2	2
b81541d3-ada7-448f-a303-c6035bd1c263	chr11	85899066	86365472	4	3	1
b81541d3-ada7-448f-a303-c6035bd1c263	chr11	86373968	94663399	4	2	2
b81541d3-ada7-448f-a303-c6035bd1c263	chr11	94664331	94935622	4	3	1
b81541d3-ada7-448f-a303-c6035bd1c263	chr11	94939073	114584000	4	2	2
b81541d3-ada7-448f-a303-c6035bd1c263	chr11	114584019	114896201	5	3	2
b81541d3-ada7-448f-a303-c6035bd1c263	chr11	114896333	135074876	4	2	2
b81541d3-ada7-448f-a303-c6035bd1c263	chr12	51460	3352569	4	2	2
b81541d3-ada7-448f-a303-c6035bd1c263	chr12	3352727	3472852	3	2	1
b81541d3-ada7-448f-a303-c6035bd1c263	chr12	3473396	10832831	4	2	2
b81541d3-ada7-448f-a303-c6035bd1c263	chr12	10833396	23054650	5	3	2
b81541d3-ada7-448f-a303-c6035bd1c263	chr12	23060423	86150394	4	2	2
b81541d3-ada7-448f-a303-c6035bd1c263	chr12	86151178	86703066	5	3	2
b81541d3-ada7-448f-a303-c6035bd1c263	chr12	86704696	133201603	4	2	2
b81541d3-ada7-448f-a303-c6035bd1c263	chr13	18452809	34614549	3	2	1
b81541d3-ada7-448f-a303-c6035bd1c263	chr13	34621489	48835207	1	1	0
b81541d3-ada7-448f-a303-c6035bd1c263	chr13	48839332	55667607	3	2	1
b81541d3-ada7-448f-a303-c6035bd1c263	chr13	55668378	56961288	2	2	0
b81541d3-ada7-448f-a303-c6035bd1c263	chr13	56961413	69211973	3	2	1
b81541d3-ada7-448f-a303-c6035bd1c263	chr13	69213785	69765412	3	3	0
b81541d3-ada7-448f-a303-c6035bd1c263	chr13	69768160	72018668	3	2	1
b81541d3-ada7-448f-a303-c6035bd1c263	chr13	72019541	72317872	3	3	0
b81541d3-ada7-448f-a303-c6035bd1c263	chr13	72320699	114342922	3	2	1
b81541d3-ada7-448f-a303-c6035bd1c263	chr14	18239283	19954095	5	3	2
b81541d3-ada7-448f-a303-c6035bd1c263	chr14	19954424	43194113	4	2	2
b81541d3-ada7-448f-a303-c6035bd1c263	chr14	43194370	44149752	5	3	2
b81541d3-ada7-448f-a303-c6035bd1c263	chr14	44150610	62552471	4	2	2
b81541d3-ada7-448f-a303-c6035bd1c263	chr14	62553244	63449056	5	3	2
b81541d3-ada7-448f-a303-c6035bd1c263	chr14	63449441	104416847	4	2	2
b81541d3-ada7-448f-a303-c6035bd1c263	chr14	104418268	106877229	5	3	2
b81541d3-ada7-448f-a303-c6035bd1c263	chr15	19811075	71343315	3	2	1
b81541d3-ada7-448f-a303-c6035bd1c263	chr15	71343589	71367085	5	3	2
b81541d3-ada7-448f-a303-c6035bd1c263	chr15	71374424	101928837	3	2	1
b81541d3-ada7-448f-a303-c6035bd1c263	chr16	10777	1839820	3	2	1
b81541d3-ada7-448f-a303-c6035bd1c263	chr16	1840055	1854101	2	1	1
b81541d3-ada7-448f-a303-c6035bd1c263	chr16	1854238	90096867	3	2	1
b81541d3-ada7-448f-a303-c6035bd1c263	chr17	150733	46135062	3	2	1
b81541d3-ada7-448f-a303-c6035bd1c263	chr17	46135838	46274563	4	3	1
b81541d3-ada7-448f-a303-c6035bd1c263	chr17	46275506	83091923	3	2	1
b81541d3-ada7-448f-a303-c6035bd1c263	chr18	48133	13655561	3	2	1
b81541d3-ada7-448f-a303-c6035bd1c263	chr18	13660667	14208903	3	3	0
b81541d3-ada7-448f-a303-c6035bd1c263	chr18	14215757	15402409	4	3	1
b81541d3-ada7-448f-a303-c6035bd1c263	chr18	20949392	80257174	3	2	1
b81541d3-ada7-448f-a303-c6035bd1c263	chr19	90910	20646785	4	2	2
b81541d3-ada7-448f-a303-c6035bd1c263	chr19	20647228	20814231	7	5	2
b81541d3-ada7-448f-a303-c6035bd1c263	chr19	20814990	58586487	4	2	2
b81541d3-ada7-448f-a303-c6035bd1c263	chr20	80664	24647328	7	5	2
b81541d3-ada7-448f-a303-c6035bd1c263	chr20	24648404	24770483	6	4	2
b81541d3-ada7-448f-a303-c6035bd1c263	chr20	24777960	33805194	7	5	2
b81541d3-ada7-448f-a303-c6035bd1c263	chr20	33805752	36381125	7	6	1
b81541d3-ada7-448f-a303-c6035bd1c263	chr20	36385330	51898971	7	5	2
b81541d3-ada7-448f-a303-c6035bd1c263	chr20	51900973	52702541	7	6	1
b81541d3-ada7-448f-a303-c6035bd1c263	chr20	52702582	52996894	8	6	2
b81541d3-ada7-448f-a303-c6035bd1c263	chr20	53005383	61701511	7	5	2
b81541d3-ada7-448f-a303-c6035bd1c263	chr20	61701907	64324800	6	4	2
b81541d3-ada7-448f-a303-c6035bd1c263	chr21	12973348	13446197	6	4	2
b81541d3-ada7-448f-a303-c6035bd1c263	chr21	13447387	20646850	5	3	2
b81541d3-ada7-448f-a303-c6035bd1c263	chr21	20652896	23057620	4	2	2
b81541d3-ada7-448f-a303-c6035bd1c263	chr21	23060177	23312928	5	3	2
b81541d3-ada7-448f-a303-c6035bd1c263	chr21	23312988	28688923	4	2	2
b81541d3-ada7-448f-a303-c6035bd1c263	chr21	28689209	29822715	4	3	1
b81541d3-ada7-448f-a303-c6035bd1c263	chr21	29822833	40648833	4	2	2
b81541d3-ada7-448f-a303-c6035bd1c263	chr21	40649443	40656356	6	3	3
b81541d3-ada7-448f-a303-c6035bd1c263	chr21	40657217	46677045	4	2	2
b81541d3-ada7-448f-a303-c6035bd1c263	chr22	16392123	50796027	3	2	1
b81541d3-ada7-448f-a303-c6035bd1c263	chrX	251810	1401237	3	2	1
b81541d3-ada7-448f-a303-c6035bd1c263	chrX	1420810	1507378	2	1	1
b81541d3-ada7-448f-a303-c6035bd1c263	chrX	1520566	2735872	3	2	1
b81541d3-ada7-448f-a303-c6035bd1c263	chrX	2738809	2775134	4	3	1
b81541d3-ada7-448f-a303-c6035bd1c263	chrX	2775583	4328701	2	2	0
b81541d3-ada7-448f-a303-c6035bd1c263	chrX	4329024	8506697	1	1	0
b81541d3-ada7-448f-a303-c6035bd1c263	chrX	8506943	155699241	2	2	0
b81541d3-ada7-448f-a303-c6035bd1c263	chrX	155699373	156004181	3	2	1
b81541d3-ada7-448f-a303-c6035bd1c263	chrY	2782397	26653788	2	1	1
b81541d3-ada7-448f-a303-c6035bd1c263	chrY	56872112	56872112	6	6	0
