GDC_Aliquot	Chromosome	Start	End	Copy_Number	Major_Copy_Number	Minor_Copy_Number
820be3d7-1b4b-458d-92da-0f6ca511b861	chr1	62920	1538223	3	2	1
820be3d7-1b4b-458d-92da-0f6ca511b861	chr1	1538908	73109186	2	1	1
820be3d7-1b4b-458d-92da-0f6ca511b861	chr1	73112233	73148843	4	2	2
820be3d7-1b4b-458d-92da-0f6ca511b861	chr1	73150784	121705338	2	1	1
820be3d7-1b4b-458d-92da-0f6ca511b861	chr1	143541857	152580015	3	2	1
820be3d7-1b4b-458d-92da-0f6ca511b861	chr1	152580278	152613762	8	8	0
820be3d7-1b4b-458d-92da-0f6ca511b861	chr1	152613802	248930189	3	2	1
820be3d7-1b4b-458d-92da-0f6ca511b861	chr2	12784	191122609	2	1	1
820be3d7-1b4b-458d-92da-0f6ca511b861	chr2	191124524	191137973	1	1	0
820be3d7-1b4b-458d-92da-0f6ca511b861	chr2	191140169	242147305	2	1	1
820be3d7-1b4b-458d-92da-0f6ca511b861	chr3	20930	21949340	2	2	0
820be3d7-1b4b-458d-92da-0f6ca511b861	chr3	21958000	21976561	1	1	0
820be3d7-1b4b-458d-92da-0f6ca511b861	chr3	21977903	36107024	2	2	0
820be3d7-1b4b-458d-92da-0f6ca511b861	chr3	36108147	36115371	1	1	0
820be3d7-1b4b-458d-92da-0f6ca511b861	chr3	36115599	48866825	2	2	0
820be3d7-1b4b-458d-92da-0f6ca511b861	chr3	48869103	60232737	2	1	1
820be3d7-1b4b-458d-92da-0f6ca511b861	chr3	60232851	60335565	1	1	0
820be3d7-1b4b-458d-92da-0f6ca511b861	chr3	60335841	77963608	2	1	1
820be3d7-1b4b-458d-92da-0f6ca511b861	chr3	77964176	77995538	1	1	0
820be3d7-1b4b-458d-92da-0f6ca511b861	chr3	77996398	130057833	2	1	1
820be3d7-1b4b-458d-92da-0f6ca511b861	chr3	130062033	130087393	0	0	0
820be3d7-1b4b-458d-92da-0f6ca511b861	chr3	130088081	146535644	2	1	1
820be3d7-1b4b-458d-92da-0f6ca511b861	chr3	146537807	146649834	1	1	0
820be3d7-1b4b-458d-92da-0f6ca511b861	chr3	146650017	198169247	2	1	1
820be3d7-1b4b-458d-92da-0f6ca511b861	chr4	68929	190106768	2	1	1
820be3d7-1b4b-458d-92da-0f6ca511b861	chr5	15532	22710749	2	1	1
820be3d7-1b4b-458d-92da-0f6ca511b861	chr5	22711331	22728425	3	2	1
820be3d7-1b4b-458d-92da-0f6ca511b861	chr5	22732021	58014261	2	1	1
820be3d7-1b4b-458d-92da-0f6ca511b861	chr5	58014553	58063821	8	4	4
820be3d7-1b4b-458d-92da-0f6ca511b861	chr5	58064843	111435358	2	1	1
820be3d7-1b4b-458d-92da-0f6ca511b861	chr5	111436638	111445807	1	1	0
820be3d7-1b4b-458d-92da-0f6ca511b861	chr5	111445839	181363319	2	1	1
820be3d7-1b4b-458d-92da-0f6ca511b861	chr6	149661	58401430	2	2	0
820be3d7-1b4b-458d-92da-0f6ca511b861	chr6	58408859	170741917	2	1	1
820be3d7-1b4b-458d-92da-0f6ca511b861	chr7	43259	8629856	3	2	1
820be3d7-1b4b-458d-92da-0f6ca511b861	chr7	8630558	8656154	2	1	1
820be3d7-1b4b-458d-92da-0f6ca511b861	chr7	8656177	159334314	3	2	1
820be3d7-1b4b-458d-92da-0f6ca511b861	chr8	81254	145072769	2	1	1
820be3d7-1b4b-458d-92da-0f6ca511b861	chr9	46587	11090589	2	1	1
820be3d7-1b4b-458d-92da-0f6ca511b861	chr9	11092632	11098891	1	1	0
820be3d7-1b4b-458d-92da-0f6ca511b861	chr9	11100680	32886066	2	1	1
820be3d7-1b4b-458d-92da-0f6ca511b861	chr9	32886641	32905801	1	1	0
820be3d7-1b4b-458d-92da-0f6ca511b861	chr9	32905901	138200944	2	1	1
820be3d7-1b4b-458d-92da-0f6ca511b861	chr10	45792	43158255	2	1	1
820be3d7-1b4b-458d-92da-0f6ca511b861	chr10	43158920	114309215	2	2	0
820be3d7-1b4b-458d-92da-0f6ca511b861	chr10	114313586	114425364	3	3	0
820be3d7-1b4b-458d-92da-0f6ca511b861	chr10	114426623	133654968	2	2	0
820be3d7-1b4b-458d-92da-0f6ca511b861	chr11	198510	69982505	2	1	1
820be3d7-1b4b-458d-92da-0f6ca511b861	chr11	69982527	70003258	1	1	0
820be3d7-1b4b-458d-92da-0f6ca511b861	chr11	70003328	135074876	2	1	1
820be3d7-1b4b-458d-92da-0f6ca511b861	chr12	51460	201369	4	3	1
820be3d7-1b4b-458d-92da-0f6ca511b861	chr12	201405	9965084	3	2	1
820be3d7-1b4b-458d-92da-0f6ca511b861	chr12	9968689	9995887	2	1	1
820be3d7-1b4b-458d-92da-0f6ca511b861	chr12	9996104	34286943	3	2	1
820be3d7-1b4b-458d-92da-0f6ca511b861	chr12	34291867	34404654	6	4	2
820be3d7-1b4b-458d-92da-0f6ca511b861	chr12	34406374	133201603	3	2	1
820be3d7-1b4b-458d-92da-0f6ca511b861	chr13	18452809	92664534	3	2	1
820be3d7-1b4b-458d-92da-0f6ca511b861	chr13	92666311	92670963	2	1	1
820be3d7-1b4b-458d-92da-0f6ca511b861	chr13	92671016	114342922	3	2	1
820be3d7-1b4b-458d-92da-0f6ca511b861	chr14	18239283	19957701	5	3	2
820be3d7-1b4b-458d-92da-0f6ca511b861	chr14	19957752	43946887	2	1	1
820be3d7-1b4b-458d-92da-0f6ca511b861	chr14	43947002	43949333	0	0	0
820be3d7-1b4b-458d-92da-0f6ca511b861	chr14	43949372	105542308	2	1	1
820be3d7-1b4b-458d-92da-0f6ca511b861	chr14	105544971	106877229	3	2	1
820be3d7-1b4b-458d-92da-0f6ca511b861	chr15	19811075	23417449	3	2	1
820be3d7-1b4b-458d-92da-0f6ca511b861	chr15	23419666	45942117	2	1	1
820be3d7-1b4b-458d-92da-0f6ca511b861	chr15	45943266	45948515	1	1	0
820be3d7-1b4b-458d-92da-0f6ca511b861	chr15	45950000	101928837	2	1	1
820be3d7-1b4b-458d-92da-0f6ca511b861	chr16	10777	6133266	2	1	1
820be3d7-1b4b-458d-92da-0f6ca511b861	chr16	6136395	6335881	1	1	0
820be3d7-1b4b-458d-92da-0f6ca511b861	chr16	6337347	6350123	0	0	0
820be3d7-1b4b-458d-92da-0f6ca511b861	chr16	6350687	6439158	1	1	0
820be3d7-1b4b-458d-92da-0f6ca511b861	chr16	6439262	6522048	2	1	1
820be3d7-1b4b-458d-92da-0f6ca511b861	chr16	6526200	6724513	3	2	1
820be3d7-1b4b-458d-92da-0f6ca511b861	chr16	6724667	6751679	2	1	1
820be3d7-1b4b-458d-92da-0f6ca511b861	chr16	6752293	6815107	1	1	0
820be3d7-1b4b-458d-92da-0f6ca511b861	chr16	6817750	7170741	2	1	1
820be3d7-1b4b-458d-92da-0f6ca511b861	chr16	7173668	7245166	3	2	1
820be3d7-1b4b-458d-92da-0f6ca511b861	chr16	7245632	7676689	1	1	0
820be3d7-1b4b-458d-92da-0f6ca511b861	chr16	7676755	8237763	3	2	1
820be3d7-1b4b-458d-92da-0f6ca511b861	chr16	8238479	83467607	2	1	1
820be3d7-1b4b-458d-92da-0f6ca511b861	chr16	83471720	83733167	3	2	1
820be3d7-1b4b-458d-92da-0f6ca511b861	chr16	83733203	90096867	2	1	1
820be3d7-1b4b-458d-92da-0f6ca511b861	chr17	150733	83091923	2	1	1
820be3d7-1b4b-458d-92da-0f6ca511b861	chr18	48133	80257174	2	1	1
820be3d7-1b4b-458d-92da-0f6ca511b861	chr19	90910	58586487	2	1	1
820be3d7-1b4b-458d-92da-0f6ca511b861	chr20	80664	14711021	3	2	1
820be3d7-1b4b-458d-92da-0f6ca511b861	chr20	14713781	14722256	2	1	1
820be3d7-1b4b-458d-92da-0f6ca511b861	chr20	14722269	15034039	1	1	0
820be3d7-1b4b-458d-92da-0f6ca511b861	chr20	15034540	15056543	2	2	0
820be3d7-1b4b-458d-92da-0f6ca511b861	chr20	15056969	64324800	3	2	1
820be3d7-1b4b-458d-92da-0f6ca511b861	chr21	12973348	46677045	2	1	1
820be3d7-1b4b-458d-92da-0f6ca511b861	chr22	16392123	50092775	2	1	1
820be3d7-1b4b-458d-92da-0f6ca511b861	chr22	50096480	50107558	1	1	0
820be3d7-1b4b-458d-92da-0f6ca511b861	chr22	50108132	50796027	2	1	1
820be3d7-1b4b-458d-92da-0f6ca511b861	chrX	251810	490407	2	2	0
820be3d7-1b4b-458d-92da-0f6ca511b861	chrX	507629	683127	3	3	0
820be3d7-1b4b-458d-92da-0f6ca511b861	chrX	683150	1035084	2	2	0
820be3d7-1b4b-458d-92da-0f6ca511b861	chrX	1040202	1480942	1	1	0
820be3d7-1b4b-458d-92da-0f6ca511b861	chrX	1482489	1803878	2	2	0
820be3d7-1b4b-458d-92da-0f6ca511b861	chrX	1804061	1892047	1	1	0
820be3d7-1b4b-458d-92da-0f6ca511b861	chrX	1897825	2460488	2	2	0
820be3d7-1b4b-458d-92da-0f6ca511b861	chrX	2463333	2469828	3	3	0
820be3d7-1b4b-458d-92da-0f6ca511b861	chrX	2470313	2703417	2	2	0
820be3d7-1b4b-458d-92da-0f6ca511b861	chrX	2705504	2740657	3	3	0
820be3d7-1b4b-458d-92da-0f6ca511b861	chrX	2742778	3040532	2	2	0
820be3d7-1b4b-458d-92da-0f6ca511b861	chrX	3041615	35924779	1	1	0
820be3d7-1b4b-458d-92da-0f6ca511b861	chrX	35930180	79874373	2	2	0
820be3d7-1b4b-458d-92da-0f6ca511b861	chrX	79876456	156004181	1	1	0
820be3d7-1b4b-458d-92da-0f6ca511b861	chrY	2782397	26653788	0	0	0
820be3d7-1b4b-458d-92da-0f6ca511b861	chrY	56872112	56872112	2	2	0
