GDC_Aliquot	Chromosome	Start	End	Num_Probes	Segment_Mean
02163c25-5108-4790-86d9-fba8595d08a9	1	3301765	73051046	39970	0.0017
02163c25-5108-4790-86d9-fba8595d08a9	1	73052389	73258430	112	-0.9776
02163c25-5108-4790-86d9-fba8595d08a9	1	73261216	247650984	89712	0.0016
02163c25-5108-4790-86d9-fba8595d08a9	2	480597	22376054	14246	0.0037
02163c25-5108-4790-86d9-fba8595d08a9	2	22378048	22378060	2	-1.5092
02163c25-5108-4790-86d9-fba8595d08a9	2	22378280	152973399	66875	0.0019
02163c25-5108-4790-86d9-fba8595d08a9	2	152973911	152974421	2	-1.6122
02163c25-5108-4790-86d9-fba8595d08a9	2	152974739	241537572	51105	0.0026
02163c25-5108-4790-86d9-fba8595d08a9	3	2170634	197812401	107217	0.0016
02163c25-5108-4790-86d9-fba8595d08a9	4	1059384	187842528	103523	0.0017
02163c25-5108-4790-86d9-fba8595d08a9	5	913983	142458169	76872	0.0029
02163c25-5108-4790-86d9-fba8595d08a9	5	142459942	142461309	4	-1.2185
02163c25-5108-4790-86d9-fba8595d08a9	5	142462360	180934240	24273	0.0018
02163c25-5108-4790-86d9-fba8595d08a9	6	1011760	22343121	15097	0.005
02163c25-5108-4790-86d9-fba8595d08a9	6	22343369	22343825	3	-1.3263
02163c25-5108-4790-86d9-fba8595d08a9	6	22345507	170596889	82108	0.0008
02163c25-5108-4790-86d9-fba8595d08a9	7	664936	158592540	81978	0.002
02163c25-5108-4790-86d9-fba8595d08a9	8	667625	82957333	46003	0.001
02163c25-5108-4790-86d9-fba8595d08a9	8	82957984	82977814	11	-0.54
02163c25-5108-4790-86d9-fba8595d08a9	8	82980284	120158293	21065	0.0018
02163c25-5108-4790-86d9-fba8595d08a9	8	120160022	120164458	2	-1.4492
02163c25-5108-4790-86d9-fba8595d08a9	8	120168468	144182542	15168	-0.0008
02163c25-5108-4790-86d9-fba8595d08a9	9	789794	15509621	8650	0.0062
02163c25-5108-4790-86d9-fba8595d08a9	9	15518300	15546934	13	-0.8621
02163c25-5108-4790-86d9-fba8595d08a9	9	15549603	138044505	59838	0.0028
02163c25-5108-4790-86d9-fba8595d08a9	10	366509	88613353	53089	0.002
02163c25-5108-4790-86d9-fba8595d08a9	10	88614088	88614881	3	-1.1113
02163c25-5108-4790-86d9-fba8595d08a9	10	88617220	133411599	28217	0.0036
02163c25-5108-4790-86d9-fba8595d08a9	11	456012	134272740	77611	0.0032
02163c25-5108-4790-86d9-fba8595d08a9	12	780472	80446147	43930	0.0038
02163c25-5108-4790-86d9-fba8595d08a9	12	80446276	80456533	2	-2.7376
02163c25-5108-4790-86d9-fba8595d08a9	12	80458189	132605822	30437	-0.0005
02163c25-5108-4790-86d9-fba8595d08a9	13	18874255	35705419	10422	0.0013
02163c25-5108-4790-86d9-fba8595d08a9	13	35709183	35709266	2	-1.7725
02163c25-5108-4790-86d9-fba8595d08a9	13	35709445	114226675	46595	0.0024
02163c25-5108-4790-86d9-fba8595d08a9	14	20033191	30341461	5152	-0.0013
02163c25-5108-4790-86d9-fba8595d08a9	14	30341822	30350167	4	-1.0527
02163c25-5108-4790-86d9-fba8595d08a9	14	30352716	35210585	3085	-0.0004
02163c25-5108-4790-86d9-fba8595d08a9	14	35211164	35214017	2	-1.2067
02163c25-5108-4790-86d9-fba8595d08a9	14	35214279	46121707	5137	0.0035
02163c25-5108-4790-86d9-fba8595d08a9	14	46122855	46122974	2	-1.6564
02163c25-5108-4790-86d9-fba8595d08a9	14	46123697	73003509	16545	-0.0015
02163c25-5108-4790-86d9-fba8595d08a9	14	73004549	73009884	9	-0.9826
02163c25-5108-4790-86d9-fba8595d08a9	14	73010909	105533894	19868	0.0018
02163c25-5108-4790-86d9-fba8595d08a9	15	23437561	76191001	29955	0.0027
02163c25-5108-4790-86d9-fba8595d08a9	15	76192489	76192652	2	-1.4407
02163c25-5108-4790-86d9-fba8595d08a9	15	76193195	101344124	14843	-0.0028
02163c25-5108-4790-86d9-fba8595d08a9	16	603333	89317317	41222	-0.0005
02163c25-5108-4790-86d9-fba8595d08a9	17	1074619	82959812	37289	0.0006
02163c25-5108-4790-86d9-fba8595d08a9	18	326691	79349796	42972	0.002
02163c25-5108-4790-86d9-fba8595d08a9	19	283868	58370362	24151	0.0015
02163c25-5108-4790-86d9-fba8595d08a9	20	472817	54675549	31462	0.002
02163c25-5108-4790-86d9-fba8595d08a9	20	54675675	54680465	4	-1.0049
02163c25-5108-4790-86d9-fba8595d08a9	20	54680635	63047076	5962	0.0039
02163c25-5108-4790-86d9-fba8595d08a9	20	63057536	63070427	10	0.5784
02163c25-5108-4790-86d9-fba8595d08a9	20	63070677	63588502	135	-0.0354
02163c25-5108-4790-86d9-fba8595d08a9	21	13974127	23626224	5829	0.0036
02163c25-5108-4790-86d9-fba8595d08a9	21	23626226	23631776	2	-1.6587
02163c25-5108-4790-86d9-fba8595d08a9	21	23631794	46262057	14775	0.0006
02163c25-5108-4790-86d9-fba8595d08a9	22	16934932	48940621	17092	-0.0017
02163c25-5108-4790-86d9-fba8595d08a9	X	3236359	155677414	63948	0.0062
