GDC_Aliquot	Chromosome	Start	End	Num_Probes	Segment_Mean
fb0f8d28-8c59-4750-ae62-66e0dd03c53d	1	3301765	96299771	54174	0.0102
fb0f8d28-8c59-4750-ae62-66e0dd03c53d	1	96302844	118328913	12956	-0.0687
fb0f8d28-8c59-4750-ae62-66e0dd03c53d	1	118332386	247650984	62586	0.01
fb0f8d28-8c59-4750-ae62-66e0dd03c53d	2	480597	144041390	75897	0.0082
fb0f8d28-8c59-4750-ae62-66e0dd03c53d	2	144041627	144161610	55	-0.2267
fb0f8d28-8c59-4750-ae62-66e0dd03c53d	2	144161705	147862324	1954	0.0026
fb0f8d28-8c59-4750-ae62-66e0dd03c53d	2	147864220	228665036	46791	0.0183
fb0f8d28-8c59-4750-ae62-66e0dd03c53d	2	228668779	241537572	7481	-0.0001
fb0f8d28-8c59-4750-ae62-66e0dd03c53d	3	2170634	160006001	87972	0.0104
fb0f8d28-8c59-4750-ae62-66e0dd03c53d	3	160006116	160006201	2	-1.7897
fb0f8d28-8c59-4750-ae62-66e0dd03c53d	3	160006367	197812401	19175	0.0136
fb0f8d28-8c59-4750-ae62-66e0dd03c53d	4	1059384	109248080	60810	0.0107
fb0f8d28-8c59-4750-ae62-66e0dd03c53d	4	109256355	127635440	10426	-0.3425
fb0f8d28-8c59-4750-ae62-66e0dd03c53d	4	127637693	135754679	3673	0.0044
fb0f8d28-8c59-4750-ae62-66e0dd03c53d	4	135755988	135764369	6	-1.0174
fb0f8d28-8c59-4750-ae62-66e0dd03c53d	4	135767791	187842528	28524	0.0045
fb0f8d28-8c59-4750-ae62-66e0dd03c53d	5	914118	9233978	6082	-0.0101
fb0f8d28-8c59-4750-ae62-66e0dd03c53d	5	9234027	169577916	88643	0.0094
fb0f8d28-8c59-4750-ae62-66e0dd03c53d	5	169579141	180934240	6345	-0.0064
fb0f8d28-8c59-4750-ae62-66e0dd03c53d	6	1011760	170596889	97138	0.0095
fb0f8d28-8c59-4750-ae62-66e0dd03c53d	7	664936	158592540	81931	0.007
fb0f8d28-8c59-4750-ae62-66e0dd03c53d	8	667625	16497365	8065	-0.0137
fb0f8d28-8c59-4750-ae62-66e0dd03c53d	8	16500301	40560499	15522	0.0147
fb0f8d28-8c59-4750-ae62-66e0dd03c53d	8	40561625	51042293	3643	-0.0221
fb0f8d28-8c59-4750-ae62-66e0dd03c53d	8	51042700	137384873	51863	0.0086
fb0f8d28-8c59-4750-ae62-66e0dd03c53d	8	137389298	144182542	3114	-0.0066
fb0f8d28-8c59-4750-ae62-66e0dd03c53d	9	789794	73690280	27281	0.011
fb0f8d28-8c59-4750-ae62-66e0dd03c53d	9	73692613	73693446	2	-1.5043
fb0f8d28-8c59-4750-ae62-66e0dd03c53d	9	73695335	138044505	41195	0.0094
fb0f8d28-8c59-4750-ae62-66e0dd03c53d	10	366509	51122115	29962	0.0032
fb0f8d28-8c59-4750-ae62-66e0dd03c53d	10	51127999	51492496	295	-0.3053
fb0f8d28-8c59-4750-ae62-66e0dd03c53d	10	51492555	133411599	51010	0.0088
fb0f8d28-8c59-4750-ae62-66e0dd03c53d	11	456012	43255733	27321	0.0034
fb0f8d28-8c59-4750-ae62-66e0dd03c53d	11	43256454	121581481	41464	0.0138
fb0f8d28-8c59-4750-ae62-66e0dd03c53d	11	121581712	134272740	8764	-0.0088
fb0f8d28-8c59-4750-ae62-66e0dd03c53d	12	780472	59883677	31258	0.0113
fb0f8d28-8c59-4750-ae62-66e0dd03c53d	12	59886852	59968381	35	-0.615
fb0f8d28-8c59-4750-ae62-66e0dd03c53d	12	59968869	101999746	25848	0.0133
fb0f8d28-8c59-4750-ae62-66e0dd03c53d	12	102003750	102003952	2	-1.5303
fb0f8d28-8c59-4750-ae62-66e0dd03c53d	12	102004617	132605822	17185	0.0006
fb0f8d28-8c59-4750-ae62-66e0dd03c53d	13	18874255	21122562	821	0.0007
fb0f8d28-8c59-4750-ae62-66e0dd03c53d	13	21122616	21123981	2	1.3535
fb0f8d28-8c59-4750-ae62-66e0dd03c53d	13	21126714	22395897	928	0.0083
fb0f8d28-8c59-4750-ae62-66e0dd03c53d	13	22396215	22399704	2	1.745
fb0f8d28-8c59-4750-ae62-66e0dd03c53d	13	22399883	39871272	11631	0.0091
fb0f8d28-8c59-4750-ae62-66e0dd03c53d	13	39877495	39887926	3	-1.2007
fb0f8d28-8c59-4750-ae62-66e0dd03c53d	13	39887953	69980470	15560	0.0045
fb0f8d28-8c59-4750-ae62-66e0dd03c53d	13	69987914	69998933	9	-0.7431
fb0f8d28-8c59-4750-ae62-66e0dd03c53d	13	70007876	86447598	10263	0.0208
fb0f8d28-8c59-4750-ae62-66e0dd03c53d	13	86448695	114226675	17745	-0.0015
fb0f8d28-8c59-4750-ae62-66e0dd03c53d	14	20033191	95644605	44256	0.0098
fb0f8d28-8c59-4750-ae62-66e0dd03c53d	14	95645489	95649078	4	-1.2361
fb0f8d28-8c59-4750-ae62-66e0dd03c53d	14	95649420	105533894	5515	-0.0152
fb0f8d28-8c59-4750-ae62-66e0dd03c53d	15	23437561	101344124	44783	0.0096
fb0f8d28-8c59-4750-ae62-66e0dd03c53d	16	603333	6406558	2574	0.0016
fb0f8d28-8c59-4750-ae62-66e0dd03c53d	16	6406664	6419279	23	-0.3697
fb0f8d28-8c59-4750-ae62-66e0dd03c53d	16	6423196	6463287	48	-0.9247
fb0f8d28-8c59-4750-ae62-66e0dd03c53d	16	6466904	6504347	38	-0.3676
fb0f8d28-8c59-4750-ae62-66e0dd03c53d	16	6506053	6536657	50	-0.8943
fb0f8d28-8c59-4750-ae62-66e0dd03c53d	16	6536875	6583259	51	-0.3616
fb0f8d28-8c59-4750-ae62-66e0dd03c53d	16	7081613	78185343	30762	0.0028
fb0f8d28-8c59-4750-ae62-66e0dd03c53d	16	78188828	78327252	137	-0.407
fb0f8d28-8c59-4750-ae62-66e0dd03c53d	16	78333716	89317317	7521	0.0053
fb0f8d28-8c59-4750-ae62-66e0dd03c53d	17	1074619	82959812	37275	0.0085
fb0f8d28-8c59-4750-ae62-66e0dd03c53d	18	326691	79349796	42940	0.0032
fb0f8d28-8c59-4750-ae62-66e0dd03c53d	19	283868	33686864	13262	-0.0057
fb0f8d28-8c59-4750-ae62-66e0dd03c53d	19	33687576	33689993	4	-1.4826
fb0f8d28-8c59-4750-ae62-66e0dd03c53d	19	33690357	58370362	10881	0.001
fb0f8d28-8c59-4750-ae62-66e0dd03c53d	20	472817	19079900	12348	0.0124
fb0f8d28-8c59-4750-ae62-66e0dd03c53d	20	19079912	19121778	47	-0.7637
fb0f8d28-8c59-4750-ae62-66e0dd03c53d	20	19130612	63588502	25146	0.0022
fb0f8d28-8c59-4750-ae62-66e0dd03c53d	21	13974127	46262057	20588	0.0045
fb0f8d28-8c59-4750-ae62-66e0dd03c53d	22	16934932	48940621	17086	0.0083
fb0f8d28-8c59-4750-ae62-66e0dd03c53d	X	3236359	137491172	55683	0.0096
fb0f8d28-8c59-4750-ae62-66e0dd03c53d	X	137495646	137497609	3	-2.3686
fb0f8d28-8c59-4750-ae62-66e0dd03c53d	X	137499221	155677414	8131	-0.0007
