GDC_Aliquot	Chromosome	Start	End	Copy_Number	Major_Copy_Number	Minor_Copy_Number
9b5c794d-d1c4-4ca5-979d-1a4bde7b6868	chr1	62920	121705338	1	1	0
9b5c794d-d1c4-4ca5-979d-1a4bde7b6868	chr1	143541857	169645462	2	1	1
9b5c794d-d1c4-4ca5-979d-1a4bde7b6868	chr1	169646782	170194530	3	2	1
9b5c794d-d1c4-4ca5-979d-1a4bde7b6868	chr1	170197209	190432250	2	1	1
9b5c794d-d1c4-4ca5-979d-1a4bde7b6868	chr1	190437201	191184119	2	2	0
9b5c794d-d1c4-4ca5-979d-1a4bde7b6868	chr1	191190632	191413381	2	1	1
9b5c794d-d1c4-4ca5-979d-1a4bde7b6868	chr1	191419163	191532208	1	1	0
9b5c794d-d1c4-4ca5-979d-1a4bde7b6868	chr1	191532263	201184040	2	1	1
9b5c794d-d1c4-4ca5-979d-1a4bde7b6868	chr1	201185919	202708050	1	1	0
9b5c794d-d1c4-4ca5-979d-1a4bde7b6868	chr1	202715262	209355083	2	1	1
9b5c794d-d1c4-4ca5-979d-1a4bde7b6868	chr1	209355479	209597032	1	1	0
9b5c794d-d1c4-4ca5-979d-1a4bde7b6868	chr1	209597093	214510490	2	1	1
9b5c794d-d1c4-4ca5-979d-1a4bde7b6868	chr1	214511228	215439116	3	2	1
9b5c794d-d1c4-4ca5-979d-1a4bde7b6868	chr1	215441097	228033070	2	1	1
9b5c794d-d1c4-4ca5-979d-1a4bde7b6868	chr1	228033311	228235498	1	1	0
9b5c794d-d1c4-4ca5-979d-1a4bde7b6868	chr1	228236094	230816358	2	1	1
9b5c794d-d1c4-4ca5-979d-1a4bde7b6868	chr1	230818751	239522971	1	1	0
9b5c794d-d1c4-4ca5-979d-1a4bde7b6868	chr1	239523387	248930189	2	1	1
9b5c794d-d1c4-4ca5-979d-1a4bde7b6868	chr2	12784	20465960	2	1	1
9b5c794d-d1c4-4ca5-979d-1a4bde7b6868	chr2	20466031	20484896	3	2	1
9b5c794d-d1c4-4ca5-979d-1a4bde7b6868	chr2	20486896	53640014	2	1	1
9b5c794d-d1c4-4ca5-979d-1a4bde7b6868	chr2	53640171	54992418	1	1	0
9b5c794d-d1c4-4ca5-979d-1a4bde7b6868	chr2	54992663	97130080	2	1	1
9b5c794d-d1c4-4ca5-979d-1a4bde7b6868	chr2	97136585	97211436	5	5	0
9b5c794d-d1c4-4ca5-979d-1a4bde7b6868	chr2	97524284	181741383	2	1	1
9b5c794d-d1c4-4ca5-979d-1a4bde7b6868	chr2	181742496	182543664	2	2	0
9b5c794d-d1c4-4ca5-979d-1a4bde7b6868	chr2	182544128	209381504	2	1	1
9b5c794d-d1c4-4ca5-979d-1a4bde7b6868	chr2	209384108	210562852	1	1	0
9b5c794d-d1c4-4ca5-979d-1a4bde7b6868	chr2	210563187	217374582	2	1	1
9b5c794d-d1c4-4ca5-979d-1a4bde7b6868	chr2	217380103	217771117	2	2	0
9b5c794d-d1c4-4ca5-979d-1a4bde7b6868	chr2	217772484	242147305	2	1	1
9b5c794d-d1c4-4ca5-979d-1a4bde7b6868	chr3	20930	60761316	1	1	0
9b5c794d-d1c4-4ca5-979d-1a4bde7b6868	chr3	60764329	61288887	0	0	0
9b5c794d-d1c4-4ca5-979d-1a4bde7b6868	chr3	61289388	198169247	1	1	0
9b5c794d-d1c4-4ca5-979d-1a4bde7b6868	chr4	68929	3982817	2	1	1
9b5c794d-d1c4-4ca5-979d-1a4bde7b6868	chr4	3983081	4204341	4	2	2
9b5c794d-d1c4-4ca5-979d-1a4bde7b6868	chr4	4205226	5277548	2	1	1
9b5c794d-d1c4-4ca5-979d-1a4bde7b6868	chr4	5277942	5656277	2	2	0
9b5c794d-d1c4-4ca5-979d-1a4bde7b6868	chr4	5656923	10208766	2	1	1
9b5c794d-d1c4-4ca5-979d-1a4bde7b6868	chr4	10212536	10227178	0	0	0
9b5c794d-d1c4-4ca5-979d-1a4bde7b6868	chr4	10227193	11664563	2	1	1
9b5c794d-d1c4-4ca5-979d-1a4bde7b6868	chr4	11664768	11915676	2	2	0
9b5c794d-d1c4-4ca5-979d-1a4bde7b6868	chr4	11916783	13100651	2	1	1
9b5c794d-d1c4-4ca5-979d-1a4bde7b6868	chr4	13100853	13448696	1	1	0
9b5c794d-d1c4-4ca5-979d-1a4bde7b6868	chr4	13449111	18312729	2	1	1
9b5c794d-d1c4-4ca5-979d-1a4bde7b6868	chr4	18313457	18583921	2	2	0
9b5c794d-d1c4-4ca5-979d-1a4bde7b6868	chr4	18583987	22284378	2	1	1
9b5c794d-d1c4-4ca5-979d-1a4bde7b6868	chr4	22284923	22314992	1	1	0
9b5c794d-d1c4-4ca5-979d-1a4bde7b6868	chr4	22315085	30456458	2	1	1
9b5c794d-d1c4-4ca5-979d-1a4bde7b6868	chr4	30459626	30773991	2	2	0
9b5c794d-d1c4-4ca5-979d-1a4bde7b6868	chr4	30776398	43164257	2	1	1
9b5c794d-d1c4-4ca5-979d-1a4bde7b6868	chr4	43164706	43974348	2	2	0
9b5c794d-d1c4-4ca5-979d-1a4bde7b6868	chr4	43975904	52452202	2	1	1
9b5c794d-d1c4-4ca5-979d-1a4bde7b6868	chr4	52457348	60444965	1	1	0
9b5c794d-d1c4-4ca5-979d-1a4bde7b6868	chr4	60447347	60654934	2	1	1
9b5c794d-d1c4-4ca5-979d-1a4bde7b6868	chr4	60659957	64759465	1	1	0
9b5c794d-d1c4-4ca5-979d-1a4bde7b6868	chr4	64759695	64867541	2	1	1
9b5c794d-d1c4-4ca5-979d-1a4bde7b6868	chr4	64870358	137171085	1	1	0
9b5c794d-d1c4-4ca5-979d-1a4bde7b6868	chr4	137171266	137171772	0	0	0
9b5c794d-d1c4-4ca5-979d-1a4bde7b6868	chr4	137171784	153725842	1	1	0
9b5c794d-d1c4-4ca5-979d-1a4bde7b6868	chr4	153726733	153743354	0	0	0
9b5c794d-d1c4-4ca5-979d-1a4bde7b6868	chr4	153743869	190106768	1	1	0
9b5c794d-d1c4-4ca5-979d-1a4bde7b6868	chr5	15532	11913515	2	1	1
9b5c794d-d1c4-4ca5-979d-1a4bde7b6868	chr5	11916241	13595003	1	1	0
9b5c794d-d1c4-4ca5-979d-1a4bde7b6868	chr5	13595037	30686074	2	1	1
9b5c794d-d1c4-4ca5-979d-1a4bde7b6868	chr5	30686404	30848470	1	1	0
9b5c794d-d1c4-4ca5-979d-1a4bde7b6868	chr5	30848603	66851888	2	1	1
9b5c794d-d1c4-4ca5-979d-1a4bde7b6868	chr5	66852585	68149270	1	1	0
9b5c794d-d1c4-4ca5-979d-1a4bde7b6868	chr5	68151194	83293613	2	1	1
9b5c794d-d1c4-4ca5-979d-1a4bde7b6868	chr5	83295680	83434109	1	1	0
9b5c794d-d1c4-4ca5-979d-1a4bde7b6868	chr5	83436136	181363319	2	1	1
9b5c794d-d1c4-4ca5-979d-1a4bde7b6868	chr6	149661	19127274	2	1	1
9b5c794d-d1c4-4ca5-979d-1a4bde7b6868	chr6	19128016	19171892	1	1	0
9b5c794d-d1c4-4ca5-979d-1a4bde7b6868	chr6	19173036	27569779	2	1	1
9b5c794d-d1c4-4ca5-979d-1a4bde7b6868	chr6	27574237	28529112	2	2	0
9b5c794d-d1c4-4ca5-979d-1a4bde7b6868	chr6	28534773	106533546	2	1	1
9b5c794d-d1c4-4ca5-979d-1a4bde7b6868	chr6	106533564	106536245	1	1	0
9b5c794d-d1c4-4ca5-979d-1a4bde7b6868	chr6	106536794	106804793	2	1	1
9b5c794d-d1c4-4ca5-979d-1a4bde7b6868	chr6	106805383	106821684	4	2	2
9b5c794d-d1c4-4ca5-979d-1a4bde7b6868	chr6	106821816	127974357	2	1	1
9b5c794d-d1c4-4ca5-979d-1a4bde7b6868	chr6	127975437	128354829	1	1	0
9b5c794d-d1c4-4ca5-979d-1a4bde7b6868	chr6	128355499	160188192	2	1	1
9b5c794d-d1c4-4ca5-979d-1a4bde7b6868	chr6	160191227	160764644	3	2	1
9b5c794d-d1c4-4ca5-979d-1a4bde7b6868	chr6	160765857	162058153	2	1	1
9b5c794d-d1c4-4ca5-979d-1a4bde7b6868	chr6	162058510	162225426	1	1	0
9b5c794d-d1c4-4ca5-979d-1a4bde7b6868	chr6	162226212	170741917	2	1	1
9b5c794d-d1c4-4ca5-979d-1a4bde7b6868	chr7	43259	41961436	3	2	1
9b5c794d-d1c4-4ca5-979d-1a4bde7b6868	chr7	41961573	42112000	2	1	1
9b5c794d-d1c4-4ca5-979d-1a4bde7b6868	chr7	42112122	142574740	3	2	1
9b5c794d-d1c4-4ca5-979d-1a4bde7b6868	chr7	142576298	142616662	0	0	0
9b5c794d-d1c4-4ca5-979d-1a4bde7b6868	chr7	142617956	159334314	3	2	1
9b5c794d-d1c4-4ca5-979d-1a4bde7b6868	chr8	81254	28419821	1	1	0
9b5c794d-d1c4-4ca5-979d-1a4bde7b6868	chr8	28424296	28549111	3	2	1
9b5c794d-d1c4-4ca5-979d-1a4bde7b6868	chr8	28551648	28821177	1	1	0
9b5c794d-d1c4-4ca5-979d-1a4bde7b6868	chr8	28825077	29256479	2	1	1
9b5c794d-d1c4-4ca5-979d-1a4bde7b6868	chr8	29258411	29644721	3	2	1
9b5c794d-d1c4-4ca5-979d-1a4bde7b6868	chr8	29645393	31549832	5	4	1
9b5c794d-d1c4-4ca5-979d-1a4bde7b6868	chr8	31550778	40954449	2	1	1
9b5c794d-d1c4-4ca5-979d-1a4bde7b6868	chr8	40957623	41094992	1	1	0
9b5c794d-d1c4-4ca5-979d-1a4bde7b6868	chr8	41095720	48787763	2	1	1
9b5c794d-d1c4-4ca5-979d-1a4bde7b6868	chr8	48790494	49791476	1	1	0
9b5c794d-d1c4-4ca5-979d-1a4bde7b6868	chr8	49791524	51193886	2	1	1
9b5c794d-d1c4-4ca5-979d-1a4bde7b6868	chr8	51198322	52129510	2	2	0
9b5c794d-d1c4-4ca5-979d-1a4bde7b6868	chr8	52134452	90034345	2	1	1
9b5c794d-d1c4-4ca5-979d-1a4bde7b6868	chr8	90035511	91414226	2	2	0
9b5c794d-d1c4-4ca5-979d-1a4bde7b6868	chr8	91414465	101120780	2	1	1
9b5c794d-d1c4-4ca5-979d-1a4bde7b6868	chr8	101124025	101528810	2	2	0
9b5c794d-d1c4-4ca5-979d-1a4bde7b6868	chr8	101530213	128481411	2	1	1
9b5c794d-d1c4-4ca5-979d-1a4bde7b6868	chr8	128482204	128742994	2	2	0
9b5c794d-d1c4-4ca5-979d-1a4bde7b6868	chr8	128743214	134365165	2	1	1
9b5c794d-d1c4-4ca5-979d-1a4bde7b6868	chr8	134367474	134766888	2	2	0
9b5c794d-d1c4-4ca5-979d-1a4bde7b6868	chr8	134768802	145072769	2	1	1
9b5c794d-d1c4-4ca5-979d-1a4bde7b6868	chr9	46587	18806502	1	1	0
9b5c794d-d1c4-4ca5-979d-1a4bde7b6868	chr9	18806901	37046094	3	2	1
9b5c794d-d1c4-4ca5-979d-1a4bde7b6868	chr9	37046478	41741113	2	1	1
9b5c794d-d1c4-4ca5-979d-1a4bde7b6868	chr9	60863881	68606969	3	2	1
9b5c794d-d1c4-4ca5-979d-1a4bde7b6868	chr9	68607307	77562429	2	1	1
9b5c794d-d1c4-4ca5-979d-1a4bde7b6868	chr9	77562638	121498407	1	1	0
9b5c794d-d1c4-4ca5-979d-1a4bde7b6868	chr9	121498953	121533779	3	2	1
9b5c794d-d1c4-4ca5-979d-1a4bde7b6868	chr9	121533829	138200944	2	1	1
9b5c794d-d1c4-4ca5-979d-1a4bde7b6868	chr10	45792	26923680	2	1	1
9b5c794d-d1c4-4ca5-979d-1a4bde7b6868	chr10	26926580	27659300	3	2	1
9b5c794d-d1c4-4ca5-979d-1a4bde7b6868	chr10	27660116	29979401	2	1	1
9b5c794d-d1c4-4ca5-979d-1a4bde7b6868	chr10	29979591	30001697	1	1	0
9b5c794d-d1c4-4ca5-979d-1a4bde7b6868	chr10	30002030	37280985	2	1	1
9b5c794d-d1c4-4ca5-979d-1a4bde7b6868	chr10	37284056	42401395	3	2	1
9b5c794d-d1c4-4ca5-979d-1a4bde7b6868	chr10	42401700	55609357	2	1	1
9b5c794d-d1c4-4ca5-979d-1a4bde7b6868	chr10	55617034	56277732	1	1	0
9b5c794d-d1c4-4ca5-979d-1a4bde7b6868	chr10	56277805	87554203	2	1	1
9b5c794d-d1c4-4ca5-979d-1a4bde7b6868	chr10	87554669	133654968	2	2	0
9b5c794d-d1c4-4ca5-979d-1a4bde7b6868	chr11	198510	19418249	2	1	1
9b5c794d-d1c4-4ca5-979d-1a4bde7b6868	chr11	19418585	19419680	5	3	2
9b5c794d-d1c4-4ca5-979d-1a4bde7b6868	chr11	19420311	26640999	2	1	1
9b5c794d-d1c4-4ca5-979d-1a4bde7b6868	chr11	26641191	26653170	4	2	2
9b5c794d-d1c4-4ca5-979d-1a4bde7b6868	chr11	26653221	135074876	2	1	1
9b5c794d-d1c4-4ca5-979d-1a4bde7b6868	chr12	51460	29546064	1	1	0
9b5c794d-d1c4-4ca5-979d-1a4bde7b6868	chr12	29546155	30689533	0	0	0
9b5c794d-d1c4-4ca5-979d-1a4bde7b6868	chr12	30692031	34172942	1	1	0
9b5c794d-d1c4-4ca5-979d-1a4bde7b6868	chr12	34174999	37898277	2	2	0
9b5c794d-d1c4-4ca5-979d-1a4bde7b6868	chr12	37923958	126694704	1	1	0
9b5c794d-d1c4-4ca5-979d-1a4bde7b6868	chr12	126694898	126706246	2	2	0
9b5c794d-d1c4-4ca5-979d-1a4bde7b6868	chr12	126706969	133201603	1	1	0
9b5c794d-d1c4-4ca5-979d-1a4bde7b6868	chr13	18452809	21691425	2	1	1
9b5c794d-d1c4-4ca5-979d-1a4bde7b6868	chr13	21694257	22189088	3	2	1
9b5c794d-d1c4-4ca5-979d-1a4bde7b6868	chr13	22191080	22207006	5	3	2
9b5c794d-d1c4-4ca5-979d-1a4bde7b6868	chr13	22208770	26915559	3	2	1
9b5c794d-d1c4-4ca5-979d-1a4bde7b6868	chr13	26915636	26925658	7	5	2
9b5c794d-d1c4-4ca5-979d-1a4bde7b6868	chr13	26927434	52119180	4	3	1
9b5c794d-d1c4-4ca5-979d-1a4bde7b6868	chr13	52122866	90043271	3	2	1
9b5c794d-d1c4-4ca5-979d-1a4bde7b6868	chr13	90043482	94512309	1	1	0
9b5c794d-d1c4-4ca5-979d-1a4bde7b6868	chr13	94516982	101168021	3	2	1
9b5c794d-d1c4-4ca5-979d-1a4bde7b6868	chr13	101168061	101342469	2	2	0
9b5c794d-d1c4-4ca5-979d-1a4bde7b6868	chr13	101342648	114342922	3	2	1
9b5c794d-d1c4-4ca5-979d-1a4bde7b6868	chr14	18239283	19958388	3	2	1
9b5c794d-d1c4-4ca5-979d-1a4bde7b6868	chr14	19958545	106877229	1	1	0
9b5c794d-d1c4-4ca5-979d-1a4bde7b6868	chr15	19811075	62972934	1	1	0
9b5c794d-d1c4-4ca5-979d-1a4bde7b6868	chr15	62973045	62978503	2	2	0
9b5c794d-d1c4-4ca5-979d-1a4bde7b6868	chr15	62978547	101928837	1	1	0
9b5c794d-d1c4-4ca5-979d-1a4bde7b6868	chr16	10777	6617328	2	1	1
9b5c794d-d1c4-4ca5-979d-1a4bde7b6868	chr16	6617399	7412044	1	1	0
9b5c794d-d1c4-4ca5-979d-1a4bde7b6868	chr16	7412073	90096867	2	1	1
9b5c794d-d1c4-4ca5-979d-1a4bde7b6868	chr17	150733	2418626	4	4	0
9b5c794d-d1c4-4ca5-979d-1a4bde7b6868	chr17	2418654	2525214	2	2	0
9b5c794d-d1c4-4ca5-979d-1a4bde7b6868	chr17	2525230	2614879	3	3	0
9b5c794d-d1c4-4ca5-979d-1a4bde7b6868	chr17	2615365	3432033	2	2	0
9b5c794d-d1c4-4ca5-979d-1a4bde7b6868	chr17	3432596	6606244	1	1	0
9b5c794d-d1c4-4ca5-979d-1a4bde7b6868	chr17	6607054	6615846	0	0	0
9b5c794d-d1c4-4ca5-979d-1a4bde7b6868	chr17	6616391	22621405	1	1	0
9b5c794d-d1c4-4ca5-979d-1a4bde7b6868	chr17	22622402	46085732	2	1	1
9b5c794d-d1c4-4ca5-979d-1a4bde7b6868	chr17	46088437	46275506	4	2	2
9b5c794d-d1c4-4ca5-979d-1a4bde7b6868	chr17	46276519	83091923	2	1	1
9b5c794d-d1c4-4ca5-979d-1a4bde7b6868	chr18	48133	4426423	1	1	0
9b5c794d-d1c4-4ca5-979d-1a4bde7b6868	chr18	4429639	4467751	0	0	0
9b5c794d-d1c4-4ca5-979d-1a4bde7b6868	chr18	4468555	80257174	1	1	0
9b5c794d-d1c4-4ca5-979d-1a4bde7b6868	chr19	90910	27858663	2	1	1
9b5c794d-d1c4-4ca5-979d-1a4bde7b6868	chr19	27858748	33129598	1	1	0
9b5c794d-d1c4-4ca5-979d-1a4bde7b6868	chr19	33129972	33293900	2	1	1
9b5c794d-d1c4-4ca5-979d-1a4bde7b6868	chr19	33297937	42820345	1	1	0
9b5c794d-d1c4-4ca5-979d-1a4bde7b6868	chr19	42821220	43236813	0	0	0
9b5c794d-d1c4-4ca5-979d-1a4bde7b6868	chr19	43249149	47153364	2	1	1
9b5c794d-d1c4-4ca5-979d-1a4bde7b6868	chr19	47155063	58586487	1	1	0
9b5c794d-d1c4-4ca5-979d-1a4bde7b6868	chr20	80664	18304459	1	1	0
9b5c794d-d1c4-4ca5-979d-1a4bde7b6868	chr20	18304879	19031546	4	2	2
9b5c794d-d1c4-4ca5-979d-1a4bde7b6868	chr20	19032960	21700719	1	1	0
9b5c794d-d1c4-4ca5-979d-1a4bde7b6868	chr20	21720007	22690510	4	2	2
9b5c794d-d1c4-4ca5-979d-1a4bde7b6868	chr20	22691455	23359321	1	1	0
9b5c794d-d1c4-4ca5-979d-1a4bde7b6868	chr20	23359576	25492835	4	2	2
9b5c794d-d1c4-4ca5-979d-1a4bde7b6868	chr20	25495005	26099298	2	1	1
9b5c794d-d1c4-4ca5-979d-1a4bde7b6868	chr20	26102995	54576649	4	2	2
9b5c794d-d1c4-4ca5-979d-1a4bde7b6868	chr20	54577351	54778078	5	4	1
9b5c794d-d1c4-4ca5-979d-1a4bde7b6868	chr20	54780118	60050291	4	2	2
9b5c794d-d1c4-4ca5-979d-1a4bde7b6868	chr20	60051831	60208977	4	3	1
9b5c794d-d1c4-4ca5-979d-1a4bde7b6868	chr20	60209440	64324800	4	2	2
9b5c794d-d1c4-4ca5-979d-1a4bde7b6868	chr21	12973348	20286335	1	1	0
9b5c794d-d1c4-4ca5-979d-1a4bde7b6868	chr21	20287116	20669781	2	1	1
9b5c794d-d1c4-4ca5-979d-1a4bde7b6868	chr21	20670894	32951970	1	1	0
9b5c794d-d1c4-4ca5-979d-1a4bde7b6868	chr21	32952619	32975100	2	2	0
9b5c794d-d1c4-4ca5-979d-1a4bde7b6868	chr21	32976302	33684424	2	1	1
9b5c794d-d1c4-4ca5-979d-1a4bde7b6868	chr21	33687574	37272367	1	1	0
9b5c794d-d1c4-4ca5-979d-1a4bde7b6868	chr21	37276183	37793267	2	1	1
9b5c794d-d1c4-4ca5-979d-1a4bde7b6868	chr21	37793465	42556487	1	1	0
9b5c794d-d1c4-4ca5-979d-1a4bde7b6868	chr21	42556852	43374861	2	1	1
9b5c794d-d1c4-4ca5-979d-1a4bde7b6868	chr21	43572694	46677045	1	1	0
9b5c794d-d1c4-4ca5-979d-1a4bde7b6868	chr22	16392123	50796027	1	1	0
9b5c794d-d1c4-4ca5-979d-1a4bde7b6868	chrX	251810	4908726	3	2	1
9b5c794d-d1c4-4ca5-979d-1a4bde7b6868	chrX	4910640	5157309	4	3	1
9b5c794d-d1c4-4ca5-979d-1a4bde7b6868	chrX	5157461	6563234	3	2	1
9b5c794d-d1c4-4ca5-979d-1a4bde7b6868	chrX	6564051	6890641	2	1	1
9b5c794d-d1c4-4ca5-979d-1a4bde7b6868	chrX	6891215	40987500	3	2	1
9b5c794d-d1c4-4ca5-979d-1a4bde7b6868	chrX	40988502	44438666	4	3	1
9b5c794d-d1c4-4ca5-979d-1a4bde7b6868	chrX	44439355	54842456	3	2	1
9b5c794d-d1c4-4ca5-979d-1a4bde7b6868	chrX	54842702	58059910	4	3	1
9b5c794d-d1c4-4ca5-979d-1a4bde7b6868	chrX	58068003	110945384	3	2	1
9b5c794d-d1c4-4ca5-979d-1a4bde7b6868	chrX	110945453	112121369	4	3	1
9b5c794d-d1c4-4ca5-979d-1a4bde7b6868	chrX	112122034	112255109	2	1	1
9b5c794d-d1c4-4ca5-979d-1a4bde7b6868	chrX	112255386	156004181	3	2	1
9b5c794d-d1c4-4ca5-979d-1a4bde7b6868	chrY	2782397	26653788	0	0	0
9b5c794d-d1c4-4ca5-979d-1a4bde7b6868	chrY	56872112	56872112	2	2	0
