GDC_Aliquot	Chromosome	Start	End	Num_Probes	Segment_Mean
2df8619c-fa93-4d2f-93ce-307cdb00ae7b	1	3301765	230515808	118527	-0.0007
2df8619c-fa93-4d2f-93ce-307cdb00ae7b	1	230516056	230517653	5	-1.2928
2df8619c-fa93-4d2f-93ce-307cdb00ae7b	1	230517685	247650984	11208	0.0016
2df8619c-fa93-4d2f-93ce-307cdb00ae7b	2	480597	17827301	11233	-0.0006
2df8619c-fa93-4d2f-93ce-307cdb00ae7b	2	17827559	17828052	2	-2.0262
2df8619c-fa93-4d2f-93ce-307cdb00ae7b	2	17828626	145362079	65325	-0.0032
2df8619c-fa93-4d2f-93ce-307cdb00ae7b	2	145365255	145369047	6	-1.0397
2df8619c-fa93-4d2f-93ce-307cdb00ae7b	2	145370212	157839185	7095	-0.0045
2df8619c-fa93-4d2f-93ce-307cdb00ae7b	2	157839752	157840017	2	-2.1651
2df8619c-fa93-4d2f-93ce-307cdb00ae7b	2	157842244	173252453	9319	-0.0065
2df8619c-fa93-4d2f-93ce-307cdb00ae7b	2	173254579	173255039	2	-1.7983
2df8619c-fa93-4d2f-93ce-307cdb00ae7b	2	173255242	241537572	39138	-0.0038
2df8619c-fa93-4d2f-93ce-307cdb00ae7b	3	2170634	197812401	107147	-0.0008
2df8619c-fa93-4d2f-93ce-307cdb00ae7b	4	1059384	187842528	103467	0.0007
2df8619c-fa93-4d2f-93ce-307cdb00ae7b	5	914118	102096719	53553	-0.0002
2df8619c-fa93-4d2f-93ce-307cdb00ae7b	5	102099781	102304645	86	-1.0806
2df8619c-fa93-4d2f-93ce-307cdb00ae7b	5	102314292	180934240	47462	-0.0024
2df8619c-fa93-4d2f-93ce-307cdb00ae7b	6	1011760	30302493	19030	-0.002
2df8619c-fa93-4d2f-93ce-307cdb00ae7b	6	30302832	30303557	3	-2.0184
2df8619c-fa93-4d2f-93ce-307cdb00ae7b	6	30304015	170596889	78096	-0.0028
2df8619c-fa93-4d2f-93ce-307cdb00ae7b	7	664936	71362409	37000	-0.0014
2df8619c-fa93-4d2f-93ce-307cdb00ae7b	7	71364266	71373157	12	-0.9315
2df8619c-fa93-4d2f-93ce-307cdb00ae7b	7	71376611	158592540	44909	-0.0007
2df8619c-fa93-4d2f-93ce-307cdb00ae7b	8	667625	57850330	31297	0.0035
2df8619c-fa93-4d2f-93ce-307cdb00ae7b	8	57850434	57850495	3	-1.3827
2df8619c-fa93-4d2f-93ce-307cdb00ae7b	8	57858719	59728360	1225	0.0106
2df8619c-fa93-4d2f-93ce-307cdb00ae7b	8	59732215	59741517	2	-1.4831
2df8619c-fa93-4d2f-93ce-307cdb00ae7b	8	59741702	89870511	17072	-0.0001
2df8619c-fa93-4d2f-93ce-307cdb00ae7b	8	89871261	89871575	2	-1.7895
2df8619c-fa93-4d2f-93ce-307cdb00ae7b	8	89873787	144182542	32613	0.0011
2df8619c-fa93-4d2f-93ce-307cdb00ae7b	9	789794	90796774	39251	-0.0024
2df8619c-fa93-4d2f-93ce-307cdb00ae7b	9	90799168	90799413	3	-1.5336
2df8619c-fa93-4d2f-93ce-307cdb00ae7b	9	90808223	138044505	29228	0.002
2df8619c-fa93-4d2f-93ce-307cdb00ae7b	10	366509	13927607	9798	-0.0036
2df8619c-fa93-4d2f-93ce-307cdb00ae7b	10	13928567	13928936	3	-1.5732
2df8619c-fa93-4d2f-93ce-307cdb00ae7b	10	13929330	133411599	71455	-0.0001
2df8619c-fa93-4d2f-93ce-307cdb00ae7b	11	456012	99853875	54557	-0.0013
2df8619c-fa93-4d2f-93ce-307cdb00ae7b	11	99854247	99877480	19	-0.4183
2df8619c-fa93-4d2f-93ce-307cdb00ae7b	11	99878238	128332703	19071	-0.0015
2df8619c-fa93-4d2f-93ce-307cdb00ae7b	11	128333740	128341638	7	-0.9458
2df8619c-fa93-4d2f-93ce-307cdb00ae7b	11	128342823	134272740	3905	0.0026
2df8619c-fa93-4d2f-93ce-307cdb00ae7b	12	780472	47199162	24384	-0.0023
2df8619c-fa93-4d2f-93ce-307cdb00ae7b	12	47199307	47217979	10	-0.7551
2df8619c-fa93-4d2f-93ce-307cdb00ae7b	12	47218230	132605822	49938	-0.0028
2df8619c-fa93-4d2f-93ce-307cdb00ae7b	13	18874255	114226675	56986	-0.0004
2df8619c-fa93-4d2f-93ce-307cdb00ae7b	14	20033191	48861820	14827	-0.0003
2df8619c-fa93-4d2f-93ce-307cdb00ae7b	14	48864091	48865531	3	-1.4317
2df8619c-fa93-4d2f-93ce-307cdb00ae7b	14	48868229	105533894	34950	0.0022
2df8619c-fa93-4d2f-93ce-307cdb00ae7b	15	23437561	101344124	44773	-0.0009
2df8619c-fa93-4d2f-93ce-307cdb00ae7b	16	603333	83760390	38511	-0.002
2df8619c-fa93-4d2f-93ce-307cdb00ae7b	16	83760392	83760401	2	-2.1854
2df8619c-fa93-4d2f-93ce-307cdb00ae7b	16	83760419	89317317	2696	0.0012
2df8619c-fa93-4d2f-93ce-307cdb00ae7b	17	1074619	82959812	37285	-0.001
2df8619c-fa93-4d2f-93ce-307cdb00ae7b	18	326691	79349796	42962	-0.0023
2df8619c-fa93-4d2f-93ce-307cdb00ae7b	19	283868	58370362	24148	0.0011
2df8619c-fa93-4d2f-93ce-307cdb00ae7b	20	472817	5303605	3019	0.0017
2df8619c-fa93-4d2f-93ce-307cdb00ae7b	20	5303734	5313273	2	-1.5573
2df8619c-fa93-4d2f-93ce-307cdb00ae7b	20	5313388	63588502	34538	0.001
2df8619c-fa93-4d2f-93ce-307cdb00ae7b	21	13974127	46262057	20591	-0.0022
2df8619c-fa93-4d2f-93ce-307cdb00ae7b	22	16934932	48940621	17090	0.0017
2df8619c-fa93-4d2f-93ce-307cdb00ae7b	X	3236359	11951344	2673	0.0116
2df8619c-fa93-4d2f-93ce-307cdb00ae7b	X	11952336	11963486	2	-5.0391
2df8619c-fa93-4d2f-93ce-307cdb00ae7b	X	11963609	155677414	60896	0.0057
