GDC_Aliquot	Chromosome	Start	End	Copy_Number	Major_Copy_Number	Minor_Copy_Number
8f0690d2-2e69-4a96-b607-372acd132a48	chr1	62920	76047135	2	1	1
8f0690d2-2e69-4a96-b607-372acd132a48	chr1	76047663	76056894	3	2	1
8f0690d2-2e69-4a96-b607-372acd132a48	chr1	76056995	237861141	2	1	1
8f0690d2-2e69-4a96-b607-372acd132a48	chr1	237864045	237873991	4	2	2
8f0690d2-2e69-4a96-b607-372acd132a48	chr1	237874950	248930189	2	1	1
8f0690d2-2e69-4a96-b607-372acd132a48	chr2	12784	9729138	2	1	1
8f0690d2-2e69-4a96-b607-372acd132a48	chr2	9729765	9751490	3	2	1
8f0690d2-2e69-4a96-b607-372acd132a48	chr2	9752455	100694574	2	1	1
8f0690d2-2e69-4a96-b607-372acd132a48	chr2	100695440	100708745	1	1	0
8f0690d2-2e69-4a96-b607-372acd132a48	chr2	100710146	242147305	2	1	1
8f0690d2-2e69-4a96-b607-372acd132a48	chr3	20930	21176638	2	1	1
8f0690d2-2e69-4a96-b607-372acd132a48	chr3	21179539	23500159	3	2	1
8f0690d2-2e69-4a96-b607-372acd132a48	chr3	23500523	52175070	2	1	1
8f0690d2-2e69-4a96-b607-372acd132a48	chr3	52176684	52817242	1	1	0
8f0690d2-2e69-4a96-b607-372acd132a48	chr3	52818472	61974810	2	1	1
8f0690d2-2e69-4a96-b607-372acd132a48	chr3	61975298	61977615	1	1	0
8f0690d2-2e69-4a96-b607-372acd132a48	chr3	61978894	63282407	2	1	1
8f0690d2-2e69-4a96-b607-372acd132a48	chr3	63282577	63287598	4	2	2
8f0690d2-2e69-4a96-b607-372acd132a48	chr3	63288252	75348062	2	1	1
8f0690d2-2e69-4a96-b607-372acd132a48	chr3	75355012	75598736	1	1	0
8f0690d2-2e69-4a96-b607-372acd132a48	chr3	75600083	96280510	2	1	1
8f0690d2-2e69-4a96-b607-372acd132a48	chr3	96284862	96327940	3	2	1
8f0690d2-2e69-4a96-b607-372acd132a48	chr3	96328659	198169247	2	1	1
8f0690d2-2e69-4a96-b607-372acd132a48	chr4	68929	10201838	2	1	1
8f0690d2-2e69-4a96-b607-372acd132a48	chr4	10202969	10208322	1	1	0
8f0690d2-2e69-4a96-b607-372acd132a48	chr4	10208339	10234518	0	0	0
8f0690d2-2e69-4a96-b607-372acd132a48	chr4	10236812	34777432	2	1	1
8f0690d2-2e69-4a96-b607-372acd132a48	chr4	34784878	34823103	0	0	0
8f0690d2-2e69-4a96-b607-372acd132a48	chr4	34828250	154921454	2	1	1
8f0690d2-2e69-4a96-b607-372acd132a48	chr4	154924800	165199073	1	1	0
8f0690d2-2e69-4a96-b607-372acd132a48	chr4	165199492	190106768	2	1	1
8f0690d2-2e69-4a96-b607-372acd132a48	chr5	15532	29018092	2	1	1
8f0690d2-2e69-4a96-b607-372acd132a48	chr5	29018155	29030825	1	1	0
8f0690d2-2e69-4a96-b607-372acd132a48	chr5	29037775	31352001	2	1	1
8f0690d2-2e69-4a96-b607-372acd132a48	chr5	31352542	31359352	1	1	0
8f0690d2-2e69-4a96-b607-372acd132a48	chr5	31359494	61259437	2	1	1
8f0690d2-2e69-4a96-b607-372acd132a48	chr5	61260095	61277320	3	2	1
8f0690d2-2e69-4a96-b607-372acd132a48	chr5	61277660	83601777	2	1	1
8f0690d2-2e69-4a96-b607-372acd132a48	chr5	83602543	83611758	3	2	1
8f0690d2-2e69-4a96-b607-372acd132a48	chr5	83615766	169131798	2	1	1
8f0690d2-2e69-4a96-b607-372acd132a48	chr5	169132162	169145133	3	2	1
8f0690d2-2e69-4a96-b607-372acd132a48	chr5	169145921	181363319	2	1	1
8f0690d2-2e69-4a96-b607-372acd132a48	chr6	149661	98287698	2	1	1
8f0690d2-2e69-4a96-b607-372acd132a48	chr6	98287735	98299621	1	1	0
8f0690d2-2e69-4a96-b607-372acd132a48	chr6	98302495	170741917	2	1	1
8f0690d2-2e69-4a96-b607-372acd132a48	chr7	43259	7730368	2	1	1
8f0690d2-2e69-4a96-b607-372acd132a48	chr7	7730455	7734295	4	2	2
8f0690d2-2e69-4a96-b607-372acd132a48	chr7	7740651	10862164	2	1	1
8f0690d2-2e69-4a96-b607-372acd132a48	chr7	10868121	10886095	1	1	0
8f0690d2-2e69-4a96-b607-372acd132a48	chr7	10886443	55145449	2	1	1
8f0690d2-2e69-4a96-b607-372acd132a48	chr7	55146323	55171998	3	2	1
8f0690d2-2e69-4a96-b607-372acd132a48	chr7	55172153	159334314	2	1	1
8f0690d2-2e69-4a96-b607-372acd132a48	chr8	81254	34426493	3	2	1
8f0690d2-2e69-4a96-b607-372acd132a48	chr8	34427047	34427753	5	3	2
8f0690d2-2e69-4a96-b607-372acd132a48	chr8	34428577	145072769	3	2	1
8f0690d2-2e69-4a96-b607-372acd132a48	chr9	46587	17574291	2	1	1
8f0690d2-2e69-4a96-b607-372acd132a48	chr9	17575706	17633310	3	2	1
8f0690d2-2e69-4a96-b607-372acd132a48	chr9	17634922	28885987	2	1	1
8f0690d2-2e69-4a96-b607-372acd132a48	chr9	28886305	28892639	3	2	1
8f0690d2-2e69-4a96-b607-372acd132a48	chr9	28892693	122545245	2	1	1
8f0690d2-2e69-4a96-b607-372acd132a48	chr9	122545329	122556344	1	1	0
8f0690d2-2e69-4a96-b607-372acd132a48	chr9	122561935	138200944	2	1	1
8f0690d2-2e69-4a96-b607-372acd132a48	chr10	45792	44254400	2	1	1
8f0690d2-2e69-4a96-b607-372acd132a48	chr10	44254406	44256882	1	1	0
8f0690d2-2e69-4a96-b607-372acd132a48	chr10	44257528	44475875	2	1	1
8f0690d2-2e69-4a96-b607-372acd132a48	chr10	44475939	44504772	3	2	1
8f0690d2-2e69-4a96-b607-372acd132a48	chr10	44504930	133654968	2	1	1
8f0690d2-2e69-4a96-b607-372acd132a48	chr11	198510	10613460	2	1	1
8f0690d2-2e69-4a96-b607-372acd132a48	chr11	10613793	10631475	4	2	2
8f0690d2-2e69-4a96-b607-372acd132a48	chr11	10633474	70546349	2	1	1
8f0690d2-2e69-4a96-b607-372acd132a48	chr11	70547213	70553041	5	3	2
8f0690d2-2e69-4a96-b607-372acd132a48	chr11	70553754	135074876	2	1	1
8f0690d2-2e69-4a96-b607-372acd132a48	chr12	51460	34307158	2	1	1
8f0690d2-2e69-4a96-b607-372acd132a48	chr12	34307627	34359832	3	2	1
8f0690d2-2e69-4a96-b607-372acd132a48	chr12	34360213	133201603	2	1	1
8f0690d2-2e69-4a96-b607-372acd132a48	chr13	18452809	98773472	2	1	1
8f0690d2-2e69-4a96-b607-372acd132a48	chr13	98773753	98782651	4	2	2
8f0690d2-2e69-4a96-b607-372acd132a48	chr13	98782884	114342922	2	1	1
8f0690d2-2e69-4a96-b607-372acd132a48	chr14	18239283	22139542	2	1	1
8f0690d2-2e69-4a96-b607-372acd132a48	chr14	22143351	22144099	1	1	0
8f0690d2-2e69-4a96-b607-372acd132a48	chr14	22144291	106877229	2	1	1
8f0690d2-2e69-4a96-b607-372acd132a48	chr15	19811075	20305901	2	1	1
8f0690d2-2e69-4a96-b607-372acd132a48	chr15	20317086	22233262	1	1	0
8f0690d2-2e69-4a96-b607-372acd132a48	chr15	22234847	25789865	2	1	1
8f0690d2-2e69-4a96-b607-372acd132a48	chr15	25790270	25809665	3	2	1
8f0690d2-2e69-4a96-b607-372acd132a48	chr15	25809748	61320759	2	1	1
8f0690d2-2e69-4a96-b607-372acd132a48	chr15	61321646	61325039	3	2	1
8f0690d2-2e69-4a96-b607-372acd132a48	chr15	61325124	101928837	2	1	1
8f0690d2-2e69-4a96-b607-372acd132a48	chr16	10777	9240350	2	1	1
8f0690d2-2e69-4a96-b607-372acd132a48	chr16	9241461	9249685	3	2	1
8f0690d2-2e69-4a96-b607-372acd132a48	chr16	9252591	90096867	2	1	1
8f0690d2-2e69-4a96-b607-372acd132a48	chr17	150733	6191015	2	1	1
8f0690d2-2e69-4a96-b607-372acd132a48	chr17	6197464	7188331	1	1	0
8f0690d2-2e69-4a96-b607-372acd132a48	chr17	7190765	10331274	2	1	1
8f0690d2-2e69-4a96-b607-372acd132a48	chr17	10336757	16898279	1	1	0
8f0690d2-2e69-4a96-b607-372acd132a48	chr17	16900465	33341293	2	1	1
8f0690d2-2e69-4a96-b607-372acd132a48	chr17	33342525	33352174	4	2	2
8f0690d2-2e69-4a96-b607-372acd132a48	chr17	33353870	43349580	2	1	1
8f0690d2-2e69-4a96-b607-372acd132a48	chr17	43354897	83091923	2	2	0
8f0690d2-2e69-4a96-b607-372acd132a48	chr18	48133	80257174	2	1	1
8f0690d2-2e69-4a96-b607-372acd132a48	chr19	90910	58586487	2	1	1
8f0690d2-2e69-4a96-b607-372acd132a48	chr20	80664	64324800	3	2	1
8f0690d2-2e69-4a96-b607-372acd132a48	chr21	12973348	46677045	2	1	1
8f0690d2-2e69-4a96-b607-372acd132a48	chr22	16392123	17824868	2	1	1
8f0690d2-2e69-4a96-b607-372acd132a48	chr22	17826053	17829737	4	2	2
8f0690d2-2e69-4a96-b607-372acd132a48	chr22	17830506	29062857	2	1	1
8f0690d2-2e69-4a96-b607-372acd132a48	chr22	29063646	29078289	3	2	1
8f0690d2-2e69-4a96-b607-372acd132a48	chr22	29079136	50796027	2	1	1
8f0690d2-2e69-4a96-b607-372acd132a48	chrX	251810	66358699	2	1	1
8f0690d2-2e69-4a96-b607-372acd132a48	chrX	66358990	66386757	3	2	1
8f0690d2-2e69-4a96-b607-372acd132a48	chrX	66386851	109043264	2	1	1
8f0690d2-2e69-4a96-b607-372acd132a48	chrX	109045920	109079818	3	2	1
8f0690d2-2e69-4a96-b607-372acd132a48	chrX	109082394	156004181	2	1	1
8f0690d2-2e69-4a96-b607-372acd132a48	chrY	2782397	26653788	0	0	0
8f0690d2-2e69-4a96-b607-372acd132a48	chrY	56872112	56872112	1	1	0
