GDC_Aliquot	Chromosome	Start	End	Num_Probes	Segment_Mean
4219911e-1d67-47ea-bdaa-5a9919a9b3a7	1	62920	599171	20	0.4935
4219911e-1d67-47ea-bdaa-5a9919a9b3a7	1	668210	2101817	335	-0.0317
4219911e-1d67-47ea-bdaa-5a9919a9b3a7	1	2109324	2130530	7	0.3417
4219911e-1d67-47ea-bdaa-5a9919a9b3a7	1	2138242	2142665	3	-1.4897
4219911e-1d67-47ea-bdaa-5a9919a9b3a7	1	2143629	25256850	13635	0.0121
4219911e-1d67-47ea-bdaa-5a9919a9b3a7	1	25266637	25320455	24	-1.794
4219911e-1d67-47ea-bdaa-5a9919a9b3a7	1	25336819	34626037	4947	0.019
4219911e-1d67-47ea-bdaa-5a9919a9b3a7	1	34626073	34638890	21	-0.6311
4219911e-1d67-47ea-bdaa-5a9919a9b3a7	1	34648667	72284670	23737	0.017
4219911e-1d67-47ea-bdaa-5a9919a9b3a7	1	72290430	72297687	9	-3.3948
4219911e-1d67-47ea-bdaa-5a9919a9b3a7	1	72302735	72345450	47	0.9366
4219911e-1d67-47ea-bdaa-5a9919a9b3a7	1	72345465	105476748	20949	0.0133
4219911e-1d67-47ea-bdaa-5a9919a9b3a7	1	105476861	105479198	8	0.7887
4219911e-1d67-47ea-bdaa-5a9919a9b3a7	1	105479231	108187137	1938	0.0171
4219911e-1d67-47ea-bdaa-5a9919a9b3a7	1	108191613	108192255	2	-4.0929
4219911e-1d67-47ea-bdaa-5a9919a9b3a7	1	108194874	152583230	10278	0.0242
4219911e-1d67-47ea-bdaa-5a9919a9b3a7	1	152583291	152614064	32	1.1459
4219911e-1d67-47ea-bdaa-5a9919a9b3a7	1	152614100	158896783	3816	0.0166
4219911e-1d67-47ea-bdaa-5a9919a9b3a7	1	158898711	158899969	2	1.5062
4219911e-1d67-47ea-bdaa-5a9919a9b3a7	1	158905028	160833928	1300	0.0221
4219911e-1d67-47ea-bdaa-5a9919a9b3a7	1	160833945	160834012	2	-1.7185
4219911e-1d67-47ea-bdaa-5a9919a9b3a7	1	160834219	179470495	13045	0.0234
4219911e-1d67-47ea-bdaa-5a9919a9b3a7	1	179476998	179490325	10	0.524
4219911e-1d67-47ea-bdaa-5a9919a9b3a7	1	179490419	194479104	10017	0.015
4219911e-1d67-47ea-bdaa-5a9919a9b3a7	1	194482281	194485888	2	-1.533
4219911e-1d67-47ea-bdaa-5a9919a9b3a7	1	194487886	209897717	10289	0.0203
4219911e-1d67-47ea-bdaa-5a9919a9b3a7	1	209908268	209908720	2	-1.8985
4219911e-1d67-47ea-bdaa-5a9919a9b3a7	1	209910639	240228440	21135	0.0145
4219911e-1d67-47ea-bdaa-5a9919a9b3a7	1	240230715	240230839	6	-1.9235
4219911e-1d67-47ea-bdaa-5a9919a9b3a7	1	240232805	248930189	5851	0.0091
4219911e-1d67-47ea-bdaa-5a9919a9b3a7	2	12784	52531615	37115	0.0099
4219911e-1d67-47ea-bdaa-5a9919a9b3a7	2	52531630	52554404	32	-0.7396
4219911e-1d67-47ea-bdaa-5a9919a9b3a7	2	52560811	82832846	19662	0.0126
4219911e-1d67-47ea-bdaa-5a9919a9b3a7	2	82835710	82838736	4	-0.9757
4219911e-1d67-47ea-bdaa-5a9919a9b3a7	2	82841297	86878753	2286	0.0285
4219911e-1d67-47ea-bdaa-5a9919a9b3a7	2	86881088	87223346	54	0.2971
4219911e-1d67-47ea-bdaa-5a9919a9b3a7	2	87225631	105772455	6975	0.0178
4219911e-1d67-47ea-bdaa-5a9919a9b3a7	2	105772504	105774881	5	-1.2774
4219911e-1d67-47ea-bdaa-5a9919a9b3a7	2	105775456	158804973	31853	0.0077
4219911e-1d67-47ea-bdaa-5a9919a9b3a7	2	158806010	158806286	2	-2.2384
4219911e-1d67-47ea-bdaa-5a9919a9b3a7	2	158808191	184235808	15843	0.0156
4219911e-1d67-47ea-bdaa-5a9919a9b3a7	2	184239951	184250642	10	-0.4984
4219911e-1d67-47ea-bdaa-5a9919a9b3a7	2	184251612	207481338	13459	0.0164
4219911e-1d67-47ea-bdaa-5a9919a9b3a7	2	207485210	207495422	30	0.2999
4219911e-1d67-47ea-bdaa-5a9919a9b3a7	2	207495498	228397576	13561	0.0121
4219911e-1d67-47ea-bdaa-5a9919a9b3a7	2	228399698	228401658	2	-2.3022
4219911e-1d67-47ea-bdaa-5a9919a9b3a7	2	228404140	241780390	8348	0.0101
4219911e-1d67-47ea-bdaa-5a9919a9b3a7	2	241789329	242049595	85	-0.1609
4219911e-1d67-47ea-bdaa-5a9919a9b3a7	2	242052623	242147305	56	0.0683
4219911e-1d67-47ea-bdaa-5a9919a9b3a7	3	20930	1740119	1536	0.0119
4219911e-1d67-47ea-bdaa-5a9919a9b3a7	3	1740840	1745897	6	-1.0666
4219911e-1d67-47ea-bdaa-5a9919a9b3a7	3	1747474	26384700	18321	0.019
4219911e-1d67-47ea-bdaa-5a9919a9b3a7	3	26392633	26397852	5	-1.1532
4219911e-1d67-47ea-bdaa-5a9919a9b3a7	3	26404482	68697013	27876	0.0221
4219911e-1d67-47ea-bdaa-5a9919a9b3a7	3	68697108	68698262	14	-1.5826
4219911e-1d67-47ea-bdaa-5a9919a9b3a7	3	68699607	75458741	4900	0.0226
4219911e-1d67-47ea-bdaa-5a9919a9b3a7	3	75459403	75519398	23	0.4638
4219911e-1d67-47ea-bdaa-5a9919a9b3a7	3	75523398	75528153	3	-1.5373
4219911e-1d67-47ea-bdaa-5a9919a9b3a7	3	75529707	98180575	10374	0.017
4219911e-1d67-47ea-bdaa-5a9919a9b3a7	3	98189826	98194581	3	-1.2707
4219911e-1d67-47ea-bdaa-5a9919a9b3a7	3	98195973	99225632	593	0.0092
4219911e-1d67-47ea-bdaa-5a9919a9b3a7	3	99225667	99226551	13	-1.6388
4219911e-1d67-47ea-bdaa-5a9919a9b3a7	3	99226566	99230212	12	-3.6418
4219911e-1d67-47ea-bdaa-5a9919a9b3a7	3	99230225	99230464	9	-1.8223
4219911e-1d67-47ea-bdaa-5a9919a9b3a7	3	99230470	162790480	38979	0.0178
4219911e-1d67-47ea-bdaa-5a9919a9b3a7	3	162794869	162908207	70	-0.3579
4219911e-1d67-47ea-bdaa-5a9919a9b3a7	3	162908784	189642965	16648	0.024
4219911e-1d67-47ea-bdaa-5a9919a9b3a7	3	189645889	189653225	13	-0.7717
4219911e-1d67-47ea-bdaa-5a9919a9b3a7	3	189654562	192173681	1766	0.0255
4219911e-1d67-47ea-bdaa-5a9919a9b3a7	3	192176107	192225146	54	-0.2024
4219911e-1d67-47ea-bdaa-5a9919a9b3a7	3	192225208	193160804	668	0.0053
4219911e-1d67-47ea-bdaa-5a9919a9b3a7	3	193161032	193165114	15	-0.8505
4219911e-1d67-47ea-bdaa-5a9919a9b3a7	3	193168646	195559056	1483	0.0196
4219911e-1d67-47ea-bdaa-5a9919a9b3a7	3	195656271	195729069	31	0.4037
4219911e-1d67-47ea-bdaa-5a9919a9b3a7	3	195729085	195747892	13	0.824
4219911e-1d67-47ea-bdaa-5a9919a9b3a7	3	195751823	198169247	1164	0.0166
4219911e-1d67-47ea-bdaa-5a9919a9b3a7	4	68929	9455251	5152	0.0102
4219911e-1d67-47ea-bdaa-5a9919a9b3a7	4	9459504	9624789	45	0.3185
4219911e-1d67-47ea-bdaa-5a9919a9b3a7	4	9625216	10227562	509	0.0179
4219911e-1d67-47ea-bdaa-5a9919a9b3a7	4	10227592	10229188	13	0.5987
4219911e-1d67-47ea-bdaa-5a9919a9b3a7	4	10229279	10389091	182	0.0366
4219911e-1d67-47ea-bdaa-5a9919a9b3a7	4	10390730	10398887	15	-0.585
4219911e-1d67-47ea-bdaa-5a9919a9b3a7	4	10399044	28945885	13204	0.0179
4219911e-1d67-47ea-bdaa-5a9919a9b3a7	4	28948332	28957992	26	-0.2911
4219911e-1d67-47ea-bdaa-5a9919a9b3a7	4	28958019	34788894	3552	0.0048
4219911e-1d67-47ea-bdaa-5a9919a9b3a7	4	34789072	34828306	34	-0.3088
4219911e-1d67-47ea-bdaa-5a9919a9b3a7	4	34828327	43161586	5539	0.0161
4219911e-1d67-47ea-bdaa-5a9919a9b3a7	4	43162259	43185011	16	-0.4535
4219911e-1d67-47ea-bdaa-5a9919a9b3a7	4	43186291	49087357	3394	0.0098
4219911e-1d67-47ea-bdaa-5a9919a9b3a7	4	49091769	49289175	13	0.5435
4219911e-1d67-47ea-bdaa-5a9919a9b3a7	4	49289338	63265520	7263	0.0139
4219911e-1d67-47ea-bdaa-5a9919a9b3a7	4	63275560	63286195	6	-0.9123
4219911e-1d67-47ea-bdaa-5a9919a9b3a7	4	63288849	68418873	3191	0.017
4219911e-1d67-47ea-bdaa-5a9919a9b3a7	4	68422420	68422424	3	-1.487
4219911e-1d67-47ea-bdaa-5a9919a9b3a7	4	68429081	68501424	11	0.0858
4219911e-1d67-47ea-bdaa-5a9919a9b3a7	4	68506285	68639397	68	-0.2477
4219911e-1d67-47ea-bdaa-5a9919a9b3a7	4	68640616	69636069	579	0.0612
4219911e-1d67-47ea-bdaa-5a9919a9b3a7	4	69636262	69636564	2	-1.691
4219911e-1d67-47ea-bdaa-5a9919a9b3a7	4	69636668	137171266	40331	0.0194
4219911e-1d67-47ea-bdaa-5a9919a9b3a7	4	137171362	137172260	12	-0.8175
4219911e-1d67-47ea-bdaa-5a9919a9b3a7	4	137173804	160952848	14693	0.0181
4219911e-1d67-47ea-bdaa-5a9919a9b3a7	4	160958866	160963756	21	-0.6956
4219911e-1d67-47ea-bdaa-5a9919a9b3a7	4	160963767	171447291	6661	0.0124
4219911e-1d67-47ea-bdaa-5a9919a9b3a7	4	171447380	171459811	16	-0.699
4219911e-1d67-47ea-bdaa-5a9919a9b3a7	4	171460247	189857111	12409	0.0142
4219911e-1d67-47ea-bdaa-5a9919a9b3a7	4	189857379	190030808	55	0.3147
4219911e-1d67-47ea-bdaa-5a9919a9b3a7	4	190036331	190106768	7	-0.0513
4219911e-1d67-47ea-bdaa-5a9919a9b3a7	5	15532	20418416	15089	0.0077
4219911e-1d67-47ea-bdaa-5a9919a9b3a7	5	20425033	20437668	15	0.5818
4219911e-1d67-47ea-bdaa-5a9919a9b3a7	5	20438109	21376735	547	-0.0005
4219911e-1d67-47ea-bdaa-5a9919a9b3a7	5	21377730	21377744	2	1.883
4219911e-1d67-47ea-bdaa-5a9919a9b3a7	5	21385957	26789387	3181	0.0124
4219911e-1d67-47ea-bdaa-5a9919a9b3a7	5	26797651	26797735	2	-1.9254
4219911e-1d67-47ea-bdaa-5a9919a9b3a7	5	26803775	46271006	11804	0.0157
4219911e-1d67-47ea-bdaa-5a9919a9b3a7	5	46271828	46273400	6	-2.3892
4219911e-1d67-47ea-bdaa-5a9919a9b3a7	5	46278110	55643243	3409	0.024
4219911e-1d67-47ea-bdaa-5a9919a9b3a7	5	55648434	55666076	11	-0.4453
4219911e-1d67-47ea-bdaa-5a9919a9b3a7	5	55668755	58025819	1650	0.019
4219911e-1d67-47ea-bdaa-5a9919a9b3a7	5	58030200	58037706	32	-0.2982
4219911e-1d67-47ea-bdaa-5a9919a9b3a7	5	58042530	62277545	2829	0.0188
4219911e-1d67-47ea-bdaa-5a9919a9b3a7	5	62279164	62280446	3	-1.4796
4219911e-1d67-47ea-bdaa-5a9919a9b3a7	5	62286365	84891953	13032	0.0232
4219911e-1d67-47ea-bdaa-5a9919a9b3a7	5	84893136	84923390	18	-1.1142
4219911e-1d67-47ea-bdaa-5a9919a9b3a7	5	84931560	104515520	10923	0.013
4219911e-1d67-47ea-bdaa-5a9919a9b3a7	5	104524672	104524903	4	1.5936
4219911e-1d67-47ea-bdaa-5a9919a9b3a7	5	104525348	124206635	13358	0.0174
4219911e-1d67-47ea-bdaa-5a9919a9b3a7	5	124207082	124209806	4	-1.8539
4219911e-1d67-47ea-bdaa-5a9919a9b3a7	5	124209909	140838745	9838	0.02
4219911e-1d67-47ea-bdaa-5a9919a9b3a7	5	140839137	140852254	11	-0.7074
4219911e-1d67-47ea-bdaa-5a9919a9b3a7	5	140861442	152134610	7534	0.0207
4219911e-1d67-47ea-bdaa-5a9919a9b3a7	5	152135825	152138790	14	-3.1726
4219911e-1d67-47ea-bdaa-5a9919a9b3a7	5	152140710	178680821	17905	0.0137
4219911e-1d67-47ea-bdaa-5a9919a9b3a7	5	178682974	178686162	3	-2.7453
4219911e-1d67-47ea-bdaa-5a9919a9b3a7	5	178691854	180947523	1345	0.0146
4219911e-1d67-47ea-bdaa-5a9919a9b3a7	5	180951710	180990614	16	-0.4387
4219911e-1d67-47ea-bdaa-5a9919a9b3a7	5	180990660	181363319	173	-0.0651
4219911e-1d67-47ea-bdaa-5a9919a9b3a7	6	149661	254283	101	0.1038
4219911e-1d67-47ea-bdaa-5a9919a9b3a7	6	257353	303121	26	-0.7846
4219911e-1d67-47ea-bdaa-5a9919a9b3a7	6	314962	385784	83	-0.2038
4219911e-1d67-47ea-bdaa-5a9919a9b3a7	6	387532	29854205	21390	0.0196
4219911e-1d67-47ea-bdaa-5a9919a9b3a7	6	29854794	29933799	62	0.2806
4219911e-1d67-47ea-bdaa-5a9919a9b3a7	6	29940692	32463515	1151	0.0022
4219911e-1d67-47ea-bdaa-5a9919a9b3a7	6	32463775	32602588	34	1.3745
4219911e-1d67-47ea-bdaa-5a9919a9b3a7	6	32605994	32658841	31	0.353
4219911e-1d67-47ea-bdaa-5a9919a9b3a7	6	32682835	54066286	13686	0.0227
4219911e-1d67-47ea-bdaa-5a9919a9b3a7	6	54066353	54067057	7	-1.3781
4219911e-1d67-47ea-bdaa-5a9919a9b3a7	6	54070550	66497724	5524	0.0227
4219911e-1d67-47ea-bdaa-5a9919a9b3a7	6	66503019	66503105	2	-1.7315
4219911e-1d67-47ea-bdaa-5a9919a9b3a7	6	66503160	72740019	4130	0.0197
4219911e-1d67-47ea-bdaa-5a9919a9b3a7	6	72740598	72745321	2	-1.5177
4219911e-1d67-47ea-bdaa-5a9919a9b3a7	6	72749403	73882142	726	0.0113
4219911e-1d67-47ea-bdaa-5a9919a9b3a7	6	73882509	73891694	10	0.854
4219911e-1d67-47ea-bdaa-5a9919a9b3a7	6	73893839	76726815	1766	0.0174
4219911e-1d67-47ea-bdaa-5a9919a9b3a7	6	76730151	76742956	19	-0.6839
4219911e-1d67-47ea-bdaa-5a9919a9b3a7	6	76742972	78253172	978	0
4219911e-1d67-47ea-bdaa-5a9919a9b3a7	6	78259348	78325468	113	-0.7449
4219911e-1d67-47ea-bdaa-5a9919a9b3a7	6	78329517	80575042	1434	0.022
4219911e-1d67-47ea-bdaa-5a9919a9b3a7	6	80575241	80579817	27	-0.9391
4219911e-1d67-47ea-bdaa-5a9919a9b3a7	6	80584624	103290101	14005	0.0108
4219911e-1d67-47ea-bdaa-5a9919a9b3a7	6	103290164	103312172	42	-0.2694
4219911e-1d67-47ea-bdaa-5a9919a9b3a7	6	103314157	110073703	4227	0.0146
4219911e-1d67-47ea-bdaa-5a9919a9b3a7	6	110074988	110091263	17	-1.1247
4219911e-1d67-47ea-bdaa-5a9919a9b3a7	6	110092034	162482149	34159	0.0157
4219911e-1d67-47ea-bdaa-5a9919a9b3a7	6	162484617	162615191	107	-1.1101
4219911e-1d67-47ea-bdaa-5a9919a9b3a7	6	162618013	170741917	5610	0.0072
4219911e-1d67-47ea-bdaa-5a9919a9b3a7	7	43355	148300	88	0.0054
4219911e-1d67-47ea-bdaa-5a9919a9b3a7	7	155066	158626	10	-1.0024
4219911e-1d67-47ea-bdaa-5a9919a9b3a7	7	161442	6836554	3323	0.0039
4219911e-1d67-47ea-bdaa-5a9919a9b3a7	7	6842621	6893145	16	0.5035
4219911e-1d67-47ea-bdaa-5a9919a9b3a7	7	6893159	57429095	36845	0.0197
4219911e-1d67-47ea-bdaa-5a9919a9b3a7	7	57429244	63024513	386	0.1363
4219911e-1d67-47ea-bdaa-5a9919a9b3a7	7	63024724	97766150	19594	0.019
4219911e-1d67-47ea-bdaa-5a9919a9b3a7	7	97766153	97773163	14	-0.8562
4219911e-1d67-47ea-bdaa-5a9919a9b3a7	7	97774928	111420729	7722	0.0214
4219911e-1d67-47ea-bdaa-5a9919a9b3a7	7	111425236	111426603	6	-0.926
4219911e-1d67-47ea-bdaa-5a9919a9b3a7	7	111429358	126404920	8925	0.028
4219911e-1d67-47ea-bdaa-5a9919a9b3a7	7	126405428	126406561	12	-1.0082
4219911e-1d67-47ea-bdaa-5a9919a9b3a7	7	126406822	134093899	4692	0.0241
4219911e-1d67-47ea-bdaa-5a9919a9b3a7	7	134100424	134113356	32	0.4835
4219911e-1d67-47ea-bdaa-5a9919a9b3a7	7	134113790	142060194	5188	0.0142
4219911e-1d67-47ea-bdaa-5a9919a9b3a7	7	142061030	142087562	25	0.7852
4219911e-1d67-47ea-bdaa-5a9919a9b3a7	7	142087732	143529806	908	0.0413
4219911e-1d67-47ea-bdaa-5a9919a9b3a7	7	143530003	143603307	4	1.0185
4219911e-1d67-47ea-bdaa-5a9919a9b3a7	7	143728285	144207186	301	0.0617
4219911e-1d67-47ea-bdaa-5a9919a9b3a7	7	144249785	144264193	7	-0.9044
4219911e-1d67-47ea-bdaa-5a9919a9b3a7	7	144295437	145070792	466	0.0412
4219911e-1d67-47ea-bdaa-5a9919a9b3a7	7	145073710	145073872	2	-1.1548
4219911e-1d67-47ea-bdaa-5a9919a9b3a7	7	145083337	148971807	2579	0.0203
4219911e-1d67-47ea-bdaa-5a9919a9b3a7	7	148975254	148977113	3	-1.2928
4219911e-1d67-47ea-bdaa-5a9919a9b3a7	7	148979653	158033653	5813	0.0189
4219911e-1d67-47ea-bdaa-5a9919a9b3a7	7	158034855	158034877	2	-1.5529
4219911e-1d67-47ea-bdaa-5a9919a9b3a7	7	158034895	159324925	771	0.0258
4219911e-1d67-47ea-bdaa-5a9919a9b3a7	7	159324952	159334314	13	-1.085
4219911e-1d67-47ea-bdaa-5a9919a9b3a7	8	81254	2202177	1582	-0.0013
4219911e-1d67-47ea-bdaa-5a9919a9b3a7	8	2205171	2210914	6	-1.1278
4219911e-1d67-47ea-bdaa-5a9919a9b3a7	8	2215182	9454621	7403	0.0128
4219911e-1d67-47ea-bdaa-5a9919a9b3a7	8	9455371	9458297	9	-1.0037
4219911e-1d67-47ea-bdaa-5a9919a9b3a7	8	9460805	12143614	2009	0.023
4219911e-1d67-47ea-bdaa-5a9919a9b3a7	8	12176798	12470324	35	0.5748
4219911e-1d67-47ea-bdaa-5a9919a9b3a7	8	12496221	39434577	19455	0.0171
4219911e-1d67-47ea-bdaa-5a9919a9b3a7	8	39440714	39529446	37	-0.4917
4219911e-1d67-47ea-bdaa-5a9919a9b3a7	8	39530780	40326278	588	0.0251
4219911e-1d67-47ea-bdaa-5a9919a9b3a7	8	40326280	40331992	33	-0.9398
4219911e-1d67-47ea-bdaa-5a9919a9b3a7	8	40335391	57005385	8432	0.0157
4219911e-1d67-47ea-bdaa-5a9919a9b3a7	8	57006920	57016644	7	-1.046
4219911e-1d67-47ea-bdaa-5a9919a9b3a7	8	57025292	111279265	32915	0.0157
4219911e-1d67-47ea-bdaa-5a9919a9b3a7	8	111282050	111283031	10	-1.8155
4219911e-1d67-47ea-bdaa-5a9919a9b3a7	8	111288052	141239137	21266	0.0177
4219911e-1d67-47ea-bdaa-5a9919a9b3a7	8	141240852	141241454	2	-1.7832
4219911e-1d67-47ea-bdaa-5a9919a9b3a7	8	141243382	145072769	1618	0.0058
4219911e-1d67-47ea-bdaa-5a9919a9b3a7	9	46587	6533381	6233	0.0234
4219911e-1d67-47ea-bdaa-5a9919a9b3a7	9	6535975	6548358	5	-0.9946
4219911e-1d67-47ea-bdaa-5a9919a9b3a7	9	6548393	21773244	13125	0.0169
4219911e-1d67-47ea-bdaa-5a9919a9b3a7	9	21773941	21776616	4	-0.9842
4219911e-1d67-47ea-bdaa-5a9919a9b3a7	9	21779685	24503818	1841	0.0282
4219911e-1d67-47ea-bdaa-5a9919a9b3a7	9	24504127	24517684	19	-0.92
4219911e-1d67-47ea-bdaa-5a9919a9b3a7	9	24519686	39588611	9920	0.015
4219911e-1d67-47ea-bdaa-5a9919a9b3a7	9	39747848	41741113	105	0.2969
4219911e-1d67-47ea-bdaa-5a9919a9b3a7	9	42014203	42720266	50	-0.1246
4219911e-1d67-47ea-bdaa-5a9919a9b3a7	9	42726239	60898630	36	0.3424
4219911e-1d67-47ea-bdaa-5a9919a9b3a7	9	61337631	100291569	22506	0.0168
4219911e-1d67-47ea-bdaa-5a9919a9b3a7	9	100293715	100296598	6	-1.1471
4219911e-1d67-47ea-bdaa-5a9919a9b3a7	9	100298010	138200944	25565	0.0165
4219911e-1d67-47ea-bdaa-5a9919a9b3a7	10	45792	98218658	65904	0.0155
4219911e-1d67-47ea-bdaa-5a9919a9b3a7	10	98224778	98228021	6	-1.0249
4219911e-1d67-47ea-bdaa-5a9919a9b3a7	10	98231557	133420688	24523	0.0147
4219911e-1d67-47ea-bdaa-5a9919a9b3a7	10	133429369	133573736	110	0.5725
4219911e-1d67-47ea-bdaa-5a9919a9b3a7	10	133574363	133654968	34	0.0539
4219911e-1d67-47ea-bdaa-5a9919a9b3a7	11	198510	7358723	4392	0.0222
4219911e-1d67-47ea-bdaa-5a9919a9b3a7	11	7370021	7406590	47	-0.9708
4219911e-1d67-47ea-bdaa-5a9919a9b3a7	11	7406629	18917623	8215	0.0244
4219911e-1d67-47ea-bdaa-5a9919a9b3a7	11	18918546	18940586	51	-0.1969
4219911e-1d67-47ea-bdaa-5a9919a9b3a7	11	18949158	49738003	21010	0.0153
4219911e-1d67-47ea-bdaa-5a9919a9b3a7	11	49738039	49739136	5	-3.2832
4219911e-1d67-47ea-bdaa-5a9919a9b3a7	11	49744609	55172866	514	0.0105
4219911e-1d67-47ea-bdaa-5a9919a9b3a7	11	55198132	55266799	13	-1.1886
4219911e-1d67-47ea-bdaa-5a9919a9b3a7	11	55268996	55606712	196	0.092
4219911e-1d67-47ea-bdaa-5a9919a9b3a7	11	55606727	55672514	44	0.4826
4219911e-1d67-47ea-bdaa-5a9919a9b3a7	11	55674842	124901635	44484	0.0182
4219911e-1d67-47ea-bdaa-5a9919a9b3a7	11	124906091	124906888	2	-1.7394
4219911e-1d67-47ea-bdaa-5a9919a9b3a7	11	124907522	135074876	7761	0.0066
4219911e-1d67-47ea-bdaa-5a9919a9b3a7	12	51460	8194012	5529	0.0109
4219911e-1d67-47ea-bdaa-5a9919a9b3a7	12	8194209	8409838	71	0.2593
4219911e-1d67-47ea-bdaa-5a9919a9b3a7	12	8410039	34063370	17756	0.0169
4219911e-1d67-47ea-bdaa-5a9919a9b3a7	12	34064565	34091994	14	-0.4496
4219911e-1d67-47ea-bdaa-5a9919a9b3a7	12	34092010	45510655	5000	0.0119
4219911e-1d67-47ea-bdaa-5a9919a9b3a7	12	45512057	45515754	3	-2.298
4219911e-1d67-47ea-bdaa-5a9919a9b3a7	12	45519509	48513377	1823	0.0201
4219911e-1d67-47ea-bdaa-5a9919a9b3a7	12	48516156	48517434	2	-1.7542
4219911e-1d67-47ea-bdaa-5a9919a9b3a7	12	48523224	70478078	13330	0.02
4219911e-1d67-47ea-bdaa-5a9919a9b3a7	12	70478895	70484247	9	-0.7436
4219911e-1d67-47ea-bdaa-5a9919a9b3a7	12	70485605	115092265	28800	0.0174
4219911e-1d67-47ea-bdaa-5a9919a9b3a7	12	115094229	115097598	2	-1.4625
4219911e-1d67-47ea-bdaa-5a9919a9b3a7	12	115097889	129722157	10294	0.0108
4219911e-1d67-47ea-bdaa-5a9919a9b3a7	12	129722472	129722520	2	-1.4286
4219911e-1d67-47ea-bdaa-5a9919a9b3a7	12	129723186	133201603	2146	-0.0036
4219911e-1d67-47ea-bdaa-5a9919a9b3a7	13	18452809	23055048	2851	0.0135
4219911e-1d67-47ea-bdaa-5a9919a9b3a7	13	23055071	23059376	13	-2.316
4219911e-1d67-47ea-bdaa-5a9919a9b3a7	13	23064056	37501828	10608	0.0092
4219911e-1d67-47ea-bdaa-5a9919a9b3a7	13	37502130	37510620	12	0.5679
4219911e-1d67-47ea-bdaa-5a9919a9b3a7	13	37514193	38478674	698	0.013
4219911e-1d67-47ea-bdaa-5a9919a9b3a7	13	38483435	38483919	2	-1.8799
4219911e-1d67-47ea-bdaa-5a9919a9b3a7	13	38490920	114342922	49913	0.0105
4219911e-1d67-47ea-bdaa-5a9919a9b3a7	14	18239283	19732222	66	0.1126
4219911e-1d67-47ea-bdaa-5a9919a9b3a7	14	19732250	19955213	101	0.4296
4219911e-1d67-47ea-bdaa-5a9919a9b3a7	14	19956767	22149479	1549	0.0243
4219911e-1d67-47ea-bdaa-5a9919a9b3a7	14	22151835	22509792	320	0.1247
4219911e-1d67-47ea-bdaa-5a9919a9b3a7	14	22514241	41139155	11712	0.0208
4219911e-1d67-47ea-bdaa-5a9919a9b3a7	14	41141293	41184774	13	-2.9567
4219911e-1d67-47ea-bdaa-5a9919a9b3a7	14	41188046	47227057	3523	0.0067
4219911e-1d67-47ea-bdaa-5a9919a9b3a7	14	47238133	47247080	7	-1.2656
4219911e-1d67-47ea-bdaa-5a9919a9b3a7	14	47247780	83489463	23478	0.0173
4219911e-1d67-47ea-bdaa-5a9919a9b3a7	14	83492567	83492755	3	-1.0125
4219911e-1d67-47ea-bdaa-5a9919a9b3a7	14	83496385	85098811	1017	0.0114
4219911e-1d67-47ea-bdaa-5a9919a9b3a7	14	85098930	85098951	2	-1.2115
4219911e-1d67-47ea-bdaa-5a9919a9b3a7	14	85099082	85818410	563	0.0125
4219911e-1d67-47ea-bdaa-5a9919a9b3a7	14	85819968	85845829	15	-1.694
4219911e-1d67-47ea-bdaa-5a9919a9b3a7	14	85849791	105563300	12461	0.0119
4219911e-1d67-47ea-bdaa-5a9919a9b3a7	14	105578033	105691429	16	0.4492
4219911e-1d67-47ea-bdaa-5a9919a9b3a7	14	105700900	106249546	173	-0.0005
4219911e-1d67-47ea-bdaa-5a9919a9b3a7	14	106253003	106412640	75	-0.2073
4219911e-1d67-47ea-bdaa-5a9919a9b3a7	14	106416146	106877229	245	0.0493
4219911e-1d67-47ea-bdaa-5a9919a9b3a7	15	19811075	21999319	178	0.3393
4219911e-1d67-47ea-bdaa-5a9919a9b3a7	15	22003073	26315045	2385	0.0147
4219911e-1d67-47ea-bdaa-5a9919a9b3a7	15	26317005	26318009	2	-1.3209
4219911e-1d67-47ea-bdaa-5a9919a9b3a7	15	26318441	30215235	2267	0.0095
4219911e-1d67-47ea-bdaa-5a9919a9b3a7	15	30230885	30259942	6	-0.9099
4219911e-1d67-47ea-bdaa-5a9919a9b3a7	15	30269364	32220019	1074	0.0194
4219911e-1d67-47ea-bdaa-5a9919a9b3a7	15	32239115	32382193	14	0.6222
4219911e-1d67-47ea-bdaa-5a9919a9b3a7	15	32484010	53586235	13244	0.0235
4219911e-1d67-47ea-bdaa-5a9919a9b3a7	15	53587044	53587907	4	-1.0102
4219911e-1d67-47ea-bdaa-5a9919a9b3a7	15	53592144	56498682	1953	0.01
4219911e-1d67-47ea-bdaa-5a9919a9b3a7	15	56498709	56508779	20	-0.6835
4219911e-1d67-47ea-bdaa-5a9919a9b3a7	15	56509425	76599170	12742	0.0221
4219911e-1d67-47ea-bdaa-5a9919a9b3a7	15	76599286	76599700	7	-2.933
4219911e-1d67-47ea-bdaa-5a9919a9b3a7	15	76599852	76603434	13	-1.3841
4219911e-1d67-47ea-bdaa-5a9919a9b3a7	15	76609838	83871965	4412	0.0138
4219911e-1d67-47ea-bdaa-5a9919a9b3a7	15	83871986	83878525	7	-0.9209
4219911e-1d67-47ea-bdaa-5a9919a9b3a7	15	83878795	93310656	6723	0.0205
4219911e-1d67-47ea-bdaa-5a9919a9b3a7	15	93312082	93314323	2	-3.2413
4219911e-1d67-47ea-bdaa-5a9919a9b3a7	15	93319185	101928837	6454	0.0117
4219911e-1d67-47ea-bdaa-5a9919a9b3a7	16	10777	14676775	11084	0.0146
4219911e-1d67-47ea-bdaa-5a9919a9b3a7	16	14683536	14969833	51	0.3003
4219911e-1d67-47ea-bdaa-5a9919a9b3a7	16	14969860	25959203	5918	0.0228
4219911e-1d67-47ea-bdaa-5a9919a9b3a7	16	25960801	25960926	2	-1.1951
4219911e-1d67-47ea-bdaa-5a9919a9b3a7	16	25960961	34142720	2988	0.0086
4219911e-1d67-47ea-bdaa-5a9919a9b3a7	16	34145885	34165318	4	0.8955
4219911e-1d67-47ea-bdaa-5a9919a9b3a7	16	34176391	55762682	6870	0.0109
4219911e-1d67-47ea-bdaa-5a9919a9b3a7	16	55764310	55764867	3	1.3427
4219911e-1d67-47ea-bdaa-5a9919a9b3a7	16	55770436	70090510	8759	0.0074
4219911e-1d67-47ea-bdaa-5a9919a9b3a7	16	70090862	70146322	11	0.6318
4219911e-1d67-47ea-bdaa-5a9919a9b3a7	16	70152235	90096867	16138	0.0132
4219911e-1d67-47ea-bdaa-5a9919a9b3a7	17	150733	18455632	11385	0.0094
4219911e-1d67-47ea-bdaa-5a9919a9b3a7	17	18455635	18550123	23	0.6012
4219911e-1d67-47ea-bdaa-5a9919a9b3a7	17	18561272	21017175	1000	0.0195
4219911e-1d67-47ea-bdaa-5a9919a9b3a7	17	21019834	21020225	3	-2.3362
4219911e-1d67-47ea-bdaa-5a9919a9b3a7	17	21020437	35349487	5384	0.0174
4219911e-1d67-47ea-bdaa-5a9919a9b3a7	17	35355491	35439199	40	-1.0448
4219911e-1d67-47ea-bdaa-5a9919a9b3a7	17	35441180	36109139	409	0.0188
4219911e-1d67-47ea-bdaa-5a9919a9b3a7	17	36109315	36466570	42	-0.3413
4219911e-1d67-47ea-bdaa-5a9919a9b3a7	17	36466633	41053891	2390	0.0173
4219911e-1d67-47ea-bdaa-5a9919a9b3a7	17	41055656	41065355	11	-1.3152
4219911e-1d67-47ea-bdaa-5a9919a9b3a7	17	41066554	41266838	121	0.0676
4219911e-1d67-47ea-bdaa-5a9919a9b3a7	17	41266851	41274279	19	1.0374
4219911e-1d67-47ea-bdaa-5a9919a9b3a7	17	41276472	46085732	2496	0.0146
4219911e-1d67-47ea-bdaa-5a9919a9b3a7	17	46088437	46351954	126	0.577
4219911e-1d67-47ea-bdaa-5a9919a9b3a7	17	46446345	83091923	21547	0.0141
4219911e-1d67-47ea-bdaa-5a9919a9b3a7	18	48133	12005279	8764	0.0089
4219911e-1d67-47ea-bdaa-5a9919a9b3a7	18	12005766	12006036	4	-1.2044
4219911e-1d67-47ea-bdaa-5a9919a9b3a7	18	12006060	42471713	15227	0.0173
4219911e-1d67-47ea-bdaa-5a9919a9b3a7	18	42476604	42477802	25	-0.6695
4219911e-1d67-47ea-bdaa-5a9919a9b3a7	18	42478430	44390570	1122	0.0101
4219911e-1d67-47ea-bdaa-5a9919a9b3a7	18	44394050	44394853	2	-1.1813
4219911e-1d67-47ea-bdaa-5a9919a9b3a7	18	44396921	45469301	786	0.0196
4219911e-1d67-47ea-bdaa-5a9919a9b3a7	18	45469565	45489033	14	-0.1381
4219911e-1d67-47ea-bdaa-5a9919a9b3a7	18	45491140	45492046	2	-2.011
4219911e-1d67-47ea-bdaa-5a9919a9b3a7	18	45494213	71243448	18052	0.0178
4219911e-1d67-47ea-bdaa-5a9919a9b3a7	18	71246162	73456767	1726	-0.0249
4219911e-1d67-47ea-bdaa-5a9919a9b3a7	18	73457764	73459128	4	-1.4877
4219911e-1d67-47ea-bdaa-5a9919a9b3a7	18	73459239	80257174	4947	0.005
4219911e-1d67-47ea-bdaa-5a9919a9b3a7	19	90910	2591774	626	-0.0033
4219911e-1d67-47ea-bdaa-5a9919a9b3a7	19	2592252	2602437	2	-1.2426
4219911e-1d67-47ea-bdaa-5a9919a9b3a7	19	2619145	15038423	5543	0.0113
4219911e-1d67-47ea-bdaa-5a9919a9b3a7	19	15041083	15087820	28	0.5188
4219911e-1d67-47ea-bdaa-5a9919a9b3a7	19	15087940	15713261	427	0.0194
4219911e-1d67-47ea-bdaa-5a9919a9b3a7	19	15714132	15714133	2	-1.8212
4219911e-1d67-47ea-bdaa-5a9919a9b3a7	19	15714788	20411869	2295	0.0091
4219911e-1d67-47ea-bdaa-5a9919a9b3a7	19	20413400	20538428	70	-0.7048
4219911e-1d67-47ea-bdaa-5a9919a9b3a7	19	20538656	58586487	20105	0.012
4219911e-1d67-47ea-bdaa-5a9919a9b3a7	20	80664	1580353	1202	0.0287
4219911e-1d67-47ea-bdaa-5a9919a9b3a7	20	1580934	1613247	41	0.9459
4219911e-1d67-47ea-bdaa-5a9919a9b3a7	20	1617300	4048379	1679	0.0165
4219911e-1d67-47ea-bdaa-5a9919a9b3a7	20	4048388	4058537	13	-0.7982
4219911e-1d67-47ea-bdaa-5a9919a9b3a7	20	4060093	64324800	39401	0.0166
4219911e-1d67-47ea-bdaa-5a9919a9b3a7	21	10354168	13224711	120	0.2849
4219911e-1d67-47ea-bdaa-5a9919a9b3a7	21	13227761	28416364	10892	0.0069
4219911e-1d67-47ea-bdaa-5a9919a9b3a7	21	28416439	28417219	2	-1.5119
4219911e-1d67-47ea-bdaa-5a9919a9b3a7	21	28417367	46677045	12833	0.0186
4219911e-1d67-47ea-bdaa-5a9919a9b3a7	22	15294547	22113053	3113	0.0141
4219911e-1d67-47ea-bdaa-5a9919a9b3a7	22	22113116	22120255	9	-0.7694
4219911e-1d67-47ea-bdaa-5a9919a9b3a7	22	22127104	22398127	332	0.0175
4219911e-1d67-47ea-bdaa-5a9919a9b3a7	22	22398345	22398481	3	-1.1907
4219911e-1d67-47ea-bdaa-5a9919a9b3a7	22	22398545	33777419	8178	0.0208
4219911e-1d67-47ea-bdaa-5a9919a9b3a7	22	33778960	33778975	2	-2.6043
4219911e-1d67-47ea-bdaa-5a9919a9b3a7	22	33778986	42501276	5500	0.013
4219911e-1d67-47ea-bdaa-5a9919a9b3a7	22	42503434	42559425	25	0.5116
4219911e-1d67-47ea-bdaa-5a9919a9b3a7	22	42559782	47108013	3221	0.0183
4219911e-1d67-47ea-bdaa-5a9919a9b3a7	22	47108068	47108235	3	-0.9161
4219911e-1d67-47ea-bdaa-5a9919a9b3a7	22	47108386	49139381	1901	0.0014
4219911e-1d67-47ea-bdaa-5a9919a9b3a7	22	49139737	49139958	2	-1.5122
4219911e-1d67-47ea-bdaa-5a9919a9b3a7	22	49142121	50796027	964	-0.0286
4219911e-1d67-47ea-bdaa-5a9919a9b3a7	X	251810	155952689	83623	0.0158
4219911e-1d67-47ea-bdaa-5a9919a9b3a7	Y	2782397	6249869	785	-2.6094
4219911e-1d67-47ea-bdaa-5a9919a9b3a7	Y	6252391	23586854	5662	-3.1128
4219911e-1d67-47ea-bdaa-5a9919a9b3a7	Y	23784615	56872112	192	-2.5571
