GDC_Aliquot	Chromosome	Start	End	Num_Probes	Segment_Mean
08d29493-597f-4419-b061-90d5eb33925b	1	62920	98602	13	-0.5674
08d29493-597f-4419-b061-90d5eb33925b	1	259407	9255788	4645	-0.0066
08d29493-597f-4419-b061-90d5eb33925b	1	9266599	9279146	10	0.5785
08d29493-597f-4419-b061-90d5eb33925b	1	9281831	9300149	13	0.161
08d29493-597f-4419-b061-90d5eb33925b	1	9300628	9342344	34	0.5216
08d29493-597f-4419-b061-90d5eb33925b	1	9344634	15823420	3621	-0.0159
08d29493-597f-4419-b061-90d5eb33925b	1	15827002	15827430	6	-1.7358
08d29493-597f-4419-b061-90d5eb33925b	1	15827706	16679483	334	0.0005
08d29493-597f-4419-b061-90d5eb33925b	1	16685961	16767532	13	0.6819
08d29493-597f-4419-b061-90d5eb33925b	1	16767571	25256800	5324	-0.0124
08d29493-597f-4419-b061-90d5eb33925b	1	25256850	25320455	25	-1.5966
08d29493-597f-4419-b061-90d5eb33925b	1	25336819	34626073	4947	-0.0108
08d29493-597f-4419-b061-90d5eb33925b	1	34637053	34637909	10	-0.59
08d29493-597f-4419-b061-90d5eb33925b	1	34638226	34638890	10	-0.8845
08d29493-597f-4419-b061-90d5eb33925b	1	34648667	72290491	23750	-0.0063
08d29493-597f-4419-b061-90d5eb33925b	1	72293529	72345465	54	0.4736
08d29493-597f-4419-b061-90d5eb33925b	1	72346221	89009572	10931	0.0147
08d29493-597f-4419-b061-90d5eb33925b	1	89012275	89012522	2	-2.2866
08d29493-597f-4419-b061-90d5eb33925b	1	89015841	103560435	9060	0.019
08d29493-597f-4419-b061-90d5eb33925b	1	103560608	103616762	28	0.4166
08d29493-597f-4419-b061-90d5eb33925b	1	103620877	110833598	4420	0.0151
08d29493-597f-4419-b061-90d5eb33925b	1	110834746	110845604	39	-0.6397
08d29493-597f-4419-b061-90d5eb33925b	1	110849445	157169179	11206	0.0064
08d29493-597f-4419-b061-90d5eb33925b	1	157174103	157191447	14	1.0314
08d29493-597f-4419-b061-90d5eb33925b	1	157198281	180803572	16498	0.0037
08d29493-597f-4419-b061-90d5eb33925b	1	180804831	180804994	2	-2.0271
08d29493-597f-4419-b061-90d5eb33925b	1	180805017	217536548	24881	0.0099
08d29493-597f-4419-b061-90d5eb33925b	1	217537191	217547993	5	-1.0883
08d29493-597f-4419-b061-90d5eb33925b	1	217558206	248525264	21443	0.0113
08d29493-597f-4419-b061-90d5eb33925b	1	248525284	248645808	41	0.4009
08d29493-597f-4419-b061-90d5eb33925b	1	248646068	248930189	139	-0.026
08d29493-597f-4419-b061-90d5eb33925b	2	12784	4876276	3630	0.0318
08d29493-597f-4419-b061-90d5eb33925b	2	4876344	4876438	2	-1.9873
08d29493-597f-4419-b061-90d5eb33925b	2	4876454	14563508	7394	0.0225
08d29493-597f-4419-b061-90d5eb33925b	2	14563570	14569968	13	-0.6699
08d29493-597f-4419-b061-90d5eb33925b	2	14570240	34466002	13025	0.0136
08d29493-597f-4419-b061-90d5eb33925b	2	34474248	34511990	46	-0.5379
08d29493-597f-4419-b061-90d5eb33925b	2	34512096	89305244	35798	0.0192
08d29493-597f-4419-b061-90d5eb33925b	2	89896149	90235899	129	-0.7353
08d29493-597f-4419-b061-90d5eb33925b	2	90262403	97359885	945	0.0153
08d29493-597f-4419-b061-90d5eb33925b	2	97524284	97545726	9	-0.8668
08d29493-597f-4419-b061-90d5eb33925b	2	97550415	106258266	5564	0.0156
08d29493-597f-4419-b061-90d5eb33925b	2	106263639	106270799	13	-1.771
08d29493-597f-4419-b061-90d5eb33925b	2	106270952	146104517	23812	0.0232
08d29493-597f-4419-b061-90d5eb33925b	2	146106836	146109366	24	0.7365
08d29493-597f-4419-b061-90d5eb33925b	2	146120238	242147305	59033	0.0228
08d29493-597f-4419-b061-90d5eb33925b	3	20930	305530	272	0.0259
08d29493-597f-4419-b061-90d5eb33925b	3	306319	1887982	1416	0.0849
08d29493-597f-4419-b061-90d5eb33925b	3	1889321	38838640	26524	0.0195
08d29493-597f-4419-b061-90d5eb33925b	3	38842166	38842499	2	-1.8072
08d29493-597f-4419-b061-90d5eb33925b	3	38843279	39917410	692	0.0176
08d29493-597f-4419-b061-90d5eb33925b	3	39921379	39923601	2	-1.6147
08d29493-597f-4419-b061-90d5eb33925b	3	39923651	46750055	4244	0.0017
08d29493-597f-4419-b061-90d5eb33925b	3	46751887	46808099	41	-0.6731
08d29493-597f-4419-b061-90d5eb33925b	3	46817989	68697013	14559	0.0119
08d29493-597f-4419-b061-90d5eb33925b	3	68697108	68698262	14	-1.2812
08d29493-597f-4419-b061-90d5eb33925b	3	68699607	130044855	34646	0.0146
08d29493-597f-4419-b061-90d5eb33925b	3	130047743	130088081	38	-0.4577
08d29493-597f-4419-b061-90d5eb33925b	3	130088155	131987852	1167	0.0094
08d29493-597f-4419-b061-90d5eb33925b	3	131989313	131989627	2	-2.1275
08d29493-597f-4419-b061-90d5eb33925b	3	131996155	149245176	10733	0.0197
08d29493-597f-4419-b061-90d5eb33925b	3	149245189	149250334	26	-0.6242
08d29493-597f-4419-b061-90d5eb33925b	3	149253293	158632329	5726	0.0142
08d29493-597f-4419-b061-90d5eb33925b	3	158633095	158633756	2	-2.9451
08d29493-597f-4419-b061-90d5eb33925b	3	158641083	162795304	2607	0.0245
08d29493-597f-4419-b061-90d5eb33925b	3	162795361	162896180	58	0.5177
08d29493-597f-4419-b061-90d5eb33925b	3	162897779	178526382	9622	0.0311
08d29493-597f-4419-b061-90d5eb33925b	3	178536156	178536659	2	-2.2579
08d29493-597f-4419-b061-90d5eb33925b	3	178539169	181099654	1544	0.0181
08d29493-597f-4419-b061-90d5eb33925b	3	181105881	181142378	11	-0.7262
08d29493-597f-4419-b061-90d5eb33925b	3	181143482	193160113	7998	0.0133
08d29493-597f-4419-b061-90d5eb33925b	3	193160173	193165114	19	-0.8284
08d29493-597f-4419-b061-90d5eb33925b	3	193168646	195559056	1482	0.0115
08d29493-597f-4419-b061-90d5eb33925b	3	195656271	195728637	26	0.7358
08d29493-597f-4419-b061-90d5eb33925b	3	195728990	198169247	1183	0.0153
08d29493-597f-4419-b061-90d5eb33925b	4	68929	3597723	1439	0.0183
08d29493-597f-4419-b061-90d5eb33925b	4	3598142	3600457	2	-2.2189
08d29493-597f-4419-b061-90d5eb33925b	4	3607663	10208322	4251	0.0074
08d29493-597f-4419-b061-90d5eb33925b	4	10208339	10233644	42	-0.5211
08d29493-597f-4419-b061-90d5eb33925b	4	10234518	68478894	36452	0.0115
08d29493-597f-4419-b061-90d5eb33925b	4	68494770	68620261	68	-1.5534
08d29493-597f-4419-b061-90d5eb33925b	4	68623617	114252544	27678	0.0162
08d29493-597f-4419-b061-90d5eb33925b	4	114254167	114261019	23	0.5963
08d29493-597f-4419-b061-90d5eb33925b	4	114263073	171447291	34623	0.0176
08d29493-597f-4419-b061-90d5eb33925b	4	171447380	171456559	12	-0.9371
08d29493-597f-4419-b061-90d5eb33925b	4	171456573	190106768	12478	0.033
08d29493-597f-4419-b061-90d5eb33925b	5	15532	685633	305	0.0207
08d29493-597f-4419-b061-90d5eb33925b	5	698256	773453	27	-1.1326
08d29493-597f-4419-b061-90d5eb33925b	5	779766	21449167	15369	0.0202
08d29493-597f-4419-b061-90d5eb33925b	5	21451091	21452387	6	-1.3562
08d29493-597f-4419-b061-90d5eb33925b	5	21454830	45298509	14634	0.0116
08d29493-597f-4419-b061-90d5eb33925b	5	45298733	45888402	240	0.13
08d29493-597f-4419-b061-90d5eb33925b	5	45888562	46313433	86	0.0051
08d29493-597f-4419-b061-90d5eb33925b	5	46313539	46325676	2	-1.819
08d29493-597f-4419-b061-90d5eb33925b	5	46326086	58025819	5060	0.0249
08d29493-597f-4419-b061-90d5eb33925b	5	58030200	58037706	32	1.1976
08d29493-597f-4419-b061-90d5eb33925b	5	58042530	156048095	60244	0.0191
08d29493-597f-4419-b061-90d5eb33925b	5	156049762	156055719	14	-1.759
08d29493-597f-4419-b061-90d5eb33925b	5	156068240	176033084	14067	0.0139
08d29493-597f-4419-b061-90d5eb33925b	5	176038686	176042504	2	-2.3963
08d29493-597f-4419-b061-90d5eb33925b	5	176043321	177771448	724	0.0087
08d29493-597f-4419-b061-90d5eb33925b	5	177800550	177805604	3	1.6208
08d29493-597f-4419-b061-90d5eb33925b	5	177827964	179495745	953	0.0052
08d29493-597f-4419-b061-90d5eb33925b	5	179496475	179501760	3	-1.9336
08d29493-597f-4419-b061-90d5eb33925b	5	179504309	181363319	1026	0.0123
08d29493-597f-4419-b061-90d5eb33925b	6	149661	31318528	22323	0.0088
08d29493-597f-4419-b061-90d5eb33925b	6	31318754	31328674	9	-1.2858
08d29493-597f-4419-b061-90d5eb33925b	6	31342147	32533522	515	-0.0529
08d29493-597f-4419-b061-90d5eb33925b	6	32540699	32605994	16	0.9102
08d29493-597f-4419-b061-90d5eb33925b	6	32606237	32637799	22	-0.4988
08d29493-597f-4419-b061-90d5eb33925b	6	32638107	76726815	25870	0.0127
08d29493-597f-4419-b061-90d5eb33925b	6	76730151	76758214	23	-0.5122
08d29493-597f-4419-b061-90d5eb33925b	6	76758749	78252347	968	0.0286
08d29493-597f-4419-b061-90d5eb33925b	6	78252508	78325468	120	0.3314
08d29493-597f-4419-b061-90d5eb33925b	6	78329517	170741917	59632	0.0191
08d29493-597f-4419-b061-90d5eb33925b	7	43355	6790272	3412	0.015
08d29493-597f-4419-b061-90d5eb33925b	7	6791067	6828011	12	-0.7262
08d29493-597f-4419-b061-90d5eb33925b	7	6834642	38263833	23934	0.0197
08d29493-597f-4419-b061-90d5eb33925b	7	38271122	38345240	110	-0.418
08d29493-597f-4419-b061-90d5eb33925b	7	38347190	134100424	54183	0.0122
08d29493-597f-4419-b061-90d5eb33925b	7	134100442	134110881	25	0.6046
08d29493-597f-4419-b061-90d5eb33925b	7	134110912	142063324	5203	0.0172
08d29493-597f-4419-b061-90d5eb33925b	7	142069843	142092307	34	-0.4953
08d29493-597f-4419-b061-90d5eb33925b	7	142099190	143733483	917	-0.004
08d29493-597f-4419-b061-90d5eb33925b	7	143733941	143850179	16	0.6106
08d29493-597f-4419-b061-90d5eb33925b	7	143875073	159334314	9925	0.0198
08d29493-597f-4419-b061-90d5eb33925b	8	81254	644973	323	0.0371
08d29493-597f-4419-b061-90d5eb33925b	8	645220	645908	8	1.4143
08d29493-597f-4419-b061-90d5eb33925b	8	656117	3306811	2183	0.0324
08d29493-597f-4419-b061-90d5eb33925b	8	3306963	3312562	5	-0.8743
08d29493-597f-4419-b061-90d5eb33925b	8	3313072	3682943	460	0.0284
08d29493-597f-4419-b061-90d5eb33925b	8	3683615	5896197	3196	0.0706
08d29493-597f-4419-b061-90d5eb33925b	8	5896198	7357288	1552	0.0088
08d29493-597f-4419-b061-90d5eb33925b	8	7357323	7397588	19	-0.5245
08d29493-597f-4419-b061-90d5eb33925b	8	7414835	7886542	20	-0.0688
08d29493-597f-4419-b061-90d5eb33925b	8	7888457	7890177	4	-1.0549
08d29493-597f-4419-b061-90d5eb33925b	8	7919608	12359339	3250	0.0127
08d29493-597f-4419-b061-90d5eb33925b	8	12374772	12376708	5	-1.2131
08d29493-597f-4419-b061-90d5eb33925b	8	12376742	13606434	925	-0.0068
08d29493-597f-4419-b061-90d5eb33925b	8	13606815	16706608	2891	0.047
08d29493-597f-4419-b061-90d5eb33925b	8	16709007	17960811	1160	-0.0068
08d29493-597f-4419-b061-90d5eb33925b	8	17962303	17966784	3	-1.6869
08d29493-597f-4419-b061-90d5eb33925b	8	17969395	20056792	1838	0.0034
08d29493-597f-4419-b061-90d5eb33925b	8	20056974	20057012	2	-1.6932
08d29493-597f-4419-b061-90d5eb33925b	8	20057087	39389156	12660	0.0069
08d29493-597f-4419-b061-90d5eb33925b	8	39389592	39529446	57	-1.8074
08d29493-597f-4419-b061-90d5eb33925b	8	39530780	111279123	41983	0.0134
08d29493-597f-4419-b061-90d5eb33925b	8	111279265	111283031	11	-0.8831
08d29493-597f-4419-b061-90d5eb33925b	8	111288052	114622438	1822	0.0358
08d29493-597f-4419-b061-90d5eb33925b	8	114622478	114629502	31	-0.5157
08d29493-597f-4419-b061-90d5eb33925b	8	114638468	145072769	21051	0.015
08d29493-597f-4419-b061-90d5eb33925b	9	46587	5531861	5613	0.0074
08d29493-597f-4419-b061-90d5eb33925b	9	5538263	5541877	2	-2.0686
08d29493-597f-4419-b061-90d5eb33925b	9	5545198	25499530	16344	0.0233
08d29493-597f-4419-b061-90d5eb33925b	9	25499582	25500383	6	-1.0159
08d29493-597f-4419-b061-90d5eb33925b	9	25508137	38989381	9132	0.0149
08d29493-597f-4419-b061-90d5eb33925b	9	38996106	39249784	30	-0.6286
08d29493-597f-4419-b061-90d5eb33925b	9	39272359	42014203	137	0.0836
08d29493-597f-4419-b061-90d5eb33925b	9	42037471	42179276	20	-1.6631
08d29493-597f-4419-b061-90d5eb33925b	9	42202227	61405110	72	-0.2746
08d29493-597f-4419-b061-90d5eb33925b	9	61520021	61647899	30	-1.3212
08d29493-597f-4419-b061-90d5eb33925b	9	61665362	138200944	48057	-0.0005
08d29493-597f-4419-b061-90d5eb33925b	10	45792	46146453	31486	0.0095
08d29493-597f-4419-b061-90d5eb33925b	10	46154876	46442116	170	0.5372
08d29493-597f-4419-b061-90d5eb33925b	10	46446814	46526061	16	-0.5631
08d29493-597f-4419-b061-90d5eb33925b	10	46526086	65420363	12639	0.0184
08d29493-597f-4419-b061-90d5eb33925b	10	65422498	65427214	6	-1.0337
08d29493-597f-4419-b061-90d5eb33925b	10	65433597	86208868	14036	0.0135
08d29493-597f-4419-b061-90d5eb33925b	10	86209351	86209556	3	-1.7678
08d29493-597f-4419-b061-90d5eb33925b	10	86209725	133654968	32258	0.0066
08d29493-597f-4419-b061-90d5eb33925b	11	198510	54924229	34221	0.0095
08d29493-597f-4419-b061-90d5eb33925b	11	54933825	54934156	3	-1.9917
08d29493-597f-4419-b061-90d5eb33925b	11	54940988	55608804	246	0.0469
08d29493-597f-4419-b061-90d5eb33925b	11	55609022	55685533	51	0.5029
08d29493-597f-4419-b061-90d5eb33925b	11	55686100	123650732	43574	0.0072
08d29493-597f-4419-b061-90d5eb33925b	11	123652013	123652399	4	-2.0988
08d29493-597f-4419-b061-90d5eb33925b	11	123652650	135074876	8674	0.0081
08d29493-597f-4419-b061-90d5eb33925b	12	51460	760032	418	0.0089
08d29493-597f-4419-b061-90d5eb33925b	12	760097	766188	17	-0.7515
08d29493-597f-4419-b061-90d5eb33925b	12	767080	7842191	4922	0.011
08d29493-597f-4419-b061-90d5eb33925b	12	7851829	7971304	58	0.5514
08d29493-597f-4419-b061-90d5eb33925b	12	7978362	22086364	9244	0.0149
08d29493-597f-4419-b061-90d5eb33925b	12	22090581	22090627	2	-1.6863
08d29493-597f-4419-b061-90d5eb33925b	12	22090727	30086381	5829	0.0167
08d29493-597f-4419-b061-90d5eb33925b	12	30086486	30090628	16	-0.4709
08d29493-597f-4419-b061-90d5eb33925b	12	30090642	33149267	2270	0.0174
08d29493-597f-4419-b061-90d5eb33925b	12	33149504	33150932	11	-0.717
08d29493-597f-4419-b061-90d5eb33925b	12	33151649	42213169	3604	0.0231
08d29493-597f-4419-b061-90d5eb33925b	12	42213315	42224099	2	-1.9842
08d29493-597f-4419-b061-90d5eb33925b	12	42224181	57840479	8854	0.0048
08d29493-597f-4419-b061-90d5eb33925b	12	57842827	57851618	2	-1.8805
08d29493-597f-4419-b061-90d5eb33925b	12	57857874	90089573	20345	0.0132
08d29493-597f-4419-b061-90d5eb33925b	12	90097892	90097910	2	-2.0968
08d29493-597f-4419-b061-90d5eb33925b	12	90098039	121184637	21051	0.0105
08d29493-597f-4419-b061-90d5eb33925b	12	121189655	121191875	2	-1.9439
08d29493-597f-4419-b061-90d5eb33925b	12	121192617	133201603	8127	0.0182
08d29493-597f-4419-b061-90d5eb33925b	13	18452809	37496998	13467	0.0125
08d29493-597f-4419-b061-90d5eb33925b	13	37497899	37510620	16	0.7313
08d29493-597f-4419-b061-90d5eb33925b	13	37514193	50821172	9027	0.0149
08d29493-597f-4419-b061-90d5eb33925b	13	50821881	50821948	2	-2.1498
08d29493-597f-4419-b061-90d5eb33925b	13	50824166	114342922	41592	0.0186
08d29493-597f-4419-b061-90d5eb33925b	14	18239283	19134873	34	0.0909
08d29493-597f-4419-b061-90d5eb33925b	14	19138115	19954424	132	-0.3411
08d29493-597f-4419-b061-90d5eb33925b	14	19955213	22065693	1458	-0.0024
08d29493-597f-4419-b061-90d5eb33925b	14	22066233	22501343	385	-0.3733
08d29493-597f-4419-b061-90d5eb33925b	14	22501463	40139724	11021	0.0061
08d29493-597f-4419-b061-90d5eb33925b	14	40144718	40147715	2	-1.8279
08d29493-597f-4419-b061-90d5eb33925b	14	40148961	73534419	21183	0.0108
08d29493-597f-4419-b061-90d5eb33925b	14	73540003	73554275	8	-1.7105
08d29493-597f-4419-b061-90d5eb33925b	14	73563196	85098746	7592	0.0082
08d29493-597f-4419-b061-90d5eb33925b	14	85098811	85098951	3	-2.05
08d29493-597f-4419-b061-90d5eb33925b	14	85099082	106877229	13549	0.0084
08d29493-597f-4419-b061-90d5eb33925b	15	19811075	20217125	62	-0.0321
08d29493-597f-4419-b061-90d5eb33925b	15	20235285	22455811	148	-0.3792
08d29493-597f-4419-b061-90d5eb33925b	15	22483983	23191992	311	-0.0191
08d29493-597f-4419-b061-90d5eb33925b	15	23199669	23425837	13	0.5694
08d29493-597f-4419-b061-90d5eb33925b	15	23426699	24240681	593	0.0011
08d29493-597f-4419-b061-90d5eb33925b	15	24247869	24258119	4	-1.2444
08d29493-597f-4419-b061-90d5eb33925b	15	24258513	25504634	758	0.0112
08d29493-597f-4419-b061-90d5eb33925b	15	25508011	25509378	2	-1.904
08d29493-597f-4419-b061-90d5eb33925b	15	25510549	76599170	32006	-0.0083
08d29493-597f-4419-b061-90d5eb33925b	15	76599286	76603426	14	0.646
08d29493-597f-4419-b061-90d5eb33925b	15	76603428	101928837	17609	-0.0074
08d29493-597f-4419-b061-90d5eb33925b	16	10777	19931704	13454	-0.0089
08d29493-597f-4419-b061-90d5eb33925b	16	19932678	19958932	32	-0.7239
08d29493-597f-4419-b061-90d5eb33925b	16	19959168	90096867	38338	-0.0052
08d29493-597f-4419-b061-90d5eb33925b	17	150733	18452078	11388	-0.0048
08d29493-597f-4419-b061-90d5eb33925b	17	18455632	18561272	25	0.669
08d29493-597f-4419-b061-90d5eb33925b	17	18561907	46084918	11906	-0.0036
08d29493-597f-4419-b061-90d5eb33925b	17	46084941	46351954	129	0.5121
08d29493-597f-4419-b061-90d5eb33925b	17	46446345	83091923	21547	-0.0049
08d29493-597f-4419-b061-90d5eb33925b	18	48133	5584443	3947	0.0079
08d29493-597f-4419-b061-90d5eb33925b	18	5584968	5585240	2	-1.8484
08d29493-597f-4419-b061-90d5eb33925b	18	5587042	65536507	35963	0.0087
08d29493-597f-4419-b061-90d5eb33925b	18	65536523	66028237	354	0.1121
08d29493-597f-4419-b061-90d5eb33925b	18	66028925	71448571	3906	0.0252
08d29493-597f-4419-b061-90d5eb33925b	18	71449126	73569230	1673	0.0933
08d29493-597f-4419-b061-90d5eb33925b	18	73569353	80257174	4867	0.0106
08d29493-597f-4419-b061-90d5eb33925b	19	90910	21632117	9600	-0.0157
08d29493-597f-4419-b061-90d5eb33925b	19	21632838	21637067	2	-2.2729
08d29493-597f-4419-b061-90d5eb33925b	19	21637309	35358420	7085	-0.0045
08d29493-597f-4419-b061-90d5eb33925b	19	35364451	35379446	26	-0.6279
08d29493-597f-4419-b061-90d5eb33925b	19	35379534	58586487	12368	-0.0089
08d29493-597f-4419-b061-90d5eb33925b	20	80664	1571811	1181	0.0044
08d29493-597f-4419-b061-90d5eb33925b	20	1576544	1580141	17	-0.7117
08d29493-597f-4419-b061-90d5eb33925b	20	1580156	1598475	35	0.2368
08d29493-597f-4419-b061-90d5eb33925b	20	1599742	1613247	10	0.9849
08d29493-597f-4419-b061-90d5eb33925b	20	1617300	64324800	41093	-0.0031
08d29493-597f-4419-b061-90d5eb33925b	21	10354168	10556313	49	-0.0188
08d29493-597f-4419-b061-90d5eb33925b	21	10558268	13221914	68	-0.2777
08d29493-597f-4419-b061-90d5eb33925b	21	13223423	46677045	23725	0.0104
08d29493-597f-4419-b061-90d5eb33925b	22	15294547	23981995	4390	-0.0067
08d29493-597f-4419-b061-90d5eb33925b	22	23987520	23990739	5	-1.874
08d29493-597f-4419-b061-90d5eb33925b	22	23995113	50796027	18863	-0.0158
08d29493-597f-4419-b061-90d5eb33925b	X	251810	16120796	9850	-0.0069
08d29493-597f-4419-b061-90d5eb33925b	X	16123701	16123848	2	1.1959
08d29493-597f-4419-b061-90d5eb33925b	X	16124935	37825783	13431	-0.0122
08d29493-597f-4419-b061-90d5eb33925b	X	37825912	78498177	16826	0.0082
08d29493-597f-4419-b061-90d5eb33925b	X	78498417	155952689	43514	-0.0067
08d29493-597f-4419-b061-90d5eb33925b	Y	2782397	56872112	6640	-1.0014
