GDC_Aliquot	Chromosome	Start	End	Num_Probes	Segment_Mean
34f02c91-ec41-4431-80f2-ed16a43c1ef5	1	62920	5501124	2392	-0.0174
34f02c91-ec41-4431-80f2-ed16a43c1ef5	1	5501451	16569132	6245	0.0441
34f02c91-ec41-4431-80f2-ed16a43c1ef5	1	16570326	16643961	28	-0.3284
34f02c91-ec41-4431-80f2-ed16a43c1ef5	1	16679239	30667100	8085	0.0519
34f02c91-ec41-4431-80f2-ed16a43c1ef5	1	30670188	30778851	83	0.5424
34f02c91-ec41-4431-80f2-ed16a43c1ef5	1	30789158	37434572	3654	0.0546
34f02c91-ec41-4431-80f2-ed16a43c1ef5	1	37434814	37436730	3	-1.9547
34f02c91-ec41-4431-80f2-ed16a43c1ef5	1	37436802	47845947	5853	0.0583
34f02c91-ec41-4431-80f2-ed16a43c1ef5	1	47847320	54730235	3731	-0.4642
34f02c91-ec41-4431-80f2-ed16a43c1ef5	1	54730247	54730426	3	-2.5852
34f02c91-ec41-4431-80f2-ed16a43c1ef5	1	54731066	72303233	12615	-0.4549
34f02c91-ec41-4431-80f2-ed16a43c1ef5	1	72303253	72345465	45	0.7667
34f02c91-ec41-4431-80f2-ed16a43c1ef5	1	72346221	85392440	8465	-0.4452
34f02c91-ec41-4431-80f2-ed16a43c1ef5	1	85403463	90633656	3466	0.0579
34f02c91-ec41-4431-80f2-ed16a43c1ef5	1	90634163	90634219	2	-1.3856
34f02c91-ec41-4431-80f2-ed16a43c1ef5	1	90634346	93691951	1723	0.0513
34f02c91-ec41-4431-80f2-ed16a43c1ef5	1	93692386	95437471	1353	0.2452
34f02c91-ec41-4431-80f2-ed16a43c1ef5	1	95439067	95689620	147	0.0754
34f02c91-ec41-4431-80f2-ed16a43c1ef5	1	95690160	95690510	2	-1.965
34f02c91-ec41-4431-80f2-ed16a43c1ef5	1	95690660	105470754	5756	0.0162
34f02c91-ec41-4431-80f2-ed16a43c1ef5	1	105476583	105479753	17	0.8789
34f02c91-ec41-4431-80f2-ed16a43c1ef5	1	105481433	112147704	4597	0.0292
34f02c91-ec41-4431-80f2-ed16a43c1ef5	1	112153343	112154768	25	0.4929
34f02c91-ec41-4431-80f2-ed16a43c1ef5	1	112163334	121556564	5142	0.0472
34f02c91-ec41-4431-80f2-ed16a43c1ef5	1	121558757	143494500	17	-0.1773
34f02c91-ec41-4431-80f2-ed16a43c1ef5	1	143541857	143748012	96	-0.7429
34f02c91-ec41-4431-80f2-ed16a43c1ef5	1	143748074	148987434	900	-0.1476
34f02c91-ec41-4431-80f2-ed16a43c1ef5	1	148987476	152583051	1444	0.0589
34f02c91-ec41-4431-80f2-ed16a43c1ef5	1	152583230	152614064	33	-1.9736
34f02c91-ec41-4431-80f2-ed16a43c1ef5	1	152614100	167736395	10318	0.0443
34f02c91-ec41-4431-80f2-ed16a43c1ef5	1	167743841	167746160	5	-1.0013
34f02c91-ec41-4431-80f2-ed16a43c1ef5	1	167746504	169247699	1155	0.0728
34f02c91-ec41-4431-80f2-ed16a43c1ef5	1	169264736	169272528	7	1.1454
34f02c91-ec41-4431-80f2-ed16a43c1ef5	1	169273163	184433894	10102	0.0449
34f02c91-ec41-4431-80f2-ed16a43c1ef5	1	184434752	193187218	5678	0.0159
34f02c91-ec41-4431-80f2-ed16a43c1ef5	1	193190593	196745743	2395	0.0379
34f02c91-ec41-4431-80f2-ed16a43c1ef5	1	196758720	196859808	72	0.2594
34f02c91-ec41-4431-80f2-ed16a43c1ef5	1	196862194	209897717	8770	0.0461
34f02c91-ec41-4431-80f2-ed16a43c1ef5	1	209908268	209908720	2	-1.5231
34f02c91-ec41-4431-80f2-ed16a43c1ef5	1	209910639	214463026	3093	0.0551
34f02c91-ec41-4431-80f2-ed16a43c1ef5	1	214463757	214471977	15	-0.577
34f02c91-ec41-4431-80f2-ed16a43c1ef5	1	214474285	230662105	10721	0.0438
34f02c91-ec41-4431-80f2-ed16a43c1ef5	1	230663062	230823931	144	0.2756
34f02c91-ec41-4431-80f2-ed16a43c1ef5	1	230825623	240228440	7173	0.0453
34f02c91-ec41-4431-80f2-ed16a43c1ef5	1	240230715	240230839	6	-1.094
34f02c91-ec41-4431-80f2-ed16a43c1ef5	1	240232805	241561622	1056	0.0427
34f02c91-ec41-4431-80f2-ed16a43c1ef5	1	241561862	244210070	1804	-0.0129
34f02c91-ec41-4431-80f2-ed16a43c1ef5	1	244216130	248930189	2997	0.0449
34f02c91-ec41-4431-80f2-ed16a43c1ef5	2	12784	700405	492	-0.0112
34f02c91-ec41-4431-80f2-ed16a43c1ef5	2	700580	1972219	795	-0.1076
34f02c91-ec41-4431-80f2-ed16a43c1ef5	2	1972518	8620309	5524	0.0077
34f02c91-ec41-4431-80f2-ed16a43c1ef5	2	8621032	10000867	891	0.0807
34f02c91-ec41-4431-80f2-ed16a43c1ef5	2	10001063	10017647	4	-0.999
34f02c91-ec41-4431-80f2-ed16a43c1ef5	2	10019309	11736490	1203	0.0718
34f02c91-ec41-4431-80f2-ed16a43c1ef5	2	11738979	34460213	15159	0.0321
34f02c91-ec41-4431-80f2-ed16a43c1ef5	2	34466002	34511990	47	-0.5743
34f02c91-ec41-4431-80f2-ed16a43c1ef5	2	34512489	37206067	2048	0.0435
34f02c91-ec41-4431-80f2-ed16a43c1ef5	2	37206233	38122373	709	0.1351
34f02c91-ec41-4431-80f2-ed16a43c1ef5	2	38123672	40590358	1699	0.0343
34f02c91-ec41-4431-80f2-ed16a43c1ef5	2	40591489	40595087	4	-0.9419
34f02c91-ec41-4431-80f2-ed16a43c1ef5	2	40595208	41011463	343	0.0285
34f02c91-ec41-4431-80f2-ed16a43c1ef5	2	41011478	41018747	18	-0.6775
34f02c91-ec41-4431-80f2-ed16a43c1ef5	2	41024093	49022868	5686	0.0572
34f02c91-ec41-4431-80f2-ed16a43c1ef5	2	49023682	52527330	2489	0.009
34f02c91-ec41-4431-80f2-ed16a43c1ef5	2	52527342	52554157	31	0.4339
34f02c91-ec41-4431-80f2-ed16a43c1ef5	2	52554188	54206889	1247	0.0381
34f02c91-ec41-4431-80f2-ed16a43c1ef5	2	54207604	55424257	943	0.0994
34f02c91-ec41-4431-80f2-ed16a43c1ef5	2	55424488	56507676	706	0.0444
34f02c91-ec41-4431-80f2-ed16a43c1ef5	2	56508669	56515886	13	0.0153
34f02c91-ec41-4431-80f2-ed16a43c1ef5	2	56515930	56515997	2	-1.2279
34f02c91-ec41-4431-80f2-ed16a43c1ef5	2	56516300	59395347	1873	0.0195
34f02c91-ec41-4431-80f2-ed16a43c1ef5	2	59399522	59411121	5	-1.5744
34f02c91-ec41-4431-80f2-ed16a43c1ef5	2	59416363	76719424	10833	0.0439
34f02c91-ec41-4431-80f2-ed16a43c1ef5	2	76721868	76721907	2	1.6328
34f02c91-ec41-4431-80f2-ed16a43c1ef5	2	76722189	86901078	6358	0.0407
34f02c91-ec41-4431-80f2-ed16a43c1ef5	2	86902080	87082140	14	-0.7491
34f02c91-ec41-4431-80f2-ed16a43c1ef5	2	87082711	104240574	5932	0.032
34f02c91-ec41-4431-80f2-ed16a43c1ef5	2	104242787	104445976	129	0.1976
34f02c91-ec41-4431-80f2-ed16a43c1ef5	2	104447789	122719438	10863	0.035
34f02c91-ec41-4431-80f2-ed16a43c1ef5	2	122722323	122724665	8	-0.9916
34f02c91-ec41-4431-80f2-ed16a43c1ef5	2	122726077	137647291	9111	0.0145
34f02c91-ec41-4431-80f2-ed16a43c1ef5	2	137649270	138377143	436	0.1112
34f02c91-ec41-4431-80f2-ed16a43c1ef5	2	138377835	146107615	4780	0.0152
34f02c91-ec41-4431-80f2-ed16a43c1ef5	2	146107675	146109366	16	1.0468
34f02c91-ec41-4431-80f2-ed16a43c1ef5	2	146120238	155328038	5603	0.025
34f02c91-ec41-4431-80f2-ed16a43c1ef5	2	155334957	159102108	2180	0.0589
34f02c91-ec41-4431-80f2-ed16a43c1ef5	2	159103831	159104461	2	-1.7189
34f02c91-ec41-4431-80f2-ed16a43c1ef5	2	159106775	165464788	3711	0.0661
34f02c91-ec41-4431-80f2-ed16a43c1ef5	2	165465726	167823458	1428	0.0138
34f02c91-ec41-4431-80f2-ed16a43c1ef5	2	167825989	174196678	4271	0.0662
34f02c91-ec41-4431-80f2-ed16a43c1ef5	2	174198290	181265239	4471	0.0288
34f02c91-ec41-4431-80f2-ed16a43c1ef5	2	181266673	183814089	1560	0.0693
34f02c91-ec41-4431-80f2-ed16a43c1ef5	2	183826726	183826922	2	-2.3539
34f02c91-ec41-4431-80f2-ed16a43c1ef5	2	183830925	198080915	8008	0.0528
34f02c91-ec41-4431-80f2-ed16a43c1ef5	2	198082793	199164868	708	0.1294
34f02c91-ec41-4431-80f2-ed16a43c1ef5	2	199165026	207490231	5010	0.0488
34f02c91-ec41-4431-80f2-ed16a43c1ef5	2	207490454	207494612	16	0.5178
34f02c91-ec41-4431-80f2-ed16a43c1ef5	2	207494752	208130203	354	0.0737
34f02c91-ec41-4431-80f2-ed16a43c1ef5	2	208130385	208130702	2	-1.0633
34f02c91-ec41-4431-80f2-ed16a43c1ef5	2	208131020	208358264	148	0.1063
34f02c91-ec41-4431-80f2-ed16a43c1ef5	2	208358295	241543138	21378	0.026
34f02c91-ec41-4431-80f2-ed16a43c1ef5	2	241546649	241568992	16	-0.5295
34f02c91-ec41-4431-80f2-ed16a43c1ef5	2	241573649	242016272	80	0.052
34f02c91-ec41-4431-80f2-ed16a43c1ef5	2	242016307	242030314	17	-0.5466
34f02c91-ec41-4431-80f2-ed16a43c1ef5	2	242031343	242147305	72	0.0551
34f02c91-ec41-4431-80f2-ed16a43c1ef5	3	20930	24303136	18138	0.0351
34f02c91-ec41-4431-80f2-ed16a43c1ef5	3	24303431	26199000	1628	0.0887
34f02c91-ec41-4431-80f2-ed16a43c1ef5	3	26199207	26767551	416	-0.0201
34f02c91-ec41-4431-80f2-ed16a43c1ef5	3	26768959	28298017	996	0.2015
34f02c91-ec41-4431-80f2-ed16a43c1ef5	3	28300030	40578848	8149	0.0479
34f02c91-ec41-4431-80f2-ed16a43c1ef5	3	40580424	41558836	761	0.1723
34f02c91-ec41-4431-80f2-ed16a43c1ef5	3	41562962	54261768	6500	0.0556
34f02c91-ec41-4431-80f2-ed16a43c1ef5	3	54262159	56194364	1577	-0.0034
34f02c91-ec41-4431-80f2-ed16a43c1ef5	3	56194854	59986051	2426	0.058
34f02c91-ec41-4431-80f2-ed16a43c1ef5	3	59988736	60064012	131	-0.1174
34f02c91-ec41-4431-80f2-ed16a43c1ef5	3	60064367	65214027	4602	0.0669
34f02c91-ec41-4431-80f2-ed16a43c1ef5	3	65214192	65222055	16	-0.4417
34f02c91-ec41-4431-80f2-ed16a43c1ef5	3	65224302	68697013	2429	0.0408
34f02c91-ec41-4431-80f2-ed16a43c1ef5	3	68697108	68698262	14	-1.4034
34f02c91-ec41-4431-80f2-ed16a43c1ef5	3	68699607	69987610	1091	0.0248
34f02c91-ec41-4431-80f2-ed16a43c1ef5	3	69987966	69991393	6	-0.8163
34f02c91-ec41-4431-80f2-ed16a43c1ef5	3	69992952	84649839	8803	0.0281
34f02c91-ec41-4431-80f2-ed16a43c1ef5	3	84650033	84651245	11	-0.603
34f02c91-ec41-4431-80f2-ed16a43c1ef5	3	84652750	98180575	5388	0.0394
34f02c91-ec41-4431-80f2-ed16a43c1ef5	3	98189826	98195973	4	-1.1598
34f02c91-ec41-4431-80f2-ed16a43c1ef5	3	98197104	125950205	16945	0.0397
34f02c91-ec41-4431-80f2-ed16a43c1ef5	3	125954540	125957120	3	-1.6875
34f02c91-ec41-4431-80f2-ed16a43c1ef5	3	125961657	162790480	22681	0.0319
34f02c91-ec41-4431-80f2-ed16a43c1ef5	3	162794869	162908207	70	-0.4209
34f02c91-ec41-4431-80f2-ed16a43c1ef5	3	162908784	175625237	7862	0.0452
34f02c91-ec41-4431-80f2-ed16a43c1ef5	3	175625295	175946031	166	0.2087
34f02c91-ec41-4431-80f2-ed16a43c1ef5	3	175949073	176165961	123	0.0446
34f02c91-ec41-4431-80f2-ed16a43c1ef5	3	176170271	176196691	34	-0.7904
34f02c91-ec41-4431-80f2-ed16a43c1ef5	3	176198433	189642965	8477	0.0351
34f02c91-ec41-4431-80f2-ed16a43c1ef5	3	189645889	189646849	11	-1.0409
34f02c91-ec41-4431-80f2-ed16a43c1ef5	3	189653199	198169247	5198	0.0529
34f02c91-ec41-4431-80f2-ed16a43c1ef5	4	68929	9455251	5147	0.0314
34f02c91-ec41-4431-80f2-ed16a43c1ef5	4	9459504	9477699	6	2.2841
34f02c91-ec41-4431-80f2-ed16a43c1ef5	4	9484440	10208766	538	0.0192
34f02c91-ec41-4431-80f2-ed16a43c1ef5	4	10212536	10229874	29	1.2552
34f02c91-ec41-4431-80f2-ed16a43c1ef5	4	10232590	10389091	178	0.0337
34f02c91-ec41-4431-80f2-ed16a43c1ef5	4	10390730	10399044	15	-2.0561
34f02c91-ec41-4431-80f2-ed16a43c1ef5	4	10401094	68478894	36266	0.0348
34f02c91-ec41-4431-80f2-ed16a43c1ef5	4	68494770	68623617	69	-0.3085
34f02c91-ec41-4431-80f2-ed16a43c1ef5	4	68639397	69255545	313	0.1188
34f02c91-ec41-4431-80f2-ed16a43c1ef5	4	69257792	69366081	55	-0.5932
34f02c91-ec41-4431-80f2-ed16a43c1ef5	4	69366304	73908655	2720	0.0518
34f02c91-ec41-4431-80f2-ed16a43c1ef5	4	73909248	74997724	646	0.1353
34f02c91-ec41-4431-80f2-ed16a43c1ef5	4	74998425	90366053	9748	0.0463
34f02c91-ec41-4431-80f2-ed16a43c1ef5	4	90366699	90370365	7	-0.8968
34f02c91-ec41-4431-80f2-ed16a43c1ef5	4	90373217	90741848	184	0.0345
34f02c91-ec41-4431-80f2-ed16a43c1ef5	4	90741991	90742572	2	-1.2281
34f02c91-ec41-4431-80f2-ed16a43c1ef5	4	90742872	91262950	355	0.0412
34f02c91-ec41-4431-80f2-ed16a43c1ef5	4	91267480	91362620	67	-0.5477
34f02c91-ec41-4431-80f2-ed16a43c1ef5	4	91365073	108590042	10056	0.0304
34f02c91-ec41-4431-80f2-ed16a43c1ef5	4	108590078	108590472	3	-1.1159
34f02c91-ec41-4431-80f2-ed16a43c1ef5	4	108592814	114252544	3534	0.054
34f02c91-ec41-4431-80f2-ed16a43c1ef5	4	114254167	114261019	23	-1.1395
34f02c91-ec41-4431-80f2-ed16a43c1ef5	4	114263073	137171085	13236	0.0303
34f02c91-ec41-4431-80f2-ed16a43c1ef5	4	137171266	137173967	16	-0.7098
34f02c91-ec41-4431-80f2-ed16a43c1ef5	4	137187209	160958989	14711	0.0427
34f02c91-ec41-4431-80f2-ed16a43c1ef5	4	160959045	160963448	17	0.5772
34f02c91-ec41-4431-80f2-ed16a43c1ef5	4	160963756	163716726	1784	0.0286
34f02c91-ec41-4431-80f2-ed16a43c1ef5	4	163716779	163733960	9	-0.9049
34f02c91-ec41-4431-80f2-ed16a43c1ef5	4	163734033	186188429	14804	0.0269
34f02c91-ec41-4431-80f2-ed16a43c1ef5	4	186188712	186201750	22	-0.5308
34f02c91-ec41-4431-80f2-ed16a43c1ef5	4	186208398	186734358	375	0.0647
34f02c91-ec41-4431-80f2-ed16a43c1ef5	4	186737372	186913243	127	0.3439
34f02c91-ec41-4431-80f2-ed16a43c1ef5	4	186913636	187964371	680	0.0999
34f02c91-ec41-4431-80f2-ed16a43c1ef5	4	187964843	190106768	1358	-0.0359
34f02c91-ec41-4431-80f2-ed16a43c1ef5	5	15532	760986	327	-0.0542
34f02c91-ec41-4431-80f2-ed16a43c1ef5	5	761010	852451	26	0.4547
34f02c91-ec41-4431-80f2-ed16a43c1ef5	5	863682	5773026	4144	-0.01
34f02c91-ec41-4431-80f2-ed16a43c1ef5	5	5773289	58025819	31231	0.036
34f02c91-ec41-4431-80f2-ed16a43c1ef5	5	58030200	58037706	32	1.7053
34f02c91-ec41-4431-80f2-ed16a43c1ef5	5	58042530	59055501	782	0.0277
34f02c91-ec41-4431-80f2-ed16a43c1ef5	5	59056383	59263216	186	-0.2484
34f02c91-ec41-4431-80f2-ed16a43c1ef5	5	59263335	62277545	1867	0.0404
34f02c91-ec41-4431-80f2-ed16a43c1ef5	5	62279164	62280093	2	-1.6048
34f02c91-ec41-4431-80f2-ed16a43c1ef5	5	62280446	81363738	10966	0.0518
34f02c91-ec41-4431-80f2-ed16a43c1ef5	5	81364065	94832026	7303	0.0249
34f02c91-ec41-4431-80f2-ed16a43c1ef5	5	94832585	99280815	2684	0.067
34f02c91-ec41-4431-80f2-ed16a43c1ef5	5	99280971	99854756	320	0.1668
34f02c91-ec41-4431-80f2-ed16a43c1ef5	5	99855985	105310690	3314	0.0411
34f02c91-ec41-4431-80f2-ed16a43c1ef5	5	105311213	119411319	9697	0.019
34f02c91-ec41-4431-80f2-ed16a43c1ef5	5	119411746	126386843	4624	0.0586
34f02c91-ec41-4431-80f2-ed16a43c1ef5	5	126388655	128216837	1047	0.1896
34f02c91-ec41-4431-80f2-ed16a43c1ef5	5	128216968	133985248	3396	0.0477
34f02c91-ec41-4431-80f2-ed16a43c1ef5	5	133986333	134206430	146	-0.1712
34f02c91-ec41-4431-80f2-ed16a43c1ef5	5	134211775	140324160	3477	0.0581
34f02c91-ec41-4431-80f2-ed16a43c1ef5	5	140325464	140441264	48	0.4245
34f02c91-ec41-4431-80f2-ed16a43c1ef5	5	140445890	151416687	7172	0.064
34f02c91-ec41-4431-80f2-ed16a43c1ef5	5	151419968	154256628	1984	0.0165
34f02c91-ec41-4431-80f2-ed16a43c1ef5	5	154256785	156048095	1234	0.0598
34f02c91-ec41-4431-80f2-ed16a43c1ef5	5	156049762	156055719	14	-2.1356
34f02c91-ec41-4431-80f2-ed16a43c1ef5	5	156068240	163794743	5186	0.0534
34f02c91-ec41-4431-80f2-ed16a43c1ef5	5	163794758	170934487	5264	0.0235
34f02c91-ec41-4431-80f2-ed16a43c1ef5	5	170937925	181363319	6328	0.0613
34f02c91-ec41-4431-80f2-ed16a43c1ef5	6	149661	252145	96	-0.0778
34f02c91-ec41-4431-80f2-ed16a43c1ef5	6	252772	4287945	3287	0.0893
34f02c91-ec41-4431-80f2-ed16a43c1ef5	6	4287992	29869295	18260	0.0343
34f02c91-ec41-4431-80f2-ed16a43c1ef5	6	29869410	30003771	85	-0.5868
34f02c91-ec41-4431-80f2-ed16a43c1ef5	6	30010250	31313046	593	0.0378
34f02c91-ec41-4431-80f2-ed16a43c1ef5	6	31318499	31328674	11	-1.5456
34f02c91-ec41-4431-80f2-ed16a43c1ef5	6	31342147	32722250	606	-0.0105
34f02c91-ec41-4431-80f2-ed16a43c1ef5	6	32723020	32723053	3	2.5124
34f02c91-ec41-4431-80f2-ed16a43c1ef5	6	32732907	36475699	2129	0.0364
34f02c91-ec41-4431-80f2-ed16a43c1ef5	6	36479510	36768988	174	0.2008
34f02c91-ec41-4431-80f2-ed16a43c1ef5	6	36769209	41897385	3687	0.0356
34f02c91-ec41-4431-80f2-ed16a43c1ef5	6	41898342	42042947	87	-0.1735
34f02c91-ec41-4431-80f2-ed16a43c1ef5	6	42046402	46336508	2550	0.0416
34f02c91-ec41-4431-80f2-ed16a43c1ef5	6	46337391	48264680	1307	0.1033
34f02c91-ec41-4431-80f2-ed16a43c1ef5	6	48264696	52232533	2359	0.0557
34f02c91-ec41-4431-80f2-ed16a43c1ef5	6	52235651	52334407	77	0.456
34f02c91-ec41-4431-80f2-ed16a43c1ef5	6	52336174	73882509	11661	0.0379
34f02c91-ec41-4431-80f2-ed16a43c1ef5	6	73882741	73887625	8	-2.2618
34f02c91-ec41-4431-80f2-ed16a43c1ef5	6	73891694	76708370	1753	0.0454
34f02c91-ec41-4431-80f2-ed16a43c1ef5	6	76708490	76708515	2	-1.2933
34f02c91-ec41-4431-80f2-ed16a43c1ef5	6	76710479	76726815	15	0.0089
34f02c91-ec41-4431-80f2-ed16a43c1ef5	6	76730151	76733530	11	-4.5487
34f02c91-ec41-4431-80f2-ed16a43c1ef5	6	76736482	76743040	10	-1.2528
34f02c91-ec41-4431-80f2-ed16a43c1ef5	6	76751356	78259348	977	0.0235
34f02c91-ec41-4431-80f2-ed16a43c1ef5	6	78259388	78317642	104	0.3744
34f02c91-ec41-4431-80f2-ed16a43c1ef5	6	78317798	79896105	993	0.0519
34f02c91-ec41-4431-80f2-ed16a43c1ef5	6	79897002	79904867	10	-0.5875
34f02c91-ec41-4431-80f2-ed16a43c1ef5	6	79905099	86220358	3929	0.0565
34f02c91-ec41-4431-80f2-ed16a43c1ef5	6	86223533	105396238	11882	0.0255
34f02c91-ec41-4431-80f2-ed16a43c1ef5	6	105397539	106570503	810	0.0673
34f02c91-ec41-4431-80f2-ed16a43c1ef5	6	106572741	106791532	161	0.1933
34f02c91-ec41-4431-80f2-ed16a43c1ef5	6	106793180	110068723	1956	0.0417
34f02c91-ec41-4431-80f2-ed16a43c1ef5	6	110073310	110092034	20	-0.91
34f02c91-ec41-4431-80f2-ed16a43c1ef5	6	110094225	126860999	10115	0.041
34f02c91-ec41-4431-80f2-ed16a43c1ef5	6	126865409	126866600	4	-1.1665
34f02c91-ec41-4431-80f2-ed16a43c1ef5	6	126868026	136738812	6647	0.0581
34f02c91-ec41-4431-80f2-ed16a43c1ef5	6	136745877	136901318	78	0.3924
34f02c91-ec41-4431-80f2-ed16a43c1ef5	6	136907212	137374536	361	0.2095
34f02c91-ec41-4431-80f2-ed16a43c1ef5	6	137374933	146449977	5624	0.0468
34f02c91-ec41-4431-80f2-ed16a43c1ef5	6	146450449	147681849	799	0.2098
34f02c91-ec41-4431-80f2-ed16a43c1ef5	6	147682269	162110688	10258	0.028
34f02c91-ec41-4431-80f2-ed16a43c1ef5	6	162111198	162264551	116	-0.7975
34f02c91-ec41-4431-80f2-ed16a43c1ef5	6	162265840	170741917	5903	0.0057
34f02c91-ec41-4431-80f2-ed16a43c1ef5	7	43355	7131745	3578	0.5487
34f02c91-ec41-4431-80f2-ed16a43c1ef5	7	7135275	9035664	1741	0.6317
34f02c91-ec41-4431-80f2-ed16a43c1ef5	7	9035679	9040855	7	0.1983
34f02c91-ec41-4431-80f2-ed16a43c1ef5	7	9041060	9065141	20	0.7206
34f02c91-ec41-4431-80f2-ed16a43c1ef5	7	9065396	9074768	7	-0.3783
34f02c91-ec41-4431-80f2-ed16a43c1ef5	7	9077787	16265763	5719	0.5761
34f02c91-ec41-4431-80f2-ed16a43c1ef5	7	16266267	17543316	1040	0.6641
34f02c91-ec41-4431-80f2-ed16a43c1ef5	7	17544397	25850846	6559	0.5785
34f02c91-ec41-4431-80f2-ed16a43c1ef5	7	25855066	26182832	186	0.9172
34f02c91-ec41-4431-80f2-ed16a43c1ef5	7	26188157	37213413	7703	0.5996
34f02c91-ec41-4431-80f2-ed16a43c1ef5	7	37214860	38871300	1335	0.5408
34f02c91-ec41-4431-80f2-ed16a43c1ef5	7	38872076	39037797	116	0.609
34f02c91-ec41-4431-80f2-ed16a43c1ef5	7	39037805	39039873	2	-2.7713
34f02c91-ec41-4431-80f2-ed16a43c1ef5	7	39040000	50234360	7367	0.5654
34f02c91-ec41-4431-80f2-ed16a43c1ef5	7	50236651	51750913	1142	0.7081
34f02c91-ec41-4431-80f2-ed16a43c1ef5	7	51753553	56214616	3290	0.6439
34f02c91-ec41-4431-80f2-ed16a43c1ef5	7	56214926	62316452	722	0.4735
34f02c91-ec41-4431-80f2-ed16a43c1ef5	7	62316913	62526916	13	0.0083
34f02c91-ec41-4431-80f2-ed16a43c1ef5	7	62526945	63234745	248	0.362
34f02c91-ec41-4431-80f2-ed16a43c1ef5	7	63245808	65539561	878	0.2046
34f02c91-ec41-4431-80f2-ed16a43c1ef5	7	65539576	65595136	7	-0.6261
34f02c91-ec41-4431-80f2-ed16a43c1ef5	7	65601789	70955452	2923	0.1961
34f02c91-ec41-4431-80f2-ed16a43c1ef5	7	70958264	70961155	2	-1.6782
34f02c91-ec41-4431-80f2-ed16a43c1ef5	7	70963257	75809445	1870	0.2106
34f02c91-ec41-4431-80f2-ed16a43c1ef5	7	75809462	75810378	2	-1.9995
34f02c91-ec41-4431-80f2-ed16a43c1ef5	7	75812444	76514576	271	0.2583
34f02c91-ec41-4431-80f2-ed16a43c1ef5	7	76524031	76550397	7	-0.6512
34f02c91-ec41-4431-80f2-ed16a43c1ef5	7	76568113	88517017	7592	0.2356
34f02c91-ec41-4431-80f2-ed16a43c1ef5	7	88521483	90375732	1224	0.2952
34f02c91-ec41-4431-80f2-ed16a43c1ef5	7	90376432	100144235	5879	0.2335
34f02c91-ec41-4431-80f2-ed16a43c1ef5	7	100147240	102754800	938	0.0372
34f02c91-ec41-4431-80f2-ed16a43c1ef5	7	102762163	109801155	4552	0.0796
34f02c91-ec41-4431-80f2-ed16a43c1ef5	7	109801187	109813853	11	0.7029
34f02c91-ec41-4431-80f2-ed16a43c1ef5	7	109813925	131586354	12993	0.0862
34f02c91-ec41-4431-80f2-ed16a43c1ef5	7	131586804	134100424	1747	0.0393
34f02c91-ec41-4431-80f2-ed16a43c1ef5	7	134100442	134121491	36	0.5461
34f02c91-ec41-4431-80f2-ed16a43c1ef5	7	134124039	153450553	11988	0.0676
34f02c91-ec41-4431-80f2-ed16a43c1ef5	7	153450560	153450627	2	-2.0571
34f02c91-ec41-4431-80f2-ed16a43c1ef5	7	153450630	156592108	2458	0.0444
34f02c91-ec41-4431-80f2-ed16a43c1ef5	7	156592980	156601485	5	-0.9832
34f02c91-ec41-4431-80f2-ed16a43c1ef5	7	156602214	159334314	1623	0.0478
34f02c91-ec41-4431-80f2-ed16a43c1ef5	8	81254	644973	324	-0.5799
34f02c91-ec41-4431-80f2-ed16a43c1ef5	8	645220	645875	6	0.7203
34f02c91-ec41-4431-80f2-ed16a43c1ef5	8	645892	645908	2	3.4441
34f02c91-ec41-4431-80f2-ed16a43c1ef5	8	656117	4145783	3360	-0.5276
34f02c91-ec41-4431-80f2-ed16a43c1ef5	8	4145941	4145956	2	-3.0901
34f02c91-ec41-4431-80f2-ed16a43c1ef5	8	4146039	12358500	7278	-0.4956
34f02c91-ec41-4431-80f2-ed16a43c1ef5	8	12359339	12376891	9	-1.7641
34f02c91-ec41-4431-80f2-ed16a43c1ef5	8	12382326	25114672	10408	-0.4796
34f02c91-ec41-4431-80f2-ed16a43c1ef5	8	25116928	25133612	29	0.372
34f02c91-ec41-4431-80f2-ed16a43c1ef5	8	25133720	37758165	8215	-0.4765
34f02c91-ec41-4431-80f2-ed16a43c1ef5	8	37759396	38433694	269	0.6333
34f02c91-ec41-4431-80f2-ed16a43c1ef5	8	38433805	38463920	63	0.4187
34f02c91-ec41-4431-80f2-ed16a43c1ef5	8	38463933	39373140	444	0.6702
34f02c91-ec41-4431-80f2-ed16a43c1ef5	8	39378084	39529446	58	-2.0151
34f02c91-ec41-4431-80f2-ed16a43c1ef5	8	39530780	40324598	588	0.6317
34f02c91-ec41-4431-80f2-ed16a43c1ef5	8	40326278	40331992	34	0.1358
34f02c91-ec41-4431-80f2-ed16a43c1ef5	8	40335391	46083229	1995	0.5992
34f02c91-ec41-4431-80f2-ed16a43c1ef5	8	46089253	46225073	39	0.2725
34f02c91-ec41-4431-80f2-ed16a43c1ef5	8	46226889	50118212	1923	0.5984
34f02c91-ec41-4431-80f2-ed16a43c1ef5	8	50119451	50120863	9	-0.6155
34f02c91-ec41-4431-80f2-ed16a43c1ef5	8	50126018	51375530	758	0.5926
34f02c91-ec41-4431-80f2-ed16a43c1ef5	8	51375998	53014674	1104	0.6521
34f02c91-ec41-4431-80f2-ed16a43c1ef5	8	53014702	59500514	4369	0.5894
34f02c91-ec41-4431-80f2-ed16a43c1ef5	8	59501898	63718795	2694	0.6405
34f02c91-ec41-4431-80f2-ed16a43c1ef5	8	63720230	71300130	4379	0.5971
34f02c91-ec41-4431-80f2-ed16a43c1ef5	8	71303076	71304364	8	-0.5734
34f02c91-ec41-4431-80f2-ed16a43c1ef5	8	71307628	88129293	9989	0.6051
34f02c91-ec41-4431-80f2-ed16a43c1ef5	8	88129920	89471105	854	0.7441
34f02c91-ec41-4431-80f2-ed16a43c1ef5	8	89472058	91516211	1163	0.6122
34f02c91-ec41-4431-80f2-ed16a43c1ef5	8	91516457	92912146	820	0.5581
34f02c91-ec41-4431-80f2-ed16a43c1ef5	8	92914237	99887565	4279	0.6306
34f02c91-ec41-4431-80f2-ed16a43c1ef5	8	99888206	100813156	545	0.7649
34f02c91-ec41-4431-80f2-ed16a43c1ef5	8	100815086	102045624	929	0.8583
34f02c91-ec41-4431-80f2-ed16a43c1ef5	8	102045809	102045965	9	0.2025
34f02c91-ec41-4431-80f2-ed16a43c1ef5	8	102046373	103665452	948	0.8455
34f02c91-ec41-4431-80f2-ed16a43c1ef5	8	103665470	111282417	4568	0.7983
34f02c91-ec41-4431-80f2-ed16a43c1ef5	8	111282441	111283031	6	3.7749
34f02c91-ec41-4431-80f2-ed16a43c1ef5	8	111288052	114619814	1823	0.7806
34f02c91-ec41-4431-80f2-ed16a43c1ef5	8	114622258	114622678	6	-1.0177
34f02c91-ec41-4431-80f2-ed16a43c1ef5	8	114622851	114623472	6	-3.1564
34f02c91-ec41-4431-80f2-ed16a43c1ef5	8	114626121	114628588	9	-0.9552
34f02c91-ec41-4431-80f2-ed16a43c1ef5	8	114628679	114629502	13	-1.872
34f02c91-ec41-4431-80f2-ed16a43c1ef5	8	114638468	114879450	158	0.8504
34f02c91-ec41-4431-80f2-ed16a43c1ef5	8	114879820	117330381	1563	0.7858
34f02c91-ec41-4431-80f2-ed16a43c1ef5	8	117335023	127333024	7001	0.842
34f02c91-ec41-4431-80f2-ed16a43c1ef5	8	127333486	127891905	405	1.1304
34f02c91-ec41-4431-80f2-ed16a43c1ef5	8	127894965	129457746	1140	0.8871
34f02c91-ec41-4431-80f2-ed16a43c1ef5	8	129458090	142905894	10046	0.8017
34f02c91-ec41-4431-80f2-ed16a43c1ef5	8	142907613	143209006	105	0.8778
34f02c91-ec41-4431-80f2-ed16a43c1ef5	8	143217232	143228447	15	0.0513
34f02c91-ec41-4431-80f2-ed16a43c1ef5	8	143232207	143616987	119	0.8814
34f02c91-ec41-4431-80f2-ed16a43c1ef5	8	143622987	143624851	8	-1.8799
34f02c91-ec41-4431-80f2-ed16a43c1ef5	8	143625638	144988072	461	0.8149
34f02c91-ec41-4431-80f2-ed16a43c1ef5	8	144988487	144995346	3	0.6258
34f02c91-ec41-4431-80f2-ed16a43c1ef5	8	144997478	145011781	11	-0.4126
34f02c91-ec41-4431-80f2-ed16a43c1ef5	8	145013754	145072769	29	0.8165
34f02c91-ec41-4431-80f2-ed16a43c1ef5	9	46587	10310942	9870	-0.4549
34f02c91-ec41-4431-80f2-ed16a43c1ef5	9	10314941	10325264	17	0.8401
34f02c91-ec41-4431-80f2-ed16a43c1ef5	9	10329917	11934377	1284	-0.4293
34f02c91-ec41-4431-80f2-ed16a43c1ef5	9	11941913	11995297	51	-1.7174
34f02c91-ec41-4431-80f2-ed16a43c1ef5	9	11995307	11996831	5	-7.3847
34f02c91-ec41-4431-80f2-ed16a43c1ef5	9	11999144	12056342	49	-1.6751
34f02c91-ec41-4431-80f2-ed16a43c1ef5	9	12061324	32079198	15494	-0.4405
34f02c91-ec41-4431-80f2-ed16a43c1ef5	9	32082228	32090402	13	0.32
34f02c91-ec41-4431-80f2-ed16a43c1ef5	9	32093145	32710079	450	-0.432
34f02c91-ec41-4431-80f2-ed16a43c1ef5	9	32710129	32710251	2	-2.3116
34f02c91-ec41-4431-80f2-ed16a43c1ef5	9	32716574	38771834	3796	-0.4751
34f02c91-ec41-4431-80f2-ed16a43c1ef5	9	38787496	38796110	2	1.2611
34f02c91-ec41-4431-80f2-ed16a43c1ef5	9	38805383	41714376	171	-0.4537
34f02c91-ec41-4431-80f2-ed16a43c1ef5	9	41741096	42073850	7	0.4461
34f02c91-ec41-4431-80f2-ed16a43c1ef5	9	42080170	42302678	27	-0.3143
34f02c91-ec41-4431-80f2-ed16a43c1ef5	9	42308537	42546668	4	-1.9619
34f02c91-ec41-4431-80f2-ed16a43c1ef5	9	42566207	42719891	13	-0.025
34f02c91-ec41-4431-80f2-ed16a43c1ef5	9	42720266	61405110	44	-0.5127
34f02c91-ec41-4431-80f2-ed16a43c1ef5	9	61520021	61665362	31	0.1052
34f02c91-ec41-4431-80f2-ed16a43c1ef5	9	61668104	73405942	3852	-0.4368
34f02c91-ec41-4431-80f2-ed16a43c1ef5	9	73408193	73411750	3	-2.4131
34f02c91-ec41-4431-80f2-ed16a43c1ef5	9	73413807	100150438	18463	-0.4635
34f02c91-ec41-4431-80f2-ed16a43c1ef5	9	100151664	103657277	2426	-0.422
34f02c91-ec41-4431-80f2-ed16a43c1ef5	9	103660387	103660969	3	-1.9774
34f02c91-ec41-4431-80f2-ed16a43c1ef5	9	103661182	113342246	7434	-0.4363
34f02c91-ec41-4431-80f2-ed16a43c1ef5	9	113342833	133773755	13686	-0.4726
34f02c91-ec41-4431-80f2-ed16a43c1ef5	9	133774951	135634729	1113	-0.5844
34f02c91-ec41-4431-80f2-ed16a43c1ef5	9	135636029	138200944	912	-0.505
34f02c91-ec41-4431-80f2-ed16a43c1ef5	10	45792	1400901	817	0.0299
34f02c91-ec41-4431-80f2-ed16a43c1ef5	10	1400966	1400985	3	-1.4456
34f02c91-ec41-4431-80f2-ed16a43c1ef5	10	1400985	3273199	1893	0.0122
34f02c91-ec41-4431-80f2-ed16a43c1ef5	10	3275481	6133456	2456	0.0759
34f02c91-ec41-4431-80f2-ed16a43c1ef5	10	6135674	23920268	13881	0.0223
34f02c91-ec41-4431-80f2-ed16a43c1ef5	10	23921479	34252928	7412	0.0465
34f02c91-ec41-4431-80f2-ed16a43c1ef5	10	34260676	44763045	4386	0.0128
34f02c91-ec41-4431-80f2-ed16a43c1ef5	10	44763657	44764969	2	-1.5135
34f02c91-ec41-4431-80f2-ed16a43c1ef5	10	44765034	46154876	625	0.005
34f02c91-ec41-4431-80f2-ed16a43c1ef5	10	46169953	46442116	170	0.4168
34f02c91-ec41-4431-80f2-ed16a43c1ef5	10	46446814	46522571	6	0.2139
34f02c91-ec41-4431-80f2-ed16a43c1ef5	10	46525652	46526280	14	-0.4901
34f02c91-ec41-4431-80f2-ed16a43c1ef5	10	46526920	46560437	22	0.2079
34f02c91-ec41-4431-80f2-ed16a43c1ef5	10	46560494	46810571	17	0.6719
34f02c91-ec41-4431-80f2-ed16a43c1ef5	10	46836986	65546518	12687	0.0412
34f02c91-ec41-4431-80f2-ed16a43c1ef5	10	65548165	65563037	29	-1.8248
34f02c91-ec41-4431-80f2-ed16a43c1ef5	10	65563168	80022095	9334	0.0349
34f02c91-ec41-4431-80f2-ed16a43c1ef5	10	80026241	80030897	6	-1.2053
34f02c91-ec41-4431-80f2-ed16a43c1ef5	10	80033338	81118403	760	0.0213
34f02c91-ec41-4431-80f2-ed16a43c1ef5	10	81121574	81128397	8	-1.0553
34f02c91-ec41-4431-80f2-ed16a43c1ef5	10	81130027	94058547	8830	0.0462
34f02c91-ec41-4431-80f2-ed16a43c1ef5	10	94059164	94149905	64	-0.2338
34f02c91-ec41-4431-80f2-ed16a43c1ef5	10	94150143	104697680	6172	0.0502
34f02c91-ec41-4431-80f2-ed16a43c1ef5	10	104699595	108854827	3186	0.0019
34f02c91-ec41-4431-80f2-ed16a43c1ef5	10	108855324	113670147	3349	0.0708
34f02c91-ec41-4431-80f2-ed16a43c1ef5	10	113671481	130395889	12433	0.4104
34f02c91-ec41-4431-80f2-ed16a43c1ef5	10	130395908	130950398	539	0.2855
34f02c91-ec41-4431-80f2-ed16a43c1ef5	10	130951347	130953235	2	-1.6608
34f02c91-ec41-4431-80f2-ed16a43c1ef5	10	130953545	132052643	800	0.3006
34f02c91-ec41-4431-80f2-ed16a43c1ef5	10	132055382	133654968	714	0.3898
34f02c91-ec41-4431-80f2-ed16a43c1ef5	11	198510	2574057	829	0.0473
34f02c91-ec41-4431-80f2-ed16a43c1ef5	11	2578133	2972053	245	-0.1694
34f02c91-ec41-4431-80f2-ed16a43c1ef5	11	2972123	4947280	1342	0.0172
34f02c91-ec41-4431-80f2-ed16a43c1ef5	11	4949013	4952799	24	0.6964
34f02c91-ec41-4431-80f2-ed16a43c1ef5	11	4953934	5762693	786	0.0113
34f02c91-ec41-4431-80f2-ed16a43c1ef5	11	5766175	5787818	32	-0.4871
34f02c91-ec41-4431-80f2-ed16a43c1ef5	11	5787909	10602668	3320	0.0423
34f02c91-ec41-4431-80f2-ed16a43c1ef5	11	10603599	10607239	3	-1.398
34f02c91-ec41-4431-80f2-ed16a43c1ef5	11	10610613	18919309	6073	0.0576
34f02c91-ec41-4431-80f2-ed16a43c1ef5	11	18919323	18938568	34	0.5277
34f02c91-ec41-4431-80f2-ed16a43c1ef5	11	18939550	24422703	4382	0.0382
34f02c91-ec41-4431-80f2-ed16a43c1ef5	11	24424822	24428711	5	-0.983
34f02c91-ec41-4431-80f2-ed16a43c1ef5	11	24433630	25686279	968	0.0414
34f02c91-ec41-4431-80f2-ed16a43c1ef5	11	25691166	26725587	860	0.3396
34f02c91-ec41-4431-80f2-ed16a43c1ef5	11	26727551	27758764	683	0.4205
34f02c91-ec41-4431-80f2-ed16a43c1ef5	11	27760432	31145992	2100	0.0153
34f02c91-ec41-4431-80f2-ed16a43c1ef5	11	31147072	31151542	3	-1.2425
34f02c91-ec41-4431-80f2-ed16a43c1ef5	11	31151696	34540700	2262	0.0444
34f02c91-ec41-4431-80f2-ed16a43c1ef5	11	34542056	34735900	177	0.2755
34f02c91-ec41-4431-80f2-ed16a43c1ef5	11	34736064	34750954	12	-0.1526
34f02c91-ec41-4431-80f2-ed16a43c1ef5	11	34753472	37770009	2428	0.0719
34f02c91-ec41-4431-80f2-ed16a43c1ef5	11	37778774	46100472	5639	0.0219
34f02c91-ec41-4431-80f2-ed16a43c1ef5	11	46101205	46207714	62	0.2835
34f02c91-ec41-4431-80f2-ed16a43c1ef5	11	46209951	55608804	2194	0.0283
34f02c91-ec41-4431-80f2-ed16a43c1ef5	11	55609022	55685533	51	0.5094
34f02c91-ec41-4431-80f2-ed16a43c1ef5	11	55686100	70901078	7890	0.0392
34f02c91-ec41-4431-80f2-ed16a43c1ef5	11	70903848	78211053	3791	0.0756
34f02c91-ec41-4431-80f2-ed16a43c1ef5	11	78216990	80827245	2007	0.0408
34f02c91-ec41-4431-80f2-ed16a43c1ef5	11	80827502	80827567	2	-1.8052
34f02c91-ec41-4431-80f2-ed16a43c1ef5	11	80827874	81786865	863	0.0439
34f02c91-ec41-4431-80f2-ed16a43c1ef5	11	81787763	81806116	12	-0.6493
34f02c91-ec41-4431-80f2-ed16a43c1ef5	11	81811590	122450355	28099	0.0426
34f02c91-ec41-4431-80f2-ed16a43c1ef5	11	122452490	124031766	1203	-0.0183
34f02c91-ec41-4431-80f2-ed16a43c1ef5	11	124032318	124151481	89	0.204
34f02c91-ec41-4431-80f2-ed16a43c1ef5	11	124156395	128802686	3628	0.0123
34f02c91-ec41-4431-80f2-ed16a43c1ef5	11	128803438	131043894	1447	0.0722
34f02c91-ec41-4431-80f2-ed16a43c1ef5	11	131043985	131106863	54	-0.029
34f02c91-ec41-4431-80f2-ed16a43c1ef5	11	131107512	131107800	2	-1.7463
34f02c91-ec41-4431-80f2-ed16a43c1ef5	11	131107965	134181184	2491	-0.0189
34f02c91-ec41-4431-80f2-ed16a43c1ef5	11	134184101	134385496	120	0.0789
34f02c91-ec41-4431-80f2-ed16a43c1ef5	11	134385570	135074876	562	-0.3031
34f02c91-ec41-4431-80f2-ed16a43c1ef5	12	51460	760097	420	0.0281
34f02c91-ec41-4431-80f2-ed16a43c1ef5	12	760112	764863	15	-3.5145
34f02c91-ec41-4431-80f2-ed16a43c1ef5	12	766188	8289689	5123	0.039
34f02c91-ec41-4431-80f2-ed16a43c1ef5	12	8296516	8296621	2	1.824
34f02c91-ec41-4431-80f2-ed16a43c1ef5	12	8300870	9477960	612	-0.0054
34f02c91-ec41-4431-80f2-ed16a43c1ef5	12	9481274	9575696	24	1.0542
34f02c91-ec41-4431-80f2-ed16a43c1ef5	12	9582373	10386203	601	-0.0009
34f02c91-ec41-4431-80f2-ed16a43c1ef5	12	10387216	19326714	6020	0.0608
34f02c91-ec41-4431-80f2-ed16a43c1ef5	12	19332423	19334240	3	-1.2741
34f02c91-ec41-4431-80f2-ed16a43c1ef5	12	19337748	30079927	7673	0.0389
34f02c91-ec41-4431-80f2-ed16a43c1ef5	12	30080125	30090642	26	-0.4208
34f02c91-ec41-4431-80f2-ed16a43c1ef5	12	30090657	33148627	2266	0.0408
34f02c91-ec41-4431-80f2-ed16a43c1ef5	12	33148706	33150720	14	0.5657
34f02c91-ec41-4431-80f2-ed16a43c1ef5	12	33150932	34061608	570	0.0569
34f02c91-ec41-4431-80f2-ed16a43c1ef5	12	34063312	37593924	267	-0.0777
34f02c91-ec41-4431-80f2-ed16a43c1ef5	12	37618765	37620216	2	-1.9746
34f02c91-ec41-4431-80f2-ed16a43c1ef5	12	37640556	113840906	47682	0.0419
34f02c91-ec41-4431-80f2-ed16a43c1ef5	12	113840949	114161808	343	-0.1233
34f02c91-ec41-4431-80f2-ed16a43c1ef5	12	114162158	124348060	6426	0.0343
34f02c91-ec41-4431-80f2-ed16a43c1ef5	12	124348757	124348852	2	-1.3872
34f02c91-ec41-4431-80f2-ed16a43c1ef5	12	124350376	125844263	1041	0.0356
34f02c91-ec41-4431-80f2-ed16a43c1ef5	12	125844557	131532954	4994	-0.0055
34f02c91-ec41-4431-80f2-ed16a43c1ef5	12	131537662	131538016	4	-1.4951
34f02c91-ec41-4431-80f2-ed16a43c1ef5	12	131538347	131636170	95	-0.0144
34f02c91-ec41-4431-80f2-ed16a43c1ef5	12	131648039	131648790	13	-2.1026
34f02c91-ec41-4431-80f2-ed16a43c1ef5	12	131657925	131864632	107	0.0975
34f02c91-ec41-4431-80f2-ed16a43c1ef5	12	131865255	133085543	397	-0.0521
34f02c91-ec41-4431-80f2-ed16a43c1ef5	12	133086405	133201603	54	0.2021
34f02c91-ec41-4431-80f2-ed16a43c1ef5	13	18452809	18737640	67	-0.0505
34f02c91-ec41-4431-80f2-ed16a43c1ef5	13	18740379	18795296	10	-0.7383
34f02c91-ec41-4431-80f2-ed16a43c1ef5	13	18821498	23606179	3199	0.0175
34f02c91-ec41-4431-80f2-ed16a43c1ef5	13	23606231	24074304	382	0.1273
34f02c91-ec41-4431-80f2-ed16a43c1ef5	13	24076443	41785049	12816	0.0265
34f02c91-ec41-4431-80f2-ed16a43c1ef5	13	41785677	44699116	2116	0.097
34f02c91-ec41-4431-80f2-ed16a43c1ef5	13	44700213	52485081	4781	0.0452
34f02c91-ec41-4431-80f2-ed16a43c1ef5	13	52497017	52520664	7	-0.8437
34f02c91-ec41-4431-80f2-ed16a43c1ef5	13	52523849	73017110	12454	0.0323
34f02c91-ec41-4431-80f2-ed16a43c1ef5	13	73021002	73832204	612	0.419
34f02c91-ec41-4431-80f2-ed16a43c1ef5	13	73834611	75707071	1348	0.0527
34f02c91-ec41-4431-80f2-ed16a43c1ef5	13	75707517	75764793	33	-0.2575
34f02c91-ec41-4431-80f2-ed16a43c1ef5	13	75764830	82661793	4532	0.0373
34f02c91-ec41-4431-80f2-ed16a43c1ef5	13	82671726	95824528	8409	0.0134
34f02c91-ec41-4431-80f2-ed16a43c1ef5	13	95825050	114342922	13339	0.0402
34f02c91-ec41-4431-80f2-ed16a43c1ef5	14	18239283	18605867	12	-0.3011
34f02c91-ec41-4431-80f2-ed16a43c1ef5	14	18625765	19955213	155	0.3528
34f02c91-ec41-4431-80f2-ed16a43c1ef5	14	19956767	21642006	1118	-0.4378
34f02c91-ec41-4431-80f2-ed16a43c1ef5	14	21648679	22414944	644	-0.3273
34f02c91-ec41-4431-80f2-ed16a43c1ef5	14	22420786	31947229	5715	-0.4373
34f02c91-ec41-4431-80f2-ed16a43c1ef5	14	31947298	31947499	2	-2.2818
34f02c91-ec41-4431-80f2-ed16a43c1ef5	14	31949544	49005250	10686	-0.4351
34f02c91-ec41-4431-80f2-ed16a43c1ef5	14	49009331	50677942	904	-0.3476
34f02c91-ec41-4431-80f2-ed16a43c1ef5	14	50678053	68257456	11379	-0.451
34f02c91-ec41-4431-80f2-ed16a43c1ef5	14	68258851	106877229	24616	-0.4814
34f02c91-ec41-4431-80f2-ed16a43c1ef5	15	19811075	20376311	95	0.0054
34f02c91-ec41-4431-80f2-ed16a43c1ef5	15	20380735	20410596	31	0.7329
34f02c91-ec41-4431-80f2-ed16a43c1ef5	15	20411473	22227530	55	0.1471
34f02c91-ec41-4431-80f2-ed16a43c1ef5	15	22228782	22299523	25	0.7705
34f02c91-ec41-4431-80f2-ed16a43c1ef5	15	22385639	24429986	996	-0.0345
34f02c91-ec41-4431-80f2-ed16a43c1ef5	15	24435245	24473449	31	-0.7614
34f02c91-ec41-4431-80f2-ed16a43c1ef5	15	24480146	26315045	1327	-0.0303
34f02c91-ec41-4431-80f2-ed16a43c1ef5	15	26317005	26318009	2	-3.4239
34f02c91-ec41-4431-80f2-ed16a43c1ef5	15	26318441	28828991	1458	-0.0423
34f02c91-ec41-4431-80f2-ed16a43c1ef5	15	28845550	28851606	2	-1.4374
34f02c91-ec41-4431-80f2-ed16a43c1ef5	15	28919355	30252720	812	-0.0478
34f02c91-ec41-4431-80f2-ed16a43c1ef5	15	30253290	30259942	3	1.279
34f02c91-ec41-4431-80f2-ed16a43c1ef5	15	30269364	32507144	1094	-0.0244
34f02c91-ec41-4431-80f2-ed16a43c1ef5	15	32519403	43759900	7259	0.0269
34f02c91-ec41-4431-80f2-ed16a43c1ef5	15	43761419	43946262	88	0.2319
34f02c91-ec41-4431-80f2-ed16a43c1ef5	15	43948293	44931456	422	0.024
34f02c91-ec41-4431-80f2-ed16a43c1ef5	15	44933059	44942884	7	-0.8329
34f02c91-ec41-4431-80f2-ed16a43c1ef5	15	44946546	54481088	6145	0.0132
34f02c91-ec41-4431-80f2-ed16a43c1ef5	15	54481791	54481878	2	-1.6675
34f02c91-ec41-4431-80f2-ed16a43c1ef5	15	54482218	56491027	1253	0.0043
34f02c91-ec41-4431-80f2-ed16a43c1ef5	15	56493784	56499443	23	-0.3536
34f02c91-ec41-4431-80f2-ed16a43c1ef5	15	56499521	56499925	11	-0.8869
34f02c91-ec41-4431-80f2-ed16a43c1ef5	15	56508779	83871965	17182	0.0178
34f02c91-ec41-4431-80f2-ed16a43c1ef5	15	83871986	83878795	8	-1.1527
34f02c91-ec41-4431-80f2-ed16a43c1ef5	15	83879115	92703732	6275	0.006
34f02c91-ec41-4431-80f2-ed16a43c1ef5	15	92709881	92944537	119	0.2463
34f02c91-ec41-4431-80f2-ed16a43c1ef5	15	92949969	98425836	4248	-0.001
34f02c91-ec41-4431-80f2-ed16a43c1ef5	15	98426389	101928837	2539	-0.0302
34f02c91-ec41-4431-80f2-ed16a43c1ef5	16	10777	6218840	3387	0.2555
34f02c91-ec41-4431-80f2-ed16a43c1ef5	16	6218906	7555409	1702	0.1741
34f02c91-ec41-4431-80f2-ed16a43c1ef5	16	7555421	16168702	6624	0.2774
34f02c91-ec41-4431-80f2-ed16a43c1ef5	16	16169293	16169504	2	-1.7377
34f02c91-ec41-4431-80f2-ed16a43c1ef5	16	16169856	18759524	1080	0.1899
34f02c91-ec41-4431-80f2-ed16a43c1ef5	16	18768456	21728953	1709	0.2808
34f02c91-ec41-4431-80f2-ed16a43c1ef5	16	21730864	21776197	12	-0.3508
34f02c91-ec41-4431-80f2-ed16a43c1ef5	16	21806139	23547313	880	0.2712
34f02c91-ec41-4431-80f2-ed16a43c1ef5	16	23550988	23899078	219	0.4128
34f02c91-ec41-4431-80f2-ed16a43c1ef5	16	23900444	27593144	2725	0.2678
34f02c91-ec41-4431-80f2-ed16a43c1ef5	16	27597742	30635374	1068	0.211
34f02c91-ec41-4431-80f2-ed16a43c1ef5	16	30635952	30657191	4	-1.0257
34f02c91-ec41-4431-80f2-ed16a43c1ef5	16	30657469	31959228	534	0.2315
34f02c91-ec41-4431-80f2-ed16a43c1ef5	16	31960199	46561902	561	0.1044
34f02c91-ec41-4431-80f2-ed16a43c1ef5	16	46562233	51715038	3158	0.2689
34f02c91-ec41-4431-80f2-ed16a43c1ef5	16	51718140	53339561	1192	0.3175
34f02c91-ec41-4431-80f2-ed16a43c1ef5	16	53343091	55782793	2094	0.248
34f02c91-ec41-4431-80f2-ed16a43c1ef5	16	55788057	55822442	14	-0.2542
34f02c91-ec41-4431-80f2-ed16a43c1ef5	16	55822948	59571746	2337	0.2974
34f02c91-ec41-4431-80f2-ed16a43c1ef5	16	59571859	65148161	3702	0.2338
34f02c91-ec41-4431-80f2-ed16a43c1ef5	16	65148655	78337711	8229	0.2699
34f02c91-ec41-4431-80f2-ed16a43c1ef5	16	78338543	78350841	15	-2.5722
34f02c91-ec41-4431-80f2-ed16a43c1ef5	16	78350868	78620922	371	0.2361
34f02c91-ec41-4431-80f2-ed16a43c1ef5	16	78623840	78624007	3	-1.2709
34f02c91-ec41-4431-80f2-ed16a43c1ef5	16	78626948	78868668	321	0.226
34f02c91-ec41-4431-80f2-ed16a43c1ef5	16	78868845	78879564	18	-0.2306
34f02c91-ec41-4431-80f2-ed16a43c1ef5	16	78881757	80080200	1430	0.2193
34f02c91-ec41-4431-80f2-ed16a43c1ef5	16	80080451	84430247	4573	0.2749
34f02c91-ec41-4431-80f2-ed16a43c1ef5	16	84430850	84444732	11	-0.0409
34f02c91-ec41-4431-80f2-ed16a43c1ef5	16	84447508	88413672	3176	0.3455
34f02c91-ec41-4431-80f2-ed16a43c1ef5	16	88423578	90096867	705	0.2874
34f02c91-ec41-4431-80f2-ed16a43c1ef5	17	150733	1066483	489	-0.3256
34f02c91-ec41-4431-80f2-ed16a43c1ef5	17	1066929	21225289	12016	-0.2242
34f02c91-ec41-4431-80f2-ed16a43c1ef5	17	21227464	26955079	384	-0.2956
34f02c91-ec41-4431-80f2-ed16a43c1ef5	17	26960035	29686309	1303	0.0604
34f02c91-ec41-4431-80f2-ed16a43c1ef5	17	29688372	33563527	2136	-0.1644
34f02c91-ec41-4431-80f2-ed16a43c1ef5	17	33563799	35164496	1346	-0.2455
34f02c91-ec41-4431-80f2-ed16a43c1ef5	17	35165167	36850290	922	-0.193
34f02c91-ec41-4431-80f2-ed16a43c1ef5	17	36850367	38742847	861	0.0647
34f02c91-ec41-4431-80f2-ed16a43c1ef5	17	38745924	41266774	1332	0.2388
34f02c91-ec41-4431-80f2-ed16a43c1ef5	17	41266805	41276864	28	-0.1877
34f02c91-ec41-4431-80f2-ed16a43c1ef5	17	41276907	45436394	2132	0.2355
34f02c91-ec41-4431-80f2-ed16a43c1ef5	17	45442744	46118359	382	0.0828
34f02c91-ec41-4431-80f2-ed16a43c1ef5	17	46120237	46267672	94	0.3896
34f02c91-ec41-4431-80f2-ed16a43c1ef5	17	46273919	47795834	554	0.0503
34f02c91-ec41-4431-80f2-ed16a43c1ef5	17	47801367	51949882	2350	0.2462
34f02c91-ec41-4431-80f2-ed16a43c1ef5	17	51950634	55441810	2365	0.0422
34f02c91-ec41-4431-80f2-ed16a43c1ef5	17	55442483	58797751	2440	-0.2256
34f02c91-ec41-4431-80f2-ed16a43c1ef5	17	58798561	72897980	8431	-0.2732
34f02c91-ec41-4431-80f2-ed16a43c1ef5	17	72898202	83091923	5402	-0.3068
34f02c91-ec41-4431-80f2-ed16a43c1ef5	18	48133	391376	218	-0.4787
34f02c91-ec41-4431-80f2-ed16a43c1ef5	18	392189	401069	15	-1.1574
34f02c91-ec41-4431-80f2-ed16a43c1ef5	18	401660	5499201	3644	-0.4364
34f02c91-ec41-4431-80f2-ed16a43c1ef5	18	5503185	14046805	6090	-0.4956
34f02c91-ec41-4431-80f2-ed16a43c1ef5	18	14047383	27833058	4564	-0.4521
34f02c91-ec41-4431-80f2-ed16a43c1ef5	18	27833140	27833516	2	-3.2047
34f02c91-ec41-4431-80f2-ed16a43c1ef5	18	27833896	30232420	1422	-0.4399
34f02c91-ec41-4431-80f2-ed16a43c1ef5	18	30234583	30236003	3	-6.0735
34f02c91-ec41-4431-80f2-ed16a43c1ef5	18	30238649	68306592	25809	-0.4524
34f02c91-ec41-4431-80f2-ed16a43c1ef5	18	68307675	68308501	2	-2.8347
34f02c91-ec41-4431-80f2-ed16a43c1ef5	18	68308523	73830758	4162	-0.4446
34f02c91-ec41-4431-80f2-ed16a43c1ef5	18	73830860	78952676	3937	-0.5208
34f02c91-ec41-4431-80f2-ed16a43c1ef5	18	78956161	80257174	664	-0.4754
34f02c91-ec41-4431-80f2-ed16a43c1ef5	19	90910	20411869	8918	0.0209
34f02c91-ec41-4431-80f2-ed16a43c1ef5	19	20413400	20533583	67	-0.7711
34f02c91-ec41-4431-80f2-ed16a43c1ef5	19	20538075	20563384	19	0.085
34f02c91-ec41-4431-80f2-ed16a43c1ef5	19	20576271	20577052	2	-1.689
34f02c91-ec41-4431-80f2-ed16a43c1ef5	19	20582324	21246445	381	0.047
34f02c91-ec41-4431-80f2-ed16a43c1ef5	19	21249195	32075990	5174	-0.0041
34f02c91-ec41-4431-80f2-ed16a43c1ef5	19	32080192	43193181	6020	0.0426
34f02c91-ec41-4431-80f2-ed16a43c1ef5	19	43198881	43252085	22	-0.7346
34f02c91-ec41-4431-80f2-ed16a43c1ef5	19	43262507	50076162	3298	0.0374
34f02c91-ec41-4431-80f2-ed16a43c1ef5	19	50076505	50082477	2	-1.4491
34f02c91-ec41-4431-80f2-ed16a43c1ef5	19	50082615	51639099	845	0.0262
34f02c91-ec41-4431-80f2-ed16a43c1ef5	19	51639362	51644944	10	-0.9331
34f02c91-ec41-4431-80f2-ed16a43c1ef5	19	51651652	54815158	2037	-0.0008
34f02c91-ec41-4431-80f2-ed16a43c1ef5	19	54819199	54837236	13	-1.3106
34f02c91-ec41-4431-80f2-ed16a43c1ef5	19	54852069	55771169	444	0.0038
34f02c91-ec41-4431-80f2-ed16a43c1ef5	19	55771663	55771701	2	-2.3557
34f02c91-ec41-4431-80f2-ed16a43c1ef5	19	55774927	58586487	1837	0.0092
34f02c91-ec41-4431-80f2-ed16a43c1ef5	20	80664	14921876	11265	-0.4635
34f02c91-ec41-4431-80f2-ed16a43c1ef5	20	14923478	15212106	245	-0.7115
34f02c91-ec41-4431-80f2-ed16a43c1ef5	20	15212428	23109111	6379	-0.4564
34f02c91-ec41-4431-80f2-ed16a43c1ef5	20	23109989	24843726	1367	-0.5368
34f02c91-ec41-4431-80f2-ed16a43c1ef5	20	24844313	31351605	783	-0.4255
34f02c91-ec41-4431-80f2-ed16a43c1ef5	20	31354892	31829530	222	0.8506
34f02c91-ec41-4431-80f2-ed16a43c1ef5	20	31831371	36978502	2438	0.6867
34f02c91-ec41-4431-80f2-ed16a43c1ef5	20	36984415	37102518	160	0.4879
34f02c91-ec41-4431-80f2-ed16a43c1ef5	20	37103095	41361086	2822	0.694
34f02c91-ec41-4431-80f2-ed16a43c1ef5	20	41370534	41730880	219	0.9198
34f02c91-ec41-4431-80f2-ed16a43c1ef5	20	41731384	41731388	5	-0.0513
34f02c91-ec41-4431-80f2-ed16a43c1ef5	20	41732145	42624858	809	0.875
34f02c91-ec41-4431-80f2-ed16a43c1ef5	20	42626961	42640681	40	0.5168
34f02c91-ec41-4431-80f2-ed16a43c1ef5	20	42640777	45573245	2044	0.9126
34f02c91-ec41-4431-80f2-ed16a43c1ef5	20	45575904	45576132	2	-2.2054
34f02c91-ec41-4431-80f2-ed16a43c1ef5	20	45580879	52027936	4510	0.9158
34f02c91-ec41-4431-80f2-ed16a43c1ef5	20	52031054	52716973	472	0.6822
34f02c91-ec41-4431-80f2-ed16a43c1ef5	20	52718884	52719468	3	-0.8441
34f02c91-ec41-4431-80f2-ed16a43c1ef5	20	52719921	57225665	3716	0.6732
34f02c91-ec41-4431-80f2-ed16a43c1ef5	20	57226609	59267802	1496	0.9136
34f02c91-ec41-4431-80f2-ed16a43c1ef5	20	59268226	60249930	844	0.6976
34f02c91-ec41-4431-80f2-ed16a43c1ef5	20	60251643	60251947	2	2.083
34f02c91-ec41-4431-80f2-ed16a43c1ef5	20	60251950	60377479	139	0.6429
34f02c91-ec41-4431-80f2-ed16a43c1ef5	20	60378241	60378667	2	-2.0598
34f02c91-ec41-4431-80f2-ed16a43c1ef5	20	60383612	61556458	1053	0.6296
34f02c91-ec41-4431-80f2-ed16a43c1ef5	20	61557843	63506002	913	0.9049
34f02c91-ec41-4431-80f2-ed16a43c1ef5	20	63506054	64201536	283	0.5921
34f02c91-ec41-4431-80f2-ed16a43c1ef5	20	64202107	64206133	2	-1.1461
34f02c91-ec41-4431-80f2-ed16a43c1ef5	20	64209428	64284715	56	0.7127
34f02c91-ec41-4431-80f2-ed16a43c1ef5	20	64323342	64324800	5	-1.6105
34f02c91-ec41-4431-80f2-ed16a43c1ef5	21	10354168	13320788	175	-0.1095
34f02c91-ec41-4431-80f2-ed16a43c1ef5	21	13320813	19648005	4142	0.0636
34f02c91-ec41-4431-80f2-ed16a43c1ef5	21	19648350	28037876	6397	0.0092
34f02c91-ec41-4431-80f2-ed16a43c1ef5	21	28042136	38651933	7671	0.0508
34f02c91-ec41-4431-80f2-ed16a43c1ef5	21	38652258	38653052	5	-0.911
34f02c91-ec41-4431-80f2-ed16a43c1ef5	21	38653325	39358530	582	0.1108
34f02c91-ec41-4431-80f2-ed16a43c1ef5	21	39359087	42721519	2909	-0.0261
34f02c91-ec41-4431-80f2-ed16a43c1ef5	21	42723148	46630634	1935	-0.0886
34f02c91-ec41-4431-80f2-ed16a43c1ef5	21	46632257	46677045	36	0.0504
34f02c91-ec41-4431-80f2-ed16a43c1ef5	22	15294547	19290286	1368	0.0277
34f02c91-ec41-4431-80f2-ed16a43c1ef5	22	19292118	22113002	1745	-0.0513
34f02c91-ec41-4431-80f2-ed16a43c1ef5	22	22113033	22185455	145	0.1535
34f02c91-ec41-4431-80f2-ed16a43c1ef5	22	22185775	23287669	719	-0.0443
34f02c91-ec41-4431-80f2-ed16a43c1ef5	22	23288100	25260283	1230	0.0515
34f02c91-ec41-4431-80f2-ed16a43c1ef5	22	25262594	25403626	140	-0.121
34f02c91-ec41-4431-80f2-ed16a43c1ef5	22	25403975	38894915	9834	0.0448
34f02c91-ec41-4431-80f2-ed16a43c1ef5	22	38899250	38900899	3	-2.5352
34f02c91-ec41-4431-80f2-ed16a43c1ef5	22	38903109	38955461	38	-0.0464
34f02c91-ec41-4431-80f2-ed16a43c1ef5	22	38967614	38979302	24	-0.7564
34f02c91-ec41-4431-80f2-ed16a43c1ef5	22	38993700	39212728	94	0.0237
34f02c91-ec41-4431-80f2-ed16a43c1ef5	22	39213844	39228047	9	-0.635
34f02c91-ec41-4431-80f2-ed16a43c1ef5	22	39228934	41903531	1467	0.0499
34f02c91-ec41-4431-80f2-ed16a43c1ef5	22	41903923	41928165	7	-0.6921
34f02c91-ec41-4431-80f2-ed16a43c1ef5	22	41936618	44734521	1956	0.0273
34f02c91-ec41-4431-80f2-ed16a43c1ef5	22	44734586	44740755	5	-1.306
34f02c91-ec41-4431-80f2-ed16a43c1ef5	22	44741026	47613706	2009	0.0553
34f02c91-ec41-4431-80f2-ed16a43c1ef5	22	47614034	49067741	1409	-0.0331
34f02c91-ec41-4431-80f2-ed16a43c1ef5	22	49068709	49107353	35	-0.4402
34f02c91-ec41-4431-80f2-ed16a43c1ef5	22	49107406	49693160	527	-0.0388
34f02c91-ec41-4431-80f2-ed16a43c1ef5	22	49693689	50796027	481	0.0409
34f02c91-ec41-4431-80f2-ed16a43c1ef5	X	251810	34491088	21558	0.0269
34f02c91-ec41-4431-80f2-ed16a43c1ef5	X	34491331	34494528	3	-1.4825
34f02c91-ec41-4431-80f2-ed16a43c1ef5	X	34494606	44346790	5551	0.0261
34f02c91-ec41-4431-80f2-ed16a43c1ef5	X	44346871	49610995	2430	-0.0051
34f02c91-ec41-4431-80f2-ed16a43c1ef5	X	49617003	49618343	3	-1.3096
34f02c91-ec41-4431-80f2-ed16a43c1ef5	X	49636659	68410830	6318	0.0022
34f02c91-ec41-4431-80f2-ed16a43c1ef5	X	68411022	70127461	913	0.0826
34f02c91-ec41-4431-80f2-ed16a43c1ef5	X	70129529	95937701	12666	0.003
34f02c91-ec41-4431-80f2-ed16a43c1ef5	X	95945681	95945694	2	-1.5744
34f02c91-ec41-4431-80f2-ed16a43c1ef5	X	95946304	121471849	13959	0.0058
34f02c91-ec41-4431-80f2-ed16a43c1ef5	X	121472357	123648420	1380	0.054
34f02c91-ec41-4431-80f2-ed16a43c1ef5	X	123654075	124522616	505	0.2464
34f02c91-ec41-4431-80f2-ed16a43c1ef5	X	124533371	141467306	9503	0.0328
34f02c91-ec41-4431-80f2-ed16a43c1ef5	X	141470995	141559094	4	-1.1218
34f02c91-ec41-4431-80f2-ed16a43c1ef5	X	141578177	155952689	8847	0.0469
34f02c91-ec41-4431-80f2-ed16a43c1ef5	Y	2782397	3314408	191	-2.9454
34f02c91-ec41-4431-80f2-ed16a43c1ef5	Y	3326047	6071948	527	-2.4906
34f02c91-ec41-4431-80f2-ed16a43c1ef5	Y	6075631	56872112	5922	-3.0592
