GDC_Aliquot	Chromosome	Start	End	Copy_Number	Major_Copy_Number	Minor_Copy_Number
7562cf75-5809-40af-bd1e-eee4f726dd9f	chr1	62920	23420132	2	1	1
7562cf75-5809-40af-bd1e-eee4f726dd9f	chr1	23421273	23822498	1	1	0
7562cf75-5809-40af-bd1e-eee4f726dd9f	chr1	23833167	49236333	2	1	1
7562cf75-5809-40af-bd1e-eee4f726dd9f	chr1	49239239	49443468	1	1	0
7562cf75-5809-40af-bd1e-eee4f726dd9f	chr1	49448451	110834746	2	1	1
7562cf75-5809-40af-bd1e-eee4f726dd9f	chr1	110834943	110845604	0	0	0
7562cf75-5809-40af-bd1e-eee4f726dd9f	chr1	110849445	248930189	2	1	1
7562cf75-5809-40af-bd1e-eee4f726dd9f	chr2	12784	168150983	2	1	1
7562cf75-5809-40af-bd1e-eee4f726dd9f	chr2	168153055	168180380	1	1	0
7562cf75-5809-40af-bd1e-eee4f726dd9f	chr2	168182860	242147305	2	1	1
7562cf75-5809-40af-bd1e-eee4f726dd9f	chr3	20930	11365018	2	1	1
7562cf75-5809-40af-bd1e-eee4f726dd9f	chr3	11365059	11462716	1	1	0
7562cf75-5809-40af-bd1e-eee4f726dd9f	chr3	11463777	36107024	2	1	1
7562cf75-5809-40af-bd1e-eee4f726dd9f	chr3	36108147	36115371	0	0	0
7562cf75-5809-40af-bd1e-eee4f726dd9f	chr3	36115599	60448107	2	1	1
7562cf75-5809-40af-bd1e-eee4f726dd9f	chr3	60448389	60539592	1	1	0
7562cf75-5809-40af-bd1e-eee4f726dd9f	chr3	60541746	60581369	0	0	0
7562cf75-5809-40af-bd1e-eee4f726dd9f	chr3	60581694	189995416	2	1	1
7562cf75-5809-40af-bd1e-eee4f726dd9f	chr3	189997784	190053169	1	1	0
7562cf75-5809-40af-bd1e-eee4f726dd9f	chr3	190056394	198169247	2	1	1
7562cf75-5809-40af-bd1e-eee4f726dd9f	chr4	68929	29178633	2	1	1
7562cf75-5809-40af-bd1e-eee4f726dd9f	chr4	29179931	29272838	1	1	0
7562cf75-5809-40af-bd1e-eee4f726dd9f	chr4	29273241	143737968	2	1	1
7562cf75-5809-40af-bd1e-eee4f726dd9f	chr4	143738144	143738642	0	0	0
7562cf75-5809-40af-bd1e-eee4f726dd9f	chr4	143744282	190106768	2	1	1
7562cf75-5809-40af-bd1e-eee4f726dd9f	chr5	15532	17039464	2	1	1
7562cf75-5809-40af-bd1e-eee4f726dd9f	chr5	17040534	17788509	1	1	0
7562cf75-5809-40af-bd1e-eee4f726dd9f	chr5	17791907	181363319	2	1	1
7562cf75-5809-40af-bd1e-eee4f726dd9f	chr6	149661	103286941	2	1	1
7562cf75-5809-40af-bd1e-eee4f726dd9f	chr6	103286950	103314186	0	0	0
7562cf75-5809-40af-bd1e-eee4f726dd9f	chr6	103317795	103973194	2	1	1
7562cf75-5809-40af-bd1e-eee4f726dd9f	chr6	103974820	104408295	0	0	0
7562cf75-5809-40af-bd1e-eee4f726dd9f	chr6	104413438	170741917	2	1	1
7562cf75-5809-40af-bd1e-eee4f726dd9f	chr7	43259	64282165	2	1	1
7562cf75-5809-40af-bd1e-eee4f726dd9f	chr7	64282405	64288274	0	0	0
7562cf75-5809-40af-bd1e-eee4f726dd9f	chr7	64289886	159334314	2	1	1
7562cf75-5809-40af-bd1e-eee4f726dd9f	chr8	81254	5932733	2	1	1
7562cf75-5809-40af-bd1e-eee4f726dd9f	chr8	5935362	5955112	1	1	0
7562cf75-5809-40af-bd1e-eee4f726dd9f	chr8	5958019	145072769	2	1	1
7562cf75-5809-40af-bd1e-eee4f726dd9f	chr9	46587	10467283	3	3	0
7562cf75-5809-40af-bd1e-eee4f726dd9f	chr9	10467871	10517372	5	5	0
7562cf75-5809-40af-bd1e-eee4f726dd9f	chr9	10517386	17273928	3	3	0
7562cf75-5809-40af-bd1e-eee4f726dd9f	chr9	17274161	36411462	2	2	0
7562cf75-5809-40af-bd1e-eee4f726dd9f	chr9	36412614	41741113	2	1	1
7562cf75-5809-40af-bd1e-eee4f726dd9f	chr9	60863881	70033749	3	2	1
7562cf75-5809-40af-bd1e-eee4f726dd9f	chr9	70034081	70546965	2	1	1
7562cf75-5809-40af-bd1e-eee4f726dd9f	chr9	70547969	83280326	3	2	1
7562cf75-5809-40af-bd1e-eee4f726dd9f	chr9	83280610	83298566	1	1	0
7562cf75-5809-40af-bd1e-eee4f726dd9f	chr9	83299156	94467054	3	2	1
7562cf75-5809-40af-bd1e-eee4f726dd9f	chr9	94471126	138200944	2	1	1
7562cf75-5809-40af-bd1e-eee4f726dd9f	chr10	45792	95105427	2	1	1
7562cf75-5809-40af-bd1e-eee4f726dd9f	chr10	95105451	95116202	8	8	0
7562cf75-5809-40af-bd1e-eee4f726dd9f	chr10	95116218	133654968	2	1	1
7562cf75-5809-40af-bd1e-eee4f726dd9f	chr11	198510	135074876	2	1	1
7562cf75-5809-40af-bd1e-eee4f726dd9f	chr12	51460	2197387	2	1	1
7562cf75-5809-40af-bd1e-eee4f726dd9f	chr12	2197403	2207451	1	1	0
7562cf75-5809-40af-bd1e-eee4f726dd9f	chr12	2207930	9466572	2	1	1
7562cf75-5809-40af-bd1e-eee4f726dd9f	chr12	9467109	9590690	0	0	0
7562cf75-5809-40af-bd1e-eee4f726dd9f	chr12	9590931	23105089	2	1	1
7562cf75-5809-40af-bd1e-eee4f726dd9f	chr12	23105176	23108719	1	1	0
7562cf75-5809-40af-bd1e-eee4f726dd9f	chr12	23109161	55499179	2	1	1
7562cf75-5809-40af-bd1e-eee4f726dd9f	chr12	55501795	55504035	1	1	0
7562cf75-5809-40af-bd1e-eee4f726dd9f	chr12	55513891	133201603	2	1	1
7562cf75-5809-40af-bd1e-eee4f726dd9f	chr13	18452809	37496998	3	2	1
7562cf75-5809-40af-bd1e-eee4f726dd9f	chr13	37497899	37510620	0	0	0
7562cf75-5809-40af-bd1e-eee4f726dd9f	chr13	37514193	47053333	3	2	1
7562cf75-5809-40af-bd1e-eee4f726dd9f	chr13	47053940	47069508	1	1	0
7562cf75-5809-40af-bd1e-eee4f726dd9f	chr13	47069621	104897561	3	2	1
7562cf75-5809-40af-bd1e-eee4f726dd9f	chr13	104901315	106767166	4	3	1
7562cf75-5809-40af-bd1e-eee4f726dd9f	chr13	106767514	106775303	6	4	2
7562cf75-5809-40af-bd1e-eee4f726dd9f	chr13	106775817	112400572	3	2	1
7562cf75-5809-40af-bd1e-eee4f726dd9f	chr13	112401731	114342922	4	3	1
7562cf75-5809-40af-bd1e-eee4f726dd9f	chr14	18239283	106877229	2	1	1
7562cf75-5809-40af-bd1e-eee4f726dd9f	chr15	19811075	23410189	4	2	2
7562cf75-5809-40af-bd1e-eee4f726dd9f	chr15	23411377	53592144	2	1	1
7562cf75-5809-40af-bd1e-eee4f726dd9f	chr15	53592505	53601535	1	1	0
7562cf75-5809-40af-bd1e-eee4f726dd9f	chr15	53604582	101928837	2	1	1
7562cf75-5809-40af-bd1e-eee4f726dd9f	chr16	10777	6587854	2	1	1
7562cf75-5809-40af-bd1e-eee4f726dd9f	chr16	6590693	6824658	1	1	0
7562cf75-5809-40af-bd1e-eee4f726dd9f	chr16	6825403	19933041	2	1	1
7562cf75-5809-40af-bd1e-eee4f726dd9f	chr16	19934328	19956040	0	0	0
7562cf75-5809-40af-bd1e-eee4f726dd9f	chr16	19958932	78587723	2	1	1
7562cf75-5809-40af-bd1e-eee4f726dd9f	chr16	78588736	78645636	1	1	0
7562cf75-5809-40af-bd1e-eee4f726dd9f	chr16	78647689	90096867	2	1	1
7562cf75-5809-40af-bd1e-eee4f726dd9f	chr17	150733	13273039	2	1	1
7562cf75-5809-40af-bd1e-eee4f726dd9f	chr17	13273080	13330887	4	3	1
7562cf75-5809-40af-bd1e-eee4f726dd9f	chr17	13331519	55524829	2	1	1
7562cf75-5809-40af-bd1e-eee4f726dd9f	chr17	55527946	55549303	1	1	0
7562cf75-5809-40af-bd1e-eee4f726dd9f	chr17	55549879	83091923	2	1	1
7562cf75-5809-40af-bd1e-eee4f726dd9f	chr18	48133	31316077	2	1	1
7562cf75-5809-40af-bd1e-eee4f726dd9f	chr18	31316408	31320755	1	1	0
7562cf75-5809-40af-bd1e-eee4f726dd9f	chr18	31327644	80257174	2	1	1
7562cf75-5809-40af-bd1e-eee4f726dd9f	chr19	90910	58586487	2	1	1
7562cf75-5809-40af-bd1e-eee4f726dd9f	chr20	80664	64324800	2	1	1
7562cf75-5809-40af-bd1e-eee4f726dd9f	chr21	12973348	13919595	3	2	1
7562cf75-5809-40af-bd1e-eee4f726dd9f	chr21	13920507	46677045	2	1	1
7562cf75-5809-40af-bd1e-eee4f726dd9f	chr22	16392123	25268865	2	1	1
7562cf75-5809-40af-bd1e-eee4f726dd9f	chr22	25270268	25526581	4	3	1
7562cf75-5809-40af-bd1e-eee4f726dd9f	chr22	25529050	50796027	2	1	1
7562cf75-5809-40af-bd1e-eee4f726dd9f	chrX	251810	74132435	2	1	1
7562cf75-5809-40af-bd1e-eee4f726dd9f	chrX	74132943	74605316	1	1	0
7562cf75-5809-40af-bd1e-eee4f726dd9f	chrX	74607405	81433044	2	1	1
7562cf75-5809-40af-bd1e-eee4f726dd9f	chrX	81433319	81469738	3	2	1
7562cf75-5809-40af-bd1e-eee4f726dd9f	chrX	81476894	91454088	2	1	1
7562cf75-5809-40af-bd1e-eee4f726dd9f	chrX	91454782	91455560	1	1	0
7562cf75-5809-40af-bd1e-eee4f726dd9f	chrX	91456049	156004181	2	1	1
7562cf75-5809-40af-bd1e-eee4f726dd9f	chrY	2782397	26653788	0	0	0
7562cf75-5809-40af-bd1e-eee4f726dd9f	chrY	56872112	56872112	2	2	0
