GDC_Aliquot	Chromosome	Start	End	Num_Probes	Segment_Mean
07c10a71-e945-4796-a3e0-3d48ec7e51f1	1	3301765	6040795	1903	-0.7607
07c10a71-e945-4796-a3e0-3d48ec7e51f1	1	6041047	29400363	11877	-0.6841
07c10a71-e945-4796-a3e0-3d48ec7e51f1	1	29410923	30452713	770	-0.7887
07c10a71-e945-4796-a3e0-3d48ec7e51f1	1	30452918	36443771	3056	-0.6786
07c10a71-e945-4796-a3e0-3d48ec7e51f1	1	36443784	37158944	498	-0.7733
07c10a71-e945-4796-a3e0-3d48ec7e51f1	1	37159461	38131187	454	0.007
07c10a71-e945-4796-a3e0-3d48ec7e51f1	1	38135808	38136401	2	1.4753
07c10a71-e945-4796-a3e0-3d48ec7e51f1	1	38140728	42000057	2187	-0.0031
07c10a71-e945-4796-a3e0-3d48ec7e51f1	1	42000098	42427493	236	-0.7259
07c10a71-e945-4796-a3e0-3d48ec7e51f1	1	42428386	42940483	291	-0.0226
07c10a71-e945-4796-a3e0-3d48ec7e51f1	1	42942608	48354599	2896	0.0303
07c10a71-e945-4796-a3e0-3d48ec7e51f1	1	48354622	71592684	14914	-0.032
07c10a71-e945-4796-a3e0-3d48ec7e51f1	1	71592722	83659601	6995	-0.0838
07c10a71-e945-4796-a3e0-3d48ec7e51f1	1	83660647	83661409	3	-1.2195
07c10a71-e945-4796-a3e0-3d48ec7e51f1	1	83666331	83807632	126	-0.0901
07c10a71-e945-4796-a3e0-3d48ec7e51f1	1	83808545	95807527	7557	-0.0257
07c10a71-e945-4796-a3e0-3d48ec7e51f1	1	95807790	107297061	6447	-0.0683
07c10a71-e945-4796-a3e0-3d48ec7e51f1	1	107297272	119087548	7238	-0.0223
07c10a71-e945-4796-a3e0-3d48ec7e51f1	1	119090096	157460352	4197	0.0097
07c10a71-e945-4796-a3e0-3d48ec7e51f1	1	157466808	187054644	19536	-0.0322
07c10a71-e945-4796-a3e0-3d48ec7e51f1	1	187056119	199319451	7112	-0.0732
07c10a71-e945-4796-a3e0-3d48ec7e51f1	1	199321504	208264265	5743	-0.0067
07c10a71-e945-4796-a3e0-3d48ec7e51f1	1	208264476	210911485	2069	-0.0588
07c10a71-e945-4796-a3e0-3d48ec7e51f1	1	210911792	214852265	2570	0.0008
07c10a71-e945-4796-a3e0-3d48ec7e51f1	1	214853173	216523127	1060	-0.0834
07c10a71-e945-4796-a3e0-3d48ec7e51f1	1	216523146	216523318	2	-1.6626
07c10a71-e945-4796-a3e0-3d48ec7e51f1	1	216527447	221405132	3338	-0.0583
07c10a71-e945-4796-a3e0-3d48ec7e51f1	1	221406716	221407063	2	-1.7863
07c10a71-e945-4796-a3e0-3d48ec7e51f1	1	221407528	222431797	759	-0.0862
07c10a71-e945-4796-a3e0-3d48ec7e51f1	1	222443137	229664347	3949	-0.0134
07c10a71-e945-4796-a3e0-3d48ec7e51f1	1	229665946	233646408	2890	-0.0498
07c10a71-e945-4796-a3e0-3d48ec7e51f1	1	233646892	236722766	2048	-0.0007
07c10a71-e945-4796-a3e0-3d48ec7e51f1	1	236723246	243905708	5225	-0.06
07c10a71-e945-4796-a3e0-3d48ec7e51f1	1	243911997	247650984	1702	-0.0126
07c10a71-e945-4796-a3e0-3d48ec7e51f1	2	480597	687775	187	-0.6384
07c10a71-e945-4796-a3e0-3d48ec7e51f1	2	1912858	8062643	4409	0.0103
07c10a71-e945-4796-a3e0-3d48ec7e51f1	2	8063520	11796465	2541	0.0997
07c10a71-e945-4796-a3e0-3d48ec7e51f1	2	11796672	14257928	1622	0.0021
07c10a71-e945-4796-a3e0-3d48ec7e51f1	2	14258251	14536287	184	-0.6304
07c10a71-e945-4796-a3e0-3d48ec7e51f1	2	14541650	14631020	92	0.0134
07c10a71-e945-4796-a3e0-3d48ec7e51f1	2	14642963	21217598	4558	-0.6354
07c10a71-e945-4796-a3e0-3d48ec7e51f1	2	21228090	23734447	1620	0.0038
07c10a71-e945-4796-a3e0-3d48ec7e51f1	2	23735294	29238152	2567	0.0849
07c10a71-e945-4796-a3e0-3d48ec7e51f1	2	29239539	41712732	6844	0.0333
07c10a71-e945-4796-a3e0-3d48ec7e51f1	2	41714360	47667400	4078	0.0856
07c10a71-e945-4796-a3e0-3d48ec7e51f1	2	47669278	52369839	2439	0.0095
07c10a71-e945-4796-a3e0-3d48ec7e51f1	2	52372222	52373171	3	-1.4349
07c10a71-e945-4796-a3e0-3d48ec7e51f1	2	52430806	56177400	2016	0.0481
07c10a71-e945-4796-a3e0-3d48ec7e51f1	2	56177516	59514289	1896	0.004
07c10a71-e945-4796-a3e0-3d48ec7e51f1	2	59518508	63004766	1958	0.0751
07c10a71-e945-4796-a3e0-3d48ec7e51f1	2	63007642	64011353	420	-0.6096
07c10a71-e945-4796-a3e0-3d48ec7e51f1	2	64026607	72989026	5585	0.0426
07c10a71-e945-4796-a3e0-3d48ec7e51f1	2	72992793	76219454	1738	-0.6015
07c10a71-e945-4796-a3e0-3d48ec7e51f1	2	76221267	76315979	63	0.0243
07c10a71-e945-4796-a3e0-3d48ec7e51f1	2	76364718	76856442	337	-0.6392
07c10a71-e945-4796-a3e0-3d48ec7e51f1	2	76858626	83870328	3626	-0.0086
07c10a71-e945-4796-a3e0-3d48ec7e51f1	2	83870353	88831240	1982	0.0764
07c10a71-e945-4796-a3e0-3d48ec7e51f1	2	88831554	96642791	502	-0.5372
07c10a71-e945-4796-a3e0-3d48ec7e51f1	2	96643055	116214083	10226	0.0452
07c10a71-e945-4796-a3e0-3d48ec7e51f1	2	116259983	117183732	285	-0.641
07c10a71-e945-4796-a3e0-3d48ec7e51f1	2	117185046	121446856	2576	0.0546
07c10a71-e945-4796-a3e0-3d48ec7e51f1	2	121447685	131182921	4646	-0.627
07c10a71-e945-4796-a3e0-3d48ec7e51f1	2	131188740	137242409	3177	0.0274
07c10a71-e945-4796-a3e0-3d48ec7e51f1	2	137248241	138311046	229	-0.6331
07c10a71-e945-4796-a3e0-3d48ec7e51f1	2	138312265	146589267	4810	-0.0132
07c10a71-e945-4796-a3e0-3d48ec7e51f1	2	146594155	149077408	1229	-0.6264
07c10a71-e945-4796-a3e0-3d48ec7e51f1	2	149077586	149077730	2	-3.35
07c10a71-e945-4796-a3e0-3d48ec7e51f1	2	149077773	149665020	365	-0.6317
07c10a71-e945-4796-a3e0-3d48ec7e51f1	2	149669181	153481997	2555	0.0346
07c10a71-e945-4796-a3e0-3d48ec7e51f1	2	153484318	157290668	2030	-0.6261
07c10a71-e945-4796-a3e0-3d48ec7e51f1	2	157290804	157293932	2	-2.6162
07c10a71-e945-4796-a3e0-3d48ec7e51f1	2	157303324	160222380	1794	-0.6116
07c10a71-e945-4796-a3e0-3d48ec7e51f1	2	160222900	160222924	2	-2.701
07c10a71-e945-4796-a3e0-3d48ec7e51f1	2	160222939	186483620	15162	-0.6186
07c10a71-e945-4796-a3e0-3d48ec7e51f1	2	186484044	186643815	99	-2.3466
07c10a71-e945-4796-a3e0-3d48ec7e51f1	2	186649879	186663908	7	-1.3113
07c10a71-e945-4796-a3e0-3d48ec7e51f1	2	186671412	186859262	100	-0.6601
07c10a71-e945-4796-a3e0-3d48ec7e51f1	2	186859834	200585011	6885	0.0248
07c10a71-e945-4796-a3e0-3d48ec7e51f1	2	200585062	208512085	4560	0.0585
07c10a71-e945-4796-a3e0-3d48ec7e51f1	2	208512240	217724236	5728	0.0053
07c10a71-e945-4796-a3e0-3d48ec7e51f1	2	217724253	219812570	1074	0.0814
07c10a71-e945-4796-a3e0-3d48ec7e51f1	2	219822044	226127110	4247	0.0129
07c10a71-e945-4796-a3e0-3d48ec7e51f1	2	226133903	227191652	636	-0.619
07c10a71-e945-4796-a3e0-3d48ec7e51f1	2	227197603	227326541	91	-0.3622
07c10a71-e945-4796-a3e0-3d48ec7e51f1	2	227328568	239667994	7266	0.0517
07c10a71-e945-4796-a3e0-3d48ec7e51f1	2	239671773	240655228	649	-0.6352
07c10a71-e945-4796-a3e0-3d48ec7e51f1	2	240655445	241537572	399	0.0771
07c10a71-e945-4796-a3e0-3d48ec7e51f1	3	2170634	8754861	3783	-0.058
07c10a71-e945-4796-a3e0-3d48ec7e51f1	3	8755409	10504099	1045	-0.0076
07c10a71-e945-4796-a3e0-3d48ec7e51f1	3	10507799	10508398	3	-1.4921
07c10a71-e945-4796-a3e0-3d48ec7e51f1	3	10511035	16100438	3703	-0.0254
07c10a71-e945-4796-a3e0-3d48ec7e51f1	3	16104736	29992126	8034	-0.072
07c10a71-e945-4796-a3e0-3d48ec7e51f1	3	29999523	32056745	1445	-0.0249
07c10a71-e945-4796-a3e0-3d48ec7e51f1	3	32081842	32082640	2	-1.4979
07c10a71-e945-4796-a3e0-3d48ec7e51f1	3	32083910	33499728	837	-0.0046
07c10a71-e945-4796-a3e0-3d48ec7e51f1	3	33499812	44223060	6361	-0.0442
07c10a71-e945-4796-a3e0-3d48ec7e51f1	3	44230848	53963561	4571	-0.0091
07c10a71-e945-4796-a3e0-3d48ec7e51f1	3	53963821	190967822	74388	-0.0627
07c10a71-e945-4796-a3e0-3d48ec7e51f1	3	190967970	192324394	784	-0.2526
07c10a71-e945-4796-a3e0-3d48ec7e51f1	3	192325444	197812401	2240	-0.0142
07c10a71-e945-4796-a3e0-3d48ec7e51f1	4	1059384	11760355	6086	-0.0299
07c10a71-e945-4796-a3e0-3d48ec7e51f1	4	11760399	15730726	2816	-0.0774
07c10a71-e945-4796-a3e0-3d48ec7e51f1	4	15733292	16736007	736	0.0007
07c10a71-e945-4796-a3e0-3d48ec7e51f1	4	16738592	24270992	4955	-0.075
07c10a71-e945-4796-a3e0-3d48ec7e51f1	4	24271324	27178982	1816	-0.0297
07c10a71-e945-4796-a3e0-3d48ec7e51f1	4	27179609	35588248	4965	-0.1028
07c10a71-e945-4796-a3e0-3d48ec7e51f1	4	35591679	39669522	2681	-0.0114
07c10a71-e945-4796-a3e0-3d48ec7e51f1	4	39670014	39674152	2	1.4522
07c10a71-e945-4796-a3e0-3d48ec7e51f1	4	39680923	41516634	1006	0.0103
07c10a71-e945-4796-a3e0-3d48ec7e51f1	4	41517047	42641133	696	-0.0612
07c10a71-e945-4796-a3e0-3d48ec7e51f1	4	42641561	42642749	2	-1.2107
07c10a71-e945-4796-a3e0-3d48ec7e51f1	4	42643407	43373273	225	-0.0469
07c10a71-e945-4796-a3e0-3d48ec7e51f1	4	43373356	46652905	1593	-0.1114
07c10a71-e945-4796-a3e0-3d48ec7e51f1	4	46656657	59006180	5302	-0.0502
07c10a71-e945-4796-a3e0-3d48ec7e51f1	4	59006292	67840050	4885	-0.1045
07c10a71-e945-4796-a3e0-3d48ec7e51f1	4	67841145	84918632	9421	-0.047
07c10a71-e945-4796-a3e0-3d48ec7e51f1	4	84919080	84960214	25	-0.884
07c10a71-e945-4796-a3e0-3d48ec7e51f1	4	84962553	92216477	4176	-0.0407
07c10a71-e945-4796-a3e0-3d48ec7e51f1	4	92216520	97626454	3001	-0.1029
07c10a71-e945-4796-a3e0-3d48ec7e51f1	4	97626566	123921345	14824	-0.0583
07c10a71-e945-4796-a3e0-3d48ec7e51f1	4	123924796	138714206	7535	-0.098
07c10a71-e945-4796-a3e0-3d48ec7e51f1	4	138715842	147177708	4832	-0.0555
07c10a71-e945-4796-a3e0-3d48ec7e51f1	4	147182247	147190461	2	-2.1581
07c10a71-e945-4796-a3e0-3d48ec7e51f1	4	147191855	173185211	14499	-0.082
07c10a71-e945-4796-a3e0-3d48ec7e51f1	4	173192067	184810786	5856	-0.7971
07c10a71-e945-4796-a3e0-3d48ec7e51f1	4	184823247	187842528	1532	-0.0486
07c10a71-e945-4796-a3e0-3d48ec7e51f1	5	913983	8766043	5669	-0.079
07c10a71-e945-4796-a3e0-3d48ec7e51f1	5	8766408	10574025	1421	-0.0255
07c10a71-e945-4796-a3e0-3d48ec7e51f1	5	10574869	13657124	1621	-0.0927
07c10a71-e945-4796-a3e0-3d48ec7e51f1	5	13657229	17301875	2101	-0.0156
07c10a71-e945-4796-a3e0-3d48ec7e51f1	5	17302387	31243138	7301	-0.0942
07c10a71-e945-4796-a3e0-3d48ec7e51f1	5	31245227	81316560	25312	-0.0489
07c10a71-e945-4796-a3e0-3d48ec7e51f1	5	81316810	127121923	24847	-0.074
07c10a71-e945-4796-a3e0-3d48ec7e51f1	5	127122434	127122625	2	-1.9307
07c10a71-e945-4796-a3e0-3d48ec7e51f1	5	127127947	130731560	2044	-0.0582
07c10a71-e945-4796-a3e0-3d48ec7e51f1	5	130738327	135522370	2825	-0.0128
07c10a71-e945-4796-a3e0-3d48ec7e51f1	5	135525706	135526168	2	-1.4421
07c10a71-e945-4796-a3e0-3d48ec7e51f1	5	135526582	143123548	4260	-0.0221
07c10a71-e945-4796-a3e0-3d48ec7e51f1	5	143124684	160940445	11711	-0.0582
07c10a71-e945-4796-a3e0-3d48ec7e51f1	5	160940969	167561935	4105	-0.101
07c10a71-e945-4796-a3e0-3d48ec7e51f1	5	167562508	180934240	7906	-0.0323
07c10a71-e945-4796-a3e0-3d48ec7e51f1	6	1011760	56656399	33835	-0.0536
07c10a71-e945-4796-a3e0-3d48ec7e51f1	6	56656953	105364654	24439	-0.0852
07c10a71-e945-4796-a3e0-3d48ec7e51f1	6	105366798	112514806	4384	-0.0379
07c10a71-e945-4796-a3e0-3d48ec7e51f1	6	112514967	113076293	360	-0.1691
07c10a71-e945-4796-a3e0-3d48ec7e51f1	6	113076855	119082217	3065	-0.0703
07c10a71-e945-4796-a3e0-3d48ec7e51f1	6	119086203	119227379	86	-0.6026
07c10a71-e945-4796-a3e0-3d48ec7e51f1	6	119231009	120469201	724	-0.0957
07c10a71-e945-4796-a3e0-3d48ec7e51f1	6	120471526	120829733	225	-0.576
07c10a71-e945-4796-a3e0-3d48ec7e51f1	6	120830182	141648860	12635	-0.0692
07c10a71-e945-4796-a3e0-3d48ec7e51f1	6	141650565	141651512	3	-2.2538
07c10a71-e945-4796-a3e0-3d48ec7e51f1	6	141653578	161166075	12832	-0.0614
07c10a71-e945-4796-a3e0-3d48ec7e51f1	6	161166582	165533970	2547	-0.1166
07c10a71-e945-4796-a3e0-3d48ec7e51f1	6	165534840	170596889	2033	-0.0737
07c10a71-e945-4796-a3e0-3d48ec7e51f1	7	664936	16130033	7905	0.4188
07c10a71-e945-4796-a3e0-3d48ec7e51f1	7	16131935	16132634	2	-1.9036
07c10a71-e945-4796-a3e0-3d48ec7e51f1	7	16137216	40772281	15472	0.4148
07c10a71-e945-4796-a3e0-3d48ec7e51f1	7	40784409	42428475	1201	0.3521
07c10a71-e945-4796-a3e0-3d48ec7e51f1	7	42429537	48541346	3557	0.426
07c10a71-e945-4796-a3e0-3d48ec7e51f1	7	48561249	49842772	892	0.3585
07c10a71-e945-4796-a3e0-3d48ec7e51f1	7	49843393	52218837	1754	0.4309
07c10a71-e945-4796-a3e0-3d48ec7e51f1	7	52220036	54728807	1629	0.3602
07c10a71-e945-4796-a3e0-3d48ec7e51f1	7	54729010	68205737	2663	0.4118
07c10a71-e945-4796-a3e0-3d48ec7e51f1	7	68206813	69964921	1108	0.3447
07c10a71-e945-4796-a3e0-3d48ec7e51f1	7	69965213	72395754	1420	0.404
07c10a71-e945-4796-a3e0-3d48ec7e51f1	7	72396017	78128024	1635	0.4569
07c10a71-e945-4796-a3e0-3d48ec7e51f1	7	78129618	97951703	10847	0.3887
07c10a71-e945-4796-a3e0-3d48ec7e51f1	7	97951721	109928713	5930	0.4292
07c10a71-e945-4796-a3e0-3d48ec7e51f1	7	109929242	116693943	3324	0.3714
07c10a71-e945-4796-a3e0-3d48ec7e51f1	7	116693990	118686310	1152	0.4579
07c10a71-e945-4796-a3e0-3d48ec7e51f1	7	118688187	138439861	11191	0.3905
07c10a71-e945-4796-a3e0-3d48ec7e51f1	7	138445820	140759033	1187	0.4689
07c10a71-e945-4796-a3e0-3d48ec7e51f1	7	140769780	145505101	2195	0.404
07c10a71-e945-4796-a3e0-3d48ec7e51f1	7	145510588	145715153	115	-0.0951
07c10a71-e945-4796-a3e0-3d48ec7e51f1	7	145716013	148210234	1509	0.3497
07c10a71-e945-4796-a3e0-3d48ec7e51f1	7	148213340	158486296	5269	0.4278
07c10a71-e945-4796-a3e0-3d48ec7e51f1	7	158486438	158592540	40	0.3191
07c10a71-e945-4796-a3e0-3d48ec7e51f1	8	667625	32054734	18839	-0.764
07c10a71-e945-4796-a3e0-3d48ec7e51f1	8	32056099	32056505	2	-4.4191
07c10a71-e945-4796-a3e0-3d48ec7e51f1	8	32057002	36612988	2481	-0.796
07c10a71-e945-4796-a3e0-3d48ec7e51f1	8	36613275	40632974	2183	-0.7162
07c10a71-e945-4796-a3e0-3d48ec7e51f1	8	40633196	41232537	383	-0.7973
07c10a71-e945-4796-a3e0-3d48ec7e51f1	8	41234270	43080575	1069	0.9993
07c10a71-e945-4796-a3e0-3d48ec7e51f1	8	46547532	48720686	921	-0.7288
07c10a71-e945-4796-a3e0-3d48ec7e51f1	8	48724173	48783216	22	0.9223
07c10a71-e945-4796-a3e0-3d48ec7e51f1	8	48783771	48784125	3	-0.5749
07c10a71-e945-4796-a3e0-3d48ec7e51f1	8	48787763	51045170	1201	0.9647
07c10a71-e945-4796-a3e0-3d48ec7e51f1	8	51045672	51045878	2	-0.6924
07c10a71-e945-4796-a3e0-3d48ec7e51f1	8	51046849	52452180	912	1.0089
07c10a71-e945-4796-a3e0-3d48ec7e51f1	8	52452684	52453304	4	-0.8796
07c10a71-e945-4796-a3e0-3d48ec7e51f1	8	52462668	69294368	9898	0.97
07c10a71-e945-4796-a3e0-3d48ec7e51f1	8	69295362	69296056	6	-0.3562
07c10a71-e945-4796-a3e0-3d48ec7e51f1	8	69296082	97708906	16294	0.9713
07c10a71-e945-4796-a3e0-3d48ec7e51f1	8	97709620	104239931	3699	1.011
07c10a71-e945-4796-a3e0-3d48ec7e51f1	8	104240651	117531829	7110	0.9503
07c10a71-e945-4796-a3e0-3d48ec7e51f1	8	117531981	120814582	2334	0.9957
07c10a71-e945-4796-a3e0-3d48ec7e51f1	8	120815228	120815257	3	-0.2286
07c10a71-e945-4796-a3e0-3d48ec7e51f1	8	120816679	130120160	6273	0.9959
07c10a71-e945-4796-a3e0-3d48ec7e51f1	8	130120460	139381413	7030	0.9526
07c10a71-e945-4796-a3e0-3d48ec7e51f1	8	139381584	144182542	1458	1.0138
07c10a71-e945-4796-a3e0-3d48ec7e51f1	9	789794	1582154	191	0.4505
07c10a71-e945-4796-a3e0-3d48ec7e51f1	9	1582315	14596594	7759	0.3861
07c10a71-e945-4796-a3e0-3d48ec7e51f1	9	14597664	14610815	4	-1.0746
07c10a71-e945-4796-a3e0-3d48ec7e51f1	9	14611368	16108502	1116	0.4274
07c10a71-e945-4796-a3e0-3d48ec7e51f1	9	16110625	18037343	1569	0.3366
07c10a71-e945-4796-a3e0-3d48ec7e51f1	9	18038015	22408752	3338	0.3999
07c10a71-e945-4796-a3e0-3d48ec7e51f1	9	22412949	32040471	5486	0.3498
07c10a71-e945-4796-a3e0-3d48ec7e51f1	9	32040763	75782969	9223	0.4089
07c10a71-e945-4796-a3e0-3d48ec7e51f1	9	75786846	75786953	2	-2.6333
07c10a71-e945-4796-a3e0-3d48ec7e51f1	9	75787315	78389289	1897	0.4168
07c10a71-e945-4796-a3e0-3d48ec7e51f1	9	78393043	88270587	6941	0.3569
07c10a71-e945-4796-a3e0-3d48ec7e51f1	9	88270744	107338582	11848	0.3914
07c10a71-e945-4796-a3e0-3d48ec7e51f1	9	107338763	115201017	5740	0.4207
07c10a71-e945-4796-a3e0-3d48ec7e51f1	9	115201333	120452960	3979	0.3691
07c10a71-e945-4796-a3e0-3d48ec7e51f1	9	120455432	138044505	9436	0.438
07c10a71-e945-4796-a3e0-3d48ec7e51f1	10	366509	4717139	2806	-0.0433
07c10a71-e945-4796-a3e0-3d48ec7e51f1	10	4717242	6567586	1340	0.0145
07c10a71-e945-4796-a3e0-3d48ec7e51f1	10	6567692	11302895	3696	-0.0643
07c10a71-e945-4796-a3e0-3d48ec7e51f1	10	11303382	13872443	1893	-0.0056
07c10a71-e945-4796-a3e0-3d48ec7e51f1	10	13872462	17305473	2703	-0.0548
07c10a71-e945-4796-a3e0-3d48ec7e51f1	10	17306813	17309795	4	-1.6438
07c10a71-e945-4796-a3e0-3d48ec7e51f1	10	17311152	28060264	6964	-0.0381
07c10a71-e945-4796-a3e0-3d48ec7e51f1	10	28064789	33194169	3641	-0.0054
07c10a71-e945-4796-a3e0-3d48ec7e51f1	10	33194380	56139151	9858	-0.0601
07c10a71-e945-4796-a3e0-3d48ec7e51f1	10	56146964	73119946	10353	-0.7432
07c10a71-e945-4796-a3e0-3d48ec7e51f1	10	73126162	74261286	441	-0.0027
07c10a71-e945-4796-a3e0-3d48ec7e51f1	10	74262687	74262716	2	-1.835
07c10a71-e945-4796-a3e0-3d48ec7e51f1	10	74271851	80982901	4256	-0.0382
07c10a71-e945-4796-a3e0-3d48ec7e51f1	10	80988029	85289107	3074	-0.0976
07c10a71-e945-4796-a3e0-3d48ec7e51f1	10	85291645	85296064	2	-1.7379
07c10a71-e945-4796-a3e0-3d48ec7e51f1	10	85299371	86212063	674	-0.0848
07c10a71-e945-4796-a3e0-3d48ec7e51f1	10	86212404	99382832	7805	-0.0421
07c10a71-e945-4796-a3e0-3d48ec7e51f1	10	99383812	104468075	2656	0.0005
07c10a71-e945-4796-a3e0-3d48ec7e51f1	10	104473681	105022171	422	-0.0541
07c10a71-e945-4796-a3e0-3d48ec7e51f1	10	105024250	105765625	496	-0.0766
07c10a71-e945-4796-a3e0-3d48ec7e51f1	10	105770766	105770922	4	0.8947
07c10a71-e945-4796-a3e0-3d48ec7e51f1	10	105771074	108476137	1875	-0.101
07c10a71-e945-4796-a3e0-3d48ec7e51f1	10	108476415	128648331	14256	-0.0294
07c10a71-e945-4796-a3e0-3d48ec7e51f1	10	128650556	131300865	1499	-0.0935
07c10a71-e945-4796-a3e0-3d48ec7e51f1	10	131303072	133411599	531	-0.0298
07c10a71-e945-4796-a3e0-3d48ec7e51f1	11	456012	20877784	13150	-0.043
07c10a71-e945-4796-a3e0-3d48ec7e51f1	11	20877997	24925485	2751	-0.1092
07c10a71-e945-4796-a3e0-3d48ec7e51f1	11	24933676	24934734	3	-1.5529
07c10a71-e945-4796-a3e0-3d48ec7e51f1	11	24937432	32082025	4372	-0.0921
07c10a71-e945-4796-a3e0-3d48ec7e51f1	11	32082148	36889109	3417	-0.0258
07c10a71-e945-4796-a3e0-3d48ec7e51f1	11	36889512	43627112	3873	-0.1088
07c10a71-e945-4796-a3e0-3d48ec7e51f1	11	43632197	45599123	1435	-0.0515
07c10a71-e945-4796-a3e0-3d48ec7e51f1	11	45603517	61198004	4530	-0.0379
07c10a71-e945-4796-a3e0-3d48ec7e51f1	11	61252993	68310060	2394	0.0161
07c10a71-e945-4796-a3e0-3d48ec7e51f1	11	68310198	78236480	5150	-0.0249
07c10a71-e945-4796-a3e0-3d48ec7e51f1	11	78237049	79583022	1041	-0.0986
07c10a71-e945-4796-a3e0-3d48ec7e51f1	11	79583508	79583655	2	-2.3059
07c10a71-e945-4796-a3e0-3d48ec7e51f1	11	79585611	116241742	22975	-0.0851
07c10a71-e945-4796-a3e0-3d48ec7e51f1	11	116249027	117109195	653	-0.7276
07c10a71-e945-4796-a3e0-3d48ec7e51f1	11	117113033	119630310	1647	-0.0243
07c10a71-e945-4796-a3e0-3d48ec7e51f1	11	119632805	119634715	3	-1.5846
07c10a71-e945-4796-a3e0-3d48ec7e51f1	11	119636530	121968315	1714	-0.0204
07c10a71-e945-4796-a3e0-3d48ec7e51f1	11	121971747	128833541	5127	0.3833
07c10a71-e945-4796-a3e0-3d48ec7e51f1	11	128837797	130794396	1088	0.4475
07c10a71-e945-4796-a3e0-3d48ec7e51f1	11	130797832	134272740	2272	0.3575
07c10a71-e945-4796-a3e0-3d48ec7e51f1	12	780472	7770932	4185	-0.0285
07c10a71-e945-4796-a3e0-3d48ec7e51f1	12	7775375	10142975	963	-0.0955
07c10a71-e945-4796-a3e0-3d48ec7e51f1	12	10145566	12538334	1401	-0.021
07c10a71-e945-4796-a3e0-3d48ec7e51f1	12	12539074	12865847	201	-0.4507
07c10a71-e945-4796-a3e0-3d48ec7e51f1	12	12866794	24037668	6932	-0.0566
07c10a71-e945-4796-a3e0-3d48ec7e51f1	12	24037929	24038869	3	-1.5454
07c10a71-e945-4796-a3e0-3d48ec7e51f1	12	24039437	47174615	10680	-0.0514
07c10a71-e945-4796-a3e0-3d48ec7e51f1	12	47174655	58249448	5746	-0.0042
07c10a71-e945-4796-a3e0-3d48ec7e51f1	12	58253067	65250644	4230	-0.057
07c10a71-e945-4796-a3e0-3d48ec7e51f1	12	65251617	68443343	2255	-0.7675
07c10a71-e945-4796-a3e0-3d48ec7e51f1	12	68447496	80575401	7396	-0.0481
07c10a71-e945-4796-a3e0-3d48ec7e51f1	12	80577883	94719637	8398	-0.7413
07c10a71-e945-4796-a3e0-3d48ec7e51f1	12	94719730	109337202	9531	-0.0491
07c10a71-e945-4796-a3e0-3d48ec7e51f1	12	109341218	123858618	8140	-0.0184
07c10a71-e945-4796-a3e0-3d48ec7e51f1	12	123860606	124279139	290	-0.7659
07c10a71-e945-4796-a3e0-3d48ec7e51f1	12	124280357	124280541	2	-4.0331
07c10a71-e945-4796-a3e0-3d48ec7e51f1	12	124282039	126130800	1304	-0.7247
07c10a71-e945-4796-a3e0-3d48ec7e51f1	12	126134547	126314787	157	-0.0759
07c10a71-e945-4796-a3e0-3d48ec7e51f1	12	126314984	126314999	2	-1.4313
07c10a71-e945-4796-a3e0-3d48ec7e51f1	12	126316303	132093865	2430	-0.0342
07c10a71-e945-4796-a3e0-3d48ec7e51f1	12	132105630	132605822	45	-0.712
07c10a71-e945-4796-a3e0-3d48ec7e51f1	13	18874255	24203988	2689	0.4981
07c10a71-e945-4796-a3e0-3d48ec7e51f1	13	24204122	34000381	6682	0.8031
07c10a71-e945-4796-a3e0-3d48ec7e51f1	13	34000869	39359940	3653	0.7598
07c10a71-e945-4796-a3e0-3d48ec7e51f1	13	39361059	40627496	955	0.7869
07c10a71-e945-4796-a3e0-3d48ec7e51f1	13	40628247	46846848	3752	0.8356
07c10a71-e945-4796-a3e0-3d48ec7e51f1	13	46849156	48896911	1520	0.7804
07c10a71-e945-4796-a3e0-3d48ec7e51f1	13	48897057	53696066	1843	0.8377
07c10a71-e945-4796-a3e0-3d48ec7e51f1	13	53697969	70800969	8361	0.7718
07c10a71-e945-4796-a3e0-3d48ec7e51f1	13	70802080	74074876	2184	0.8368
07c10a71-e945-4796-a3e0-3d48ec7e51f1	13	74075608	79057315	3371	0.7901
07c10a71-e945-4796-a3e0-3d48ec7e51f1	13	79061148	80860722	1103	0.8387
07c10a71-e945-4796-a3e0-3d48ec7e51f1	13	80860751	95039258	8469	0.7707
07c10a71-e945-4796-a3e0-3d48ec7e51f1	13	95039438	100750624	3443	0.8245
07c10a71-e945-4796-a3e0-3d48ec7e51f1	13	100750824	105096641	3483	0.7789
07c10a71-e945-4796-a3e0-3d48ec7e51f1	13	105096717	114226675	5532	0.8175
07c10a71-e945-4796-a3e0-3d48ec7e51f1	14	20033191	25482109	2420	0.011
07c10a71-e945-4796-a3e0-3d48ec7e51f1	14	25483303	25753680	208	-0.039
07c10a71-e945-4796-a3e0-3d48ec7e51f1	14	25759144	29736606	2170	-0.1009
07c10a71-e945-4796-a3e0-3d48ec7e51f1	14	29736725	36311549	4030	-0.0179
07c10a71-e945-4796-a3e0-3d48ec7e51f1	14	36311567	48998443	6079	-0.0728
07c10a71-e945-4796-a3e0-3d48ec7e51f1	14	49001704	64264443	9717	-0.0367
07c10a71-e945-4796-a3e0-3d48ec7e51f1	14	64264549	78248619	8505	-0.0054
07c10a71-e945-4796-a3e0-3d48ec7e51f1	14	78249883	80125592	1323	-0.0685
07c10a71-e945-4796-a3e0-3d48ec7e51f1	14	80127731	80132110	4	0.9428
07c10a71-e945-4796-a3e0-3d48ec7e51f1	14	80132663	81067902	556	-0.0621
07c10a71-e945-4796-a3e0-3d48ec7e51f1	14	81071140	81928982	548	-0.0171
07c10a71-e945-4796-a3e0-3d48ec7e51f1	14	81929221	87399532	3506	-0.0914
07c10a71-e945-4796-a3e0-3d48ec7e51f1	14	87399727	97141768	6290	-0.0168
07c10a71-e945-4796-a3e0-3d48ec7e51f1	14	97142417	98636285	1209	-0.0885
07c10a71-e945-4796-a3e0-3d48ec7e51f1	14	98637117	105533894	3243	0.0022
07c10a71-e945-4796-a3e0-3d48ec7e51f1	15	23437561	27250144	2263	-0.7836
07c10a71-e945-4796-a3e0-3d48ec7e51f1	15	27250982	27251196	2	-2.8864
07c10a71-e945-4796-a3e0-3d48ec7e51f1	15	27254817	39171656	5512	-0.7424
07c10a71-e945-4796-a3e0-3d48ec7e51f1	15	39172551	39175597	6	-2.8385
07c10a71-e945-4796-a3e0-3d48ec7e51f1	15	39176146	42005726	1471	-0.6848
07c10a71-e945-4796-a3e0-3d48ec7e51f1	15	42005935	42009722	3	-4.2773
07c10a71-e945-4796-a3e0-3d48ec7e51f1	15	42010168	60157106	10796	-0.7183
07c10a71-e945-4796-a3e0-3d48ec7e51f1	15	60158056	62322217	1739	-0.0272
07c10a71-e945-4796-a3e0-3d48ec7e51f1	15	62322435	67051049	2864	0.026
07c10a71-e945-4796-a3e0-3d48ec7e51f1	15	67051133	83625380	9377	-0.011
07c10a71-e945-4796-a3e0-3d48ec7e51f1	15	83626373	83626549	2	-1.4749
07c10a71-e945-4796-a3e0-3d48ec7e51f1	15	83629846	86349178	1239	0.0182
07c10a71-e945-4796-a3e0-3d48ec7e51f1	15	86349407	88201694	1345	-0.0659
07c10a71-e945-4796-a3e0-3d48ec7e51f1	15	88208113	94637839	3835	0.0087
07c10a71-e945-4796-a3e0-3d48ec7e51f1	15	94638118	96906812	1703	-0.0706
07c10a71-e945-4796-a3e0-3d48ec7e51f1	15	96907016	101344124	2540	-0.0155
07c10a71-e945-4796-a3e0-3d48ec7e51f1	16	603333	5738914	2121	0.0287
07c10a71-e945-4796-a3e0-3d48ec7e51f1	16	5739201	8241344	1391	-0.0684
07c10a71-e945-4796-a3e0-3d48ec7e51f1	16	8241930	25591829	7894	0.0005
07c10a71-e945-4796-a3e0-3d48ec7e51f1	16	25594478	26893215	1072	-0.0681
07c10a71-e945-4796-a3e0-3d48ec7e51f1	16	26898049	53396156	5894	-0.0043
07c10a71-e945-4796-a3e0-3d48ec7e51f1	16	53396476	56073164	2150	-0.0573
07c10a71-e945-4796-a3e0-3d48ec7e51f1	16	56073963	59355178	1967	0.0052
07c10a71-e945-4796-a3e0-3d48ec7e51f1	16	59356291	60074988	464	-0.0857
07c10a71-e945-4796-a3e0-3d48ec7e51f1	16	60075296	60082959	2	-1.5291
07c10a71-e945-4796-a3e0-3d48ec7e51f1	16	60089614	64918638	3030	-0.0979
07c10a71-e945-4796-a3e0-3d48ec7e51f1	16	64918757	66554867	1263	-0.0355
07c10a71-e945-4796-a3e0-3d48ec7e51f1	16	66556669	67571891	433	0.0309
07c10a71-e945-4796-a3e0-3d48ec7e51f1	16	67575065	67575378	2	-1.4198
07c10a71-e945-4796-a3e0-3d48ec7e51f1	16	67578284	71841945	1742	0.0414
07c10a71-e945-4796-a3e0-3d48ec7e51f1	16	71843560	73642389	1054	-0.0161
07c10a71-e945-4796-a3e0-3d48ec7e51f1	16	73642692	73662071	10	-0.6525
07c10a71-e945-4796-a3e0-3d48ec7e51f1	16	73662180	75689246	1118	-0.0058
07c10a71-e945-4796-a3e0-3d48ec7e51f1	16	75689440	76320977	411	-0.0564
07c10a71-e945-4796-a3e0-3d48ec7e51f1	16	76321358	76322023	3	-1.5504
07c10a71-e945-4796-a3e0-3d48ec7e51f1	16	76323981	80626394	3847	-0.0485
07c10a71-e945-4796-a3e0-3d48ec7e51f1	16	80628984	89317317	5355	-0.0027
07c10a71-e945-4796-a3e0-3d48ec7e51f1	17	1074619	5612781	1990	-0.6466
07c10a71-e945-4796-a3e0-3d48ec7e51f1	17	5612892	8708622	1699	-0.7251
07c10a71-e945-4796-a3e0-3d48ec7e51f1	17	8711418	8711562	2	-2.9661
07c10a71-e945-4796-a3e0-3d48ec7e51f1	17	8712396	13031831	2999	-0.7333
07c10a71-e945-4796-a3e0-3d48ec7e51f1	17	13034563	13039149	3	-4.0638
07c10a71-e945-4796-a3e0-3d48ec7e51f1	17	13039568	13533390	303	-0.7305
07c10a71-e945-4796-a3e0-3d48ec7e51f1	17	13533570	13536590	3	-2.8947
07c10a71-e945-4796-a3e0-3d48ec7e51f1	17	13537292	21774057	2701	-0.691
07c10a71-e945-4796-a3e0-3d48ec7e51f1	17	26943491	51781063	10790	0.0124
07c10a71-e945-4796-a3e0-3d48ec7e51f1	17	51781602	54752745	1683	-0.0515
07c10a71-e945-4796-a3e0-3d48ec7e51f1	17	54753045	54753712	2	1.0477
07c10a71-e945-4796-a3e0-3d48ec7e51f1	17	54754644	56624681	1458	-0.0333
07c10a71-e945-4796-a3e0-3d48ec7e51f1	17	56625086	82959812	13620	0.0014
07c10a71-e945-4796-a3e0-3d48ec7e51f1	18	326691	8672634	4579	-0.7105
07c10a71-e945-4796-a3e0-3d48ec7e51f1	18	8672903	8673505	2	-3.8322
07c10a71-e945-4796-a3e0-3d48ec7e51f1	18	8673730	22105153	4049	-0.6862
07c10a71-e945-4796-a3e0-3d48ec7e51f1	18	22107782	22132427	15	0.0884
07c10a71-e945-4796-a3e0-3d48ec7e51f1	18	22133098	23943733	1015	-0.6634
07c10a71-e945-4796-a3e0-3d48ec7e51f1	18	23951548	23951594	2	-3.1272
07c10a71-e945-4796-a3e0-3d48ec7e51f1	18	23953257	24616715	488	-0.6547
07c10a71-e945-4796-a3e0-3d48ec7e51f1	18	24626578	30095929	3378	-0.7367
07c10a71-e945-4796-a3e0-3d48ec7e51f1	18	30096420	37360216	4461	-0.6732
07c10a71-e945-4796-a3e0-3d48ec7e51f1	18	37361354	45394358	4812	-0.7467
07c10a71-e945-4796-a3e0-3d48ec7e51f1	18	45396382	51090491	3920	-0.6891
07c10a71-e945-4796-a3e0-3d48ec7e51f1	18	51091284	53231739	1432	-0.8034
07c10a71-e945-4796-a3e0-3d48ec7e51f1	18	53232150	57367346	2531	-0.7226
07c10a71-e945-4796-a3e0-3d48ec7e51f1	18	57368699	57369371	2	-3.9384
07c10a71-e945-4796-a3e0-3d48ec7e51f1	18	57373408	59655917	1578	-0.6743
07c10a71-e945-4796-a3e0-3d48ec7e51f1	18	59656558	59656647	2	-3.0165
07c10a71-e945-4796-a3e0-3d48ec7e51f1	18	59657104	75162336	7658	-0.7029
07c10a71-e945-4796-a3e0-3d48ec7e51f1	18	75162349	75164401	2	-4.0718
07c10a71-e945-4796-a3e0-3d48ec7e51f1	18	75169924	79349796	2811	-0.7498
07c10a71-e945-4796-a3e0-3d48ec7e51f1	19	283868	15038423	5516	0.0306
07c10a71-e945-4796-a3e0-3d48ec7e51f1	19	15041083	15041494	2	-1.3726
07c10a71-e945-4796-a3e0-3d48ec7e51f1	19	15043315	19835282	2216	0.016
07c10a71-e945-4796-a3e0-3d48ec7e51f1	19	19836130	32501287	4826	-0.0664
07c10a71-e945-4796-a3e0-3d48ec7e51f1	19	32501479	56111974	10347	0.0127
07c10a71-e945-4796-a3e0-3d48ec7e51f1	19	56113300	58370362	1251	-0.0602
07c10a71-e945-4796-a3e0-3d48ec7e51f1	20	472817	11940510	7359	0.4374
07c10a71-e945-4796-a3e0-3d48ec7e51f1	20	11940876	16195558	2661	0.3952
07c10a71-e945-4796-a3e0-3d48ec7e51f1	20	16196252	22998579	5264	0.4469
07c10a71-e945-4796-a3e0-3d48ec7e51f1	20	22999833	24683442	1019	0.3799
07c10a71-e945-4796-a3e0-3d48ec7e51f1	20	24687030	39573752	5038	0.4552
07c10a71-e945-4796-a3e0-3d48ec7e51f1	20	39573955	43194481	2566	0.3955
07c10a71-e945-4796-a3e0-3d48ec7e51f1	20	43198791	60176239	11687	0.4493
07c10a71-e945-4796-a3e0-3d48ec7e51f1	20	60177092	61351265	993	0.3705
07c10a71-e945-4796-a3e0-3d48ec7e51f1	20	61351395	63588502	997	0.4687
07c10a71-e945-4796-a3e0-3d48ec7e51f1	21	13974127	18559223	2845	-0.7302
07c10a71-e945-4796-a3e0-3d48ec7e51f1	21	18560000	20474321	1245	-0.0776
07c10a71-e945-4796-a3e0-3d48ec7e51f1	21	20474410	23115434	1512	-0.7637
07c10a71-e945-4796-a3e0-3d48ec7e51f1	21	23119480	25079119	1259	-0.0648
07c10a71-e945-4796-a3e0-3d48ec7e51f1	21	25079320	26756063	1161	-0.7335
07c10a71-e945-4796-a3e0-3d48ec7e51f1	21	26763965	28546741	1257	-0.0617
07c10a71-e945-4796-a3e0-3d48ec7e51f1	21	28547911	28755253	152	-0.7741
07c10a71-e945-4796-a3e0-3d48ec7e51f1	21	28756743	28757223	2	-3.4174
07c10a71-e945-4796-a3e0-3d48ec7e51f1	21	28758222	29027589	201	-0.6574
07c10a71-e945-4796-a3e0-3d48ec7e51f1	21	29031701	29651698	421	-0.0253
07c10a71-e945-4796-a3e0-3d48ec7e51f1	21	29653505	31361518	1069	-0.0743
07c10a71-e945-4796-a3e0-3d48ec7e51f1	21	31362789	43014385	8320	0.0012
07c10a71-e945-4796-a3e0-3d48ec7e51f1	21	43014726	46262057	1120	-0.739
07c10a71-e945-4796-a3e0-3d48ec7e51f1	22	16934932	48940621	17095	0.0014
07c10a71-e945-4796-a3e0-3d48ec7e51f1	X	3236359	12309909	3046	0.0353
07c10a71-e945-4796-a3e0-3d48ec7e51f1	X	12310572	12310860	2	-5.1439
07c10a71-e945-4796-a3e0-3d48ec7e51f1	X	12314437	151770818	59819	0.021
07c10a71-e945-4796-a3e0-3d48ec7e51f1	X	151771550	151774889	6	-3.3063
07c10a71-e945-4796-a3e0-3d48ec7e51f1	X	151775946	155677414	841	0.0917
