GDC_Aliquot	Chromosome	Start	End	Copy_Number	Major_Copy_Number	Minor_Copy_Number
f591dd35-df1e-4b21-a2b2-7d986b117a33	chr1	62920	2541819	3	2	1
f591dd35-df1e-4b21-a2b2-7d986b117a33	chr1	2551482	14455488	2	2	0
f591dd35-df1e-4b21-a2b2-7d986b117a33	chr1	14455759	14460914	0	0	0
f591dd35-df1e-4b21-a2b2-7d986b117a33	chr1	14461622	28835313	2	2	0
f591dd35-df1e-4b21-a2b2-7d986b117a33	chr1	28835487	28848540	0	0	0
f591dd35-df1e-4b21-a2b2-7d986b117a33	chr1	28849701	32262994	2	2	0
f591dd35-df1e-4b21-a2b2-7d986b117a33	chr1	32263076	169179145	3	2	1
f591dd35-df1e-4b21-a2b2-7d986b117a33	chr1	169180021	169196028	1	1	0
f591dd35-df1e-4b21-a2b2-7d986b117a33	chr1	169196255	238232783	3	2	1
f591dd35-df1e-4b21-a2b2-7d986b117a33	chr1	238233091	238918447	2	2	0
f591dd35-df1e-4b21-a2b2-7d986b117a33	chr1	238923086	248930189	3	2	1
f591dd35-df1e-4b21-a2b2-7d986b117a33	chr2	12784	42883130	3	3	0
f591dd35-df1e-4b21-a2b2-7d986b117a33	chr2	42883336	42911154	1	1	0
f591dd35-df1e-4b21-a2b2-7d986b117a33	chr2	42912044	57938460	3	3	0
f591dd35-df1e-4b21-a2b2-7d986b117a33	chr2	57939333	57942815	1	1	0
f591dd35-df1e-4b21-a2b2-7d986b117a33	chr2	57942869	62140440	3	3	0
f591dd35-df1e-4b21-a2b2-7d986b117a33	chr2	62140585	62523085	2	2	0
f591dd35-df1e-4b21-a2b2-7d986b117a33	chr2	62524484	77036326	3	3	0
f591dd35-df1e-4b21-a2b2-7d986b117a33	chr2	77037143	77051852	1	1	0
f591dd35-df1e-4b21-a2b2-7d986b117a33	chr2	77055351	160010654	3	3	0
f591dd35-df1e-4b21-a2b2-7d986b117a33	chr2	160011042	167816733	2	2	0
f591dd35-df1e-4b21-a2b2-7d986b117a33	chr2	167818252	186638499	3	3	0
f591dd35-df1e-4b21-a2b2-7d986b117a33	chr2	186639490	196965257	2	2	0
f591dd35-df1e-4b21-a2b2-7d986b117a33	chr2	196968487	206553755	3	3	0
f591dd35-df1e-4b21-a2b2-7d986b117a33	chr2	206554218	242147305	3	2	1
f591dd35-df1e-4b21-a2b2-7d986b117a33	chr3	20930	25939090	3	2	1
f591dd35-df1e-4b21-a2b2-7d986b117a33	chr3	25945663	26154485	2	2	0
f591dd35-df1e-4b21-a2b2-7d986b117a33	chr3	26154566	45689783	3	2	1
f591dd35-df1e-4b21-a2b2-7d986b117a33	chr3	45689959	45752603	2	1	1
f591dd35-df1e-4b21-a2b2-7d986b117a33	chr3	45753212	61948792	3	2	1
f591dd35-df1e-4b21-a2b2-7d986b117a33	chr3	61949116	61977615	2	1	1
f591dd35-df1e-4b21-a2b2-7d986b117a33	chr3	61978894	192229824	3	2	1
f591dd35-df1e-4b21-a2b2-7d986b117a33	chr3	192230005	193361104	2	2	0
f591dd35-df1e-4b21-a2b2-7d986b117a33	chr3	193369708	195729069	3	2	1
f591dd35-df1e-4b21-a2b2-7d986b117a33	chr3	195729085	198169247	2	2	0
f591dd35-df1e-4b21-a2b2-7d986b117a33	chr4	68929	51928629	2	2	0
f591dd35-df1e-4b21-a2b2-7d986b117a33	chr4	51932881	68478894	3	2	1
f591dd35-df1e-4b21-a2b2-7d986b117a33	chr4	68494770	68623617	9	9	0
f591dd35-df1e-4b21-a2b2-7d986b117a33	chr4	68639397	143737968	3	2	1
f591dd35-df1e-4b21-a2b2-7d986b117a33	chr4	143738144	143738642	1	1	0
f591dd35-df1e-4b21-a2b2-7d986b117a33	chr4	143744282	153725523	3	2	1
f591dd35-df1e-4b21-a2b2-7d986b117a33	chr4	153725842	153743354	1	1	0
f591dd35-df1e-4b21-a2b2-7d986b117a33	chr4	153743869	190106768	3	2	1
f591dd35-df1e-4b21-a2b2-7d986b117a33	chr5	15532	2627708	1	1	0
f591dd35-df1e-4b21-a2b2-7d986b117a33	chr5	2627769	87278657	2	1	1
f591dd35-df1e-4b21-a2b2-7d986b117a33	chr5	87279105	125138960	2	2	0
f591dd35-df1e-4b21-a2b2-7d986b117a33	chr5	125141683	125147790	0	0	0
f591dd35-df1e-4b21-a2b2-7d986b117a33	chr5	125148575	147166317	2	2	0
f591dd35-df1e-4b21-a2b2-7d986b117a33	chr5	147168896	148740654	1	1	0
f591dd35-df1e-4b21-a2b2-7d986b117a33	chr5	148744475	154262375	2	2	0
f591dd35-df1e-4b21-a2b2-7d986b117a33	chr5	154262565	154277266	0	0	0
f591dd35-df1e-4b21-a2b2-7d986b117a33	chr5	154277673	168737255	2	2	0
f591dd35-df1e-4b21-a2b2-7d986b117a33	chr5	168737739	168744658	0	0	0
f591dd35-df1e-4b21-a2b2-7d986b117a33	chr5	168747386	181363319	2	2	0
f591dd35-df1e-4b21-a2b2-7d986b117a33	chr6	149661	26831866	2	2	0
f591dd35-df1e-4b21-a2b2-7d986b117a33	chr6	26845304	35163155	4	2	2
f591dd35-df1e-4b21-a2b2-7d986b117a33	chr6	35163822	44165912	5	3	2
f591dd35-df1e-4b21-a2b2-7d986b117a33	chr6	44170552	45846387	4	2	2
f591dd35-df1e-4b21-a2b2-7d986b117a33	chr6	45850579	48909949	6	4	2
f591dd35-df1e-4b21-a2b2-7d986b117a33	chr6	48911093	51809658	4	2	2
f591dd35-df1e-4b21-a2b2-7d986b117a33	chr6	51810410	87319562	3	2	1
f591dd35-df1e-4b21-a2b2-7d986b117a33	chr6	87320526	87359550	1	1	0
f591dd35-df1e-4b21-a2b2-7d986b117a33	chr6	87359634	117915240	3	2	1
f591dd35-df1e-4b21-a2b2-7d986b117a33	chr6	117921762	118772800	2	1	1
f591dd35-df1e-4b21-a2b2-7d986b117a33	chr6	118777609	134145860	3	2	1
f591dd35-df1e-4b21-a2b2-7d986b117a33	chr6	134146586	134215560	8	7	1
f591dd35-df1e-4b21-a2b2-7d986b117a33	chr6	134215579	134641165	5	4	1
f591dd35-df1e-4b21-a2b2-7d986b117a33	chr6	134641778	170741917	3	2	1
f591dd35-df1e-4b21-a2b2-7d986b117a33	chr7	43259	2840539	3	2	1
f591dd35-df1e-4b21-a2b2-7d986b117a33	chr7	2845346	64232576	4	2	2
f591dd35-df1e-4b21-a2b2-7d986b117a33	chr7	64237817	64300980	3	2	1
f591dd35-df1e-4b21-a2b2-7d986b117a33	chr7	64301127	78357216	4	2	2
f591dd35-df1e-4b21-a2b2-7d986b117a33	chr7	78357322	78372707	1	1	0
f591dd35-df1e-4b21-a2b2-7d986b117a33	chr7	78373186	136667294	4	2	2
f591dd35-df1e-4b21-a2b2-7d986b117a33	chr7	136667584	137086771	3	2	1
f591dd35-df1e-4b21-a2b2-7d986b117a33	chr7	137088786	159334314	4	2	2
f591dd35-df1e-4b21-a2b2-7d986b117a33	chr8	81254	17713411	1	1	0
f591dd35-df1e-4b21-a2b2-7d986b117a33	chr8	17713759	17719890	4	3	1
f591dd35-df1e-4b21-a2b2-7d986b117a33	chr8	17721247	33524644	1	1	0
f591dd35-df1e-4b21-a2b2-7d986b117a33	chr8	33530227	34427047	9	8	1
f591dd35-df1e-4b21-a2b2-7d986b117a33	chr8	34427110	35520068	12	11	1
f591dd35-df1e-4b21-a2b2-7d986b117a33	chr8	35538281	69892977	5	4	1
f591dd35-df1e-4b21-a2b2-7d986b117a33	chr8	69897598	70065960	4	3	1
f591dd35-df1e-4b21-a2b2-7d986b117a33	chr8	70067157	121226492	5	4	1
f591dd35-df1e-4b21-a2b2-7d986b117a33	chr8	121226594	121228596	2	2	0
f591dd35-df1e-4b21-a2b2-7d986b117a33	chr8	121229746	136665653	5	4	1
f591dd35-df1e-4b21-a2b2-7d986b117a33	chr8	136669376	136825523	0	0	0
f591dd35-df1e-4b21-a2b2-7d986b117a33	chr8	136825697	141113343	5	4	1
f591dd35-df1e-4b21-a2b2-7d986b117a33	chr8	141113443	145072769	4	3	1
f591dd35-df1e-4b21-a2b2-7d986b117a33	chr9	46587	25736025	3	2	1
f591dd35-df1e-4b21-a2b2-7d986b117a33	chr9	25737403	25750513	1	1	0
f591dd35-df1e-4b21-a2b2-7d986b117a33	chr9	25750663	32880570	3	2	1
f591dd35-df1e-4b21-a2b2-7d986b117a33	chr9	32886066	32905801	2	1	1
f591dd35-df1e-4b21-a2b2-7d986b117a33	chr9	32905901	69152452	3	2	1
f591dd35-df1e-4b21-a2b2-7d986b117a33	chr9	69155786	69212464	5	3	2
f591dd35-df1e-4b21-a2b2-7d986b117a33	chr9	69215005	83290105	3	2	1
f591dd35-df1e-4b21-a2b2-7d986b117a33	chr9	83290145	83299156	1	1	0
f591dd35-df1e-4b21-a2b2-7d986b117a33	chr9	83299460	138200944	3	2	1
f591dd35-df1e-4b21-a2b2-7d986b117a33	chr10	45792	43591991	2	1	1
f591dd35-df1e-4b21-a2b2-7d986b117a33	chr10	43592948	43619168	3	2	1
f591dd35-df1e-4b21-a2b2-7d986b117a33	chr10	43619588	131304171	2	1	1
f591dd35-df1e-4b21-a2b2-7d986b117a33	chr10	131304319	133654968	1	1	0
f591dd35-df1e-4b21-a2b2-7d986b117a33	chr11	198510	3343473	3	2	1
f591dd35-df1e-4b21-a2b2-7d986b117a33	chr11	3344095	5766862	4	2	2
f591dd35-df1e-4b21-a2b2-7d986b117a33	chr11	5768371	5787909	0	0	0
f591dd35-df1e-4b21-a2b2-7d986b117a33	chr11	5788108	26372576	4	2	2
f591dd35-df1e-4b21-a2b2-7d986b117a33	chr11	26373141	26377143	1	1	0
f591dd35-df1e-4b21-a2b2-7d986b117a33	chr11	26377393	44226102	4	2	2
f591dd35-df1e-4b21-a2b2-7d986b117a33	chr11	44228731	46146493	3	2	1
f591dd35-df1e-4b21-a2b2-7d986b117a33	chr11	46147456	69982505	4	2	2
f591dd35-df1e-4b21-a2b2-7d986b117a33	chr11	69982527	70003328	2	1	1
f591dd35-df1e-4b21-a2b2-7d986b117a33	chr11	70006134	76755872	4	2	2
f591dd35-df1e-4b21-a2b2-7d986b117a33	chr11	76762661	77126506	3	2	1
f591dd35-df1e-4b21-a2b2-7d986b117a33	chr11	77136867	135074876	4	2	2
f591dd35-df1e-4b21-a2b2-7d986b117a33	chr12	51460	9977095	3	2	1
f591dd35-df1e-4b21-a2b2-7d986b117a33	chr12	9977479	10030685	2	1	1
f591dd35-df1e-4b21-a2b2-7d986b117a33	chr12	10033685	133201603	3	2	1
f591dd35-df1e-4b21-a2b2-7d986b117a33	chr13	18452809	19015391	5	4	1
f591dd35-df1e-4b21-a2b2-7d986b117a33	chr13	19016196	19157909	1	1	0
f591dd35-df1e-4b21-a2b2-7d986b117a33	chr13	19158172	34748909	5	4	1
f591dd35-df1e-4b21-a2b2-7d986b117a33	chr13	34749414	34857801	3	2	1
f591dd35-df1e-4b21-a2b2-7d986b117a33	chr13	34859826	47053333	5	4	1
f591dd35-df1e-4b21-a2b2-7d986b117a33	chr13	47053940	47069508	2	2	0
f591dd35-df1e-4b21-a2b2-7d986b117a33	chr13	47069621	47219794	5	4	1
f591dd35-df1e-4b21-a2b2-7d986b117a33	chr13	47227949	47530659	3	3	0
f591dd35-df1e-4b21-a2b2-7d986b117a33	chr13	47543777	52910476	5	4	1
f591dd35-df1e-4b21-a2b2-7d986b117a33	chr13	52910899	92425730	4	4	0
f591dd35-df1e-4b21-a2b2-7d986b117a33	chr13	92426412	100526588	5	4	1
f591dd35-df1e-4b21-a2b2-7d986b117a33	chr13	100526758	101237351	4	4	0
f591dd35-df1e-4b21-a2b2-7d986b117a33	chr13	101238084	114342922	5	4	1
f591dd35-df1e-4b21-a2b2-7d986b117a33	chr14	18239283	25416456	4	4	0
f591dd35-df1e-4b21-a2b2-7d986b117a33	chr14	25416551	25427484	6	6	0
f591dd35-df1e-4b21-a2b2-7d986b117a33	chr14	25428089	68779871	4	4	0
f591dd35-df1e-4b21-a2b2-7d986b117a33	chr14	68784198	69530041	2	2	0
f591dd35-df1e-4b21-a2b2-7d986b117a33	chr14	69530300	72274148	4	4	0
f591dd35-df1e-4b21-a2b2-7d986b117a33	chr14	72274187	72366611	3	3	0
f591dd35-df1e-4b21-a2b2-7d986b117a33	chr14	72367210	78141685	5	4	1
f591dd35-df1e-4b21-a2b2-7d986b117a33	chr14	78142356	78963739	4	4	0
f591dd35-df1e-4b21-a2b2-7d986b117a33	chr14	78964252	106877229	5	4	1
f591dd35-df1e-4b21-a2b2-7d986b117a33	chr15	19811075	63854851	3	2	1
f591dd35-df1e-4b21-a2b2-7d986b117a33	chr15	63855233	63896165	2	1	1
f591dd35-df1e-4b21-a2b2-7d986b117a33	chr15	63896507	101928837	3	2	1
f591dd35-df1e-4b21-a2b2-7d986b117a33	chr16	10777	6287518	3	2	1
f591dd35-df1e-4b21-a2b2-7d986b117a33	chr16	6287760	6583259	2	2	0
f591dd35-df1e-4b21-a2b2-7d986b117a33	chr16	6585105	6632202	0	0	0
f591dd35-df1e-4b21-a2b2-7d986b117a33	chr16	6633074	6817964	2	2	0
f591dd35-df1e-4b21-a2b2-7d986b117a33	chr16	6818285	23247217	3	2	1
f591dd35-df1e-4b21-a2b2-7d986b117a33	chr16	23248596	23651676	1	1	0
f591dd35-df1e-4b21-a2b2-7d986b117a33	chr16	23655100	47155276	3	2	1
f591dd35-df1e-4b21-a2b2-7d986b117a33	chr16	47156685	65578844	3	3	0
f591dd35-df1e-4b21-a2b2-7d986b117a33	chr16	65579299	65908473	4	4	0
f591dd35-df1e-4b21-a2b2-7d986b117a33	chr16	65908929	75794612	3	3	0
f591dd35-df1e-4b21-a2b2-7d986b117a33	chr16	75803437	75989948	4	4	0
f591dd35-df1e-4b21-a2b2-7d986b117a33	chr16	75994239	90096867	3	3	0
f591dd35-df1e-4b21-a2b2-7d986b117a33	chr17	150733	26943491	2	2	0
f591dd35-df1e-4b21-a2b2-7d986b117a33	chr17	26943774	41265456	4	2	2
f591dd35-df1e-4b21-a2b2-7d986b117a33	chr17	41266762	41274279	0	0	0
f591dd35-df1e-4b21-a2b2-7d986b117a33	chr17	41276472	47378304	4	2	2
f591dd35-df1e-4b21-a2b2-7d986b117a33	chr17	47387601	71016308	4	4	0
f591dd35-df1e-4b21-a2b2-7d986b117a33	chr17	71020884	72731216	1	1	0
f591dd35-df1e-4b21-a2b2-7d986b117a33	chr17	72735535	83091923	4	4	0
f591dd35-df1e-4b21-a2b2-7d986b117a33	chr18	48133	30021770	2	2	0
f591dd35-df1e-4b21-a2b2-7d986b117a33	chr18	30027721	30064659	0	0	0
f591dd35-df1e-4b21-a2b2-7d986b117a33	chr18	30065666	40680516	2	2	0
f591dd35-df1e-4b21-a2b2-7d986b117a33	chr18	40680526	40685425	0	0	0
f591dd35-df1e-4b21-a2b2-7d986b117a33	chr18	40688060	53938280	2	2	0
f591dd35-df1e-4b21-a2b2-7d986b117a33	chr18	53938838	53951312	0	0	0
f591dd35-df1e-4b21-a2b2-7d986b117a33	chr18	53951351	80257174	2	2	0
f591dd35-df1e-4b21-a2b2-7d986b117a33	chr19	90910	1882799	3	2	1
f591dd35-df1e-4b21-a2b2-7d986b117a33	chr19	1884553	1921883	1	1	0
f591dd35-df1e-4b21-a2b2-7d986b117a33	chr19	1922107	8242775	3	2	1
f591dd35-df1e-4b21-a2b2-7d986b117a33	chr19	8244666	28195408	4	2	2
f591dd35-df1e-4b21-a2b2-7d986b117a33	chr19	28196107	28450466	2	2	0
f591dd35-df1e-4b21-a2b2-7d986b117a33	chr19	28450984	35815295	4	2	2
f591dd35-df1e-4b21-a2b2-7d986b117a33	chr19	35816465	57473978	4	4	0
f591dd35-df1e-4b21-a2b2-7d986b117a33	chr19	57474092	57491451	3	3	0
f591dd35-df1e-4b21-a2b2-7d986b117a33	chr19	57492505	58586487	4	4	0
f591dd35-df1e-4b21-a2b2-7d986b117a33	chr20	80664	14902703	2	2	0
f591dd35-df1e-4b21-a2b2-7d986b117a33	chr20	14904057	14958974	0	0	0
f591dd35-df1e-4b21-a2b2-7d986b117a33	chr20	14959913	15440535	2	2	0
f591dd35-df1e-4b21-a2b2-7d986b117a33	chr20	15444014	15844720	1	1	0
f591dd35-df1e-4b21-a2b2-7d986b117a33	chr20	15845023	16222025	2	2	0
f591dd35-df1e-4b21-a2b2-7d986b117a33	chr20	16222495	19013086	3	2	1
f591dd35-df1e-4b21-a2b2-7d986b117a33	chr20	19013408	26324943	4	2	2
f591dd35-df1e-4b21-a2b2-7d986b117a33	chr20	30185676	35258430	9	7	2
f591dd35-df1e-4b21-a2b2-7d986b117a33	chr20	35259351	61343760	9	8	1
f591dd35-df1e-4b21-a2b2-7d986b117a33	chr20	61344525	64324800	6	6	0
f591dd35-df1e-4b21-a2b2-7d986b117a33	chr21	12973348	46677045	3	2	1
f591dd35-df1e-4b21-a2b2-7d986b117a33	chr22	16392123	19148061	4	2	2
f591dd35-df1e-4b21-a2b2-7d986b117a33	chr22	19151855	21068747	3	2	1
f591dd35-df1e-4b21-a2b2-7d986b117a33	chr22	21070300	23484488	4	4	0
f591dd35-df1e-4b21-a2b2-7d986b117a33	chr22	23484679	45567710	3	3	0
f591dd35-df1e-4b21-a2b2-7d986b117a33	chr22	45571646	47068372	4	4	0
f591dd35-df1e-4b21-a2b2-7d986b117a33	chr22	47068965	50796027	3	3	0
f591dd35-df1e-4b21-a2b2-7d986b117a33	chrX	251810	490325	2	2	0
f591dd35-df1e-4b21-a2b2-7d986b117a33	chrX	490407	680117	3	3	0
f591dd35-df1e-4b21-a2b2-7d986b117a33	chrX	683127	1507378	2	2	0
f591dd35-df1e-4b21-a2b2-7d986b117a33	chrX	1520566	1584673	3	3	0
f591dd35-df1e-4b21-a2b2-7d986b117a33	chrX	1629688	2377218	2	2	0
f591dd35-df1e-4b21-a2b2-7d986b117a33	chrX	2387078	2450101	1	1	0
f591dd35-df1e-4b21-a2b2-7d986b117a33	chrX	2452743	2640176	2	2	0
f591dd35-df1e-4b21-a2b2-7d986b117a33	chrX	2641206	2649506	3	3	0
f591dd35-df1e-4b21-a2b2-7d986b117a33	chrX	2649606	2775583	2	2	0
f591dd35-df1e-4b21-a2b2-7d986b117a33	chrX	2776199	6765409	1	1	0
f591dd35-df1e-4b21-a2b2-7d986b117a33	chrX	6766974	7358943	0	0	0
f591dd35-df1e-4b21-a2b2-7d986b117a33	chrX	7359040	141781370	1	1	0
f591dd35-df1e-4b21-a2b2-7d986b117a33	chrX	141782141	142076131	0	0	0
f591dd35-df1e-4b21-a2b2-7d986b117a33	chrX	142076739	156004181	1	1	0
f591dd35-df1e-4b21-a2b2-7d986b117a33	chrY	2782397	26653788	0	0	0
f591dd35-df1e-4b21-a2b2-7d986b117a33	chrY	56872112	56872112	2	2	0
