GDC_Aliquot	Chromosome	Start	End	Copy_Number	Major_Copy_Number	Minor_Copy_Number
412a949c-326b-43cc-9753-87dcda33160c	chr1	61735	3487663	3	2	1
412a949c-326b-43cc-9753-87dcda33160c	chr1	3488451	150954478	2	1	1
412a949c-326b-43cc-9753-87dcda33160c	chr1	150954676	248930189	3	2	1
412a949c-326b-43cc-9753-87dcda33160c	chr2	12784	96192238	2	2	0
412a949c-326b-43cc-9753-87dcda33160c	chr2	96200957	112699147	1	1	0
412a949c-326b-43cc-9753-87dcda33160c	chr2	112701696	200798900	2	2	0
412a949c-326b-43cc-9753-87dcda33160c	chr2	200799047	203170004	1	1	0
412a949c-326b-43cc-9753-87dcda33160c	chr2	203173624	230707953	2	2	0
412a949c-326b-43cc-9753-87dcda33160c	chr2	230717481	235131662	1	1	0
412a949c-326b-43cc-9753-87dcda33160c	chr2	235132291	242147305	2	2	0
412a949c-326b-43cc-9753-87dcda33160c	chr3	18667	59234854	2	1	1
412a949c-326b-43cc-9753-87dcda33160c	chr3	59235338	198169247	3	2	1
412a949c-326b-43cc-9753-87dcda33160c	chr4	12281	38101929	2	1	1
412a949c-326b-43cc-9753-87dcda33160c	chr4	38102411	38307630	3	2	1
412a949c-326b-43cc-9753-87dcda33160c	chr4	38307992	105371118	2	1	1
412a949c-326b-43cc-9753-87dcda33160c	chr4	105371192	105643600	1	1	0
412a949c-326b-43cc-9753-87dcda33160c	chr4	105653893	173746244	2	1	1
412a949c-326b-43cc-9753-87dcda33160c	chr4	173755607	190106768	1	1	0
412a949c-326b-43cc-9753-87dcda33160c	chr5	15532	135935216	2	1	1
412a949c-326b-43cc-9753-87dcda33160c	chr5	135937681	136178528	3	2	1
412a949c-326b-43cc-9753-87dcda33160c	chr5	136180050	181363319	2	1	1
412a949c-326b-43cc-9753-87dcda33160c	chr6	149661	161955162	2	2	0
412a949c-326b-43cc-9753-87dcda33160c	chr6	161956525	162121021	1	1	0
412a949c-326b-43cc-9753-87dcda33160c	chr6	162121052	170741917	2	2	0
412a949c-326b-43cc-9753-87dcda33160c	chr7	43259	14890348	3	2	1
412a949c-326b-43cc-9753-87dcda33160c	chr7	14893803	15132602	1	1	0
412a949c-326b-43cc-9753-87dcda33160c	chr7	15132649	63084179	3	2	1
412a949c-326b-43cc-9753-87dcda33160c	chr7	63085209	138070121	2	1	1
412a949c-326b-43cc-9753-87dcda33160c	chr7	138070251	141019902	3	2	1
412a949c-326b-43cc-9753-87dcda33160c	chr7	141020125	157662340	4	3	1
412a949c-326b-43cc-9753-87dcda33160c	chr7	157662767	159334314	3	2	1
412a949c-326b-43cc-9753-87dcda33160c	chr8	81254	35329165	1	1	0
412a949c-326b-43cc-9753-87dcda33160c	chr8	35332890	38455244	2	1	1
412a949c-326b-43cc-9753-87dcda33160c	chr8	38455274	41651718	3	2	1
412a949c-326b-43cc-9753-87dcda33160c	chr8	41651740	46605288	4	3	1
412a949c-326b-43cc-9753-87dcda33160c	chr8	46605390	66464185	3	2	1
412a949c-326b-43cc-9753-87dcda33160c	chr8	66469900	78190966	5	4	1
412a949c-326b-43cc-9753-87dcda33160c	chr8	78193880	145072769	6	5	1
412a949c-326b-43cc-9753-87dcda33160c	chr9	46587	138200944	3	2	1
412a949c-326b-43cc-9753-87dcda33160c	chr10	26823	133769379	2	1	1
412a949c-326b-43cc-9753-87dcda33160c	chr11	198572	135074876	2	1	1
412a949c-326b-43cc-9753-87dcda33160c	chr12	51460	5332680	7	7	0
412a949c-326b-43cc-9753-87dcda33160c	chr12	5334576	9486096	2	2	0
412a949c-326b-43cc-9753-87dcda33160c	chr12	9488785	10204333	1	1	0
412a949c-326b-43cc-9753-87dcda33160c	chr12	10204374	11330029	2	2	0
412a949c-326b-43cc-9753-87dcda33160c	chr12	11334720	11480856	1	1	0
412a949c-326b-43cc-9753-87dcda33160c	chr12	11481281	12504261	3	3	0
412a949c-326b-43cc-9753-87dcda33160c	chr12	12505407	16460193	1	1	0
412a949c-326b-43cc-9753-87dcda33160c	chr12	16460912	16719727	4	4	0
412a949c-326b-43cc-9753-87dcda33160c	chr12	16719976	18077794	2	2	0
412a949c-326b-43cc-9753-87dcda33160c	chr12	18080133	24300519	4	4	0
412a949c-326b-43cc-9753-87dcda33160c	chr12	24304282	24705456	1	1	0
412a949c-326b-43cc-9753-87dcda33160c	chr12	24705678	25103420	3	3	0
412a949c-326b-43cc-9753-87dcda33160c	chr12	25103726	25185340	1	1	0
412a949c-326b-43cc-9753-87dcda33160c	chr12	25186937	26686814	3	3	0
412a949c-326b-43cc-9753-87dcda33160c	chr12	26690258	28870364	2	2	0
412a949c-326b-43cc-9753-87dcda33160c	chr12	28871434	33043321	1	1	0
412a949c-326b-43cc-9753-87dcda33160c	chr12	33043503	37486676	2	2	0
412a949c-326b-43cc-9753-87dcda33160c	chr12	37494436	39107437	1	1	0
412a949c-326b-43cc-9753-87dcda33160c	chr12	39108653	41058095	2	2	0
412a949c-326b-43cc-9753-87dcda33160c	chr12	41060336	42862123	1	1	0
412a949c-326b-43cc-9753-87dcda33160c	chr12	42863575	44531468	2	2	0
412a949c-326b-43cc-9753-87dcda33160c	chr12	44533557	44630834	3	2	1
412a949c-326b-43cc-9753-87dcda33160c	chr12	44633225	45537835	2	2	0
412a949c-326b-43cc-9753-87dcda33160c	chr12	45538285	68414052	3	2	1
412a949c-326b-43cc-9753-87dcda33160c	chr12	68414082	73273411	2	1	1
412a949c-326b-43cc-9753-87dcda33160c	chr12	73274566	75380933	3	2	1
412a949c-326b-43cc-9753-87dcda33160c	chr12	75382925	77851458	2	1	1
412a949c-326b-43cc-9753-87dcda33160c	chr12	77852938	78125063	1	1	0
412a949c-326b-43cc-9753-87dcda33160c	chr12	78126983	86628573	2	1	1
412a949c-326b-43cc-9753-87dcda33160c	chr12	86628979	96678688	3	2	1
412a949c-326b-43cc-9753-87dcda33160c	chr12	96678941	102450403	2	1	1
412a949c-326b-43cc-9753-87dcda33160c	chr12	102452833	102944137	1	1	0
412a949c-326b-43cc-9753-87dcda33160c	chr12	102948130	103440780	2	1	1
412a949c-326b-43cc-9753-87dcda33160c	chr12	103440919	107136460	3	2	1
412a949c-326b-43cc-9753-87dcda33160c	chr12	107138477	108426354	2	1	1
412a949c-326b-43cc-9753-87dcda33160c	chr12	108426650	111067462	3	2	1
412a949c-326b-43cc-9753-87dcda33160c	chr12	111072145	113899366	1	1	0
412a949c-326b-43cc-9753-87dcda33160c	chr12	113902188	117647323	3	2	1
412a949c-326b-43cc-9753-87dcda33160c	chr12	117647721	119184589	2	1	1
412a949c-326b-43cc-9753-87dcda33160c	chr12	119185665	126092907	3	2	1
412a949c-326b-43cc-9753-87dcda33160c	chr12	126093153	126472434	2	1	1
412a949c-326b-43cc-9753-87dcda33160c	chr12	126474249	126775147	1	1	0
412a949c-326b-43cc-9753-87dcda33160c	chr12	126777385	126948558	2	1	1
412a949c-326b-43cc-9753-87dcda33160c	chr12	126949796	127622464	1	1	0
412a949c-326b-43cc-9753-87dcda33160c	chr12	127622732	128174350	2	1	1
412a949c-326b-43cc-9753-87dcda33160c	chr12	128174500	129057207	3	2	1
412a949c-326b-43cc-9753-87dcda33160c	chr12	129059149	129322656	2	1	1
412a949c-326b-43cc-9753-87dcda33160c	chr12	129323760	129458094	4	3	1
412a949c-326b-43cc-9753-87dcda33160c	chr12	129462226	131238746	2	1	1
412a949c-326b-43cc-9753-87dcda33160c	chr12	131238770	133201603	3	2	1
412a949c-326b-43cc-9753-87dcda33160c	chr13	18452809	114342922	3	2	1
412a949c-326b-43cc-9753-87dcda33160c	chr14	18225647	106877229	3	2	1
412a949c-326b-43cc-9753-87dcda33160c	chr15	19811075	101928837	2	1	1
412a949c-326b-43cc-9753-87dcda33160c	chr16	10777	6422751	2	1	1
412a949c-326b-43cc-9753-87dcda33160c	chr16	6423196	6569914	1	1	0
412a949c-326b-43cc-9753-87dcda33160c	chr16	6571231	6687682	0	0	0
412a949c-326b-43cc-9753-87dcda33160c	chr16	6687701	7203185	1	1	0
412a949c-326b-43cc-9753-87dcda33160c	chr16	7205665	90221127	2	1	1
412a949c-326b-43cc-9753-87dcda33160c	chr17	150733	22496936	1	1	0
412a949c-326b-43cc-9753-87dcda33160c	chr17	22497407	83090856	2	1	1
412a949c-326b-43cc-9753-87dcda33160c	chr18	48133	80257174	1	1	0
412a949c-326b-43cc-9753-87dcda33160c	chr19	90910	2912651	3	2	1
412a949c-326b-43cc-9753-87dcda33160c	chr19	2915100	58586487	2	1	1
412a949c-326b-43cc-9753-87dcda33160c	chr20	80664	14869207	2	2	0
412a949c-326b-43cc-9753-87dcda33160c	chr20	14869455	15021812	0	0	0
412a949c-326b-43cc-9753-87dcda33160c	chr20	15024309	15156471	2	2	0
412a949c-326b-43cc-9753-87dcda33160c	chr20	15156508	15562806	1	1	0
412a949c-326b-43cc-9753-87dcda33160c	chr20	15571154	18000057	2	2	0
412a949c-326b-43cc-9753-87dcda33160c	chr20	18000752	18394819	1	1	0
412a949c-326b-43cc-9753-87dcda33160c	chr20	18394937	18806634	2	2	0
412a949c-326b-43cc-9753-87dcda33160c	chr20	18810257	19414161	3	3	0
412a949c-326b-43cc-9753-87dcda33160c	chr20	19415666	24066517	1	1	0
412a949c-326b-43cc-9753-87dcda33160c	chr20	24066686	42636859	2	2	0
412a949c-326b-43cc-9753-87dcda33160c	chr20	42639451	64324800	5	3	2
412a949c-326b-43cc-9753-87dcda33160c	chr21	10336543	16337059	1	1	0
412a949c-326b-43cc-9753-87dcda33160c	chr21	16337542	16635875	3	2	1
412a949c-326b-43cc-9753-87dcda33160c	chr21	16638768	33065201	1	1	0
412a949c-326b-43cc-9753-87dcda33160c	chr21	33067430	34012520	3	2	1
412a949c-326b-43cc-9753-87dcda33160c	chr21	34014084	39614403	1	1	0
412a949c-326b-43cc-9753-87dcda33160c	chr21	39617293	39732618	3	2	1
412a949c-326b-43cc-9753-87dcda33160c	chr21	39736734	46677045	1	1	0
412a949c-326b-43cc-9753-87dcda33160c	chr22	15294545	50796027	2	1	1
412a949c-326b-43cc-9753-87dcda33160c	chrX	251810	1007312	1	1	0
412a949c-326b-43cc-9753-87dcda33160c	chrX	1026709	45391389	2	1	1
412a949c-326b-43cc-9753-87dcda33160c	chrX	45394866	156004181	3	2	1
