GDC_Aliquot	Chromosome	Start	End	Num_Probes	Segment_Mean
4a24a2a7-a6a0-4a41-a1df-595c3aaff584	1	62920	15827002	8336	-0.1166
4a24a2a7-a6a0-4a41-a1df-595c3aaff584	1	15827041	15827430	5	-1.9366
4a24a2a7-a6a0-4a41-a1df-595c3aaff584	1	15827706	16609512	308	-0.1052
4a24a2a7-a6a0-4a41-a1df-595c3aaff584	1	16617118	16788139	48	-0.9683
4a24a2a7-a6a0-4a41-a1df-595c3aaff584	1	16855942	16956580	60	0.2015
4a24a2a7-a6a0-4a41-a1df-595c3aaff584	1	16958425	25277975	5264	-0.1087
4a24a2a7-a6a0-4a41-a1df-595c3aaff584	1	25278567	25284961	3	-2.2513
4a24a2a7-a6a0-4a41-a1df-595c3aaff584	1	25289805	72303233	28749	-0.1213
4a24a2a7-a6a0-4a41-a1df-595c3aaff584	1	72303253	72345465	45	-1.2304
4a24a2a7-a6a0-4a41-a1df-595c3aaff584	1	72346221	75584212	1927	-0.1706
4a24a2a7-a6a0-4a41-a1df-595c3aaff584	1	75584489	75589169	5	-1.326
4a24a2a7-a6a0-4a41-a1df-595c3aaff584	1	75593824	78623278	2011	-0.1289
4a24a2a7-a6a0-4a41-a1df-595c3aaff584	1	78624924	83164132	3076	-0.1855
4a24a2a7-a6a0-4a41-a1df-595c3aaff584	1	83166104	95695294	8178	-0.1215
4a24a2a7-a6a0-4a41-a1df-595c3aaff584	1	95695470	107088078	6832	-0.163
4a24a2a7-a6a0-4a41-a1df-595c3aaff584	1	107088574	112147704	3534	-0.1154
4a24a2a7-a6a0-4a41-a1df-595c3aaff584	1	112153343	112154552	19	-1.3557
4a24a2a7-a6a0-4a41-a1df-595c3aaff584	1	112154566	143748421	5267	-0.1077
4a24a2a7-a6a0-4a41-a1df-595c3aaff584	1	143748590	143748826	4	-1.9647
4a24a2a7-a6a0-4a41-a1df-595c3aaff584	1	143748872	152580550	2336	-0.1187
4a24a2a7-a6a0-4a41-a1df-595c3aaff584	1	152582700	152613242	31	0.4972
4a24a2a7-a6a0-4a41-a1df-595c3aaff584	1	152613641	152784298	170	-0.1481
4a24a2a7-a6a0-4a41-a1df-595c3aaff584	1	152784330	152796224	40	0.6019
4a24a2a7-a6a0-4a41-a1df-595c3aaff584	1	152801429	186332315	22571	-0.1244
4a24a2a7-a6a0-4a41-a1df-595c3aaff584	1	186333163	200446308	9261	-0.1655
4a24a2a7-a6a0-4a41-a1df-595c3aaff584	1	200446971	211424651	7522	-0.1298
4a24a2a7-a6a0-4a41-a1df-595c3aaff584	1	211427236	211448273	10	0.1781
4a24a2a7-a6a0-4a41-a1df-595c3aaff584	1	211453095	214836031	2311	0.451
4a24a2a7-a6a0-4a41-a1df-595c3aaff584	1	214836089	219478756	3345	0.1428
4a24a2a7-a6a0-4a41-a1df-595c3aaff584	1	219480953	229524695	6236	0.1915
4a24a2a7-a6a0-4a41-a1df-595c3aaff584	1	229526039	229675422	99	0.1299
4a24a2a7-a6a0-4a41-a1df-595c3aaff584	1	229681109	229684449	3	-1.3813
4a24a2a7-a6a0-4a41-a1df-595c3aaff584	1	229684709	238416004	6668	0.1275
4a24a2a7-a6a0-4a41-a1df-595c3aaff584	1	238418619	238419065	3	-1.8126
4a24a2a7-a6a0-4a41-a1df-595c3aaff584	1	238419273	240228440	1440	0.126
4a24a2a7-a6a0-4a41-a1df-595c3aaff584	1	240230715	240230824	5	-1.4452
4a24a2a7-a6a0-4a41-a1df-595c3aaff584	1	240230839	241956011	1369	0.1195
4a24a2a7-a6a0-4a41-a1df-595c3aaff584	1	241958718	241995035	15	-0.5292
4a24a2a7-a6a0-4a41-a1df-595c3aaff584	1	241995550	248930189	4474	0.1236
4a24a2a7-a6a0-4a41-a1df-595c3aaff584	2	12784	2628937	1778	0.0852
4a24a2a7-a6a0-4a41-a1df-595c3aaff584	2	2629275	2632641	2	-1.7019
4a24a2a7-a6a0-4a41-a1df-595c3aaff584	2	2633963	7116461	3820	0.0681
4a24a2a7-a6a0-4a41-a1df-595c3aaff584	2	7120102	33011186	17348	0.1244
4a24a2a7-a6a0-4a41-a1df-595c3aaff584	2	33018843	34295406	1036	0.095
4a24a2a7-a6a0-4a41-a1df-595c3aaff584	2	34298911	34300513	2	-2.1737
4a24a2a7-a6a0-4a41-a1df-595c3aaff584	2	34300900	34466002	95	0.11
4a24a2a7-a6a0-4a41-a1df-595c3aaff584	2	34474248	34502547	41	0.8135
4a24a2a7-a6a0-4a41-a1df-595c3aaff584	2	34502718	41011095	4808	0.137
4a24a2a7-a6a0-4a41-a1df-595c3aaff584	2	41011303	41018747	22	-1.5939
4a24a2a7-a6a0-4a41-a1df-595c3aaff584	2	41024093	41266648	183	0.0654
4a24a2a7-a6a0-4a41-a1df-595c3aaff584	2	41267437	47693525	4742	0.1526
4a24a2a7-a6a0-4a41-a1df-595c3aaff584	2	47695385	52527330	3256	0.0926
4a24a2a7-a6a0-4a41-a1df-595c3aaff584	2	52527342	52554404	39	0.7198
4a24a2a7-a6a0-4a41-a1df-595c3aaff584	2	52560811	86710564	21915	0.1216
4a24a2a7-a6a0-4a41-a1df-595c3aaff584	2	86725947	86726731	2	-2.7268
4a24a2a7-a6a0-4a41-a1df-595c3aaff584	2	86743283	97188422	1899	0.0853
4a24a2a7-a6a0-4a41-a1df-595c3aaff584	2	97192190	97211436	15	-0.6686
4a24a2a7-a6a0-4a41-a1df-595c3aaff584	2	97310327	97560849	28	0.5114
4a24a2a7-a6a0-4a41-a1df-595c3aaff584	2	97562741	111522564	8211	0.1313
4a24a2a7-a6a0-4a41-a1df-595c3aaff584	2	111529956	111610248	14	-0.4647
4a24a2a7-a6a0-4a41-a1df-595c3aaff584	2	111615592	113604438	1132	0.1425
4a24a2a7-a6a0-4a41-a1df-595c3aaff584	2	113604837	113604839	2	-1.9013
4a24a2a7-a6a0-4a41-a1df-595c3aaff584	2	113623244	114617008	609	0.1362
4a24a2a7-a6a0-4a41-a1df-595c3aaff584	2	114618360	116735445	1295	0.0816
4a24a2a7-a6a0-4a41-a1df-595c3aaff584	2	116743926	116758058	7	-0.7748
4a24a2a7-a6a0-4a41-a1df-595c3aaff584	2	116759042	122719438	3793	0.1061
4a24a2a7-a6a0-4a41-a1df-595c3aaff584	2	122722323	122724665	8	-1.6971
4a24a2a7-a6a0-4a41-a1df-595c3aaff584	2	122726077	158804973	21960	0.0787
4a24a2a7-a6a0-4a41-a1df-595c3aaff584	2	158806010	158806286	2	-2.3232
4a24a2a7-a6a0-4a41-a1df-595c3aaff584	2	158808191	160696369	1201	0.1081
4a24a2a7-a6a0-4a41-a1df-595c3aaff584	2	160696730	160696820	2	-3.271
4a24a2a7-a6a0-4a41-a1df-595c3aaff584	2	160700545	242147305	50227	0.0883
4a24a2a7-a6a0-4a41-a1df-595c3aaff584	3	20930	182919	154	0.1521
4a24a2a7-a6a0-4a41-a1df-595c3aaff584	3	188339	191117	4	-1.913
4a24a2a7-a6a0-4a41-a1df-595c3aaff584	3	193194	3957986	3386	0.1059
4a24a2a7-a6a0-4a41-a1df-595c3aaff584	3	3958212	16611390	9674	0.1789
4a24a2a7-a6a0-4a41-a1df-595c3aaff584	3	16614824	26860980	7038	0.1379
4a24a2a7-a6a0-4a41-a1df-595c3aaff584	3	26861720	29747479	1972	0.1676
4a24a2a7-a6a0-4a41-a1df-595c3aaff584	3	29748097	31925958	1589	0.2351
4a24a2a7-a6a0-4a41-a1df-595c3aaff584	3	31926475	37935926	3802	0.1707
4a24a2a7-a6a0-4a41-a1df-595c3aaff584	3	37940617	37945392	17	-0.733
4a24a2a7-a6a0-4a41-a1df-595c3aaff584	3	37945437	54514891	9124	0.1873
4a24a2a7-a6a0-4a41-a1df-595c3aaff584	3	54516119	56194364	1408	0.1303
4a24a2a7-a6a0-4a41-a1df-595c3aaff584	3	56194854	59770115	2172	0.1932
4a24a2a7-a6a0-4a41-a1df-595c3aaff584	3	59770638	60302699	652	0.0974
4a24a2a7-a6a0-4a41-a1df-595c3aaff584	3	60304285	60368893	63	-0.2779
4a24a2a7-a6a0-4a41-a1df-595c3aaff584	3	60373508	60523877	183	-1.0473
4a24a2a7-a6a0-4a41-a1df-595c3aaff584	3	60523912	60551037	33	-1.789
4a24a2a7-a6a0-4a41-a1df-595c3aaff584	3	60551663	60607409	67	-0.7238
4a24a2a7-a6a0-4a41-a1df-595c3aaff584	3	60610610	60732212	137	-0.1776
4a24a2a7-a6a0-4a41-a1df-595c3aaff584	3	60733690	65202778	3831	0.188
4a24a2a7-a6a0-4a41-a1df-595c3aaff584	3	65203560	65214027	29	-2.3753
4a24a2a7-a6a0-4a41-a1df-595c3aaff584	3	65214192	65221269	12	-0.443
4a24a2a7-a6a0-4a41-a1df-595c3aaff584	3	65221656	65224777	9	-3.2056
4a24a2a7-a6a0-4a41-a1df-595c3aaff584	3	65230674	65928180	589	0.1829
4a24a2a7-a6a0-4a41-a1df-595c3aaff584	3	65928501	68697133	1838	0.4238
4a24a2a7-a6a0-4a41-a1df-595c3aaff584	3	68697295	68698178	10	1.0952
4a24a2a7-a6a0-4a41-a1df-595c3aaff584	3	68698213	75523398	4933	0.4242
4a24a2a7-a6a0-4a41-a1df-595c3aaff584	3	75527410	75537654	4	1.7119
4a24a2a7-a6a0-4a41-a1df-595c3aaff584	3	75546030	76415534	359	0.4036
4a24a2a7-a6a0-4a41-a1df-595c3aaff584	3	76415665	77399045	687	0.4957
4a24a2a7-a6a0-4a41-a1df-595c3aaff584	3	77399343	101815482	11412	0.4052
4a24a2a7-a6a0-4a41-a1df-595c3aaff584	3	101820606	101826252	4	-1.1313
4a24a2a7-a6a0-4a41-a1df-595c3aaff584	3	101826475	105585640	2343	0.406
4a24a2a7-a6a0-4a41-a1df-595c3aaff584	3	105586175	105586555	2	-1.1135
4a24a2a7-a6a0-4a41-a1df-595c3aaff584	3	105587097	113725903	4999	0.4347
4a24a2a7-a6a0-4a41-a1df-595c3aaff584	3	113727990	125717394	7450	0.1591
4a24a2a7-a6a0-4a41-a1df-595c3aaff584	3	125724765	125739919	10	1.1638
4a24a2a7-a6a0-4a41-a1df-595c3aaff584	3	125743486	130057015	2462	0.1536
4a24a2a7-a6a0-4a41-a1df-595c3aaff584	3	130057833	130087393	35	-1.3968
4a24a2a7-a6a0-4a41-a1df-595c3aaff584	3	130088081	140823697	6730	0.1541
4a24a2a7-a6a0-4a41-a1df-595c3aaff584	3	140826859	140828142	2	-3.0009
4a24a2a7-a6a0-4a41-a1df-595c3aaff584	3	140841776	162790480	13541	0.1549
4a24a2a7-a6a0-4a41-a1df-595c3aaff584	3	162794869	162908207	70	0.9495
4a24a2a7-a6a0-4a41-a1df-595c3aaff584	3	162908784	169012392	3441	0.1308
4a24a2a7-a6a0-4a41-a1df-595c3aaff584	3	169015614	169020840	2	-1.9936
4a24a2a7-a6a0-4a41-a1df-595c3aaff584	3	169022039	174941574	3856	0.1651
4a24a2a7-a6a0-4a41-a1df-595c3aaff584	3	174946087	175031575	61	-0.2034
4a24a2a7-a6a0-4a41-a1df-595c3aaff584	3	175032175	175090139	36	-0.5416
4a24a2a7-a6a0-4a41-a1df-595c3aaff584	3	175090542	175171893	52	-0.2088
4a24a2a7-a6a0-4a41-a1df-595c3aaff584	3	175172097	175234470	81	-0.7002
4a24a2a7-a6a0-4a41-a1df-595c3aaff584	3	175235999	175362958	127	-0.1872
4a24a2a7-a6a0-4a41-a1df-595c3aaff584	3	175363114	175363437	3	-2.3736
4a24a2a7-a6a0-4a41-a1df-595c3aaff584	3	175363536	175423252	57	-0.3685
4a24a2a7-a6a0-4a41-a1df-595c3aaff584	3	175425509	181778313	3775	0.1374
4a24a2a7-a6a0-4a41-a1df-595c3aaff584	3	181779522	181779586	2	-2.0025
4a24a2a7-a6a0-4a41-a1df-595c3aaff584	3	181780560	189642965	5172	0.1724
4a24a2a7-a6a0-4a41-a1df-595c3aaff584	3	189645889	189653199	12	-1.4724
4a24a2a7-a6a0-4a41-a1df-595c3aaff584	3	189653225	193156958	2489	0.154
4a24a2a7-a6a0-4a41-a1df-595c3aaff584	3	193160113	193165114	20	1.3835
4a24a2a7-a6a0-4a41-a1df-595c3aaff584	3	193168646	195695420	1492	0.1825
4a24a2a7-a6a0-4a41-a1df-595c3aaff584	3	195695422	195747892	36	0.6158
4a24a2a7-a6a0-4a41-a1df-595c3aaff584	3	195751823	198169247	1166	0.165
4a24a2a7-a6a0-4a41-a1df-595c3aaff584	4	68929	4783581	2109	-0.1822
4a24a2a7-a6a0-4a41-a1df-595c3aaff584	4	4785000	4785321	3	-1.9378
4a24a2a7-a6a0-4a41-a1df-595c3aaff584	4	4785903	10208766	3582	-0.1847
4a24a2a7-a6a0-4a41-a1df-595c3aaff584	4	10212536	10233558	35	0.8698
4a24a2a7-a6a0-4a41-a1df-595c3aaff584	4	10233644	10390730	172	-0.1502
4a24a2a7-a6a0-4a41-a1df-595c3aaff584	4	10391530	10399044	14	-1.4186
4a24a2a7-a6a0-4a41-a1df-595c3aaff584	4	10401094	68468423	36262	-0.2083
4a24a2a7-a6a0-4a41-a1df-595c3aaff584	4	68472744	68655691	75	0.3908
4a24a2a7-a6a0-4a41-a1df-595c3aaff584	4	68663241	68792181	48	-0.3138
4a24a2a7-a6a0-4a41-a1df-595c3aaff584	4	68792924	69084573	166	0.0743
4a24a2a7-a6a0-4a41-a1df-595c3aaff584	4	69090196	71564671	1452	0.1742
4a24a2a7-a6a0-4a41-a1df-595c3aaff584	4	71564768	71994008	239	0.0381
4a24a2a7-a6a0-4a41-a1df-595c3aaff584	4	71995969	72007836	7	-1.2028
4a24a2a7-a6a0-4a41-a1df-595c3aaff584	4	72016079	73158965	725	0.0997
4a24a2a7-a6a0-4a41-a1df-595c3aaff584	4	73162744	76871964	2342	0.1821
4a24a2a7-a6a0-4a41-a1df-595c3aaff584	4	76872059	76872625	7	-0.694
4a24a2a7-a6a0-4a41-a1df-595c3aaff584	4	76872676	78894175	1429	0.1698
4a24a2a7-a6a0-4a41-a1df-595c3aaff584	4	78896609	114252544	21270	0.1276
4a24a2a7-a6a0-4a41-a1df-595c3aaff584	4	114254167	114261019	23	-1.2321
4a24a2a7-a6a0-4a41-a1df-595c3aaff584	4	114263073	128597939	8449	0.1268
4a24a2a7-a6a0-4a41-a1df-595c3aaff584	4	128602196	137261775	4894	0.0816
4a24a2a7-a6a0-4a41-a1df-595c3aaff584	4	137261791	138836800	1109	0.1319
4a24a2a7-a6a0-4a41-a1df-595c3aaff584	4	138840517	138841104	2	-1.5388
4a24a2a7-a6a0-4a41-a1df-595c3aaff584	4	138842895	148293433	5695	0.1322
4a24a2a7-a6a0-4a41-a1df-595c3aaff584	4	148294669	148416256	87	-0.2559
4a24a2a7-a6a0-4a41-a1df-595c3aaff584	4	148416547	160958989	7724	0.1267
4a24a2a7-a6a0-4a41-a1df-595c3aaff584	4	160959045	160963448	17	-2.2802
4a24a2a7-a6a0-4a41-a1df-595c3aaff584	4	160963756	161555930	440	0.0801
4a24a2a7-a6a0-4a41-a1df-595c3aaff584	4	161556032	161559297	2	-2.502
4a24a2a7-a6a0-4a41-a1df-595c3aaff584	4	161559759	171448195	6226	0.0991
4a24a2a7-a6a0-4a41-a1df-595c3aaff584	4	171453733	171456559	10	-0.6567
4a24a2a7-a6a0-4a41-a1df-595c3aaff584	4	171456573	172068222	404	0.0983
4a24a2a7-a6a0-4a41-a1df-595c3aaff584	4	172068257	172068354	5	-1.7681
4a24a2a7-a6a0-4a41-a1df-595c3aaff584	4	172068368	174875561	1584	0.1357
4a24a2a7-a6a0-4a41-a1df-595c3aaff584	4	174876481	184014362	6372	0.0876
4a24a2a7-a6a0-4a41-a1df-595c3aaff584	4	184014682	188300104	2976	0.1589
4a24a2a7-a6a0-4a41-a1df-595c3aaff584	4	188300206	188300285	4	2.4053
4a24a2a7-a6a0-4a41-a1df-595c3aaff584	4	188301659	189267889	787	0.057
4a24a2a7-a6a0-4a41-a1df-595c3aaff584	4	189273964	189278110	4	-2.6683
4a24a2a7-a6a0-4a41-a1df-595c3aaff584	4	189278617	189938640	315	0.0022
4a24a2a7-a6a0-4a41-a1df-595c3aaff584	4	189938973	190106768	35	-0.2706
4a24a2a7-a6a0-4a41-a1df-595c3aaff584	5	15532	676744	302	-0.1579
4a24a2a7-a6a0-4a41-a1df-595c3aaff584	5	676771	773432	30	0.3916
4a24a2a7-a6a0-4a41-a1df-595c3aaff584	5	773453	833513	21	-1.5883
4a24a2a7-a6a0-4a41-a1df-595c3aaff584	5	852451	12819201	9839	-0.1836
4a24a2a7-a6a0-4a41-a1df-595c3aaff584	5	12819263	12838421	11	-1.1966
4a24a2a7-a6a0-4a41-a1df-595c3aaff584	5	12849089	17515692	3173	-0.152
4a24a2a7-a6a0-4a41-a1df-595c3aaff584	5	17601444	17655029	20	-0.9923
4a24a2a7-a6a0-4a41-a1df-595c3aaff584	5	17662996	21451168	2318	-0.1985
4a24a2a7-a6a0-4a41-a1df-595c3aaff584	5	21451855	21452329	3	-3.0702
4a24a2a7-a6a0-4a41-a1df-595c3aaff584	5	21452387	28670017	4174	-0.2005
4a24a2a7-a6a0-4a41-a1df-595c3aaff584	5	28671360	28719269	44	-0.5733
4a24a2a7-a6a0-4a41-a1df-595c3aaff584	5	28719384	29077540	222	-0.161
4a24a2a7-a6a0-4a41-a1df-595c3aaff584	5	29077675	29078527	11	-1.8975
4a24a2a7-a6a0-4a41-a1df-595c3aaff584	5	29082473	30598250	891	-0.2056
4a24a2a7-a6a0-4a41-a1df-595c3aaff584	5	30598792	45358493	9326	-0.1516
4a24a2a7-a6a0-4a41-a1df-595c3aaff584	5	45358924	53106218	2003	-0.2123
4a24a2a7-a6a0-4a41-a1df-595c3aaff584	5	53108689	53113609	3	-2.5143
4a24a2a7-a6a0-4a41-a1df-595c3aaff584	5	53115955	58025819	3356	-0.1871
4a24a2a7-a6a0-4a41-a1df-595c3aaff584	5	58030200	58037706	32	2.019
4a24a2a7-a6a0-4a41-a1df-595c3aaff584	5	58042530	63551146	3594	-0.1875
4a24a2a7-a6a0-4a41-a1df-595c3aaff584	5	63551346	63552871	2	-2.2565
4a24a2a7-a6a0-4a41-a1df-595c3aaff584	5	63556088	81772528	10410	-0.175
4a24a2a7-a6a0-4a41-a1df-595c3aaff584	5	81773675	95933342	7814	-0.229
4a24a2a7-a6a0-4a41-a1df-595c3aaff584	5	95935675	99361683	2029	-0.1501
4a24a2a7-a6a0-4a41-a1df-595c3aaff584	5	99361752	99845570	261	-0.2591
4a24a2a7-a6a0-4a41-a1df-595c3aaff584	5	99845586	99845895	2	-2.2163
4a24a2a7-a6a0-4a41-a1df-595c3aaff584	5	99846110	121765151	14523	-0.2159
4a24a2a7-a6a0-4a41-a1df-595c3aaff584	5	121765381	135578543	8495	-0.1695
4a24a2a7-a6a0-4a41-a1df-595c3aaff584	5	135580341	135638294	55	0.4967
4a24a2a7-a6a0-4a41-a1df-595c3aaff584	5	135642755	152134539	10403	0.1573
4a24a2a7-a6a0-4a41-a1df-595c3aaff584	5	152134610	152140936	18	-0.5521
4a24a2a7-a6a0-4a41-a1df-595c3aaff584	5	152141650	152199363	48	0.0931
4a24a2a7-a6a0-4a41-a1df-595c3aaff584	5	152203251	152203849	4	-0.8765
4a24a2a7-a6a0-4a41-a1df-595c3aaff584	5	152205566	164511563	8247	0.1397
4a24a2a7-a6a0-4a41-a1df-595c3aaff584	5	164512445	164603447	45	-0.2504
4a24a2a7-a6a0-4a41-a1df-595c3aaff584	5	164608076	180947523	10928	0.1393
4a24a2a7-a6a0-4a41-a1df-595c3aaff584	5	180951710	181015441	23	0.8118
4a24a2a7-a6a0-4a41-a1df-595c3aaff584	5	181015920	181363319	166	0.2215
4a24a2a7-a6a0-4a41-a1df-595c3aaff584	6	149661	302306	125	-0.2641
4a24a2a7-a6a0-4a41-a1df-595c3aaff584	6	303017	331879	17	0.2305
4a24a2a7-a6a0-4a41-a1df-595c3aaff584	6	334179	343103	6	-0.5669
4a24a2a7-a6a0-4a41-a1df-595c3aaff584	6	343144	395056	67	0.0945
4a24a2a7-a6a0-4a41-a1df-595c3aaff584	6	395634	668699	221	-0.2503
4a24a2a7-a6a0-4a41-a1df-595c3aaff584	6	669506	716107	30	0.2078
4a24a2a7-a6a0-4a41-a1df-595c3aaff584	6	716818	1826918	1010	0.4178
4a24a2a7-a6a0-4a41-a1df-595c3aaff584	6	1826991	29869411	20181	0.1436
4a24a2a7-a6a0-4a41-a1df-595c3aaff584	6	29869537	29882419	15	-0.8434
4a24a2a7-a6a0-4a41-a1df-595c3aaff584	6	29882497	32533522	1187	0.2169
4a24a2a7-a6a0-4a41-a1df-595c3aaff584	6	32540699	32562367	7	-1.4063
4a24a2a7-a6a0-4a41-a1df-595c3aaff584	6	32562521	32627306	25	0.3446
4a24a2a7-a6a0-4a41-a1df-595c3aaff584	6	32627455	32658841	15	-0.8714
4a24a2a7-a6a0-4a41-a1df-595c3aaff584	6	32682835	35892348	1817	0.1701
4a24a2a7-a6a0-4a41-a1df-595c3aaff584	6	35893727	36200584	165	-0.1194
4a24a2a7-a6a0-4a41-a1df-595c3aaff584	6	36202634	44951547	5796	0.1463
4a24a2a7-a6a0-4a41-a1df-595c3aaff584	6	44952291	45042460	74	-0.1177
4a24a2a7-a6a0-4a41-a1df-595c3aaff584	6	45044978	48696804	2379	0.1779
4a24a2a7-a6a0-4a41-a1df-595c3aaff584	6	48698065	51691511	1752	0.107
4a24a2a7-a6a0-4a41-a1df-595c3aaff584	6	51696727	54066286	1720	0.1736
4a24a2a7-a6a0-4a41-a1df-595c3aaff584	6	54066353	54067057	7	-0.9971
4a24a2a7-a6a0-4a41-a1df-595c3aaff584	6	54070550	57226368	1910	0.1709
4a24a2a7-a6a0-4a41-a1df-595c3aaff584	6	57229219	61762676	805	0.0385
4a24a2a7-a6a0-4a41-a1df-595c3aaff584	6	61768312	89379980	17471	0.131
4a24a2a7-a6a0-4a41-a1df-595c3aaff584	6	89379990	95624317	3918	0.0838
4a24a2a7-a6a0-4a41-a1df-595c3aaff584	6	95627556	95917290	164	-0.6102
4a24a2a7-a6a0-4a41-a1df-595c3aaff584	6	95927467	98155932	1316	0.1122
4a24a2a7-a6a0-4a41-a1df-595c3aaff584	6	98160181	98165868	4	-0.9132
4a24a2a7-a6a0-4a41-a1df-595c3aaff584	6	98165959	103286954	3168	0.1049
4a24a2a7-a6a0-4a41-a1df-595c3aaff584	6	103290101	103317855	49	0.7052
4a24a2a7-a6a0-4a41-a1df-595c3aaff584	6	103320903	104756575	934	0.0952
4a24a2a7-a6a0-4a41-a1df-595c3aaff584	6	104757285	111060265	3883	0.1701
4a24a2a7-a6a0-4a41-a1df-595c3aaff584	6	111060832	123971526	7750	0.1148
4a24a2a7-a6a0-4a41-a1df-595c3aaff584	6	123971623	124162296	150	-0.0844
4a24a2a7-a6a0-4a41-a1df-595c3aaff584	6	124162314	161368141	24725	0.1406
4a24a2a7-a6a0-4a41-a1df-595c3aaff584	6	161369277	161818930	395	-0.239
4a24a2a7-a6a0-4a41-a1df-595c3aaff584	6	161819567	162348719	493	-0.0018
4a24a2a7-a6a0-4a41-a1df-595c3aaff584	6	162348977	162368283	14	-1.2822
4a24a2a7-a6a0-4a41-a1df-595c3aaff584	6	162368881	162412183	36	-0.6453
4a24a2a7-a6a0-4a41-a1df-595c3aaff584	6	162416490	162444125	31	-1.3735
4a24a2a7-a6a0-4a41-a1df-595c3aaff584	6	162449915	162491356	36	-3.0091
4a24a2a7-a6a0-4a41-a1df-595c3aaff584	6	162491482	162525804	29	-1.2771
4a24a2a7-a6a0-4a41-a1df-595c3aaff584	6	162529819	162635752	94	-0.7727
4a24a2a7-a6a0-4a41-a1df-595c3aaff584	6	162636112	162812229	97	-0.3047
4a24a2a7-a6a0-4a41-a1df-595c3aaff584	6	162812638	164885327	1575	0.0834
4a24a2a7-a6a0-4a41-a1df-595c3aaff584	6	164885813	164895967	2	-2.0055
4a24a2a7-a6a0-4a41-a1df-595c3aaff584	6	164896039	170741917	3923	0.1322
4a24a2a7-a6a0-4a41-a1df-595c3aaff584	7	43355	8786255	5066	0.4342
4a24a2a7-a6a0-4a41-a1df-595c3aaff584	7	8787540	8833366	50	-0.3424
4a24a2a7-a6a0-4a41-a1df-595c3aaff584	7	8833453	15947367	5714	0.4165
4a24a2a7-a6a0-4a41-a1df-595c3aaff584	7	15948704	18032496	1668	0.4974
4a24a2a7-a6a0-4a41-a1df-595c3aaff584	7	18033542	19067018	907	0.4046
4a24a2a7-a6a0-4a41-a1df-595c3aaff584	7	19067094	19068586	3	-1.0748
4a24a2a7-a6a0-4a41-a1df-595c3aaff584	7	19068679	21511981	1904	0.4302
4a24a2a7-a6a0-4a41-a1df-595c3aaff584	7	21514709	21784079	218	-0.2106
4a24a2a7-a6a0-4a41-a1df-595c3aaff584	7	21784688	39037797	12495	0.4507
4a24a2a7-a6a0-4a41-a1df-595c3aaff584	7	39037805	39039873	2	-2.049
4a24a2a7-a6a0-4a41-a1df-595c3aaff584	7	39040000	53249136	9707	0.4326
4a24a2a7-a6a0-4a41-a1df-595c3aaff584	7	53250694	53251092	2	-2.8225
4a24a2a7-a6a0-4a41-a1df-595c3aaff584	7	53253990	54217333	682	0.3863
4a24a2a7-a6a0-4a41-a1df-595c3aaff584	7	54217840	54217879	2	-1.9861
4a24a2a7-a6a0-4a41-a1df-595c3aaff584	7	54218449	54305455	65	0.3496
4a24a2a7-a6a0-4a41-a1df-595c3aaff584	7	54318812	54318824	6	-2.1234
4a24a2a7-a6a0-4a41-a1df-595c3aaff584	7	54325795	57337638	1759	0.4124
4a24a2a7-a6a0-4a41-a1df-595c3aaff584	7	57340858	64318647	874	0.2723
4a24a2a7-a6a0-4a41-a1df-595c3aaff584	7	64321351	70955452	3493	0.4024
4a24a2a7-a6a0-4a41-a1df-595c3aaff584	7	70958264	70961155	2	-2.1453
4a24a2a7-a6a0-4a41-a1df-595c3aaff584	7	70963257	72741465	1128	0.399
4a24a2a7-a6a0-4a41-a1df-595c3aaff584	7	72742473	72798760	23	-0.3854
4a24a2a7-a6a0-4a41-a1df-595c3aaff584	7	72800757	87633627	8141	0.4398
4a24a2a7-a6a0-4a41-a1df-595c3aaff584	7	87634172	90021756	1451	0.8195
4a24a2a7-a6a0-4a41-a1df-595c3aaff584	7	90022478	90351148	208	0.6183
4a24a2a7-a6a0-4a41-a1df-595c3aaff584	7	90351563	91578737	888	0.7999
4a24a2a7-a6a0-4a41-a1df-595c3aaff584	7	91578812	91595723	7	0.1681
4a24a2a7-a6a0-4a41-a1df-595c3aaff584	7	91596584	95339029	2304	0.8329
4a24a2a7-a6a0-4a41-a1df-595c3aaff584	7	95340288	97766148	1541	0.431
4a24a2a7-a6a0-4a41-a1df-595c3aaff584	7	97766150	97773163	15	-0.591
4a24a2a7-a6a0-4a41-a1df-595c3aaff584	7	97774928	109801187	6628	0.4327
4a24a2a7-a6a0-4a41-a1df-595c3aaff584	7	109801572	109813853	10	1.3516
4a24a2a7-a6a0-4a41-a1df-595c3aaff584	7	109813925	110269856	296	0.3705
4a24a2a7-a6a0-4a41-a1df-595c3aaff584	7	110270096	111492666	832	0.2562
4a24a2a7-a6a0-4a41-a1df-595c3aaff584	7	111497696	126511937	8991	0.4305
4a24a2a7-a6a0-4a41-a1df-595c3aaff584	7	126513375	126673430	109	-0.831
4a24a2a7-a6a0-4a41-a1df-595c3aaff584	7	126673731	142513185	10108	0.4343
4a24a2a7-a6a0-4a41-a1df-595c3aaff584	7	142513468	142804972	117	0.649
4a24a2a7-a6a0-4a41-a1df-595c3aaff584	7	142805092	144012606	606	0.4096
4a24a2a7-a6a0-4a41-a1df-595c3aaff584	7	144013003	144014058	7	-0.8291
4a24a2a7-a6a0-4a41-a1df-595c3aaff584	7	144014076	144255771	143	0.4648
4a24a2a7-a6a0-4a41-a1df-595c3aaff584	7	144255800	144343967	9	1.2424
4a24a2a7-a6a0-4a41-a1df-595c3aaff584	7	144352208	153450553	5556	0.4172
4a24a2a7-a6a0-4a41-a1df-595c3aaff584	7	153450560	153450627	2	-2.8272
4a24a2a7-a6a0-4a41-a1df-595c3aaff584	7	153450630	159334314	4091	0.4243
4a24a2a7-a6a0-4a41-a1df-595c3aaff584	8	81254	162796	2	0.6791
4a24a2a7-a6a0-4a41-a1df-595c3aaff584	8	163380	4665879	4557	-1.2982
4a24a2a7-a6a0-4a41-a1df-595c3aaff584	8	4669158	4669456	2	-6.7981
4a24a2a7-a6a0-4a41-a1df-595c3aaff584	8	4669479	12358500	6388	-1.2415
4a24a2a7-a6a0-4a41-a1df-595c3aaff584	8	12359339	12695342	70	-0.5815
4a24a2a7-a6a0-4a41-a1df-595c3aaff584	8	12697234	15565794	2693	-1.2822
4a24a2a7-a6a0-4a41-a1df-595c3aaff584	8	15565941	15569646	7	-4.3407
4a24a2a7-a6a0-4a41-a1df-595c3aaff584	8	15569708	15668451	59	-1.2816
4a24a2a7-a6a0-4a41-a1df-595c3aaff584	8	15669312	15669340	2	-7.0621
4a24a2a7-a6a0-4a41-a1df-595c3aaff584	8	15671681	17848523	2021	-1.2984
4a24a2a7-a6a0-4a41-a1df-595c3aaff584	8	17850645	17851395	2	-7.0123
4a24a2a7-a6a0-4a41-a1df-595c3aaff584	8	17853043	30909271	9548	-1.2283
4a24a2a7-a6a0-4a41-a1df-595c3aaff584	8	30910319	31288848	252	-0.1325
4a24a2a7-a6a0-4a41-a1df-595c3aaff584	8	31288942	36581659	3236	-0.201
4a24a2a7-a6a0-4a41-a1df-595c3aaff584	8	36582891	39393968	1515	-0.1214
4a24a2a7-a6a0-4a41-a1df-595c3aaff584	8	39398542	39529446	53	0.7927
4a24a2a7-a6a0-4a41-a1df-595c3aaff584	8	39530780	39973181	268	-0.139
4a24a2a7-a6a0-4a41-a1df-595c3aaff584	8	39973438	39974128	3	-2.0374
4a24a2a7-a6a0-4a41-a1df-595c3aaff584	8	39977300	40320968	294	-0.1503
4a24a2a7-a6a0-4a41-a1df-595c3aaff584	8	40321012	40386435	105	0.1435
4a24a2a7-a6a0-4a41-a1df-595c3aaff584	8	40387472	40583434	174	0.4366
4a24a2a7-a6a0-4a41-a1df-595c3aaff584	8	40584948	40691773	76	1.1368
4a24a2a7-a6a0-4a41-a1df-595c3aaff584	8	40693419	89343667	27778	0.1493
4a24a2a7-a6a0-4a41-a1df-595c3aaff584	8	89344106	89483519	55	-0.1509
4a24a2a7-a6a0-4a41-a1df-595c3aaff584	8	89488130	89534834	18	-0.5622
4a24a2a7-a6a0-4a41-a1df-595c3aaff584	8	89534895	111282809	13235	0.1569
4a24a2a7-a6a0-4a41-a1df-595c3aaff584	8	111282852	111283016	3	-1.8347
4a24a2a7-a6a0-4a41-a1df-595c3aaff584	8	111283031	115503555	2416	0.1233
4a24a2a7-a6a0-4a41-a1df-595c3aaff584	8	115504626	115621472	73	-0.2562
4a24a2a7-a6a0-4a41-a1df-595c3aaff584	8	115621500	128742994	9177	0.1808
4a24a2a7-a6a0-4a41-a1df-595c3aaff584	8	128743214	128751839	4	-2.0373
4a24a2a7-a6a0-4a41-a1df-595c3aaff584	8	128765208	136670116	6078	0.1583
4a24a2a7-a6a0-4a41-a1df-595c3aaff584	8	136675642	136850173	173	-0.941
4a24a2a7-a6a0-4a41-a1df-595c3aaff584	8	136850192	145072769	4996	0.1561
4a24a2a7-a6a0-4a41-a1df-595c3aaff584	9	46587	689340	680	0.1243
4a24a2a7-a6a0-4a41-a1df-595c3aaff584	9	689356	689365	2	-1.9783
4a24a2a7-a6a0-4a41-a1df-595c3aaff584	9	689377	5077997	4556	0.118
4a24a2a7-a6a0-4a41-a1df-595c3aaff584	9	5078059	5083017	20	-0.5003
4a24a2a7-a6a0-4a41-a1df-595c3aaff584	9	5084226	9802164	4072	0.1368
4a24a2a7-a6a0-4a41-a1df-595c3aaff584	9	9802388	12515377	2329	0.0667
4a24a2a7-a6a0-4a41-a1df-595c3aaff584	9	12515545	17634922	4223	0.1274
4a24a2a7-a6a0-4a41-a1df-595c3aaff584	9	17635573	17636676	9	-0.7583
4a24a2a7-a6a0-4a41-a1df-595c3aaff584	9	17641130	20996710	2852	0.159
4a24a2a7-a6a0-4a41-a1df-595c3aaff584	9	20998604	26583828	4006	0.1002
4a24a2a7-a6a0-4a41-a1df-595c3aaff584	9	26585592	27248179	487	0.1652
4a24a2a7-a6a0-4a41-a1df-595c3aaff584	9	27248191	27248646	4	-1.4779
4a24a2a7-a6a0-4a41-a1df-595c3aaff584	9	27248729	39313823	7914	0.1222
4a24a2a7-a6a0-4a41-a1df-595c3aaff584	9	39337296	41714376	132	-0.1145
4a24a2a7-a6a0-4a41-a1df-595c3aaff584	9	41741096	61554116	109	0.2372
4a24a2a7-a6a0-4a41-a1df-595c3aaff584	9	61557822	64503154	117	-0.1932
4a24a2a7-a6a0-4a41-a1df-595c3aaff584	9	64507211	78520108	7468	0.1289
4a24a2a7-a6a0-4a41-a1df-595c3aaff584	9	78521625	90111835	8306	0.0952
4a24a2a7-a6a0-4a41-a1df-595c3aaff584	9	90113108	124540341	24730	0.1329
4a24a2a7-a6a0-4a41-a1df-595c3aaff584	9	124543093	134137190	5689	0.1947
4a24a2a7-a6a0-4a41-a1df-595c3aaff584	9	134138272	134141968	3	-1.2381
4a24a2a7-a6a0-4a41-a1df-595c3aaff584	9	134147689	138117719	1769	0.1779
4a24a2a7-a6a0-4a41-a1df-595c3aaff584	9	138117737	138200944	28	-0.2165
4a24a2a7-a6a0-4a41-a1df-595c3aaff584	10	45792	2618699	2009	0.1716
4a24a2a7-a6a0-4a41-a1df-595c3aaff584	10	2618760	3949557	1308	0.4667
4a24a2a7-a6a0-4a41-a1df-595c3aaff584	10	3950694	4793621	831	0.2111
4a24a2a7-a6a0-4a41-a1df-595c3aaff584	10	4793925	4811325	25	-0.5564
4a24a2a7-a6a0-4a41-a1df-595c3aaff584	10	4811853	6369253	1224	0.2254
4a24a2a7-a6a0-4a41-a1df-595c3aaff584	10	6369395	6369519	5	1.241
4a24a2a7-a6a0-4a41-a1df-595c3aaff584	10	6376792	6609507	227	0.1469
4a24a2a7-a6a0-4a41-a1df-595c3aaff584	10	6609519	6609530	2	-2.7464
4a24a2a7-a6a0-4a41-a1df-595c3aaff584	10	6609601	8209344	1432	0.144
4a24a2a7-a6a0-4a41-a1df-595c3aaff584	10	8210436	9927349	1406	-0.6286
4a24a2a7-a6a0-4a41-a1df-595c3aaff584	10	9933182	11806190	1573	0.1846
4a24a2a7-a6a0-4a41-a1df-595c3aaff584	10	11806793	13013658	886	0.4163
4a24a2a7-a6a0-4a41-a1df-595c3aaff584	10	13013677	18868149	4705	0.1659
4a24a2a7-a6a0-4a41-a1df-595c3aaff584	10	18871055	22853155	2736	-0.5949
4a24a2a7-a6a0-4a41-a1df-595c3aaff584	10	22861578	23200176	216	0.1613
4a24a2a7-a6a0-4a41-a1df-595c3aaff584	10	23200823	24088746	601	-0.5948
4a24a2a7-a6a0-4a41-a1df-595c3aaff584	10	24088747	24089125	9	-1.9687
4a24a2a7-a6a0-4a41-a1df-595c3aaff584	10	24089979	25488185	963	-0.5754
4a24a2a7-a6a0-4a41-a1df-595c3aaff584	10	25489393	31054859	4137	0.1591
4a24a2a7-a6a0-4a41-a1df-595c3aaff584	10	31057552	31079705	33	-0.529
4a24a2a7-a6a0-4a41-a1df-595c3aaff584	10	31080165	38693992	4692	0.1729
4a24a2a7-a6a0-4a41-a1df-595c3aaff584	10	38694109	38781690	27	-0.4986
4a24a2a7-a6a0-4a41-a1df-595c3aaff584	10	38783075	46522571	2613	0.1591
4a24a2a7-a6a0-4a41-a1df-595c3aaff584	10	46525652	46526086	11	1.1093
4a24a2a7-a6a0-4a41-a1df-595c3aaff584	10	46526248	46618028	29	0.1914
4a24a2a7-a6a0-4a41-a1df-595c3aaff584	10	46631433	47040736	23	-0.486
4a24a2a7-a6a0-4a41-a1df-595c3aaff584	10	47043991	47044272	2	-3.044
4a24a2a7-a6a0-4a41-a1df-595c3aaff584	10	47045228	48523157	550	0.1573
4a24a2a7-a6a0-4a41-a1df-595c3aaff584	10	48524930	48524943	2	-2.0845
4a24a2a7-a6a0-4a41-a1df-595c3aaff584	10	48525216	50062639	1117	0.1281
4a24a2a7-a6a0-4a41-a1df-595c3aaff584	10	50070600	50132160	5	-1.6416
4a24a2a7-a6a0-4a41-a1df-595c3aaff584	10	50144008	50264629	31	0.2558
4a24a2a7-a6a0-4a41-a1df-595c3aaff584	10	50264922	50273133	7	-0.8535
4a24a2a7-a6a0-4a41-a1df-595c3aaff584	10	50279397	50651430	314	0.3156
4a24a2a7-a6a0-4a41-a1df-595c3aaff584	10	50654696	52649728	1495	0.1512
4a24a2a7-a6a0-4a41-a1df-595c3aaff584	10	52651866	56434229	2795	-0.615
4a24a2a7-a6a0-4a41-a1df-595c3aaff584	10	56437456	59412422	2177	0.1489
4a24a2a7-a6a0-4a41-a1df-595c3aaff584	10	59418700	59419399	3	-2.0846
4a24a2a7-a6a0-4a41-a1df-595c3aaff584	10	59421381	61458628	1504	0.1854
4a24a2a7-a6a0-4a41-a1df-595c3aaff584	10	61461737	61494248	23	-0.5795
4a24a2a7-a6a0-4a41-a1df-595c3aaff584	10	61500312	63485915	1275	0.1897
4a24a2a7-a6a0-4a41-a1df-595c3aaff584	10	63487259	65546518	1371	-0.6043
4a24a2a7-a6a0-4a41-a1df-595c3aaff584	10	65548165	65551438	20	0.1892
4a24a2a7-a6a0-4a41-a1df-595c3aaff584	10	65551543	68808252	2083	-0.5828
4a24a2a7-a6a0-4a41-a1df-595c3aaff584	10	68808788	76681674	4847	0.1785
4a24a2a7-a6a0-4a41-a1df-595c3aaff584	10	76682138	77719849	851	-0.5952
4a24a2a7-a6a0-4a41-a1df-595c3aaff584	10	77722643	81576517	2612	0.1607
4a24a2a7-a6a0-4a41-a1df-595c3aaff584	10	81580389	84240472	2120	-0.5916
4a24a2a7-a6a0-4a41-a1df-595c3aaff584	10	84241156	85138825	604	0.1757
4a24a2a7-a6a0-4a41-a1df-595c3aaff584	10	85139733	87072989	1282	-0.5953
4a24a2a7-a6a0-4a41-a1df-595c3aaff584	10	87082047	88028044	580	-0.4626
4a24a2a7-a6a0-4a41-a1df-595c3aaff584	10	88028723	88473892	304	-0.5931
4a24a2a7-a6a0-4a41-a1df-595c3aaff584	10	88477258	92338821	2603	-0.1394
4a24a2a7-a6a0-4a41-a1df-595c3aaff584	10	92344110	92350034	4	-1.427
4a24a2a7-a6a0-4a41-a1df-595c3aaff584	10	92352399	105526570	7899	-0.1284
4a24a2a7-a6a0-4a41-a1df-595c3aaff584	10	105527276	108476415	2325	-0.2106
4a24a2a7-a6a0-4a41-a1df-595c3aaff584	10	108478998	129778210	15565	-0.1393
4a24a2a7-a6a0-4a41-a1df-595c3aaff584	10	129779055	129779185	3	-2.5157
4a24a2a7-a6a0-4a41-a1df-595c3aaff584	10	129781968	133654968	2515	-0.1582
4a24a2a7-a6a0-4a41-a1df-595c3aaff584	11	198510	4952533	2440	-0.1278
4a24a2a7-a6a0-4a41-a1df-595c3aaff584	11	4952633	4973997	21	-0.6363
4a24a2a7-a6a0-4a41-a1df-595c3aaff584	11	4974218	19788572	11028	-0.1275
4a24a2a7-a6a0-4a41-a1df-595c3aaff584	11	19789641	32612421	9209	-0.1661
4a24a2a7-a6a0-4a41-a1df-595c3aaff584	11	32614575	54924229	11538	-0.141
4a24a2a7-a6a0-4a41-a1df-595c3aaff584	11	54933825	54934156	3	-2.5401
4a24a2a7-a6a0-4a41-a1df-595c3aaff584	11	54940988	55609022	247	-0.1322
4a24a2a7-a6a0-4a41-a1df-595c3aaff584	11	55609035	55693207	52	0.2208
4a24a2a7-a6a0-4a41-a1df-595c3aaff584	11	55693312	56323104	441	-0.2269
4a24a2a7-a6a0-4a41-a1df-595c3aaff584	11	56328352	78616393	11483	-0.1178
4a24a2a7-a6a0-4a41-a1df-595c3aaff584	11	78620485	135074876	40358	-0.1532
4a24a2a7-a6a0-4a41-a1df-595c3aaff584	12	51460	92076	16	-0.0988
4a24a2a7-a6a0-4a41-a1df-595c3aaff584	12	94437	760097	404	0.1981
4a24a2a7-a6a0-4a41-a1df-595c3aaff584	12	760112	764863	15	-1.466
4a24a2a7-a6a0-4a41-a1df-595c3aaff584	12	766188	7069674	4548	0.1925
4a24a2a7-a6a0-4a41-a1df-595c3aaff584	12	7075634	8204911	554	-0.1373
4a24a2a7-a6a0-4a41-a1df-595c3aaff584	12	8209454	8215617	7	0.8055
4a24a2a7-a6a0-4a41-a1df-595c3aaff584	12	8218118	9477960	629	-0.1662
4a24a2a7-a6a0-4a41-a1df-595c3aaff584	12	9481274	9582373	25	1.0317
4a24a2a7-a6a0-4a41-a1df-595c3aaff584	12	9582374	11358644	1178	-0.162
4a24a2a7-a6a0-4a41-a1df-595c3aaff584	12	11359558	11373355	19	-0.683
4a24a2a7-a6a0-4a41-a1df-595c3aaff584	12	11383179	12383285	833	-0.1165
4a24a2a7-a6a0-4a41-a1df-595c3aaff584	12	12383363	12384501	9	-0.7345
4a24a2a7-a6a0-4a41-a1df-595c3aaff584	12	12384563	12388935	7	-1.7639
4a24a2a7-a6a0-4a41-a1df-595c3aaff584	12	12389946	16794003	3053	-0.0883
4a24a2a7-a6a0-4a41-a1df-595c3aaff584	12	16794075	46048779	17385	-0.15
4a24a2a7-a6a0-4a41-a1df-595c3aaff584	12	46049752	52383252	3529	-0.1006
4a24a2a7-a6a0-4a41-a1df-595c3aaff584	12	52383752	52387804	3	-2.0082
4a24a2a7-a6a0-4a41-a1df-595c3aaff584	12	52388066	131648123	52044	-0.141
4a24a2a7-a6a0-4a41-a1df-595c3aaff584	12	131648138	131648790	10	-1.9856
4a24a2a7-a6a0-4a41-a1df-595c3aaff584	12	131657925	133201603	559	-0.1166
4a24a2a7-a6a0-4a41-a1df-595c3aaff584	13	18452809	18821498	78	0.3132
4a24a2a7-a6a0-4a41-a1df-595c3aaff584	13	18824667	18844391	17	-0.1295
4a24a2a7-a6a0-4a41-a1df-595c3aaff584	13	18852422	29820639	7847	0.4441
4a24a2a7-a6a0-4a41-a1df-595c3aaff584	13	29821565	40518666	7846	0.4125
4a24a2a7-a6a0-4a41-a1df-595c3aaff584	13	40520592	40617272	60	0.1274
4a24a2a7-a6a0-4a41-a1df-595c3aaff584	13	40617623	40732132	54	0.4051
4a24a2a7-a6a0-4a41-a1df-595c3aaff584	13	40734165	51424267	6992	0.4502
4a24a2a7-a6a0-4a41-a1df-595c3aaff584	13	51425197	70564415	11340	0.3978
4a24a2a7-a6a0-4a41-a1df-595c3aaff584	13	70564695	71360664	506	0.4582
4a24a2a7-a6a0-4a41-a1df-595c3aaff584	13	71362523	71362740	2	-0.6949
4a24a2a7-a6a0-4a41-a1df-595c3aaff584	13	71366409	71902850	303	0.4736
4a24a2a7-a6a0-4a41-a1df-595c3aaff584	13	71903417	71906418	4	-2.7732
4a24a2a7-a6a0-4a41-a1df-595c3aaff584	13	71906467	81563388	6707	0.4392
4a24a2a7-a6a0-4a41-a1df-595c3aaff584	13	81565517	82095312	299	0.1638
4a24a2a7-a6a0-4a41-a1df-595c3aaff584	13	82098551	82099107	2	-1.6305
4a24a2a7-a6a0-4a41-a1df-595c3aaff584	13	82099147	86303707	2636	0.1303
4a24a2a7-a6a0-4a41-a1df-595c3aaff584	13	86304316	90303847	2325	0.4138
4a24a2a7-a6a0-4a41-a1df-595c3aaff584	13	90308965	90314165	4	-1.0264
4a24a2a7-a6a0-4a41-a1df-595c3aaff584	13	90317164	104512310	10043	0.4159
4a24a2a7-a6a0-4a41-a1df-595c3aaff584	13	104513020	104516814	7	-0.585
4a24a2a7-a6a0-4a41-a1df-595c3aaff584	13	104518993	114342922	7080	0.4313
4a24a2a7-a6a0-4a41-a1df-595c3aaff584	14	18239283	19185165	38	-0.4062
4a24a2a7-a6a0-4a41-a1df-595c3aaff584	14	19185951	19926759	112	-0.9301
4a24a2a7-a6a0-4a41-a1df-595c3aaff584	14	19926968	21953454	1401	-0.53
4a24a2a7-a6a0-4a41-a1df-595c3aaff584	14	21954753	22505269	464	-0.3392
4a24a2a7-a6a0-4a41-a1df-595c3aaff584	14	22505306	47238133	15264	-0.5738
4a24a2a7-a6a0-4a41-a1df-595c3aaff584	14	47239083	47247080	6	-4.3842
4a24a2a7-a6a0-4a41-a1df-595c3aaff584	14	47247780	55388510	5194	-0.5676
4a24a2a7-a6a0-4a41-a1df-595c3aaff584	14	55388878	55391579	3	-3.4263
4a24a2a7-a6a0-4a41-a1df-595c3aaff584	14	55392760	63544090	5438	-0.5857
4a24a2a7-a6a0-4a41-a1df-595c3aaff584	14	63545037	68303827	2763	-0.5207
4a24a2a7-a6a0-4a41-a1df-595c3aaff584	14	68306863	69551330	881	-0.5709
4a24a2a7-a6a0-4a41-a1df-595c3aaff584	14	69551651	69555750	8	-2.5781
4a24a2a7-a6a0-4a41-a1df-595c3aaff584	14	69555996	77950119	5392	-0.5457
4a24a2a7-a6a0-4a41-a1df-595c3aaff584	14	77950640	87263616	6311	-0.6185
4a24a2a7-a6a0-4a41-a1df-595c3aaff584	14	87264924	106321086	11760	-0.5655
4a24a2a7-a6a0-4a41-a1df-595c3aaff584	14	106340102	106365807	11	0.8604
4a24a2a7-a6a0-4a41-a1df-595c3aaff584	14	106369985	106877229	270	-0.6082
4a24a2a7-a6a0-4a41-a1df-595c3aaff584	15	19811075	20026653	46	-0.5671
4a24a2a7-a6a0-4a41-a1df-595c3aaff584	15	20041119	20056983	3	-2.2782
4a24a2a7-a6a0-4a41-a1df-595c3aaff584	15	20059033	22250775	139	-0.1508
4a24a2a7-a6a0-4a41-a1df-595c3aaff584	15	22252008	26315045	2373	-0.6012
4a24a2a7-a6a0-4a41-a1df-595c3aaff584	15	26317005	26318009	2	-4.1212
4a24a2a7-a6a0-4a41-a1df-595c3aaff584	15	26318441	27226035	680	-0.6564
4a24a2a7-a6a0-4a41-a1df-595c3aaff584	15	27227543	28315670	736	-0.571
4a24a2a7-a6a0-4a41-a1df-595c3aaff584	15	28315870	28763908	30	-0.0328
4a24a2a7-a6a0-4a41-a1df-595c3aaff584	15	28765123	69757788	26079	-0.5459
4a24a2a7-a6a0-4a41-a1df-595c3aaff584	15	69758132	70259779	392	-0.6308
4a24a2a7-a6a0-4a41-a1df-595c3aaff584	15	70261384	76599286	3410	-0.1083
4a24a2a7-a6a0-4a41-a1df-595c3aaff584	15	76599400	76609838	20	-1.6083
4a24a2a7-a6a0-4a41-a1df-595c3aaff584	15	76609853	91439545	9476	-0.1187
4a24a2a7-a6a0-4a41-a1df-595c3aaff584	15	91444752	91445104	3	-2.4652
4a24a2a7-a6a0-4a41-a1df-595c3aaff584	15	91445901	101928837	8122	-0.1322
4a24a2a7-a6a0-4a41-a1df-595c3aaff584	16	10777	6885306	4257	0.6343
4a24a2a7-a6a0-4a41-a1df-595c3aaff584	16	6889157	7433032	691	0.3947
4a24a2a7-a6a0-4a41-a1df-595c3aaff584	16	7434220	23351017	10355	0.6447
4a24a2a7-a6a0-4a41-a1df-595c3aaff584	16	23351357	23411651	31	0.3979
4a24a2a7-a6a0-4a41-a1df-595c3aaff584	16	23411813	23479032	32	0.0926
4a24a2a7-a6a0-4a41-a1df-595c3aaff584	16	23479054	23501997	15	0.4088
4a24a2a7-a6a0-4a41-a1df-595c3aaff584	16	23503188	31440378	4343	0.6473
4a24a2a7-a6a0-4a41-a1df-595c3aaff584	16	31440758	32001634	239	0.4197
4a24a2a7-a6a0-4a41-a1df-595c3aaff584	16	32001957	35553612	388	0.2519
4a24a2a7-a6a0-4a41-a1df-595c3aaff584	16	35555553	55762682	6587	0.4238
4a24a2a7-a6a0-4a41-a1df-595c3aaff584	16	55764310	55764867	3	4.38
4a24a2a7-a6a0-4a41-a1df-595c3aaff584	16	55770436	69745408	8614	0.4129
4a24a2a7-a6a0-4a41-a1df-595c3aaff584	16	69765275	74757526	2659	0.1812
4a24a2a7-a6a0-4a41-a1df-595c3aaff584	16	74758871	80517247	5669	0.1463
4a24a2a7-a6a0-4a41-a1df-595c3aaff584	16	80518780	87809308	7009	0.1948
4a24a2a7-a6a0-4a41-a1df-595c3aaff584	16	87811431	89098719	477	0.4372
4a24a2a7-a6a0-4a41-a1df-595c3aaff584	16	89099820	90096867	497	0.1885
4a24a2a7-a6a0-4a41-a1df-595c3aaff584	17	150733	18455632	11392	-0.1323
4a24a2a7-a6a0-4a41-a1df-595c3aaff584	17	18455635	18540308	20	-1.1031
4a24a2a7-a6a0-4a41-a1df-595c3aaff584	17	18540363	36113461	6843	-0.1264
4a24a2a7-a6a0-4a41-a1df-595c3aaff584	17	36116407	36157718	30	-1.1183
4a24a2a7-a6a0-4a41-a1df-595c3aaff584	17	36200725	39692350	1620	-0.1178
4a24a2a7-a6a0-4a41-a1df-595c3aaff584	17	39694457	39694692	2	-1.8107
4a24a2a7-a6a0-4a41-a1df-595c3aaff584	17	39694753	41273905	923	-0.1087
4a24a2a7-a6a0-4a41-a1df-595c3aaff584	17	41273921	41274198	3	-1.8701
4a24a2a7-a6a0-4a41-a1df-595c3aaff584	17	41274279	44562359	1715	-0.0827
4a24a2a7-a6a0-4a41-a1df-595c3aaff584	17	44570059	44573640	4	-1.8875
4a24a2a7-a6a0-4a41-a1df-595c3aaff584	17	44573819	44575632	5	-6.491
4a24a2a7-a6a0-4a41-a1df-595c3aaff584	17	44577683	83091923	22467	-0.1261
4a24a2a7-a6a0-4a41-a1df-595c3aaff584	18	48133	26785816	13848	-0.5702
4a24a2a7-a6a0-4a41-a1df-595c3aaff584	18	26785864	26786181	6	-2.8855
4a24a2a7-a6a0-4a41-a1df-595c3aaff584	18	26786415	80257174	36805	-0.5831
4a24a2a7-a6a0-4a41-a1df-595c3aaff584	19	90910	19408709	8348	-0.1108
4a24a2a7-a6a0-4a41-a1df-595c3aaff584	19	19408759	32786522	6654	-0.1565
4a24a2a7-a6a0-4a41-a1df-595c3aaff584	19	32792871	53545177	11106	-0.1104
4a24a2a7-a6a0-4a41-a1df-595c3aaff584	19	53545587	53758250	151	-0.3428
4a24a2a7-a6a0-4a41-a1df-595c3aaff584	19	53759850	58586487	2833	-0.1314
4a24a2a7-a6a0-4a41-a1df-595c3aaff584	20	80664	1579897	1198	0.6573
4a24a2a7-a6a0-4a41-a1df-595c3aaff584	20	1579916	1609809	44	1.6374
4a24a2a7-a6a0-4a41-a1df-595c3aaff584	20	1609888	5494255	2837	0.6424
4a24a2a7-a6a0-4a41-a1df-595c3aaff584	20	5495616	6337071	590	0.7397
4a24a2a7-a6a0-4a41-a1df-595c3aaff584	20	6339465	7412092	909	0.6536
4a24a2a7-a6a0-4a41-a1df-595c3aaff584	20	7420339	7426090	2	-1.3458
4a24a2a7-a6a0-4a41-a1df-595c3aaff584	20	7426261	12654655	4124	0.6568
4a24a2a7-a6a0-4a41-a1df-595c3aaff584	20	12655706	12655721	2	-0.8218
4a24a2a7-a6a0-4a41-a1df-595c3aaff584	20	12655731	14757631	1418	0.6474
4a24a2a7-a6a0-4a41-a1df-595c3aaff584	20	14758639	15090546	327	0.3032
4a24a2a7-a6a0-4a41-a1df-595c3aaff584	20	15097697	17906057	2612	0.6651
4a24a2a7-a6a0-4a41-a1df-595c3aaff584	20	17908054	17913493	4	-0.6127
4a24a2a7-a6a0-4a41-a1df-595c3aaff584	20	17913622	33676769	7255	0.6466
4a24a2a7-a6a0-4a41-a1df-595c3aaff584	20	33682424	37003824	1478	1.0165
4a24a2a7-a6a0-4a41-a1df-595c3aaff584	20	37009466	37171650	175	0.7855
4a24a2a7-a6a0-4a41-a1df-595c3aaff584	20	37172340	41730880	3018	0.9916
4a24a2a7-a6a0-4a41-a1df-595c3aaff584	20	41731384	41731388	5	-0.0822
4a24a2a7-a6a0-4a41-a1df-595c3aaff584	20	41732145	46678029	3627	0.9894
4a24a2a7-a6a0-4a41-a1df-595c3aaff584	20	46678289	47325548	552	1.1242
4a24a2a7-a6a0-4a41-a1df-595c3aaff584	20	47327640	59859232	9405	0.9955
4a24a2a7-a6a0-4a41-a1df-595c3aaff584	20	59862601	60240455	330	1.1425
4a24a2a7-a6a0-4a41-a1df-595c3aaff584	20	60240519	64324800	2477	0.9689
4a24a2a7-a6a0-4a41-a1df-595c3aaff584	21	10354168	13583316	269	0.0033
4a24a2a7-a6a0-4a41-a1df-595c3aaff584	21	13612103	13647365	3	1.6189
4a24a2a7-a6a0-4a41-a1df-595c3aaff584	21	13677975	14097609	88	0.0214
4a24a2a7-a6a0-4a41-a1df-595c3aaff584	21	14099039	16685314	1818	0.1684
4a24a2a7-a6a0-4a41-a1df-595c3aaff584	21	16685327	16685347	2	-1.6789
4a24a2a7-a6a0-4a41-a1df-595c3aaff584	21	16688973	19875358	2297	0.1719
4a24a2a7-a6a0-4a41-a1df-595c3aaff584	21	19875520	23920793	3104	0.1118
4a24a2a7-a6a0-4a41-a1df-595c3aaff584	21	23923855	23927374	4	-3.3816
4a24a2a7-a6a0-4a41-a1df-595c3aaff584	21	23927443	31504084	5626	0.133
4a24a2a7-a6a0-4a41-a1df-595c3aaff584	21	31504422	44803656	9569	0.1731
4a24a2a7-a6a0-4a41-a1df-595c3aaff584	21	44804964	46677045	1079	0.1232
4a24a2a7-a6a0-4a41-a1df-595c3aaff584	22	15294547	22114208	3116	-0.1487
4a24a2a7-a6a0-4a41-a1df-595c3aaff584	22	22119549	22120255	6	-1.7242
4a24a2a7-a6a0-4a41-a1df-595c3aaff584	22	22127104	22877914	573	-0.1973
4a24a2a7-a6a0-4a41-a1df-595c3aaff584	22	22878944	22879820	4	-1.9997
4a24a2a7-a6a0-4a41-a1df-595c3aaff584	22	22879941	23987520	693	-0.1523
4a24a2a7-a6a0-4a41-a1df-595c3aaff584	22	23988078	23989773	2	-2.832
4a24a2a7-a6a0-4a41-a1df-595c3aaff584	22	23990431	24685371	354	-0.1417
4a24a2a7-a6a0-4a41-a1df-595c3aaff584	22	24686148	24686548	2	-2.6904
4a24a2a7-a6a0-4a41-a1df-595c3aaff584	22	24686567	25322673	487	-0.1094
4a24a2a7-a6a0-4a41-a1df-595c3aaff584	22	25322863	25529111	265	-0.2802
4a24a2a7-a6a0-4a41-a1df-595c3aaff584	22	25531853	33282426	5646	-0.1266
4a24a2a7-a6a0-4a41-a1df-595c3aaff584	22	33282643	33355877	84	-0.6447
4a24a2a7-a6a0-4a41-a1df-595c3aaff584	22	33364618	33776814	406	-0.1482
4a24a2a7-a6a0-4a41-a1df-595c3aaff584	22	33777419	33778998	5	-1.7096
4a24a2a7-a6a0-4a41-a1df-595c3aaff584	22	33785435	38894915	3543	-0.1202
4a24a2a7-a6a0-4a41-a1df-595c3aaff584	22	38899250	38900899	3	-2.0706
4a24a2a7-a6a0-4a41-a1df-595c3aaff584	22	38903109	38975824	57	-0.0977
4a24a2a7-a6a0-4a41-a1df-595c3aaff584	22	38975837	38999502	16	0.652
4a24a2a7-a6a0-4a41-a1df-595c3aaff584	22	39003307	44734586	3529	-0.1249
4a24a2a7-a6a0-4a41-a1df-595c3aaff584	22	44737460	44740431	3	-1.7758
4a24a2a7-a6a0-4a41-a1df-595c3aaff584	22	44740755	50796027	4465	-0.1508
4a24a2a7-a6a0-4a41-a1df-595c3aaff584	X	251810	5657895	2210	-0.2941
4a24a2a7-a6a0-4a41-a1df-595c3aaff584	X	5658180	5660819	2	-2.4094
4a24a2a7-a6a0-4a41-a1df-595c3aaff584	X	5661662	7201867	1231	-0.337
4a24a2a7-a6a0-4a41-a1df-595c3aaff584	X	7205253	7348788	87	-0.7167
4a24a2a7-a6a0-4a41-a1df-595c3aaff584	X	7351279	12536532	3892	-0.3225
4a24a2a7-a6a0-4a41-a1df-595c3aaff584	X	12537305	17403305	3220	-0.2709
4a24a2a7-a6a0-4a41-a1df-595c3aaff584	X	17405730	43753940	16094	-0.3221
4a24a2a7-a6a0-4a41-a1df-595c3aaff584	X	43761389	43762521	5	-1.6649
4a24a2a7-a6a0-4a41-a1df-595c3aaff584	X	43763837	62532810	6677	-0.3402
4a24a2a7-a6a0-4a41-a1df-595c3aaff584	X	62533660	135920498	38030	0.2526
4a24a2a7-a6a0-4a41-a1df-595c3aaff584	X	135921306	148424611	8160	0.2236
4a24a2a7-a6a0-4a41-a1df-595c3aaff584	X	148424709	151611214	1998	0.2648
4a24a2a7-a6a0-4a41-a1df-595c3aaff584	X	151615256	151620043	2	-1.5486
4a24a2a7-a6a0-4a41-a1df-595c3aaff584	X	151622822	155952689	2046	0.281
4a24a2a7-a6a0-4a41-a1df-595c3aaff584	Y	2782397	3523036	227	-2.7317
4a24a2a7-a6a0-4a41-a1df-595c3aaff584	Y	3536069	6044040	488	-2.3991
4a24a2a7-a6a0-4a41-a1df-595c3aaff584	Y	6058481	56872112	5923	-2.8495
